Edge(223,166164,(3,9223372036854775807))
Edge(258,233869,(3,9223372036854775807))
Edge(349,449086,(3,9223372036854775807))
Edge(412,159154,(3,9223372036854775807))
Edge(580,30113,(3,9223372036854775807))
Edge(860,195289,(1,9223372036854775807))
Edge(893,369729,(3,9223372036854775807))
Edge(1227,177332,(3,9223372036854775807))
Edge(1666,83277,(3,9223372036854775807))
Edge(1682,280349,(3,9223372036854775807))
Edge(2100,211813,(3,9223372036854775807))
Edge(2166,82130,(3,9223372036854775807))
Edge(2446,489316,(3,9223372036854775807))
Edge(3577,269052,(3,9223372036854775807))
Edge(3822,263713,(1,9223372036854775807))
Edge(4160,44846,(3,9223372036854775807))
Edge(4233,329718,(1,9223372036854775807))
Edge(4273,329252,(1,9223372036854775807))
Edge(5000,143565,(3,9223372036854775807))
Edge(5432,324329,(3,9223372036854775807))
Edge(5840,266852,(1,3))
Edge(5927,282483,(1,3))
Edge(6026,407200,(1,9223372036854775807))
Edge(6241,299683,(3,9223372036854775807))
Edge(6298,370604,(1,9223372036854775807))
Edge(6367,39743,(3,9223372036854775807))
Edge(6446,73318,(3,9223372036854775807))
Edge(6628,334044,(3,9223372036854775807))
Edge(6645,455327,(1,9223372036854775807))
Edge(6706,302306,(3,9223372036854775807))
Edge(7227,30580,(3,9223372036854775807))
Edge(7317,360128,(3,9223372036854775807))
Edge(7910,480874,(3,9223372036854775807))
Edge(8255,285448,(3,9223372036854775807))
Edge(8700,102586,(3,9223372036854775807))
Edge(8881,222218,(3,9223372036854775807))
Edge(9025,133583,(3,9223372036854775807))
Edge(9260,395832,(3,9223372036854775807))
Edge(9748,71345,(3,9223372036854775807))
Edge(9800,80428,(1,9223372036854775807))
Edge(10404,133102,(3,9223372036854775807))
Edge(11375,484768,(3,9223372036854775807))
Edge(12280,184655,(3,9223372036854775807))
Edge(12336,38203,(3,9223372036854775807))
Edge(12575,449002,(3,9223372036854775807))
Edge(12921,352976,(3,9223372036854775807))
Edge(13276,428270,(3,9223372036854775807))
Edge(13337,114903,(3,9223372036854775807))
Edge(13473,303983,(3,9223372036854775807))
Edge(13822,462933,(3,9223372036854775807))
Edge(14362,398529,(3,9223372036854775807))
Edge(14395,93068,(1,3))
Edge(14920,429599,(3,9223372036854775807))
Edge(15134,83082,(1,9223372036854775807))
Edge(15470,70994,(3,9223372036854775807))
Edge(15609,440927,(3,9223372036854775807))
Edge(15750,474542,(3,9223372036854775807))
Edge(16087,240957,(3,9223372036854775807))
Edge(16395,106496,(3,9223372036854775807))
Edge(17440,424139,(3,9223372036854775807))
Edge(17603,254355,(1,9223372036854775807))
Edge(17723,238929,(3,9223372036854775807))
Edge(17822,12423,(1,9223372036854775807))
Edge(17917,446141,(3,9223372036854775807))
Edge(18524,244744,(3,9223372036854775807))
Edge(18672,280651,(3,9223372036854775807))
Edge(18716,422338,(3,9223372036854775807))
Edge(18774,348593,(3,9223372036854775807))
Edge(19250,205720,(3,9223372036854775807))
Edge(19348,141034,(3,9223372036854775807))
Edge(19422,47945,(3,9223372036854775807))
Edge(19503,178939,(3,9223372036854775807))
Edge(19863,107530,(1,3))
Edge(19947,448941,(3,9223372036854775807))
Edge(20239,28215,(3,9223372036854775807))
Edge(20318,230507,(3,9223372036854775807))
Edge(20927,464882,(1,3))
Edge(21623,39953,(3,9223372036854775807))
Edge(21669,467681,(3,9223372036854775807))
Edge(21874,233717,(1,3))
Edge(22228,392961,(1,9223372036854775807))
Edge(22362,390454,(3,9223372036854775807))
Edge(22363,453168,(3,9223372036854775807))
Edge(22422,52182,(3,9223372036854775807))
Edge(22455,87068,(3,9223372036854775807))
Edge(22541,476995,(3,9223372036854775807))
Edge(23211,470807,(1,9223372036854775807))
Edge(23347,498050,(3,9223372036854775807))
Edge(23691,263916,(3,9223372036854775807))
Edge(23714,255647,(3,9223372036854775807))
Edge(24048,223971,(1,9223372036854775807))
Edge(24108,18862,(3,9223372036854775807))
Edge(24438,350462,(3,9223372036854775807))
Edge(24857,281299,(1,3))
Edge(26527,229458,(3,9223372036854775807))
Edge(26569,199926,(3,9223372036854775807))
Edge(27121,159599,(3,9223372036854775807))
Edge(27441,346209,(3,9223372036854775807))
Edge(28057,385008,(3,9223372036854775807))
Edge(28174,363594,(3,9223372036854775807))
Edge(28321,71442,(3,9223372036854775807))
Edge(28475,155446,(3,9223372036854775807))
Edge(28939,181930,(3,9223372036854775807))
Edge(29375,471210,(3,9223372036854775807))
Edge(29490,32831,(3,9223372036854775807))
Edge(29771,41697,(3,9223372036854775807))
Edge(29988,281196,(3,9223372036854775807))
Edge(30283,297651,(3,9223372036854775807))
Edge(30289,189945,(3,9223372036854775807))
Edge(30779,215892,(3,9223372036854775807))
Edge(30805,216318,(3,9223372036854775807))
Edge(31744,83375,(3,9223372036854775807))
Edge(31880,465408,(3,9223372036854775807))
Edge(31941,126184,(3,9223372036854775807))
Edge(32322,368766,(3,9223372036854775807))
Edge(32389,468383,(3,9223372036854775807))
Edge(32497,107350,(3,9223372036854775807))
Edge(32574,350366,(1,9223372036854775807))
Edge(32659,15161,(3,9223372036854775807))
Edge(32957,102416,(1,9223372036854775807))
Edge(33534,209275,(1,3))
Edge(33853,163207,(3,9223372036854775807))
Edge(34380,41401,(1,9223372036854775807))
Edge(34390,140274,(3,9223372036854775807))
Edge(34516,40928,(1,9223372036854775807))
Edge(34519,188823,(3,9223372036854775807))
Edge(34550,136314,(3,9223372036854775807))
Edge(34594,159372,(3,9223372036854775807))
Edge(34703,356612,(3,9223372036854775807))
Edge(34732,118057,(1,9223372036854775807))
Edge(35202,462659,(3,9223372036854775807))
Edge(35421,156029,(3,9223372036854775807))
Edge(35704,7784,(1,9223372036854775807))
Edge(36432,454067,(3,9223372036854775807))
Edge(36496,290897,(3,9223372036854775807))
Edge(36851,211433,(3,9223372036854775807))
Edge(37065,46109,(3,9223372036854775807))
Edge(37071,206196,(3,9223372036854775807))
Edge(37547,114013,(3,9223372036854775807))
Edge(37999,446486,(3,9223372036854775807))
Edge(38831,242963,(3,9223372036854775807))
Edge(39270,183948,(3,9223372036854775807))
Edge(39875,37541,(3,9223372036854775807))
Edge(40071,120339,(3,9223372036854775807))
Edge(40075,211985,(3,9223372036854775807))
Edge(40114,340258,(3,9223372036854775807))
Edge(40723,94488,(3,9223372036854775807))
Edge(41241,110266,(3,9223372036854775807))
Edge(41307,393003,(3,9223372036854775807))
Edge(41377,85342,(3,9223372036854775807))
Edge(41454,330851,(3,9223372036854775807))
Edge(41637,336210,(3,9223372036854775807))
Edge(41673,483626,(3,9223372036854775807))
Edge(42297,112238,(3,9223372036854775807))
Edge(42854,499209,(1,3))
Edge(42938,317877,(3,9223372036854775807))
Edge(43636,158425,(3,9223372036854775807))
Edge(43699,277182,(1,9223372036854775807))
Edge(44088,306097,(3,9223372036854775807))
Edge(44204,231674,(3,9223372036854775807))
Edge(44547,407374,(1,9223372036854775807))
Edge(44576,159329,(4,9223372036854775807))
Edge(44583,114286,(3,9223372036854775807))
Edge(44703,317652,(3,9223372036854775807))
Edge(44975,360744,(1,3))
Edge(45278,154020,(1,3))
Edge(45360,110677,(1,9223372036854775807))
Edge(45858,387966,(3,4))
Edge(46009,153599,(3,9223372036854775807))
Edge(46035,392264,(3,9223372036854775807))
Edge(46083,153595,(3,9223372036854775807))
Edge(46356,231174,(3,9223372036854775807))
Edge(47388,19154,(1,9223372036854775807))
Edge(47586,271702,(3,9223372036854775807))
Edge(47699,332188,(3,9223372036854775807))
Edge(47980,75284,(3,9223372036854775807))
Edge(48374,448807,(3,9223372036854775807))
Edge(48597,184092,(3,9223372036854775807))
Edge(48771,179566,(3,9223372036854775807))
Edge(48954,3617,(3,9223372036854775807))
Edge(49042,93915,(1,3))
Edge(49567,466231,(1,3))
Edge(49587,405087,(3,9223372036854775807))
Edge(50324,65664,(3,9223372036854775807))
Edge(50915,314823,(3,9223372036854775807))
Edge(51142,266161,(3,9223372036854775807))
Edge(51681,88408,(3,9223372036854775807))
Edge(51837,56012,(1,3))
Edge(51935,270177,(3,9223372036854775807))
Edge(52245,49519,(3,9223372036854775807))
Edge(52245,236772,(3,9223372036854775807))
Edge(52527,496537,(1,9223372036854775807))
Edge(52646,181609,(3,9223372036854775807))
Edge(53378,181946,(3,9223372036854775807))
Edge(53569,159392,(3,9223372036854775807))
Edge(53692,381354,(3,9223372036854775807))
Edge(53779,346705,(4,9223372036854775807))
Edge(54777,378843,(3,9223372036854775807))
Edge(54951,105987,(3,9223372036854775807))
Edge(55364,335044,(1,9223372036854775807))
Edge(55691,83338,(3,9223372036854775807))
Edge(55902,214182,(3,9223372036854775807))
Edge(56266,299724,(1,9223372036854775807))
Edge(56580,277471,(3,9223372036854775807))
Edge(57196,10520,(3,9223372036854775807))
Edge(57212,258952,(3,9223372036854775807))
Edge(57386,454686,(1,3))
Edge(57470,425772,(3,9223372036854775807))
Edge(57538,212491,(3,9223372036854775807))
Edge(57591,455305,(3,9223372036854775807))
Edge(58407,358899,(1,9223372036854775807))
Edge(58431,403967,(3,9223372036854775807))
Edge(58489,126519,(1,3))
Edge(58563,170241,(3,9223372036854775807))
Edge(58586,456384,(3,9223372036854775807))
Edge(58863,183280,(3,9223372036854775807))
Edge(58870,224790,(3,9223372036854775807))
Edge(59014,3535,(3,9223372036854775807))
Edge(59035,205467,(3,9223372036854775807))
Edge(59350,733,(3,9223372036854775807))
Edge(60262,487193,(3,9223372036854775807))
Edge(60404,51382,(3,9223372036854775807))
Edge(60604,185374,(3,9223372036854775807))
Edge(60779,86531,(3,9223372036854775807))
Edge(61984,72492,(3,9223372036854775807))
Edge(62080,321513,(3,9223372036854775807))
Edge(62183,20929,(3,9223372036854775807))
Edge(62530,218520,(3,9223372036854775807))
Edge(62600,18624,(3,9223372036854775807))
Edge(62808,152506,(3,9223372036854775807))
Edge(63809,52539,(3,9223372036854775807))
Edge(63835,191718,(3,9223372036854775807))
Edge(64199,383333,(3,9223372036854775807))
Edge(64305,319223,(3,9223372036854775807))
Edge(64517,104578,(1,9223372036854775807))
Edge(64578,419607,(3,9223372036854775807))
Edge(64905,57232,(1,3))
Edge(65409,88676,(3,9223372036854775807))
Edge(65603,422186,(3,9223372036854775807))
Edge(66343,455617,(3,9223372036854775807))
Edge(66579,20627,(1,9223372036854775807))
Edge(66831,342494,(3,9223372036854775807))
Edge(66999,307143,(3,9223372036854775807))
Edge(67213,19393,(3,9223372036854775807))
Edge(67605,219046,(3,9223372036854775807))
Edge(68277,182732,(3,9223372036854775807))
Edge(69505,393489,(3,9223372036854775807))
Edge(70019,295735,(3,9223372036854775807))
Edge(70173,328350,(3,9223372036854775807))
Edge(71273,167336,(3,9223372036854775807))
Edge(71443,378608,(3,9223372036854775807))
Edge(71905,131193,(3,9223372036854775807))
Edge(71962,311487,(3,9223372036854775807))
Edge(73474,186539,(3,9223372036854775807))
Edge(73755,22771,(3,9223372036854775807))
Edge(74082,331478,(1,9223372036854775807))
Edge(75119,410007,(3,9223372036854775807))
Edge(75142,167478,(3,9223372036854775807))
Edge(75262,360451,(3,9223372036854775807))
Edge(75517,61988,(3,9223372036854775807))
Edge(76026,105440,(3,9223372036854775807))
Edge(76061,173359,(3,9223372036854775807))
Edge(76098,343295,(3,9223372036854775807))
Edge(77142,442825,(1,3))
Edge(77168,275946,(3,9223372036854775807))
Edge(77172,466060,(3,9223372036854775807))
Edge(77370,497218,(3,9223372036854775807))
Edge(77791,353140,(1,3))
Edge(78052,411459,(3,9223372036854775807))
Edge(78435,244244,(3,9223372036854775807))
Edge(78668,445473,(3,9223372036854775807))
Edge(78891,173379,(1,9223372036854775807))
Edge(78957,251384,(3,9223372036854775807))
Edge(79364,448239,(3,9223372036854775807))
Edge(79495,133328,(3,9223372036854775807))
Edge(80132,446090,(3,9223372036854775807))
Edge(80193,96762,(3,9223372036854775807))
Edge(80444,459567,(3,9223372036854775807))
Edge(80498,193295,(3,9223372036854775807))
Edge(80566,323254,(3,9223372036854775807))
Edge(80828,192599,(4,9223372036854775807))
Edge(81974,108502,(3,9223372036854775807))
Edge(81983,114250,(3,9223372036854775807))
Edge(82319,223850,(1,3))
Edge(82510,68867,(3,9223372036854775807))
Edge(82723,189512,(3,9223372036854775807))
Edge(82994,392125,(3,9223372036854775807))
Edge(83317,485971,(3,9223372036854775807))
Edge(83471,289093,(3,9223372036854775807))
Edge(83632,459124,(4,9223372036854775807))
Edge(84539,338452,(3,9223372036854775807))
Edge(85113,229943,(3,9223372036854775807))
Edge(85205,335819,(3,9223372036854775807))
Edge(85391,375967,(3,9223372036854775807))
Edge(85724,74827,(3,9223372036854775807))
Edge(85886,52205,(3,9223372036854775807))
Edge(85910,395234,(1,9223372036854775807))
Edge(86023,418592,(3,9223372036854775807))
Edge(86260,282646,(3,9223372036854775807))
Edge(86982,46764,(3,9223372036854775807))
Edge(87067,95141,(1,9223372036854775807))
Edge(87273,164197,(3,9223372036854775807))
Edge(87351,495248,(3,9223372036854775807))
Edge(87462,73806,(3,9223372036854775807))
Edge(87525,465261,(3,9223372036854775807))
Edge(87871,233591,(3,9223372036854775807))
Edge(87982,441079,(4,9223372036854775807))
Edge(88073,177678,(3,9223372036854775807))
Edge(88433,374793,(3,9223372036854775807))
Edge(88476,488278,(1,3))
Edge(89291,307168,(3,9223372036854775807))
Edge(89552,16154,(3,9223372036854775807))
Edge(89820,466845,(1,9223372036854775807))
Edge(90343,366730,(3,9223372036854775807))
Edge(90508,366483,(3,9223372036854775807))
Edge(90606,277368,(3,9223372036854775807))
Edge(90884,83531,(3,9223372036854775807))
Edge(91650,497444,(3,9223372036854775807))
Edge(92337,271876,(3,9223372036854775807))
Edge(92388,393974,(3,9223372036854775807))
Edge(92522,332843,(3,9223372036854775807))
Edge(92788,31746,(1,9223372036854775807))
Edge(92817,397246,(1,9223372036854775807))
Edge(92923,182757,(3,9223372036854775807))
Edge(93310,485276,(3,9223372036854775807))
Edge(93609,235916,(3,9223372036854775807))
Edge(94207,68902,(1,9223372036854775807))
Edge(94398,241474,(3,9223372036854775807))
Edge(94694,469588,(1,3))
Edge(94807,499526,(3,9223372036854775807))
Edge(95109,155612,(3,9223372036854775807))
Edge(95252,251585,(3,9223372036854775807))
Edge(96451,47246,(1,3))
Edge(96550,29344,(3,9223372036854775807))
Edge(96626,56399,(3,9223372036854775807))
Edge(96676,479905,(3,9223372036854775807))
Edge(96792,226684,(1,3))
Edge(96815,45614,(3,9223372036854775807))
Edge(96863,380836,(1,3))
Edge(96900,214005,(3,9223372036854775807))
Edge(97212,294434,(3,9223372036854775807))
Edge(97420,409884,(3,9223372036854775807))
Edge(98092,329623,(3,9223372036854775807))
Edge(98131,247581,(3,9223372036854775807))
Edge(98230,131840,(1,9223372036854775807))
Edge(98674,355273,(3,9223372036854775807))
Edge(98713,374670,(3,9223372036854775807))
Edge(99021,315744,(3,9223372036854775807))
Edge(99086,14205,(3,9223372036854775807))
Edge(99464,466819,(3,9223372036854775807))
Edge(100324,145039,(1,9223372036854775807))
Edge(100496,137361,(1,3))
Edge(101508,301360,(3,9223372036854775807))
Edge(101885,152631,(3,9223372036854775807))
Edge(102981,349558,(1,9223372036854775807))
Edge(103036,34481,(3,9223372036854775807))
Edge(103236,374983,(3,9223372036854775807))
Edge(103366,311009,(3,9223372036854775807))
Edge(103584,470360,(3,9223372036854775807))
Edge(103603,470670,(3,9223372036854775807))
Edge(103701,472316,(3,9223372036854775807))
Edge(103722,456237,(3,9223372036854775807))
Edge(103999,141376,(3,9223372036854775807))
Edge(104006,438491,(1,9223372036854775807))
Edge(104570,290152,(3,9223372036854775807))
Edge(104589,492998,(3,9223372036854775807))
Edge(104735,468983,(3,9223372036854775807))
Edge(104850,283384,(3,9223372036854775807))
Edge(104863,380643,(3,9223372036854775807))
Edge(105017,297048,(3,9223372036854775807))
Edge(105072,333628,(1,3))
Edge(105096,32656,(1,9223372036854775807))
Edge(105186,13340,(3,9223372036854775807))
Edge(106283,41318,(3,9223372036854775807))
Edge(106298,336352,(3,9223372036854775807))
Edge(106528,52983,(3,9223372036854775807))
Edge(106999,382507,(3,9223372036854775807))
Edge(107356,404350,(3,9223372036854775807))
Edge(107629,167517,(3,9223372036854775807))
Edge(108214,460431,(3,9223372036854775807))
Edge(108722,119475,(3,9223372036854775807))
Edge(108873,261234,(3,9223372036854775807))
Edge(108911,217952,(3,9223372036854775807))
Edge(109295,408401,(3,9223372036854775807))
Edge(109461,460564,(3,9223372036854775807))
Edge(109747,421437,(3,9223372036854775807))
Edge(109979,301014,(3,9223372036854775807))
Edge(111133,4222,(3,9223372036854775807))
Edge(111304,340337,(3,9223372036854775807))
Edge(111642,424411,(3,9223372036854775807))
Edge(111802,255444,(3,9223372036854775807))
Edge(111883,218866,(3,9223372036854775807))
Edge(111915,354173,(3,9223372036854775807))
Edge(111932,181352,(3,9223372036854775807))
Edge(112150,291125,(3,9223372036854775807))
Edge(112321,122162,(2,3))
Edge(112387,144429,(1,9223372036854775807))
Edge(112538,138991,(3,9223372036854775807))
Edge(112570,192145,(3,9223372036854775807))
Edge(113313,210220,(3,9223372036854775807))
Edge(113741,140839,(3,9223372036854775807))
Edge(113957,334162,(1,9223372036854775807))
Edge(114144,422881,(1,3))
Edge(114506,475912,(3,9223372036854775807))
Edge(115503,292980,(1,9223372036854775807))
Edge(115792,53435,(3,9223372036854775807))
Edge(115824,172958,(1,9223372036854775807))
Edge(116073,423573,(3,9223372036854775807))
Edge(116305,297433,(3,9223372036854775807))
Edge(116309,86094,(3,9223372036854775807))
Edge(116463,432537,(3,9223372036854775807))
Edge(116494,399845,(3,9223372036854775807))
Edge(116613,88876,(1,9223372036854775807))
Edge(116722,367365,(3,9223372036854775807))
Edge(116724,236186,(3,9223372036854775807))
Edge(116942,497622,(3,9223372036854775807))
Edge(117018,368215,(3,9223372036854775807))
Edge(117805,388535,(3,9223372036854775807))
Edge(117813,478867,(3,9223372036854775807))
Edge(118137,114925,(3,9223372036854775807))
Edge(118499,328339,(1,3))
Edge(118677,152322,(3,9223372036854775807))
Edge(118746,322106,(3,9223372036854775807))
Edge(118772,126280,(3,9223372036854775807))
Edge(118906,361967,(3,9223372036854775807))
Edge(119071,186683,(3,9223372036854775807))
Edge(119295,236908,(3,9223372036854775807))
Edge(119564,128844,(3,9223372036854775807))
Edge(119636,237124,(3,9223372036854775807))
Edge(119859,77808,(1,3))
Edge(119947,299727,(1,9223372036854775807))
Edge(120343,313572,(3,9223372036854775807))
Edge(120796,169845,(1,9223372036854775807))
Edge(121316,13602,(3,9223372036854775807))
Edge(121328,160600,(3,9223372036854775807))
Edge(121559,195708,(3,9223372036854775807))
Edge(121635,73225,(1,3))
Edge(124253,487725,(3,9223372036854775807))
Edge(124772,492474,(3,9223372036854775807))
Edge(124840,108192,(3,9223372036854775807))
Edge(124977,278141,(3,9223372036854775807))
Edge(125133,162320,(3,9223372036854775807))
Edge(125184,29677,(3,9223372036854775807))
Edge(125353,329363,(3,9223372036854775807))
Edge(126205,287803,(3,9223372036854775807))
Edge(126454,221073,(3,9223372036854775807))
Edge(126755,150052,(3,9223372036854775807))
Edge(126912,324936,(3,9223372036854775807))
Edge(127148,456902,(3,9223372036854775807))
Edge(127476,230500,(3,9223372036854775807))
Edge(127525,121650,(1,3))
Edge(128328,343214,(3,9223372036854775807))
Edge(128604,70341,(3,9223372036854775807))
Edge(128732,277798,(3,9223372036854775807))
Edge(129874,178586,(3,9223372036854775807))
Edge(129988,285819,(3,9223372036854775807))
Edge(130175,195196,(3,9223372036854775807))
Edge(130476,47636,(1,3))
Edge(131068,264450,(3,9223372036854775807))
Edge(131815,197699,(3,9223372036854775807))
Edge(132191,284666,(3,9223372036854775807))
Edge(132292,360820,(1,3))
Edge(132543,64955,(3,9223372036854775807))
Edge(132898,234659,(3,9223372036854775807))
Edge(133576,174485,(3,9223372036854775807))
Edge(133631,449996,(1,9223372036854775807))
Edge(133999,94603,(3,9223372036854775807))
Edge(134305,61618,(3,9223372036854775807))
Edge(134326,103845,(3,9223372036854775807))
Edge(134360,353788,(3,9223372036854775807))
Edge(134641,61604,(3,9223372036854775807))
Edge(135235,377553,(3,9223372036854775807))
Edge(135711,460333,(3,9223372036854775807))
Edge(135727,430569,(1,9223372036854775807))
Edge(135961,322017,(3,9223372036854775807))
Edge(136260,417616,(3,9223372036854775807))
Edge(136481,74598,(3,9223372036854775807))
Edge(137295,206929,(3,9223372036854775807))
Edge(137365,473056,(3,9223372036854775807))
Edge(137717,273748,(3,9223372036854775807))
Edge(137726,374929,(3,9223372036854775807))
Edge(137999,562,(3,9223372036854775807))
Edge(138135,9752,(1,9223372036854775807))
Edge(138241,384837,(3,9223372036854775807))
Edge(138268,409439,(3,9223372036854775807))
Edge(138525,120716,(3,9223372036854775807))
Edge(138747,389256,(3,9223372036854775807))
Edge(138784,93957,(3,9223372036854775807))
Edge(139070,312847,(3,9223372036854775807))
Edge(140002,93187,(3,9223372036854775807))
Edge(140150,175274,(3,9223372036854775807))
Edge(140410,439758,(3,9223372036854775807))
Edge(140416,493645,(1,9223372036854775807))
Edge(140890,14428,(1,9223372036854775807))
Edge(141080,435547,(3,9223372036854775807))
Edge(141571,487,(3,9223372036854775807))
Edge(142068,474052,(3,9223372036854775807))
Edge(142157,63862,(3,9223372036854775807))
Edge(142376,132908,(1,3))
Edge(142484,116068,(1,9223372036854775807))
Edge(142722,256478,(3,9223372036854775807))
Edge(142813,471080,(3,9223372036854775807))
Edge(142993,475692,(1,3))
Edge(143555,466779,(3,9223372036854775807))
Edge(143589,9664,(3,9223372036854775807))
Edge(143652,208097,(3,9223372036854775807))
Edge(144707,16304,(3,9223372036854775807))
Edge(145782,452194,(3,9223372036854775807))
Edge(145808,271959,(3,9223372036854775807))
Edge(145946,34754,(1,9223372036854775807))
Edge(146136,474914,(3,9223372036854775807))
Edge(146204,347533,(3,9223372036854775807))
Edge(146239,124535,(3,9223372036854775807))
Edge(146282,310567,(3,9223372036854775807))
Edge(146473,410586,(3,9223372036854775807))
Edge(146503,464550,(3,9223372036854775807))
Edge(147045,203057,(3,9223372036854775807))
Edge(147935,262238,(3,9223372036854775807))
Edge(147996,135710,(3,9223372036854775807))
Edge(148175,425787,(3,9223372036854775807))
Edge(149173,113808,(3,9223372036854775807))
Edge(149548,43248,(3,9223372036854775807))
Edge(150112,471015,(3,9223372036854775807))
Edge(150326,26224,(3,9223372036854775807))
Edge(150550,362769,(3,9223372036854775807))
Edge(150576,423108,(3,9223372036854775807))
Edge(150628,468100,(1,9223372036854775807))
Edge(150748,438956,(3,9223372036854775807))
Edge(151007,213146,(3,9223372036854775807))
Edge(151125,251632,(3,9223372036854775807))
Edge(151165,150507,(3,9223372036854775807))
Edge(151334,170065,(3,9223372036854775807))
Edge(152053,459597,(3,9223372036854775807))
Edge(152232,55186,(1,9223372036854775807))
Edge(152600,289683,(3,9223372036854775807))
Edge(152710,6247,(3,9223372036854775807))
Edge(152957,147169,(3,9223372036854775807))
Edge(153112,131738,(3,9223372036854775807))
Edge(153457,105383,(3,9223372036854775807))
Edge(153485,353915,(3,9223372036854775807))
Edge(153544,396043,(3,9223372036854775807))
Edge(153695,394691,(3,9223372036854775807))
Edge(153922,215659,(3,9223372036854775807))
Edge(154242,472461,(3,9223372036854775807))
Edge(154477,399532,(3,9223372036854775807))
Edge(154496,443352,(3,9223372036854775807))
Edge(155182,400748,(3,9223372036854775807))
Edge(155294,18856,(3,9223372036854775807))
Edge(155364,395100,(3,9223372036854775807))
Edge(156396,483676,(3,9223372036854775807))
Edge(156397,133947,(1,9223372036854775807))
Edge(156649,180411,(3,9223372036854775807))
Edge(156935,115415,(3,9223372036854775807))
Edge(157045,24956,(1,9223372036854775807))
Edge(157129,328830,(3,9223372036854775807))
Edge(157661,394282,(3,9223372036854775807))
Edge(158335,266314,(3,9223372036854775807))
Edge(159192,419031,(3,9223372036854775807))
Edge(159304,489994,(3,9223372036854775807))
Edge(159525,473153,(3,9223372036854775807))
Edge(159608,102355,(3,9223372036854775807))
Edge(159883,95120,(3,9223372036854775807))
Edge(160021,334851,(3,9223372036854775807))
Edge(160165,130079,(3,9223372036854775807))
Edge(160487,75217,(3,9223372036854775807))
Edge(160500,431144,(3,9223372036854775807))
Edge(160583,48070,(1,9223372036854775807))
Edge(160702,471134,(3,9223372036854775807))
Edge(160996,484773,(1,9223372036854775807))
Edge(161090,309047,(3,9223372036854775807))
Edge(161256,311747,(1,9223372036854775807))
Edge(161514,157193,(1,9223372036854775807))
Edge(161703,206761,(3,9223372036854775807))
Edge(162202,65918,(1,3))
Edge(162854,254625,(3,9223372036854775807))
Edge(163120,246980,(3,9223372036854775807))
Edge(163362,436092,(3,9223372036854775807))
Edge(163499,47989,(1,9223372036854775807))
Edge(163895,281403,(3,9223372036854775807))
Edge(164016,487750,(1,3))
Edge(164660,164498,(3,9223372036854775807))
Edge(165596,249453,(3,9223372036854775807))
Edge(165870,253462,(3,9223372036854775807))
Edge(165890,412099,(1,3))
Edge(166167,455978,(1,9223372036854775807))
Edge(166774,205557,(3,9223372036854775807))
Edge(168170,468141,(3,9223372036854775807))
Edge(168353,187870,(3,9223372036854775807))
Edge(168377,91693,(3,9223372036854775807))
Edge(168641,408170,(3,9223372036854775807))
Edge(168672,433395,(3,9223372036854775807))
Edge(168864,172842,(3,9223372036854775807))
Edge(169056,51667,(3,9223372036854775807))
Edge(170149,230773,(3,9223372036854775807))
Edge(170518,300071,(3,9223372036854775807))
Edge(170618,479031,(3,9223372036854775807))
Edge(170638,136704,(1,9223372036854775807))
Edge(171044,421080,(3,9223372036854775807))
Edge(171186,227821,(3,9223372036854775807))
Edge(171237,236307,(3,9223372036854775807))
Edge(171522,172069,(3,9223372036854775807))
Edge(171528,195734,(3,9223372036854775807))
Edge(171748,174566,(3,9223372036854775807))
Edge(171900,323212,(1,9223372036854775807))
Edge(172173,399305,(3,9223372036854775807))
Edge(172276,316239,(3,9223372036854775807))
Edge(172395,339635,(3,9223372036854775807))
Edge(172729,380993,(3,9223372036854775807))
Edge(173198,488254,(1,9223372036854775807))
Edge(173648,142615,(3,9223372036854775807))
Edge(173664,92079,(3,9223372036854775807))
Edge(174058,156677,(3,9223372036854775807))
Edge(174067,377134,(3,9223372036854775807))
Edge(174355,237541,(1,9223372036854775807))
Edge(174543,205604,(3,9223372036854775807))
Edge(174851,274234,(3,9223372036854775807))
Edge(175179,281626,(3,9223372036854775807))
Edge(175389,359480,(1,9223372036854775807))
Edge(175486,151624,(3,9223372036854775807))
Edge(175626,410333,(3,9223372036854775807))
Edge(175765,301421,(3,9223372036854775807))
Edge(176004,286317,(3,9223372036854775807))
Edge(176083,195697,(3,9223372036854775807))
Edge(176148,7943,(3,9223372036854775807))
Edge(176247,216667,(3,9223372036854775807))
Edge(176316,16830,(3,9223372036854775807))
Edge(176350,206456,(3,9223372036854775807))
Edge(176491,268257,(3,9223372036854775807))
Edge(176581,371647,(1,9223372036854775807))
Edge(176627,208037,(1,3))
Edge(176837,261769,(3,9223372036854775807))
Edge(176917,70177,(3,9223372036854775807))
Edge(177396,78242,(3,9223372036854775807))
Edge(178152,78831,(3,9223372036854775807))
Edge(178597,44358,(3,9223372036854775807))
Edge(178618,209597,(3,9223372036854775807))
Edge(178994,6099,(3,9223372036854775807))
Edge(179158,98944,(1,3))
Edge(179200,62741,(3,9223372036854775807))
Edge(179436,122244,(3,9223372036854775807))
Edge(180295,163400,(3,9223372036854775807))
Edge(180323,492789,(1,3))
Edge(180423,432249,(3,9223372036854775807))
Edge(180436,498733,(3,9223372036854775807))
Edge(180752,187034,(3,9223372036854775807))
Edge(181058,221120,(1,3))
Edge(181344,195582,(1,3))
Edge(181599,229577,(3,9223372036854775807))
Edge(181882,446510,(3,9223372036854775807))
Edge(182166,103162,(3,9223372036854775807))
Edge(182523,143306,(3,9223372036854775807))
Edge(182550,59163,(3,9223372036854775807))
Edge(182675,278934,(3,9223372036854775807))
Edge(182839,241064,(3,9223372036854775807))
Edge(183063,445780,(3,9223372036854775807))
Edge(183883,50761,(3,9223372036854775807))
Edge(183974,384573,(3,9223372036854775807))
Edge(184066,302456,(3,9223372036854775807))
Edge(184190,231731,(3,9223372036854775807))
Edge(184575,25299,(3,9223372036854775807))
Edge(184764,271744,(1,9223372036854775807))
Edge(184866,180749,(1,9223372036854775807))
Edge(185843,306643,(3,9223372036854775807))
Edge(186387,422314,(1,9223372036854775807))
Edge(187223,174490,(3,9223372036854775807))
Edge(187435,57690,(1,9223372036854775807))
Edge(187669,265854,(3,9223372036854775807))
Edge(187905,273049,(3,9223372036854775807))
Edge(188034,348420,(3,9223372036854775807))
Edge(188571,51375,(1,3))
Edge(188732,311990,(1,9223372036854775807))
Edge(188999,30214,(3,9223372036854775807))
Edge(189596,443931,(3,9223372036854775807))
Edge(189855,95534,(3,9223372036854775807))
Edge(190267,1043,(1,3))
Edge(190303,111898,(1,9223372036854775807))
Edge(190587,33196,(3,9223372036854775807))
Edge(190592,381043,(3,9223372036854775807))
Edge(190688,288954,(3,9223372036854775807))
Edge(190743,378382,(3,9223372036854775807))
Edge(191712,209943,(3,9223372036854775807))
Edge(192041,358780,(1,9223372036854775807))
Edge(192239,136691,(3,9223372036854775807))
Edge(192528,412493,(3,9223372036854775807))
Edge(192891,238631,(3,9223372036854775807))
Edge(193091,85596,(3,9223372036854775807))
Edge(193353,103309,(3,9223372036854775807))
Edge(194077,210359,(3,9223372036854775807))
Edge(195028,150101,(3,9223372036854775807))
Edge(195717,341680,(3,9223372036854775807))
Edge(195747,495320,(3,9223372036854775807))
Edge(195849,234636,(1,9223372036854775807))
Edge(196069,338139,(3,9223372036854775807))
Edge(197010,328218,(3,9223372036854775807))
Edge(197188,12969,(3,9223372036854775807))
Edge(197248,73219,(3,9223372036854775807))
Edge(197623,320888,(3,9223372036854775807))
Edge(197854,134793,(3,9223372036854775807))
Edge(198087,238095,(3,9223372036854775807))
Edge(198505,21692,(1,9223372036854775807))
Edge(198717,43968,(3,9223372036854775807))
Edge(199428,90747,(3,9223372036854775807))
Edge(199525,336498,(1,3))
Edge(200312,13959,(3,9223372036854775807))
Edge(200319,397091,(1,9223372036854775807))
Edge(200354,41647,(3,9223372036854775807))
Edge(200751,434073,(3,9223372036854775807))
Edge(201221,439711,(3,9223372036854775807))
Edge(201343,16677,(3,9223372036854775807))
Edge(201589,144745,(1,3))
Edge(201687,459880,(3,9223372036854775807))
Edge(201735,146039,(3,9223372036854775807))
Edge(201821,354608,(3,9223372036854775807))
Edge(201857,250646,(3,9223372036854775807))
Edge(202040,111150,(1,3))
Edge(202920,196948,(3,9223372036854775807))
Edge(203629,407786,(3,9223372036854775807))
Edge(203669,56908,(3,9223372036854775807))
Edge(203752,175191,(3,9223372036854775807))
Edge(203994,295992,(3,9223372036854775807))
Edge(204185,142369,(3,9223372036854775807))
Edge(204572,123572,(3,9223372036854775807))
Edge(205069,110117,(1,9223372036854775807))
Edge(205152,321380,(3,9223372036854775807))
Edge(205390,141639,(3,9223372036854775807))
Edge(205503,380058,(1,9223372036854775807))
Edge(205597,489395,(3,9223372036854775807))
Edge(205841,74096,(3,9223372036854775807))
Edge(205858,73353,(3,9223372036854775807))
Edge(206360,43634,(3,9223372036854775807))
Edge(206442,240877,(3,9223372036854775807))
Edge(206462,70824,(3,9223372036854775807))
Edge(206563,104840,(1,9223372036854775807))
Edge(207130,26294,(3,9223372036854775807))
Edge(207182,340019,(3,9223372036854775807))
Edge(207778,361292,(3,9223372036854775807))
Edge(207939,313008,(3,9223372036854775807))
Edge(208319,275890,(3,9223372036854775807))
Edge(208461,386250,(3,9223372036854775807))
Edge(208654,441970,(3,9223372036854775807))
Edge(209061,126772,(3,9223372036854775807))
Edge(209086,291731,(3,9223372036854775807))
Edge(209228,80448,(3,9223372036854775807))
Edge(209436,346754,(3,9223372036854775807))
Edge(209456,118769,(3,9223372036854775807))
Edge(209459,245789,(3,9223372036854775807))
Edge(209755,151787,(3,9223372036854775807))
Edge(209878,125282,(3,9223372036854775807))
Edge(209904,17121,(3,9223372036854775807))
Edge(210876,331053,(3,9223372036854775807))
Edge(210905,51886,(3,9223372036854775807))
Edge(210996,48531,(3,9223372036854775807))
Edge(211293,454174,(3,9223372036854775807))
Edge(211771,342808,(1,9223372036854775807))
Edge(212079,472231,(3,9223372036854775807))
Edge(212098,267113,(3,9223372036854775807))
Edge(212832,175347,(3,9223372036854775807))
Edge(212942,337283,(1,9223372036854775807))
Edge(213216,333288,(3,9223372036854775807))
Edge(213247,32220,(3,9223372036854775807))
Edge(213392,363031,(3,9223372036854775807))
Edge(213863,224932,(3,9223372036854775807))
Edge(215022,207520,(1,9223372036854775807))
Edge(215147,491340,(1,9223372036854775807))
Edge(215649,360594,(3,9223372036854775807))
Edge(216100,114197,(3,9223372036854775807))
Edge(216112,388725,(3,9223372036854775807))
Edge(216255,341413,(3,9223372036854775807))
Edge(216393,113425,(3,9223372036854775807))
Edge(216664,140127,(3,9223372036854775807))
Edge(216735,198538,(3,9223372036854775807))
Edge(217299,145577,(1,9223372036854775807))
Edge(217489,330731,(3,9223372036854775807))
Edge(218347,1664,(3,9223372036854775807))
Edge(218434,308658,(1,9223372036854775807))
Edge(218461,440571,(3,9223372036854775807))
Edge(219056,235187,(3,9223372036854775807))
Edge(219289,309066,(3,9223372036854775807))
Edge(219292,163832,(3,9223372036854775807))
Edge(219313,211690,(3,9223372036854775807))
Edge(219846,171932,(3,9223372036854775807))
Edge(220715,155130,(3,9223372036854775807))
Edge(220883,6386,(3,9223372036854775807))
Edge(221597,262075,(3,9223372036854775807))
Edge(221925,290105,(1,9223372036854775807))
Edge(222172,50989,(3,9223372036854775807))
Edge(222476,52614,(3,9223372036854775807))
Edge(222625,55296,(3,9223372036854775807))
Edge(222670,135346,(3,9223372036854775807))
Edge(223070,410945,(3,9223372036854775807))
Edge(223287,442834,(3,9223372036854775807))
Edge(223792,170499,(3,9223372036854775807))
Edge(223993,453726,(1,9223372036854775807))
Edge(224051,65157,(3,9223372036854775807))
Edge(224174,144401,(1,3))
Edge(224911,383089,(3,9223372036854775807))
Edge(225144,58116,(1,9223372036854775807))
Edge(225147,356321,(3,9223372036854775807))
Edge(225178,248177,(3,9223372036854775807))
Edge(225307,443247,(3,9223372036854775807))
Edge(225767,136610,(3,9223372036854775807))
Edge(226756,169523,(3,9223372036854775807))
Edge(227395,407977,(1,9223372036854775807))
Edge(227523,403079,(3,9223372036854775807))
Edge(227694,194170,(3,9223372036854775807))
Edge(227723,372169,(3,9223372036854775807))
Edge(227993,160526,(3,9223372036854775807))
Edge(228706,218935,(3,9223372036854775807))
Edge(228885,408723,(3,9223372036854775807))
Edge(229244,348197,(1,3))
Edge(229428,385402,(3,9223372036854775807))
Edge(229854,475679,(3,9223372036854775807))
Edge(229996,40098,(3,9223372036854775807))
Edge(230358,469596,(3,9223372036854775807))
Edge(231288,430428,(3,9223372036854775807))
Edge(231374,235307,(3,9223372036854775807))
Edge(231786,385191,(1,3))
Edge(231893,60295,(1,9223372036854775807))
Edge(232141,124783,(1,9223372036854775807))
Edge(232324,216336,(4,9223372036854775807))
Edge(232687,436298,(3,9223372036854775807))
Edge(233106,358693,(3,9223372036854775807))
Edge(233235,248480,(3,9223372036854775807))
Edge(233770,285027,(3,9223372036854775807))
Edge(233796,30985,(3,9223372036854775807))
Edge(233929,325465,(3,9223372036854775807))
Edge(234666,106001,(3,9223372036854775807))
Edge(234740,203616,(3,9223372036854775807))
Edge(235359,297150,(3,9223372036854775807))
Edge(235849,64737,(3,9223372036854775807))
Edge(235979,344504,(4,9223372036854775807))
Edge(236128,241762,(1,3))
Edge(236534,50211,(1,9223372036854775807))
Edge(236802,371281,(1,3))
Edge(236935,274299,(1,9223372036854775807))
Edge(236973,55143,(3,9223372036854775807))
Edge(237809,173533,(3,9223372036854775807))
Edge(238202,121083,(3,9223372036854775807))
Edge(238223,296471,(3,9223372036854775807))
Edge(238312,21515,(3,9223372036854775807))
Edge(239303,95172,(3,9223372036854775807))
Edge(239484,365374,(3,9223372036854775807))
Edge(239554,292203,(3,9223372036854775807))
Edge(239739,410490,(3,9223372036854775807))
Edge(239808,237288,(3,9223372036854775807))
Edge(239948,433097,(1,3))
Edge(239976,357481,(3,9223372036854775807))
Edge(240088,188232,(3,9223372036854775807))
Edge(240618,93961,(3,9223372036854775807))
Edge(240837,154558,(3,9223372036854775807))
Edge(240925,174257,(3,9223372036854775807))
Edge(241172,337391,(3,9223372036854775807))
Edge(241454,238461,(3,9223372036854775807))
Edge(241719,144861,(3,9223372036854775807))
Edge(242162,414668,(1,9223372036854775807))
Edge(242599,349525,(3,9223372036854775807))
Edge(242727,33495,(1,9223372036854775807))
Edge(243051,441114,(3,9223372036854775807))
Edge(243140,474329,(3,9223372036854775807))
Edge(243224,438245,(3,9223372036854775807))
Edge(243365,56057,(3,9223372036854775807))
Edge(243369,461796,(3,9223372036854775807))
Edge(243709,106674,(3,9223372036854775807))
Edge(245269,455848,(3,9223372036854775807))
Edge(245290,58124,(4,9223372036854775807))
Edge(245512,17305,(4,9223372036854775807))
Edge(245739,192767,(1,3))
Edge(246149,417007,(3,9223372036854775807))
Edge(246224,220913,(3,9223372036854775807))
Edge(246264,289842,(3,9223372036854775807))
Edge(246520,35364,(3,9223372036854775807))
Edge(246884,372583,(1,9223372036854775807))
Edge(247171,294873,(3,9223372036854775807))
Edge(247263,299828,(1,9223372036854775807))
Edge(247747,328933,(3,9223372036854775807))
Edge(247973,71347,(3,9223372036854775807))
Edge(248474,297681,(3,9223372036854775807))
Edge(249365,5250,(3,9223372036854775807))
Edge(249376,38788,(3,9223372036854775807))
Edge(249542,176120,(3,9223372036854775807))
Edge(249723,93817,(3,9223372036854775807))
Edge(250302,391252,(3,9223372036854775807))
Edge(250639,75114,(3,9223372036854775807))
Edge(250669,206587,(1,9223372036854775807))
Edge(250823,361838,(3,9223372036854775807))
Edge(250890,249593,(4,9223372036854775807))
Edge(251862,339487,(3,9223372036854775807))
Edge(251987,204290,(1,3))
Edge(252871,128221,(3,9223372036854775807))
Edge(252968,435711,(3,9223372036854775807))
Edge(253025,193642,(3,9223372036854775807))
Edge(253209,309617,(3,9223372036854775807))
Edge(253673,274442,(1,9223372036854775807))
Edge(253917,371881,(3,9223372036854775807))
Edge(254237,480494,(3,9223372036854775807))
Edge(254539,9133,(3,9223372036854775807))
Edge(254905,142197,(3,9223372036854775807))
Edge(256386,3807,(3,9223372036854775807))
Edge(256674,352330,(3,9223372036854775807))
Edge(256780,313351,(1,9223372036854775807))
Edge(257214,217725,(3,9223372036854775807))
Edge(257906,292884,(3,9223372036854775807))
Edge(258111,30415,(3,9223372036854775807))
Edge(258378,358352,(3,9223372036854775807))
Edge(258603,447305,(1,9223372036854775807))
Edge(258798,189445,(3,9223372036854775807))
Edge(258861,58396,(3,9223372036854775807))
Edge(259269,220356,(1,9223372036854775807))
Edge(259420,44499,(1,3))
Edge(259437,297452,(1,9223372036854775807))
Edge(259646,107677,(3,9223372036854775807))
Edge(259676,77510,(3,9223372036854775807))
Edge(259747,410315,(1,3))
Edge(260097,123413,(3,9223372036854775807))
Edge(260266,489955,(3,9223372036854775807))
Edge(260309,9989,(3,9223372036854775807))
Edge(260372,277105,(1,3))
Edge(260461,240043,(3,9223372036854775807))
Edge(260722,146601,(3,9223372036854775807))
Edge(260905,68,(3,9223372036854775807))
Edge(260959,259449,(3,9223372036854775807))
Edge(261052,113089,(3,9223372036854775807))
Edge(261062,114587,(1,3))
Edge(261177,109654,(3,9223372036854775807))
Edge(261438,189152,(1,3))
Edge(262218,45846,(3,9223372036854775807))
Edge(262267,467536,(3,9223372036854775807))
Edge(262760,283601,(3,9223372036854775807))
Edge(263066,266682,(1,3))
Edge(264340,217825,(3,9223372036854775807))
Edge(264627,18476,(1,9223372036854775807))
Edge(264688,299687,(3,9223372036854775807))
Edge(264778,33441,(3,9223372036854775807))
Edge(264803,159720,(3,9223372036854775807))
Edge(264862,62593,(1,3))
Edge(264963,82248,(3,9223372036854775807))
Edge(265176,390819,(3,9223372036854775807))
Edge(265223,443714,(3,9223372036854775807))
Edge(265661,490012,(3,9223372036854775807))
Edge(266213,449405,(3,9223372036854775807))
Edge(266442,319044,(3,9223372036854775807))
Edge(266662,399710,(3,9223372036854775807))
Edge(266754,21736,(3,9223372036854775807))
Edge(266756,436442,(3,9223372036854775807))
Edge(267239,430631,(3,9223372036854775807))
Edge(268050,288596,(3,9223372036854775807))
Edge(268054,252010,(1,9223372036854775807))
Edge(268232,124201,(1,3))
Edge(268352,418849,(3,9223372036854775807))
Edge(268750,76302,(4,9223372036854775807))
Edge(268782,71259,(3,9223372036854775807))
Edge(268960,391477,(3,9223372036854775807))
Edge(269218,459951,(3,9223372036854775807))
Edge(269399,381750,(3,9223372036854775807))
Edge(270522,99492,(3,9223372036854775807))
Edge(270863,487329,(1,9223372036854775807))
Edge(271137,382362,(3,9223372036854775807))
Edge(271211,325881,(3,9223372036854775807))
Edge(271227,419936,(3,9223372036854775807))
Edge(271355,278553,(3,9223372036854775807))
Edge(271437,47166,(3,9223372036854775807))
Edge(271918,123588,(1,9223372036854775807))
Edge(272404,86800,(3,9223372036854775807))
Edge(272525,251309,(3,9223372036854775807))
Edge(272925,347815,(1,3))
Edge(273371,44455,(3,9223372036854775807))
Edge(273401,276611,(1,3))
Edge(273470,265490,(3,9223372036854775807))
Edge(273750,391532,(3,9223372036854775807))
Edge(273751,321842,(3,9223372036854775807))
Edge(274044,362099,(3,9223372036854775807))
Edge(274966,367943,(3,9223372036854775807))
Edge(275213,448370,(3,9223372036854775807))
Edge(275218,245440,(3,9223372036854775807))
Edge(275492,352534,(3,9223372036854775807))
Edge(275542,111786,(3,9223372036854775807))
Edge(276208,383986,(3,9223372036854775807))
Edge(276348,207003,(1,3))
Edge(277038,321035,(3,9223372036854775807))
Edge(278125,189024,(1,3))
Edge(278235,100920,(3,9223372036854775807))
Edge(278270,275278,(3,9223372036854775807))
Edge(278395,201055,(3,9223372036854775807))
Edge(278842,379252,(3,9223372036854775807))
Edge(278895,79268,(3,9223372036854775807))
Edge(279392,8263,(3,9223372036854775807))
Edge(279418,438808,(3,9223372036854775807))
Edge(279505,54627,(3,9223372036854775807))
Edge(279523,172211,(3,9223372036854775807))
Edge(279958,31789,(3,9223372036854775807))
Edge(280021,424916,(1,9223372036854775807))
Edge(280112,133556,(1,9223372036854775807))
Edge(280167,395454,(1,3))
Edge(280196,328667,(3,9223372036854775807))
Edge(280501,395590,(1,3))
Edge(280613,466562,(3,9223372036854775807))
Edge(280749,47151,(3,9223372036854775807))
Edge(281313,150824,(3,9223372036854775807))
Edge(281323,80263,(3,9223372036854775807))
Edge(281482,55150,(3,9223372036854775807))
Edge(281719,256151,(3,9223372036854775807))
Edge(281775,235152,(3,9223372036854775807))
Edge(281797,387920,(3,9223372036854775807))
Edge(281948,186196,(1,9223372036854775807))
Edge(282449,441887,(1,9223372036854775807))
Edge(282665,490996,(3,9223372036854775807))
Edge(282731,114948,(3,9223372036854775807))
Edge(282758,478771,(3,9223372036854775807))
Edge(283266,168847,(3,9223372036854775807))
Edge(283356,310237,(1,3))
Edge(283533,453439,(3,9223372036854775807))
Edge(283758,192242,(3,9223372036854775807))
Edge(283841,358215,(3,9223372036854775807))
Edge(284144,45450,(3,9223372036854775807))
Edge(284202,42012,(3,9223372036854775807))
Edge(284701,22601,(3,9223372036854775807))
Edge(284739,163328,(3,9223372036854775807))
Edge(284765,404237,(3,9223372036854775807))
Edge(285697,297840,(3,9223372036854775807))
Edge(285725,345736,(3,9223372036854775807))
Edge(285952,349953,(1,9223372036854775807))
Edge(286115,180640,(3,9223372036854775807))
Edge(286854,383917,(3,9223372036854775807))
Edge(286899,289373,(3,9223372036854775807))
Edge(287223,305929,(3,9223372036854775807))
Edge(287273,301600,(3,9223372036854775807))
Edge(287291,197550,(3,9223372036854775807))
Edge(287392,184744,(3,9223372036854775807))
Edge(287423,177262,(1,3))
Edge(288417,196985,(3,9223372036854775807))
Edge(289207,367993,(3,9223372036854775807))
Edge(289326,492023,(3,9223372036854775807))
Edge(289378,166949,(1,9223372036854775807))
Edge(289519,150116,(3,9223372036854775807))
Edge(289587,199618,(3,9223372036854775807))
Edge(289977,134110,(3,9223372036854775807))
Edge(290073,472512,(3,9223372036854775807))
Edge(290502,448591,(1,9223372036854775807))
Edge(291127,327622,(3,9223372036854775807))
Edge(291552,223553,(3,9223372036854775807))
Edge(291637,10809,(3,9223372036854775807))
Edge(291725,374530,(1,3))
Edge(292481,280419,(3,9223372036854775807))
Edge(292755,291106,(3,9223372036854775807))
Edge(293755,38719,(3,9223372036854775807))
Edge(293954,191589,(3,9223372036854775807))
Edge(294059,133070,(3,9223372036854775807))
Edge(294388,301785,(3,9223372036854775807))
Edge(294539,346206,(1,3))
Edge(294776,342933,(3,9223372036854775807))
Edge(295137,389025,(3,9223372036854775807))
Edge(295270,472570,(3,9223372036854775807))
Edge(295630,279954,(3,9223372036854775807))
Edge(296023,484940,(3,9223372036854775807))
Edge(296385,343054,(3,9223372036854775807))
Edge(296389,343016,(1,9223372036854775807))
Edge(296435,488337,(3,9223372036854775807))
Edge(296821,429586,(1,9223372036854775807))
Edge(296835,406689,(3,9223372036854775807))
Edge(297209,484579,(3,9223372036854775807))
Edge(297244,418179,(3,9223372036854775807))
Edge(297487,152561,(1,9223372036854775807))
Edge(297631,349222,(3,9223372036854775807))
Edge(297798,6438,(3,9223372036854775807))
Edge(298070,219475,(1,3))
Edge(298140,467934,(3,9223372036854775807))
Edge(298874,76441,(3,9223372036854775807))
Edge(298937,229214,(1,3))
Edge(299104,397684,(3,9223372036854775807))
Edge(299268,367175,(3,9223372036854775807))
Edge(299463,409033,(3,9223372036854775807))
Edge(300024,334032,(3,9223372036854775807))
Edge(300350,11118,(1,3))
Edge(300808,81061,(3,9223372036854775807))
Edge(301147,349415,(1,9223372036854775807))
Edge(301450,114435,(3,9223372036854775807))
Edge(301562,440533,(1,9223372036854775807))
Edge(301714,191938,(3,9223372036854775807))
Edge(302401,481336,(3,9223372036854775807))
Edge(302597,240928,(3,9223372036854775807))
Edge(302669,20022,(3,9223372036854775807))
Edge(302859,201224,(3,9223372036854775807))
Edge(303020,11088,(1,9223372036854775807))
Edge(303023,485651,(3,9223372036854775807))
Edge(303242,78001,(3,9223372036854775807))
Edge(303770,301941,(4,9223372036854775807))
Edge(303959,294273,(3,9223372036854775807))
Edge(304004,34808,(3,9223372036854775807))
Edge(304023,132187,(3,9223372036854775807))
Edge(304811,150872,(1,3))
Edge(305104,28894,(1,9223372036854775807))
Edge(305179,158977,(3,9223372036854775807))
Edge(305613,352060,(1,9223372036854775807))
Edge(306016,353963,(3,9223372036854775807))
Edge(306634,133986,(3,9223372036854775807))
Edge(306637,257248,(3,9223372036854775807))
Edge(306717,365761,(3,9223372036854775807))
Edge(306990,184185,(3,9223372036854775807))
Edge(307271,135219,(4,9223372036854775807))
Edge(307301,106989,(1,3))
Edge(307417,11241,(3,9223372036854775807))
Edge(307425,123637,(3,9223372036854775807))
Edge(307756,158902,(3,9223372036854775807))
Edge(308016,190720,(1,3))
Edge(308473,289996,(3,9223372036854775807))
Edge(308712,247628,(3,9223372036854775807))
Edge(309467,8594,(3,9223372036854775807))
Edge(309756,142374,(1,9223372036854775807))
Edge(309831,12823,(3,9223372036854775807))
Edge(309851,92390,(1,3))
Edge(310029,314982,(3,9223372036854775807))
Edge(310079,321176,(3,9223372036854775807))
Edge(310255,348814,(3,9223372036854775807))
Edge(310349,358550,(3,9223372036854775807))
Edge(310646,336641,(3,9223372036854775807))
Edge(310777,460279,(3,9223372036854775807))
Edge(310910,388925,(3,9223372036854775807))
Edge(311496,263469,(3,9223372036854775807))
Edge(311682,31990,(3,9223372036854775807))
Edge(311953,78276,(3,9223372036854775807))
Edge(312091,365171,(1,3))
Edge(312329,403959,(3,9223372036854775807))
Edge(312714,453133,(3,9223372036854775807))
Edge(312717,329205,(1,9223372036854775807))
Edge(312924,102442,(3,9223372036854775807))
Edge(313189,364012,(3,9223372036854775807))
Edge(313251,400184,(3,9223372036854775807))
Edge(313461,21990,(3,9223372036854775807))
Edge(313512,219616,(1,9223372036854775807))
Edge(313762,63813,(3,9223372036854775807))
Edge(313853,169601,(3,9223372036854775807))
Edge(314312,486440,(1,9223372036854775807))
Edge(314828,53810,(3,9223372036854775807))
Edge(316015,209319,(3,9223372036854775807))
Edge(316165,292453,(3,9223372036854775807))
Edge(316324,99719,(3,9223372036854775807))
Edge(316411,414338,(3,9223372036854775807))
Edge(316618,498866,(3,9223372036854775807))
Edge(317038,297234,(1,3))
Edge(317218,356451,(3,9223372036854775807))
Edge(317395,164544,(3,9223372036854775807))
Edge(317616,165636,(3,9223372036854775807))
Edge(319017,164042,(3,9223372036854775807))
Edge(319200,231785,(3,9223372036854775807))
Edge(319604,8865,(3,9223372036854775807))
Edge(320054,16833,(3,9223372036854775807))
Edge(320170,225900,(1,3))
Edge(320225,274989,(3,9223372036854775807))
Edge(320246,223521,(3,9223372036854775807))
Edge(320451,386340,(3,9223372036854775807))
Edge(320489,81001,(3,9223372036854775807))
Edge(320948,156299,(1,9223372036854775807))
Edge(320957,186418,(3,9223372036854775807))
Edge(321089,393715,(3,9223372036854775807))
Edge(321156,332050,(1,9223372036854775807))
Edge(321211,86794,(3,9223372036854775807))
Edge(321454,298133,(3,9223372036854775807))
Edge(321585,157660,(3,9223372036854775807))
Edge(321671,455190,(3,9223372036854775807))
Edge(321895,277641,(3,9223372036854775807))
Edge(321976,138964,(3,9223372036854775807))
Edge(322005,437172,(3,9223372036854775807))
Edge(322249,173145,(1,3))
Edge(322709,123617,(3,9223372036854775807))
Edge(323083,202178,(3,9223372036854775807))
Edge(324092,167787,(3,9223372036854775807))
Edge(324124,106694,(3,9223372036854775807))
Edge(324331,48612,(1,9223372036854775807))
Edge(324336,428526,(3,9223372036854775807))
Edge(324342,192060,(3,9223372036854775807))
Edge(324550,205852,(3,9223372036854775807))
Edge(324810,314619,(4,9223372036854775807))
Edge(325234,304333,(3,9223372036854775807))
Edge(325256,479359,(3,9223372036854775807))
Edge(325805,175838,(3,9223372036854775807))
Edge(325943,61652,(3,9223372036854775807))
Edge(326395,478946,(3,9223372036854775807))
Edge(327110,419545,(3,9223372036854775807))
Edge(327365,382970,(3,9223372036854775807))
Edge(327846,126827,(3,9223372036854775807))
Edge(327912,311417,(1,3))
Edge(328004,480529,(1,9223372036854775807))
Edge(328202,288626,(1,3))
Edge(328605,45548,(1,9223372036854775807))
Edge(328765,381336,(3,9223372036854775807))
Edge(329266,146929,(3,9223372036854775807))
Edge(329295,75010,(3,9223372036854775807))
Edge(329343,92049,(3,9223372036854775807))
Edge(330363,294893,(3,9223372036854775807))
Edge(330728,373589,(3,9223372036854775807))
Edge(331108,350600,(3,9223372036854775807))
Edge(331447,322729,(3,9223372036854775807))
Edge(331541,329756,(3,9223372036854775807))
Edge(331896,390314,(3,9223372036854775807))
Edge(332023,394975,(1,9223372036854775807))
Edge(332179,333995,(3,9223372036854775807))
Edge(332345,197394,(3,9223372036854775807))
Edge(332710,413968,(3,9223372036854775807))
Edge(332812,70750,(3,9223372036854775807))
Edge(332973,166344,(3,9223372036854775807))
Edge(333192,193832,(3,9223372036854775807))
Edge(333321,94257,(3,9223372036854775807))
Edge(333407,444119,(3,9223372036854775807))
Edge(333789,141594,(3,9223372036854775807))
Edge(333993,498811,(3,9223372036854775807))
Edge(334153,427579,(3,9223372036854775807))
Edge(334259,95376,(3,9223372036854775807))
Edge(334270,257960,(3,9223372036854775807))
Edge(334933,209920,(3,9223372036854775807))
Edge(335380,254798,(3,9223372036854775807))
Edge(335864,333817,(3,9223372036854775807))
Edge(336825,490802,(1,3))
Edge(336921,247362,(3,9223372036854775807))
Edge(337167,219723,(3,9223372036854775807))
Edge(337281,224931,(3,9223372036854775807))
Edge(338062,394731,(3,9223372036854775807))
Edge(338149,362190,(1,9223372036854775807))
Edge(338592,303188,(3,9223372036854775807))
Edge(339064,409474,(3,9223372036854775807))
Edge(339520,25683,(1,3))
Edge(339721,464273,(3,9223372036854775807))
Edge(339740,494727,(1,9223372036854775807))
Edge(339854,318172,(3,9223372036854775807))
Edge(340131,437030,(1,9223372036854775807))
Edge(341525,826,(3,9223372036854775807))
Edge(341645,373514,(3,9223372036854775807))
Edge(341947,15082,(3,9223372036854775807))
Edge(342042,91620,(3,9223372036854775807))
Edge(342522,494718,(3,9223372036854775807))
Edge(342986,240401,(3,9223372036854775807))
Edge(343403,77900,(3,9223372036854775807))
Edge(343720,212087,(3,9223372036854775807))
Edge(344215,172979,(3,9223372036854775807))
Edge(344226,165173,(3,9223372036854775807))
Edge(344238,266304,(3,9223372036854775807))
Edge(345101,169682,(3,9223372036854775807))
Edge(345423,163020,(3,9223372036854775807))
Edge(345924,391617,(3,9223372036854775807))
Edge(346599,214197,(3,9223372036854775807))
Edge(346914,341979,(3,9223372036854775807))
Edge(346977,69323,(3,9223372036854775807))
Edge(347268,311768,(3,9223372036854775807))
Edge(347484,320271,(3,9223372036854775807))
Edge(347853,390696,(3,9223372036854775807))
Edge(347881,155696,(3,9223372036854775807))
Edge(347907,430931,(1,3))
Edge(348364,386014,(3,9223372036854775807))
Edge(348716,495441,(3,9223372036854775807))
Edge(350459,255752,(3,9223372036854775807))
Edge(350722,364307,(3,9223372036854775807))
Edge(350954,448220,(3,9223372036854775807))
Edge(351865,67703,(3,9223372036854775807))
Edge(352134,243573,(3,9223372036854775807))
Edge(352341,419684,(3,9223372036854775807))
Edge(352655,410778,(3,9223372036854775807))
Edge(352854,403641,(3,9223372036854775807))
Edge(353123,95611,(3,9223372036854775807))
Edge(353195,385175,(3,9223372036854775807))
Edge(353957,339781,(3,9223372036854775807))
Edge(354162,101151,(3,9223372036854775807))
Edge(354359,122120,(3,9223372036854775807))
Edge(354359,369871,(1,9223372036854775807))
Edge(354454,458353,(3,9223372036854775807))
Edge(354672,390568,(3,9223372036854775807))
Edge(355307,254365,(1,9223372036854775807))
Edge(355532,471804,(3,9223372036854775807))
Edge(356328,452635,(1,3))
Edge(356379,335880,(3,9223372036854775807))
Edge(356390,348261,(3,9223372036854775807))
Edge(356622,64662,(3,9223372036854775807))
Edge(357432,388824,(1,9223372036854775807))
Edge(358300,190091,(3,9223372036854775807))
Edge(358854,481772,(3,9223372036854775807))
Edge(359109,154398,(3,9223372036854775807))
Edge(359211,233180,(3,9223372036854775807))
Edge(359250,193905,(3,9223372036854775807))
Edge(359378,31372,(1,3))
Edge(360399,77678,(3,9223372036854775807))
Edge(362303,33234,(1,3))
Edge(362399,280218,(3,9223372036854775807))
Edge(362584,137051,(3,9223372036854775807))
Edge(363469,118069,(3,9223372036854775807))
Edge(363631,377698,(3,9223372036854775807))
Edge(363947,386178,(1,9223372036854775807))
Edge(364565,160331,(1,9223372036854775807))
Edge(364848,56689,(3,9223372036854775807))
Edge(365113,42443,(3,9223372036854775807))
Edge(365155,482671,(1,9223372036854775807))
Edge(365298,171037,(1,9223372036854775807))
Edge(365695,36041,(3,9223372036854775807))
Edge(365809,61482,(3,9223372036854775807))
Edge(365884,159699,(3,9223372036854775807))
Edge(365974,45135,(1,9223372036854775807))
Edge(366007,278617,(3,9223372036854775807))
Edge(366225,492325,(3,9223372036854775807))
Edge(366380,104097,(3,9223372036854775807))
Edge(366524,335632,(3,9223372036854775807))
Edge(366651,478931,(3,9223372036854775807))
Edge(366867,185855,(3,9223372036854775807))
Edge(366948,38560,(1,9223372036854775807))
Edge(366996,73490,(3,9223372036854775807))
Edge(367254,192742,(3,9223372036854775807))
Edge(367312,202526,(3,9223372036854775807))
Edge(367317,144632,(3,9223372036854775807))
Edge(367579,477950,(3,9223372036854775807))
Edge(367873,437288,(3,9223372036854775807))
Edge(368048,18320,(1,3))
Edge(368090,287645,(3,9223372036854775807))
Edge(368459,40205,(3,9223372036854775807))
Edge(368496,210537,(3,9223372036854775807))
Edge(368771,221449,(3,9223372036854775807))
Edge(368876,3216,(4,9223372036854775807))
Edge(368962,433305,(3,9223372036854775807))
Edge(369137,1380,(1,3))
Edge(369149,338300,(1,9223372036854775807))
Edge(369280,396681,(3,9223372036854775807))
Edge(369463,197774,(3,9223372036854775807))
Edge(369704,286871,(3,9223372036854775807))
Edge(369735,227835,(3,9223372036854775807))
Edge(370505,370749,(1,9223372036854775807))
Edge(370786,103776,(3,9223372036854775807))
Edge(370992,63974,(3,9223372036854775807))
Edge(371742,42913,(3,9223372036854775807))
Edge(371837,148137,(3,9223372036854775807))
Edge(372298,25531,(3,9223372036854775807))
Edge(372432,107055,(3,9223372036854775807))
Edge(372449,431962,(3,9223372036854775807))
Edge(372526,284668,(1,9223372036854775807))
Edge(372867,52771,(3,9223372036854775807))
Edge(373265,247916,(3,9223372036854775807))
Edge(373692,300616,(3,9223372036854775807))
Edge(373728,284858,(1,9223372036854775807))
Edge(373872,493029,(3,9223372036854775807))
Edge(374209,203401,(3,9223372036854775807))
Edge(374515,452717,(3,9223372036854775807))
Edge(374652,57309,(3,9223372036854775807))
Edge(375088,104038,(3,9223372036854775807))
Edge(375241,489780,(3,9223372036854775807))
Edge(375506,475434,(3,9223372036854775807))
Edge(375802,164556,(3,9223372036854775807))
Edge(376090,43821,(3,9223372036854775807))
Edge(376951,252214,(3,9223372036854775807))
Edge(376962,221790,(3,9223372036854775807))
Edge(377167,381669,(3,9223372036854775807))
Edge(377757,27441,(3,9223372036854775807))
Edge(377777,490730,(3,9223372036854775807))
Edge(378141,74717,(3,9223372036854775807))
Edge(378559,95758,(3,9223372036854775807))
Edge(378799,58079,(3,9223372036854775807))
Edge(378958,156167,(3,9223372036854775807))
Edge(379282,297134,(3,9223372036854775807))
Edge(379625,62561,(3,9223372036854775807))
Edge(379680,162860,(3,9223372036854775807))
Edge(380055,288688,(3,9223372036854775807))
Edge(380161,156150,(1,3))
Edge(380428,232984,(3,9223372036854775807))
Edge(380482,494479,(3,9223372036854775807))
Edge(380913,87152,(3,9223372036854775807))
Edge(380992,337773,(3,9223372036854775807))
Edge(381040,187977,(3,9223372036854775807))
Edge(381051,409365,(3,9223372036854775807))
Edge(381234,302332,(3,9223372036854775807))
Edge(381845,401792,(3,9223372036854775807))
Edge(382184,461568,(3,9223372036854775807))
Edge(382353,140432,(3,9223372036854775807))
Edge(382449,386746,(4,9223372036854775807))
Edge(382586,392382,(1,9223372036854775807))
Edge(382811,482075,(3,9223372036854775807))
Edge(382967,205587,(3,9223372036854775807))
Edge(382986,278390,(3,9223372036854775807))
Edge(384054,332051,(1,9223372036854775807))
Edge(384211,15959,(1,9223372036854775807))
Edge(384536,161522,(3,9223372036854775807))
Edge(384551,344220,(3,9223372036854775807))
Edge(384588,4676,(3,9223372036854775807))
Edge(384703,225286,(3,9223372036854775807))
Edge(385180,192904,(3,9223372036854775807))
Edge(385224,240244,(3,9223372036854775807))
Edge(385375,3773,(3,9223372036854775807))
Edge(385914,152948,(3,9223372036854775807))
Edge(386208,310327,(3,9223372036854775807))
Edge(386505,6537,(3,9223372036854775807))
Edge(386663,416232,(1,9223372036854775807))
Edge(386709,236244,(1,9223372036854775807))
Edge(386792,72604,(3,9223372036854775807))
Edge(386815,307610,(3,9223372036854775807))
Edge(387295,354456,(3,9223372036854775807))
Edge(387374,140508,(3,9223372036854775807))
Edge(387979,135344,(3,9223372036854775807))
Edge(388171,408936,(3,9223372036854775807))
Edge(388197,273007,(1,9223372036854775807))
Edge(388286,215525,(3,9223372036854775807))
Edge(388503,98137,(3,9223372036854775807))
Edge(388709,174881,(3,9223372036854775807))
Edge(388792,25097,(3,9223372036854775807))
Edge(388910,442722,(3,9223372036854775807))
Edge(389083,113084,(3,9223372036854775807))
Edge(389227,426819,(3,9223372036854775807))
Edge(389266,6167,(3,9223372036854775807))
Edge(389374,202413,(3,9223372036854775807))
Edge(390081,496164,(3,9223372036854775807))
Edge(390540,156559,(3,9223372036854775807))
Edge(390971,495264,(3,9223372036854775807))
Edge(391024,8030,(3,9223372036854775807))
Edge(391407,338590,(1,9223372036854775807))
Edge(391649,429756,(1,3))
Edge(391812,134192,(3,9223372036854775807))
Edge(392022,233259,(3,9223372036854775807))
Edge(392458,448949,(3,9223372036854775807))
Edge(392812,335349,(3,9223372036854775807))
Edge(392955,330052,(3,9223372036854775807))
Edge(393100,266592,(1,3))
Edge(393364,26204,(3,9223372036854775807))
Edge(393409,306768,(3,9223372036854775807))
Edge(393630,158239,(3,9223372036854775807))
Edge(393633,261415,(1,9223372036854775807))
Edge(393840,244919,(3,9223372036854775807))
Edge(394190,239841,(1,9223372036854775807))
Edge(394853,434399,(1,9223372036854775807))
Edge(395065,253556,(3,9223372036854775807))
Edge(395456,105972,(3,9223372036854775807))
Edge(395713,326868,(3,9223372036854775807))
Edge(395736,423454,(3,9223372036854775807))
Edge(396135,99669,(3,9223372036854775807))
Edge(396716,171180,(3,9223372036854775807))
Edge(396755,376965,(3,9223372036854775807))
Edge(397458,450527,(1,3))
Edge(397467,234621,(3,9223372036854775807))
Edge(397543,108869,(3,9223372036854775807))
Edge(397843,404688,(3,9223372036854775807))
Edge(398312,360163,(1,9223372036854775807))
Edge(398344,236639,(1,3))
Edge(398581,267047,(1,9223372036854775807))
Edge(398587,188001,(1,9223372036854775807))
Edge(398873,295386,(3,9223372036854775807))
Edge(399425,60153,(3,9223372036854775807))
Edge(399463,276553,(1,9223372036854775807))
Edge(399590,408198,(3,9223372036854775807))
Edge(399668,93999,(3,9223372036854775807))
Edge(400657,33932,(3,9223372036854775807))
Edge(400818,295048,(3,9223372036854775807))
Edge(400822,498395,(3,9223372036854775807))
Edge(401226,352742,(3,9223372036854775807))
Edge(401598,357830,(3,9223372036854775807))
Edge(401801,279948,(3,9223372036854775807))
Edge(402207,355509,(1,9223372036854775807))
Edge(402348,322375,(3,9223372036854775807))
Edge(402417,146874,(3,9223372036854775807))
Edge(402515,102402,(1,9223372036854775807))
Edge(402638,402037,(3,9223372036854775807))
Edge(402711,386857,(3,9223372036854775807))
Edge(402729,286405,(3,9223372036854775807))
Edge(403085,326978,(4,9223372036854775807))
Edge(403443,331523,(3,9223372036854775807))
Edge(404018,491855,(1,9223372036854775807))
Edge(404107,176974,(3,9223372036854775807))
Edge(404350,228993,(3,9223372036854775807))
Edge(404677,44810,(3,9223372036854775807))
Edge(404727,94953,(3,9223372036854775807))
Edge(404741,236966,(1,3))
Edge(404760,323906,(3,9223372036854775807))
Edge(404992,410851,(3,9223372036854775807))
Edge(405258,307335,(3,9223372036854775807))
Edge(405649,356932,(3,9223372036854775807))
Edge(405761,198339,(3,9223372036854775807))
Edge(405845,129283,(3,9223372036854775807))
Edge(406013,365071,(3,9223372036854775807))
Edge(406198,395642,(3,9223372036854775807))
Edge(406234,303829,(3,9223372036854775807))
Edge(406425,381880,(3,9223372036854775807))
Edge(406651,297803,(3,9223372036854775807))
Edge(407198,176067,(3,9223372036854775807))
Edge(407240,316729,(3,9223372036854775807))
Edge(407319,134700,(3,9223372036854775807))
Edge(407781,37292,(1,9223372036854775807))
Edge(407955,298647,(3,9223372036854775807))
Edge(408526,222573,(3,9223372036854775807))
Edge(408677,328864,(3,9223372036854775807))
Edge(408961,141749,(3,9223372036854775807))
Edge(409120,491304,(1,3))
Edge(409256,172847,(3,9223372036854775807))
Edge(409463,422075,(3,9223372036854775807))
Edge(409476,251759,(3,9223372036854775807))
Edge(409805,42253,(1,3))
Edge(409894,285643,(3,9223372036854775807))
Edge(410003,49958,(3,9223372036854775807))
Edge(410025,136953,(1,9223372036854775807))
Edge(410540,332557,(1,9223372036854775807))
Edge(410645,97214,(1,3))
Edge(410749,39466,(3,9223372036854775807))
Edge(410826,116815,(1,3))
Edge(410880,369735,(3,9223372036854775807))
Edge(411060,108550,(1,9223372036854775807))
Edge(412227,56720,(1,3))
Edge(412378,126426,(3,9223372036854775807))
Edge(412595,223878,(3,9223372036854775807))
Edge(412602,279662,(3,9223372036854775807))
Edge(412960,220014,(3,9223372036854775807))
Edge(413202,407033,(1,9223372036854775807))
Edge(413235,341698,(3,9223372036854775807))
Edge(413639,92474,(3,9223372036854775807))
Edge(413739,278427,(3,9223372036854775807))
Edge(414257,137300,(3,9223372036854775807))
Edge(414634,486649,(3,9223372036854775807))
Edge(415901,101588,(3,9223372036854775807))
Edge(415918,284853,(3,9223372036854775807))
Edge(416151,59667,(3,9223372036854775807))
Edge(416329,340481,(3,9223372036854775807))
Edge(416417,284098,(3,9223372036854775807))
Edge(416648,49846,(3,9223372036854775807))
Edge(417525,322761,(3,9223372036854775807))
Edge(417567,419698,(3,9223372036854775807))
Edge(418552,9737,(3,9223372036854775807))
Edge(418648,146548,(3,9223372036854775807))
Edge(418792,171713,(3,9223372036854775807))
Edge(418962,499628,(3,9223372036854775807))
Edge(419179,326129,(1,9223372036854775807))
Edge(419328,81895,(3,9223372036854775807))
Edge(419424,110844,(3,9223372036854775807))
Edge(420373,286128,(3,9223372036854775807))
Edge(420474,116821,(3,9223372036854775807))
Edge(420557,268100,(3,9223372036854775807))
Edge(420708,110939,(3,9223372036854775807))
Edge(420748,349713,(3,9223372036854775807))
Edge(421615,174505,(3,9223372036854775807))
Edge(421637,87906,(3,9223372036854775807))
Edge(421818,375963,(3,9223372036854775807))
Edge(422068,49456,(1,3))
Edge(422488,132868,(3,9223372036854775807))
Edge(422545,286877,(3,9223372036854775807))
Edge(422740,414556,(1,9223372036854775807))
Edge(422838,233855,(3,9223372036854775807))
Edge(423025,307527,(3,9223372036854775807))
Edge(423220,435841,(3,9223372036854775807))
Edge(423498,298181,(3,9223372036854775807))
Edge(423550,470101,(3,9223372036854775807))
Edge(424976,168041,(3,9223372036854775807))
Edge(425309,242560,(3,9223372036854775807))
Edge(425386,116765,(3,9223372036854775807))
Edge(425679,238192,(3,9223372036854775807))
Edge(425940,16280,(1,9223372036854775807))
Edge(426090,259174,(3,9223372036854775807))
Edge(426885,453938,(1,9223372036854775807))
Edge(426918,52033,(3,9223372036854775807))
Edge(427037,346098,(1,9223372036854775807))
Edge(427445,430834,(3,9223372036854775807))
Edge(427878,76675,(3,9223372036854775807))
Edge(428343,306904,(3,9223372036854775807))
Edge(428871,395532,(3,9223372036854775807))
Edge(429477,62778,(1,9223372036854775807))
Edge(429790,213435,(3,9223372036854775807))
Edge(430258,33633,(3,9223372036854775807))
Edge(430288,481473,(3,9223372036854775807))
Edge(430581,361497,(3,9223372036854775807))
Edge(430899,253717,(3,9223372036854775807))
Edge(431310,144107,(3,9223372036854775807))
Edge(431568,238873,(3,9223372036854775807))
Edge(431577,256998,(3,9223372036854775807))
Edge(431642,79684,(1,9223372036854775807))
Edge(431694,279561,(1,3))
Edge(432020,191361,(1,9223372036854775807))
Edge(432332,448290,(3,9223372036854775807))
Edge(432503,421101,(3,9223372036854775807))
Edge(432530,402569,(3,9223372036854775807))
Edge(432674,89959,(1,9223372036854775807))
Edge(432777,68072,(3,9223372036854775807))
Edge(432941,125602,(1,3))
Edge(433086,110718,(3,9223372036854775807))
Edge(433284,448050,(3,9223372036854775807))
Edge(433586,9722,(3,9223372036854775807))
Edge(433701,14139,(3,9223372036854775807))
Edge(433907,159669,(3,9223372036854775807))
Edge(433962,111061,(3,9223372036854775807))
Edge(434038,75070,(3,9223372036854775807))
Edge(434535,166919,(3,9223372036854775807))
Edge(434676,197491,(3,9223372036854775807))
Edge(435390,181222,(1,3))
Edge(436023,110493,(3,9223372036854775807))
Edge(436181,273395,(1,9223372036854775807))
Edge(436296,421108,(3,9223372036854775807))
Edge(436631,203353,(3,9223372036854775807))
Edge(436663,409004,(3,9223372036854775807))
Edge(437134,375165,(3,9223372036854775807))
Edge(437239,396670,(1,9223372036854775807))
Edge(437460,363230,(3,9223372036854775807))
Edge(437641,460880,(3,9223372036854775807))
Edge(438230,190101,(3,9223372036854775807))
Edge(438862,117831,(3,9223372036854775807))
Edge(439304,221662,(1,3))
Edge(439349,490460,(3,9223372036854775807))
Edge(440501,385318,(3,9223372036854775807))
Edge(440630,53421,(3,9223372036854775807))
Edge(440772,19317,(3,9223372036854775807))
Edge(441937,159464,(1,3))
Edge(442247,424514,(3,9223372036854775807))
Edge(442641,203672,(3,9223372036854775807))
Edge(443060,335376,(3,9223372036854775807))
Edge(443068,282991,(3,9223372036854775807))
Edge(443135,175315,(3,9223372036854775807))
Edge(443208,188390,(3,9223372036854775807))
Edge(443934,268775,(3,9223372036854775807))
Edge(444226,183197,(1,3))
Edge(444709,172944,(3,9223372036854775807))
Edge(444711,399700,(3,9223372036854775807))
Edge(445040,141107,(3,9223372036854775807))
Edge(445074,284016,(1,9223372036854775807))
Edge(445154,125378,(3,9223372036854775807))
Edge(445295,192630,(3,9223372036854775807))
Edge(445513,448773,(1,9223372036854775807))
Edge(445698,109856,(3,9223372036854775807))
Edge(446294,151802,(1,3))
Edge(446369,182051,(3,9223372036854775807))
Edge(447943,283105,(3,9223372036854775807))
Edge(448157,233751,(3,9223372036854775807))
Edge(448319,327086,(3,9223372036854775807))
Edge(448598,134393,(3,9223372036854775807))
Edge(449159,14305,(3,9223372036854775807))
Edge(449161,34554,(3,9223372036854775807))
Edge(450039,387643,(3,9223372036854775807))
Edge(450218,148692,(3,9223372036854775807))
Edge(450303,480461,(3,9223372036854775807))
Edge(450316,369391,(3,9223372036854775807))
Edge(450388,75020,(3,9223372036854775807))
Edge(450823,273055,(3,9223372036854775807))
Edge(450891,66718,(3,9223372036854775807))
Edge(451208,471750,(3,9223372036854775807))
Edge(451395,143643,(3,9223372036854775807))
Edge(451556,223911,(3,9223372036854775807))
Edge(451630,166860,(3,9223372036854775807))
Edge(452105,249308,(3,9223372036854775807))
Edge(453771,426401,(1,3))
Edge(453939,145345,(3,9223372036854775807))
Edge(454188,205691,(1,9223372036854775807))
Edge(454332,96349,(3,9223372036854775807))
Edge(454397,420048,(3,9223372036854775807))
Edge(454482,243062,(3,9223372036854775807))
Edge(455509,497779,(1,9223372036854775807))
Edge(455905,242919,(3,9223372036854775807))
Edge(455987,77044,(3,9223372036854775807))
Edge(456374,349453,(3,9223372036854775807))
Edge(456563,25130,(3,9223372036854775807))
Edge(457118,17369,(3,9223372036854775807))
Edge(457324,461769,(3,9223372036854775807))
Edge(457426,461603,(1,9223372036854775807))
Edge(457436,361470,(3,9223372036854775807))
Edge(457975,336697,(3,9223372036854775807))
Edge(458295,369800,(3,9223372036854775807))
Edge(458860,316570,(3,9223372036854775807))
Edge(459098,103529,(1,3))
Edge(459976,38889,(3,9223372036854775807))
Edge(460258,462736,(1,9223372036854775807))
Edge(460465,293812,(3,9223372036854775807))
Edge(460575,89212,(3,9223372036854775807))
Edge(460608,421765,(3,9223372036854775807))
Edge(461074,276669,(1,9223372036854775807))
Edge(461191,248967,(3,9223372036854775807))
Edge(461928,353977,(3,9223372036854775807))
Edge(462241,363639,(3,9223372036854775807))
Edge(462304,47300,(3,9223372036854775807))
Edge(462967,379380,(1,9223372036854775807))
Edge(463011,194808,(3,9223372036854775807))
Edge(463074,193152,(3,9223372036854775807))
Edge(463633,124347,(3,9223372036854775807))
Edge(463782,324841,(3,9223372036854775807))
Edge(464540,192166,(3,9223372036854775807))
Edge(465283,433894,(1,9223372036854775807))
Edge(465915,280328,(3,9223372036854775807))
Edge(466095,77479,(3,9223372036854775807))
Edge(467225,450844,(3,9223372036854775807))
Edge(467261,277849,(3,9223372036854775807))
Edge(467524,283178,(1,3))
Edge(467810,492857,(3,9223372036854775807))
Edge(467847,328866,(3,9223372036854775807))
Edge(467899,340786,(3,9223372036854775807))
Edge(468786,225282,(3,9223372036854775807))
Edge(469002,421914,(1,9223372036854775807))
Edge(469103,167081,(3,9223372036854775807))
Edge(469156,188278,(3,9223372036854775807))
Edge(469221,129787,(1,9223372036854775807))
Edge(469819,150073,(3,9223372036854775807))
Edge(469977,283865,(3,9223372036854775807))
Edge(470102,142373,(3,9223372036854775807))
Edge(471129,207831,(4,9223372036854775807))
Edge(471144,340126,(1,9223372036854775807))
Edge(471877,355647,(3,9223372036854775807))
Edge(472745,367636,(3,9223372036854775807))
Edge(473127,410984,(3,9223372036854775807))
Edge(473786,496397,(3,9223372036854775807))
Edge(473875,303662,(1,9223372036854775807))
Edge(474046,265629,(3,9223372036854775807))
Edge(474103,334957,(1,9223372036854775807))
Edge(474677,126953,(1,3))
Edge(475049,35759,(3,9223372036854775807))
Edge(475921,110684,(3,9223372036854775807))
Edge(476314,33712,(3,9223372036854775807))
Edge(476590,379726,(3,9223372036854775807))
Edge(476667,160327,(3,9223372036854775807))
Edge(476972,84113,(1,9223372036854775807))
Edge(477002,464351,(3,9223372036854775807))
Edge(477181,75557,(3,9223372036854775807))
Edge(479107,464123,(1,9223372036854775807))
Edge(479809,6952,(3,9223372036854775807))
Edge(479914,484871,(1,9223372036854775807))
Edge(480050,306629,(4,9223372036854775807))
Edge(480164,449680,(3,9223372036854775807))
Edge(480730,317724,(3,9223372036854775807))
Edge(481171,166714,(3,9223372036854775807))
Edge(481364,233843,(3,9223372036854775807))
Edge(481518,277491,(1,9223372036854775807))
Edge(482237,392904,(1,3))
Edge(482319,295086,(3,9223372036854775807))
Edge(482716,432790,(3,9223372036854775807))
Edge(483183,4371,(3,9223372036854775807))
Edge(483246,215409,(3,9223372036854775807))
Edge(483931,279474,(3,9223372036854775807))
Edge(483966,371113,(1,3))
Edge(484712,417544,(3,9223372036854775807))
Edge(485233,196566,(1,9223372036854775807))
Edge(485578,197132,(3,9223372036854775807))
Edge(485583,177138,(3,9223372036854775807))
Edge(485630,82474,(3,9223372036854775807))
Edge(485631,372973,(1,9223372036854775807))
Edge(485740,390245,(3,9223372036854775807))
Edge(486191,170358,(3,9223372036854775807))
Edge(486204,143563,(3,9223372036854775807))
Edge(486268,158046,(1,9223372036854775807))
Edge(486427,326461,(3,9223372036854775807))
Edge(486893,488308,(3,9223372036854775807))
Edge(488068,473718,(3,9223372036854775807))
Edge(488214,360648,(3,9223372036854775807))
Edge(488310,332576,(3,9223372036854775807))
Edge(488716,315903,(3,9223372036854775807))
Edge(489223,433830,(3,9223372036854775807))
Edge(489425,360202,(3,9223372036854775807))
Edge(490202,459300,(3,9223372036854775807))
Edge(490488,371549,(3,9223372036854775807))
Edge(490774,252148,(3,9223372036854775807))
Edge(490832,73098,(3,9223372036854775807))
Edge(490852,446947,(3,9223372036854775807))
Edge(491000,252205,(3,9223372036854775807))
Edge(491022,376768,(3,9223372036854775807))
Edge(491250,491210,(3,9223372036854775807))
Edge(491479,490300,(4,9223372036854775807))
Edge(491530,204902,(3,9223372036854775807))
Edge(491593,249013,(1,9223372036854775807))
Edge(491708,311875,(1,3))
Edge(492006,304876,(3,9223372036854775807))
Edge(492628,216572,(3,9223372036854775807))
Edge(493406,375639,(3,9223372036854775807))
Edge(494123,53428,(3,9223372036854775807))
Edge(494215,93601,(3,9223372036854775807))
Edge(494316,23122,(3,9223372036854775807))
Edge(494628,272541,(3,9223372036854775807))
Edge(494633,343196,(3,9223372036854775807))
Edge(494680,472476,(3,9223372036854775807))
Edge(495502,360540,(1,3))
Edge(495692,119575,(1,3))
Edge(495783,275132,(1,9223372036854775807))
Edge(495784,129879,(3,9223372036854775807))
Edge(495973,495038,(3,9223372036854775807))
Edge(496251,180987,(3,9223372036854775807))
Edge(496385,49613,(3,9223372036854775807))
Edge(497089,264037,(3,9223372036854775807))
Edge(498074,136545,(3,9223372036854775807))
Edge(498147,391940,(3,9223372036854775807))
Edge(498199,252424,(1,3))
Edge(498269,251366,(3,9223372036854775807))
Edge(498327,400490,(3,9223372036854775807))
Edge(498517,389562,(3,9223372036854775807))
Edge(499509,383790,(1,9223372036854775807))
Edge(499672,229159,(3,9223372036854775807))
Edge(499952,151200,(3,9223372036854775807))
Edge(499996,424231,(3,9223372036854775807))
