Edge(37,53483,(3,9223372036854775807))
Edge(105,2652,(3,9223372036854775807))
Edge(349,7963,(3,9223372036854775807))
Edge(875,118232,(3,9223372036854775807))
Edge(1193,193682,(1,9223372036854775807))
Edge(1321,196344,(3,9223372036854775807))
Edge(1329,200799,(3,9223372036854775807))
Edge(1362,461521,(3,9223372036854775807))
Edge(1735,202043,(3,9223372036854775807))
Edge(1744,155598,(3,9223372036854775807))
Edge(1820,131369,(1,3))
Edge(1962,399693,(3,9223372036854775807))
Edge(2369,172984,(3,9223372036854775807))
Edge(2639,138269,(3,9223372036854775807))
Edge(2909,178815,(3,9223372036854775807))
Edge(3578,338001,(3,9223372036854775807))
Edge(3999,37492,(1,3))
Edge(4854,42613,(3,9223372036854775807))
Edge(5003,255964,(3,9223372036854775807))
Edge(5302,157076,(3,9223372036854775807))
Edge(5808,414818,(1,9223372036854775807))
Edge(5888,394131,(1,9223372036854775807))
Edge(6200,347336,(1,9223372036854775807))
Edge(6637,340801,(3,9223372036854775807))
Edge(6913,269252,(3,9223372036854775807))
Edge(7008,468401,(3,9223372036854775807))
Edge(7115,437039,(3,9223372036854775807))
Edge(7125,199274,(3,9223372036854775807))
Edge(8221,94769,(3,9223372036854775807))
Edge(8393,74836,(3,9223372036854775807))
Edge(8844,182573,(3,9223372036854775807))
Edge(9120,168751,(3,9223372036854775807))
Edge(9397,55991,(3,9223372036854775807))
Edge(9927,107299,(3,9223372036854775807))
Edge(10137,263703,(3,9223372036854775807))
Edge(10859,299144,(3,9223372036854775807))
Edge(11128,457606,(3,9223372036854775807))
Edge(11455,230144,(3,9223372036854775807))
Edge(11549,439165,(3,9223372036854775807))
Edge(12029,272717,(3,9223372036854775807))
Edge(12085,43647,(3,9223372036854775807))
Edge(12205,11943,(1,3))
Edge(12345,197877,(3,9223372036854775807))
Edge(13771,82342,(3,9223372036854775807))
Edge(14376,487333,(3,9223372036854775807))
Edge(14966,209074,(3,9223372036854775807))
Edge(15219,67799,(4,9223372036854775807))
Edge(15320,379076,(3,9223372036854775807))
Edge(15599,144728,(3,9223372036854775807))
Edge(15752,321007,(3,9223372036854775807))
Edge(15779,307118,(3,9223372036854775807))
Edge(16376,102854,(3,9223372036854775807))
Edge(16420,423875,(3,9223372036854775807))
Edge(16460,12892,(3,9223372036854775807))
Edge(17029,152618,(3,9223372036854775807))
Edge(17435,138021,(3,9223372036854775807))
Edge(17626,195146,(3,9223372036854775807))
Edge(17998,49500,(3,9223372036854775807))
Edge(18153,89806,(3,9223372036854775807))
Edge(18331,291503,(3,9223372036854775807))
Edge(18372,334893,(1,9223372036854775807))
Edge(18586,105551,(3,9223372036854775807))
Edge(18824,255008,(3,9223372036854775807))
Edge(18968,222738,(3,9223372036854775807))
Edge(19035,274538,(3,9223372036854775807))
Edge(19288,309854,(3,9223372036854775807))
Edge(19323,340469,(1,3))
Edge(19957,355631,(3,9223372036854775807))
Edge(20187,172300,(3,9223372036854775807))
Edge(20279,157886,(3,9223372036854775807))
Edge(20340,107149,(3,9223372036854775807))
Edge(20738,49274,(3,9223372036854775807))
Edge(20841,276868,(3,9223372036854775807))
Edge(20865,223262,(3,9223372036854775807))
Edge(20923,279391,(3,9223372036854775807))
Edge(21006,120897,(3,9223372036854775807))
Edge(21041,261899,(3,9223372036854775807))
Edge(21446,82662,(3,9223372036854775807))
Edge(21757,368429,(3,9223372036854775807))
Edge(21761,343943,(3,9223372036854775807))
Edge(21796,423198,(3,9223372036854775807))
Edge(22080,416982,(3,9223372036854775807))
Edge(22277,319171,(3,9223372036854775807))
Edge(22288,34200,(3,9223372036854775807))
Edge(22813,280669,(3,9223372036854775807))
Edge(23852,216551,(1,3))
Edge(24211,110774,(3,9223372036854775807))
Edge(24482,354030,(3,9223372036854775807))
Edge(24586,180983,(3,9223372036854775807))
Edge(24814,420141,(3,9223372036854775807))
Edge(24967,308298,(3,9223372036854775807))
Edge(25040,97224,(1,9223372036854775807))
Edge(25195,81631,(1,3))
Edge(25409,409695,(3,9223372036854775807))
Edge(25522,64087,(3,9223372036854775807))
Edge(25642,250975,(3,9223372036854775807))
Edge(25659,104690,(3,9223372036854775807))
Edge(26460,149627,(3,9223372036854775807))
Edge(26562,276709,(1,9223372036854775807))
Edge(26644,293436,(3,9223372036854775807))
Edge(26831,382803,(1,9223372036854775807))
Edge(27566,107076,(3,9223372036854775807))
Edge(27821,334214,(3,9223372036854775807))
Edge(28165,482459,(3,9223372036854775807))
Edge(28367,22559,(3,9223372036854775807))
Edge(28428,142137,(3,9223372036854775807))
Edge(28741,296982,(1,3))
Edge(29638,69600,(3,9223372036854775807))
Edge(30011,424144,(3,9223372036854775807))
Edge(30259,415263,(3,9223372036854775807))
Edge(30559,44219,(3,9223372036854775807))
Edge(30721,212793,(3,9223372036854775807))
Edge(30766,498939,(3,9223372036854775807))
Edge(30829,199992,(3,9223372036854775807))
Edge(30924,44366,(1,9223372036854775807))
Edge(31101,162024,(3,9223372036854775807))
Edge(31136,278339,(1,9223372036854775807))
Edge(31623,35329,(1,9223372036854775807))
Edge(31637,363078,(3,9223372036854775807))
Edge(31682,217668,(3,9223372036854775807))
Edge(32896,161476,(3,9223372036854775807))
Edge(32897,55486,(3,9223372036854775807))
Edge(33224,163867,(3,9223372036854775807))
Edge(33299,195407,(3,9223372036854775807))
Edge(34158,392965,(3,9223372036854775807))
Edge(34183,7199,(3,9223372036854775807))
Edge(34550,185918,(3,9223372036854775807))
Edge(34589,152214,(3,9223372036854775807))
Edge(35140,119884,(3,9223372036854775807))
Edge(35160,124345,(3,9223372036854775807))
Edge(35252,423909,(3,9223372036854775807))
Edge(35562,160305,(3,9223372036854775807))
Edge(35699,118777,(3,9223372036854775807))
Edge(36212,164456,(1,9223372036854775807))
Edge(36507,342205,(3,9223372036854775807))
Edge(36749,151439,(3,9223372036854775807))
Edge(37308,345821,(3,9223372036854775807))
Edge(37471,31237,(3,9223372036854775807))
Edge(37732,290871,(1,9223372036854775807))
Edge(37787,475391,(3,9223372036854775807))
Edge(37946,238478,(3,9223372036854775807))
Edge(38630,314588,(3,9223372036854775807))
Edge(38702,281095,(4,9223372036854775807))
Edge(38869,176158,(3,9223372036854775807))
Edge(39063,235604,(3,9223372036854775807))
Edge(39253,328095,(1,9223372036854775807))
Edge(39796,183619,(3,9223372036854775807))
Edge(39851,378516,(3,9223372036854775807))
Edge(40545,97389,(3,9223372036854775807))
Edge(40759,93390,(3,9223372036854775807))
Edge(40945,463219,(3,9223372036854775807))
Edge(41018,318833,(3,9223372036854775807))
Edge(41134,452580,(3,9223372036854775807))
Edge(41188,477380,(3,9223372036854775807))
Edge(41429,109693,(3,9223372036854775807))
Edge(41628,499756,(3,9223372036854775807))
Edge(41635,28951,(1,9223372036854775807))
Edge(42226,412515,(3,9223372036854775807))
Edge(44018,377841,(3,9223372036854775807))
Edge(44114,324102,(1,3))
Edge(44282,364711,(3,9223372036854775807))
Edge(44381,173781,(3,9223372036854775807))
Edge(44861,316089,(3,9223372036854775807))
Edge(45034,311546,(3,9223372036854775807))
Edge(45571,408456,(3,9223372036854775807))
Edge(45707,449503,(3,9223372036854775807))
Edge(45922,244776,(1,9223372036854775807))
Edge(46052,28615,(3,9223372036854775807))
Edge(46401,172698,(3,9223372036854775807))
Edge(46870,334885,(1,9223372036854775807))
Edge(47104,456099,(3,9223372036854775807))
Edge(47107,327156,(3,9223372036854775807))
Edge(47110,143455,(1,3))
Edge(47303,460911,(3,9223372036854775807))
Edge(47462,205473,(3,9223372036854775807))
Edge(48118,230536,(1,9223372036854775807))
Edge(48350,293972,(3,9223372036854775807))
Edge(48665,337939,(3,9223372036854775807))
Edge(48806,240514,(3,9223372036854775807))
Edge(48991,295357,(3,9223372036854775807))
Edge(49082,333294,(3,9223372036854775807))
Edge(49199,171588,(3,9223372036854775807))
Edge(49684,272615,(3,9223372036854775807))
Edge(49813,391095,(3,9223372036854775807))
Edge(51092,152862,(1,9223372036854775807))
Edge(51096,77941,(3,9223372036854775807))
Edge(52395,333181,(3,9223372036854775807))
Edge(52435,27476,(3,9223372036854775807))
Edge(52500,200565,(3,9223372036854775807))
Edge(52759,329964,(1,3))
Edge(52873,466463,(3,9223372036854775807))
Edge(53021,482165,(3,9223372036854775807))
Edge(53398,192953,(3,9223372036854775807))
Edge(53620,354530,(3,9223372036854775807))
Edge(53768,17444,(3,9223372036854775807))
Edge(54411,359299,(3,9223372036854775807))
Edge(54568,366729,(1,9223372036854775807))
Edge(54640,318214,(3,9223372036854775807))
Edge(54687,74210,(3,9223372036854775807))
Edge(54808,157530,(1,3))
Edge(54810,269992,(3,9223372036854775807))
Edge(55109,264734,(3,9223372036854775807))
Edge(55954,41470,(3,9223372036854775807))
Edge(56053,417508,(1,9223372036854775807))
Edge(56069,84191,(3,9223372036854775807))
Edge(56181,171361,(1,9223372036854775807))
Edge(56261,470808,(3,9223372036854775807))
Edge(56947,144325,(3,9223372036854775807))
Edge(57181,243170,(3,9223372036854775807))
Edge(57690,174808,(3,9223372036854775807))
Edge(57721,20001,(3,9223372036854775807))
Edge(58015,46614,(3,9223372036854775807))
Edge(58462,195065,(3,9223372036854775807))
Edge(58793,289838,(3,9223372036854775807))
Edge(58803,427584,(3,9223372036854775807))
Edge(58967,106728,(3,9223372036854775807))
Edge(60329,373436,(3,9223372036854775807))
Edge(60837,122741,(3,9223372036854775807))
Edge(60951,380315,(3,9223372036854775807))
Edge(61649,380443,(3,9223372036854775807))
Edge(63176,150722,(3,9223372036854775807))
Edge(63557,57936,(1,3))
Edge(63559,186358,(3,9223372036854775807))
Edge(63647,356640,(1,9223372036854775807))
Edge(63773,265591,(1,9223372036854775807))
Edge(64155,347832,(1,9223372036854775807))
Edge(64440,151078,(3,9223372036854775807))
Edge(64456,444996,(3,9223372036854775807))
Edge(64641,286111,(3,9223372036854775807))
Edge(64737,263882,(3,9223372036854775807))
Edge(65683,430808,(3,9223372036854775807))
Edge(66888,255150,(3,9223372036854775807))
Edge(67343,112668,(1,3))
Edge(67476,24250,(3,9223372036854775807))
Edge(67584,106423,(3,9223372036854775807))
Edge(67655,496997,(3,9223372036854775807))
Edge(69007,196911,(3,9223372036854775807))
Edge(69195,305718,(3,9223372036854775807))
Edge(69612,395964,(3,9223372036854775807))
Edge(69622,485650,(3,9223372036854775807))
Edge(69763,169264,(3,9223372036854775807))
Edge(70178,179600,(3,9223372036854775807))
Edge(70236,290662,(3,9223372036854775807))
Edge(70888,323939,(3,9223372036854775807))
Edge(71281,84503,(3,9223372036854775807))
Edge(72612,79864,(1,9223372036854775807))
Edge(72770,126173,(1,3))
Edge(72807,57479,(3,9223372036854775807))
Edge(72808,134649,(3,9223372036854775807))
Edge(73060,280708,(3,9223372036854775807))
Edge(73774,222505,(3,9223372036854775807))
Edge(73944,279986,(3,9223372036854775807))
Edge(74482,236225,(3,9223372036854775807))
Edge(74497,73776,(1,3))
Edge(74930,144368,(3,9223372036854775807))
Edge(75221,359963,(3,9223372036854775807))
Edge(75469,188775,(3,9223372036854775807))
Edge(75869,244309,(1,9223372036854775807))
Edge(76981,211508,(3,9223372036854775807))
Edge(77074,274714,(3,9223372036854775807))
Edge(77340,464647,(3,9223372036854775807))
Edge(77502,401914,(3,9223372036854775807))
Edge(77636,477101,(1,9223372036854775807))
Edge(77820,22079,(3,9223372036854775807))
Edge(78187,154280,(1,3))
Edge(78268,481067,(1,3))
Edge(78450,81251,(1,3))
Edge(78972,99436,(3,9223372036854775807))
Edge(79847,102641,(3,9223372036854775807))
Edge(80036,311543,(3,9223372036854775807))
Edge(80629,344524,(3,9223372036854775807))
Edge(81625,266934,(3,9223372036854775807))
Edge(82076,326303,(3,9223372036854775807))
Edge(82365,268552,(1,3))
Edge(82616,379390,(3,9223372036854775807))
Edge(82831,376757,(1,9223372036854775807))
Edge(82937,107440,(3,9223372036854775807))
Edge(83516,205023,(3,9223372036854775807))
Edge(83866,283372,(3,9223372036854775807))
Edge(83960,181891,(3,9223372036854775807))
Edge(84170,54616,(3,9223372036854775807))
Edge(84253,97455,(3,9223372036854775807))
Edge(85472,334378,(3,9223372036854775807))
Edge(85950,477767,(3,9223372036854775807))
Edge(86074,198519,(3,9223372036854775807))
Edge(86223,235029,(3,9223372036854775807))
Edge(86714,99296,(3,9223372036854775807))
Edge(86974,396872,(3,9223372036854775807))
Edge(88167,288100,(3,9223372036854775807))
Edge(88762,249376,(3,9223372036854775807))
Edge(88950,179675,(3,9223372036854775807))
Edge(88962,29157,(1,9223372036854775807))
Edge(89240,342056,(3,9223372036854775807))
Edge(89601,139100,(3,9223372036854775807))
Edge(89914,369722,(3,9223372036854775807))
Edge(89940,362755,(3,9223372036854775807))
Edge(90060,432617,(3,9223372036854775807))
Edge(90916,45117,(3,9223372036854775807))
Edge(91038,43906,(3,9223372036854775807))
Edge(91750,205116,(1,9223372036854775807))
Edge(91999,340962,(3,9223372036854775807))
Edge(92205,241311,(3,9223372036854775807))
Edge(92564,97424,(3,9223372036854775807))
Edge(93228,447441,(3,9223372036854775807))
Edge(93320,300540,(3,9223372036854775807))
Edge(93362,492087,(3,9223372036854775807))
Edge(93459,448498,(3,9223372036854775807))
Edge(93733,383337,(3,9223372036854775807))
Edge(94068,175687,(3,9223372036854775807))
Edge(94422,471407,(3,9223372036854775807))
Edge(94658,248970,(3,9223372036854775807))
Edge(94871,154755,(3,9223372036854775807))
Edge(95026,455749,(3,9223372036854775807))
Edge(95145,196514,(1,3))
Edge(95264,309230,(3,9223372036854775807))
Edge(95558,224412,(3,9223372036854775807))
Edge(95816,54583,(3,9223372036854775807))
Edge(96427,263464,(3,9223372036854775807))
Edge(96600,460721,(4,9223372036854775807))
Edge(96613,212462,(3,9223372036854775807))
Edge(96813,348355,(3,9223372036854775807))
Edge(97712,220068,(3,9223372036854775807))
Edge(97724,474887,(3,9223372036854775807))
Edge(98114,155188,(3,9223372036854775807))
Edge(98428,206282,(1,3))
Edge(98885,462063,(3,9223372036854775807))
Edge(98933,58196,(3,9223372036854775807))
Edge(99465,300867,(3,9223372036854775807))
Edge(99494,272321,(3,9223372036854775807))
Edge(99686,190799,(1,9223372036854775807))
Edge(99871,235448,(3,9223372036854775807))
Edge(100064,125734,(1,9223372036854775807))
Edge(100829,459039,(3,9223372036854775807))
Edge(101279,210106,(1,9223372036854775807))
Edge(101591,110405,(3,9223372036854775807))
Edge(101885,238650,(3,9223372036854775807))
Edge(102028,195199,(3,9223372036854775807))
Edge(102378,416907,(1,9223372036854775807))
Edge(102776,103028,(1,9223372036854775807))
Edge(103106,213592,(4,9223372036854775807))
Edge(103158,420083,(3,9223372036854775807))
Edge(103396,16573,(3,9223372036854775807))
Edge(104062,17034,(3,9223372036854775807))
Edge(104434,447776,(3,9223372036854775807))
Edge(104512,218527,(3,9223372036854775807))
Edge(104514,429717,(3,9223372036854775807))
Edge(105874,364640,(1,9223372036854775807))
Edge(106063,1522,(3,9223372036854775807))
Edge(106797,25940,(3,9223372036854775807))
Edge(106817,418644,(1,9223372036854775807))
Edge(106946,327703,(3,9223372036854775807))
Edge(107035,190714,(3,9223372036854775807))
Edge(108353,77509,(3,9223372036854775807))
Edge(108626,159354,(3,9223372036854775807))
Edge(108821,77353,(3,9223372036854775807))
Edge(108935,418653,(3,9223372036854775807))
Edge(109166,206617,(3,9223372036854775807))
Edge(109353,67300,(3,9223372036854775807))
Edge(109438,167508,(1,9223372036854775807))
Edge(109513,170247,(3,9223372036854775807))
Edge(109735,12536,(3,9223372036854775807))
Edge(109862,8904,(1,3))
Edge(110037,179504,(3,9223372036854775807))
Edge(110582,447782,(3,9223372036854775807))
Edge(111044,234371,(1,3))
Edge(111338,172535,(3,9223372036854775807))
Edge(112024,277968,(3,9223372036854775807))
Edge(112108,417704,(3,9223372036854775807))
Edge(112235,463684,(3,9223372036854775807))
Edge(112321,267930,(3,9223372036854775807))
Edge(112478,205957,(3,9223372036854775807))
Edge(112704,214137,(3,9223372036854775807))
Edge(112708,326226,(3,9223372036854775807))
Edge(113263,101562,(1,9223372036854775807))
Edge(113589,194646,(3,9223372036854775807))
Edge(113978,51306,(3,9223372036854775807))
Edge(114205,474543,(3,9223372036854775807))
Edge(114305,310725,(3,9223372036854775807))
Edge(114396,50627,(3,9223372036854775807))
Edge(114542,140446,(3,9223372036854775807))
Edge(114700,168897,(3,9223372036854775807))
Edge(114781,183440,(3,9223372036854775807))
Edge(115000,283798,(3,9223372036854775807))
Edge(115361,445614,(3,9223372036854775807))
Edge(115379,58346,(3,9223372036854775807))
Edge(116188,36852,(3,9223372036854775807))
Edge(116233,191474,(3,9223372036854775807))
Edge(117214,153693,(3,9223372036854775807))
Edge(117220,220734,(3,9223372036854775807))
Edge(117667,259631,(3,9223372036854775807))
Edge(117677,436237,(1,9223372036854775807))
Edge(117761,81941,(3,9223372036854775807))
Edge(118016,471832,(3,9223372036854775807))
Edge(118689,488970,(3,9223372036854775807))
Edge(118837,92133,(1,9223372036854775807))
Edge(119061,269465,(3,9223372036854775807))
Edge(120201,284095,(3,9223372036854775807))
Edge(120408,80200,(3,9223372036854775807))
Edge(120988,19666,(3,9223372036854775807))
Edge(121179,197780,(3,9223372036854775807))
Edge(121808,301006,(3,9223372036854775807))
Edge(122098,211520,(3,9223372036854775807))
Edge(122518,130329,(3,9223372036854775807))
Edge(122947,433339,(2,9223372036854775807))
Edge(122999,284116,(3,9223372036854775807))
Edge(123390,305279,(1,9223372036854775807))
Edge(123700,498236,(1,9223372036854775807))
Edge(124307,297195,(3,9223372036854775807))
Edge(124325,416347,(3,9223372036854775807))
Edge(124492,208005,(1,9223372036854775807))
Edge(124832,15971,(1,9223372036854775807))
Edge(124915,70628,(3,9223372036854775807))
Edge(125310,78958,(3,9223372036854775807))
Edge(125577,336491,(1,9223372036854775807))
Edge(125705,375941,(3,9223372036854775807))
Edge(126242,164066,(3,9223372036854775807))
Edge(126973,73897,(3,9223372036854775807))
Edge(127175,367375,(3,9223372036854775807))
Edge(128489,205645,(3,9223372036854775807))
Edge(128569,481841,(3,9223372036854775807))
Edge(128782,14833,(3,9223372036854775807))
Edge(128855,476898,(3,9223372036854775807))
Edge(129009,209223,(3,9223372036854775807))
Edge(129205,98897,(3,9223372036854775807))
Edge(129446,335530,(1,9223372036854775807))
Edge(129468,204718,(3,9223372036854775807))
Edge(129844,102494,(3,9223372036854775807))
Edge(129917,111492,(3,9223372036854775807))
Edge(130114,313632,(1,9223372036854775807))
Edge(130187,93967,(3,9223372036854775807))
Edge(130338,165110,(3,9223372036854775807))
Edge(131079,218215,(3,9223372036854775807))
Edge(131260,361130,(3,9223372036854775807))
Edge(131453,405476,(3,9223372036854775807))
Edge(132105,152148,(3,9223372036854775807))
Edge(132574,15278,(3,9223372036854775807))
Edge(132727,50614,(3,9223372036854775807))
Edge(132902,287463,(3,9223372036854775807))
Edge(133201,480516,(3,9223372036854775807))
Edge(133454,429468,(3,9223372036854775807))
Edge(134205,330478,(3,9223372036854775807))
Edge(134244,129354,(3,9223372036854775807))
Edge(134575,359070,(4,9223372036854775807))
Edge(134652,71548,(1,9223372036854775807))
Edge(134840,194241,(3,9223372036854775807))
Edge(134840,308048,(3,9223372036854775807))
Edge(134869,35289,(1,9223372036854775807))
Edge(135187,254916,(3,9223372036854775807))
Edge(136088,252306,(3,9223372036854775807))
Edge(136187,216468,(3,9223372036854775807))
Edge(136319,468232,(3,9223372036854775807))
Edge(136956,316490,(3,9223372036854775807))
Edge(137355,434602,(3,9223372036854775807))
Edge(137432,157212,(3,9223372036854775807))
Edge(137972,149694,(3,9223372036854775807))
Edge(138852,381724,(1,9223372036854775807))
Edge(139104,126563,(3,9223372036854775807))
Edge(139291,353843,(3,9223372036854775807))
Edge(140036,58848,(3,9223372036854775807))
Edge(140051,83514,(3,9223372036854775807))
Edge(140058,130890,(3,9223372036854775807))
Edge(140070,373866,(3,9223372036854775807))
Edge(140324,321224,(3,9223372036854775807))
Edge(141313,80172,(3,9223372036854775807))
Edge(141395,100155,(3,9223372036854775807))
Edge(141539,426900,(3,9223372036854775807))
Edge(141590,459645,(3,9223372036854775807))
Edge(142033,217828,(3,9223372036854775807))
Edge(142320,61517,(1,9223372036854775807))
Edge(142444,222902,(3,9223372036854775807))
Edge(142568,383177,(3,9223372036854775807))
Edge(142640,41877,(3,9223372036854775807))
Edge(142710,157094,(3,9223372036854775807))
Edge(143152,269480,(3,9223372036854775807))
Edge(143559,156548,(3,9223372036854775807))
Edge(143619,55114,(3,9223372036854775807))
Edge(143775,109817,(3,9223372036854775807))
Edge(144939,123139,(1,9223372036854775807))
Edge(145091,121229,(3,9223372036854775807))
Edge(145176,219683,(1,9223372036854775807))
Edge(145331,71831,(3,9223372036854775807))
Edge(145440,107725,(3,9223372036854775807))
Edge(145577,324938,(3,9223372036854775807))
Edge(145860,172508,(3,9223372036854775807))
Edge(145970,252505,(3,9223372036854775807))
Edge(146945,368567,(1,3))
Edge(147189,49772,(3,9223372036854775807))
Edge(147298,318208,(3,9223372036854775807))
Edge(147793,76944,(3,9223372036854775807))
Edge(147938,395152,(3,9223372036854775807))
Edge(147985,108527,(1,9223372036854775807))
Edge(148856,415653,(1,9223372036854775807))
Edge(149070,102795,(1,9223372036854775807))
Edge(149233,51021,(3,9223372036854775807))
Edge(149330,380532,(1,9223372036854775807))
Edge(149532,315038,(3,9223372036854775807))
Edge(149572,368974,(1,9223372036854775807))
Edge(150439,307976,(1,9223372036854775807))
Edge(150679,468190,(3,9223372036854775807))
Edge(150709,268093,(3,9223372036854775807))
Edge(150757,384419,(3,9223372036854775807))
Edge(151026,438438,(1,9223372036854775807))
Edge(151084,401498,(3,9223372036854775807))
Edge(151609,259670,(3,9223372036854775807))
Edge(151693,283137,(3,9223372036854775807))
Edge(151865,194765,(3,9223372036854775807))
Edge(152052,399400,(3,9223372036854775807))
Edge(152390,317065,(3,9223372036854775807))
Edge(152413,121879,(3,9223372036854775807))
Edge(152947,97545,(3,9223372036854775807))
Edge(153191,192883,(3,9223372036854775807))
Edge(153292,395136,(3,9223372036854775807))
Edge(153640,457050,(3,9223372036854775807))
Edge(155012,498734,(3,9223372036854775807))
Edge(155050,110689,(3,9223372036854775807))
Edge(155250,15009,(1,9223372036854775807))
Edge(156062,107112,(3,9223372036854775807))
Edge(156401,222692,(3,9223372036854775807))
Edge(156788,86421,(1,3))
Edge(156848,309391,(3,9223372036854775807))
Edge(157084,217433,(3,9223372036854775807))
Edge(157497,453824,(3,9223372036854775807))
Edge(157904,380800,(3,9223372036854775807))
Edge(158058,244250,(1,3))
Edge(158094,107506,(3,9223372036854775807))
Edge(158324,150193,(3,9223372036854775807))
Edge(158418,345307,(3,9223372036854775807))
Edge(158591,72663,(1,3))
Edge(159408,81594,(3,9223372036854775807))
Edge(159541,30384,(3,9223372036854775807))
Edge(159552,11549,(3,9223372036854775807))
Edge(159581,54468,(3,9223372036854775807))
Edge(159586,147920,(3,9223372036854775807))
Edge(159748,30261,(3,9223372036854775807))
Edge(159795,110289,(3,9223372036854775807))
Edge(159831,63057,(3,9223372036854775807))
Edge(160236,67942,(3,9223372036854775807))
Edge(161316,492574,(3,9223372036854775807))
Edge(161557,90082,(3,9223372036854775807))
Edge(161563,272711,(3,9223372036854775807))
Edge(162015,4760,(3,9223372036854775807))
Edge(162174,137763,(3,9223372036854775807))
Edge(162308,259920,(3,9223372036854775807))
Edge(162574,215750,(3,9223372036854775807))
Edge(162645,420857,(3,9223372036854775807))
Edge(162838,403688,(3,9223372036854775807))
Edge(163221,199755,(3,9223372036854775807))
Edge(163379,400931,(3,9223372036854775807))
Edge(164010,313088,(3,9223372036854775807))
Edge(164084,296794,(3,9223372036854775807))
Edge(164091,238866,(3,9223372036854775807))
Edge(164224,28248,(3,9223372036854775807))
Edge(164241,163093,(3,9223372036854775807))
Edge(164302,158922,(3,9223372036854775807))
Edge(164326,64489,(3,9223372036854775807))
Edge(164354,389175,(1,3))
Edge(164604,90209,(3,9223372036854775807))
Edge(166078,116416,(3,9223372036854775807))
Edge(166090,213968,(3,9223372036854775807))
Edge(167090,141510,(3,9223372036854775807))
Edge(167198,452019,(3,9223372036854775807))
Edge(167304,483992,(3,9223372036854775807))
Edge(167485,184452,(3,9223372036854775807))
Edge(167630,420464,(3,9223372036854775807))
Edge(167763,247398,(3,9223372036854775807))
Edge(168218,38329,(1,9223372036854775807))
Edge(168845,158243,(3,9223372036854775807))
Edge(168845,271229,(3,9223372036854775807))
Edge(169212,348568,(3,9223372036854775807))
Edge(169330,304952,(3,9223372036854775807))
Edge(169347,156915,(1,3))
Edge(169410,383095,(1,9223372036854775807))
Edge(170645,410229,(3,9223372036854775807))
Edge(171606,305761,(3,9223372036854775807))
Edge(171749,136878,(1,3))
Edge(171799,432726,(3,9223372036854775807))
Edge(172092,458738,(3,9223372036854775807))
Edge(172159,111999,(3,9223372036854775807))
Edge(172232,174974,(1,9223372036854775807))
Edge(172294,133077,(3,9223372036854775807))
Edge(172316,329563,(3,9223372036854775807))
Edge(172319,3083,(3,9223372036854775807))
Edge(172751,316620,(3,9223372036854775807))
Edge(172794,50004,(3,9223372036854775807))
Edge(172932,188374,(3,9223372036854775807))
Edge(173216,348185,(3,9223372036854775807))
Edge(173637,337141,(3,9223372036854775807))
Edge(173642,179718,(3,9223372036854775807))
Edge(173686,295664,(3,9223372036854775807))
Edge(174424,23024,(3,9223372036854775807))
Edge(174700,250886,(3,9223372036854775807))
Edge(175200,2866,(1,9223372036854775807))
Edge(175609,204651,(3,9223372036854775807))
Edge(175653,231390,(3,9223372036854775807))
Edge(175675,375852,(3,9223372036854775807))
Edge(175735,276410,(3,9223372036854775807))
Edge(176056,120344,(1,9223372036854775807))
Edge(176088,413606,(1,9223372036854775807))
Edge(176337,479675,(3,9223372036854775807))
Edge(176341,382403,(3,9223372036854775807))
Edge(176392,370606,(3,9223372036854775807))
Edge(176490,54644,(3,9223372036854775807))
Edge(177079,312945,(3,9223372036854775807))
Edge(177115,268766,(3,9223372036854775807))
Edge(177656,465405,(4,9223372036854775807))
Edge(178262,390849,(3,9223372036854775807))
Edge(178551,15154,(3,9223372036854775807))
Edge(178613,78996,(3,9223372036854775807))
Edge(178946,477165,(3,9223372036854775807))
Edge(179081,241531,(3,9223372036854775807))
Edge(179495,40145,(3,9223372036854775807))
Edge(179538,435831,(1,9223372036854775807))
Edge(179541,85569,(3,9223372036854775807))
Edge(179680,488508,(3,9223372036854775807))
Edge(179859,293772,(3,9223372036854775807))
Edge(180220,121944,(3,9223372036854775807))
Edge(180903,441941,(3,9223372036854775807))
Edge(181057,179404,(3,9223372036854775807))
Edge(181322,475955,(1,9223372036854775807))
Edge(181479,95822,(3,9223372036854775807))
Edge(181570,461526,(3,9223372036854775807))
Edge(181603,138055,(1,9223372036854775807))
Edge(181815,296482,(3,9223372036854775807))
Edge(182013,90604,(1,9223372036854775807))
Edge(182505,32037,(1,9223372036854775807))
Edge(182727,241488,(3,9223372036854775807))
Edge(182908,160217,(3,9223372036854775807))
Edge(183155,297578,(3,9223372036854775807))
Edge(183248,424011,(3,9223372036854775807))
Edge(183679,44768,(3,9223372036854775807))
Edge(184373,466188,(3,9223372036854775807))
Edge(184674,149221,(3,9223372036854775807))
Edge(185675,13106,(1,9223372036854775807))
Edge(185940,304401,(1,9223372036854775807))
Edge(186759,287119,(3,9223372036854775807))
Edge(186905,431430,(3,9223372036854775807))
Edge(187318,48962,(3,9223372036854775807))
Edge(187517,469261,(3,9223372036854775807))
Edge(187803,21794,(1,3))
Edge(188315,173323,(3,9223372036854775807))
Edge(189859,226102,(3,9223372036854775807))
Edge(190084,104750,(3,9223372036854775807))
Edge(190295,305524,(3,9223372036854775807))
Edge(190411,164496,(3,9223372036854775807))
Edge(190696,306206,(1,9223372036854775807))
Edge(190780,100578,(3,9223372036854775807))
Edge(191162,272241,(3,9223372036854775807))
Edge(191411,204412,(1,9223372036854775807))
Edge(191516,241593,(1,3))
Edge(191550,469622,(3,9223372036854775807))
Edge(191923,231501,(3,9223372036854775807))
Edge(191991,483868,(3,9223372036854775807))
Edge(192955,492523,(3,9223372036854775807))
Edge(193371,472936,(3,9223372036854775807))
Edge(193727,434415,(3,9223372036854775807))
Edge(194071,423161,(3,9223372036854775807))
Edge(194441,317083,(3,9223372036854775807))
Edge(194839,108959,(3,9223372036854775807))
Edge(195767,272293,(3,9223372036854775807))
Edge(196081,470345,(3,9223372036854775807))
Edge(196089,117384,(3,9223372036854775807))
Edge(196118,380927,(4,9223372036854775807))
Edge(196773,367961,(3,9223372036854775807))
Edge(197020,105114,(3,9223372036854775807))
Edge(197139,471001,(3,9223372036854775807))
Edge(198000,158575,(3,9223372036854775807))
Edge(198028,87568,(3,9223372036854775807))
Edge(199329,353508,(1,3))
Edge(199558,171605,(3,9223372036854775807))
Edge(199797,457159,(3,9223372036854775807))
Edge(199800,118773,(3,9223372036854775807))
Edge(200241,437424,(1,9223372036854775807))
Edge(200343,29693,(3,9223372036854775807))
Edge(200609,355138,(3,9223372036854775807))
Edge(200799,336544,(3,9223372036854775807))
Edge(201083,160979,(3,9223372036854775807))
Edge(201420,442613,(1,3))
Edge(202007,30090,(3,9223372036854775807))
Edge(202184,182541,(3,9223372036854775807))
Edge(202406,225168,(3,9223372036854775807))
Edge(203156,290096,(3,9223372036854775807))
Edge(203208,440664,(3,9223372036854775807))
Edge(203326,322911,(3,9223372036854775807))
Edge(204097,102589,(3,9223372036854775807))
Edge(204500,354561,(3,9223372036854775807))
Edge(204735,75382,(1,9223372036854775807))
Edge(204871,382962,(3,9223372036854775807))
Edge(205428,205204,(3,9223372036854775807))
Edge(205433,122352,(3,9223372036854775807))
Edge(205984,284082,(1,9223372036854775807))
Edge(206131,403143,(3,9223372036854775807))
Edge(206322,316697,(3,9223372036854775807))
Edge(206724,44603,(3,9223372036854775807))
Edge(207007,298759,(3,9223372036854775807))
Edge(207055,363660,(1,3))
Edge(207073,304406,(3,9223372036854775807))
Edge(207196,320697,(3,9223372036854775807))
Edge(207596,247078,(3,9223372036854775807))
Edge(207636,494826,(3,9223372036854775807))
Edge(207824,311402,(3,9223372036854775807))
Edge(208082,140784,(3,9223372036854775807))
Edge(208270,367136,(1,9223372036854775807))
Edge(208475,188384,(3,9223372036854775807))
Edge(208605,260648,(1,9223372036854775807))
Edge(208852,263313,(3,9223372036854775807))
Edge(208966,62977,(3,9223372036854775807))
Edge(208969,439250,(3,9223372036854775807))
Edge(209381,223590,(3,9223372036854775807))
Edge(209780,154813,(1,3))
Edge(210132,381549,(3,9223372036854775807))
Edge(210164,81380,(3,9223372036854775807))
Edge(210436,164415,(1,9223372036854775807))
Edge(210528,272086,(3,9223372036854775807))
Edge(210575,108679,(3,9223372036854775807))
Edge(210818,257687,(3,9223372036854775807))
Edge(211091,183956,(1,9223372036854775807))
Edge(211128,78995,(3,9223372036854775807))
Edge(211400,407554,(3,9223372036854775807))
Edge(211538,445926,(3,9223372036854775807))
Edge(211917,73457,(3,9223372036854775807))
Edge(212367,269169,(3,9223372036854775807))
Edge(212508,392944,(1,9223372036854775807))
Edge(212936,47934,(3,9223372036854775807))
Edge(213379,262283,(1,9223372036854775807))
Edge(213813,221847,(3,9223372036854775807))
Edge(213854,394750,(3,9223372036854775807))
Edge(214422,353817,(3,9223372036854775807))
Edge(215009,414623,(3,9223372036854775807))
Edge(215018,130992,(3,9223372036854775807))
Edge(215630,323613,(3,9223372036854775807))
Edge(215729,453164,(3,9223372036854775807))
Edge(216102,279300,(3,9223372036854775807))
Edge(216130,145683,(3,9223372036854775807))
Edge(216303,444613,(3,9223372036854775807))
Edge(216329,49120,(1,9223372036854775807))
Edge(217565,260958,(3,9223372036854775807))
Edge(217874,469863,(3,9223372036854775807))
Edge(218480,180932,(3,9223372036854775807))
Edge(218874,454442,(3,9223372036854775807))
Edge(218919,211606,(3,9223372036854775807))
Edge(219295,74110,(3,9223372036854775807))
Edge(219894,304219,(1,9223372036854775807))
Edge(220118,115278,(3,9223372036854775807))
Edge(220120,8503,(3,9223372036854775807))
Edge(220194,216888,(1,9223372036854775807))
Edge(220328,216261,(3,9223372036854775807))
Edge(220930,436141,(3,9223372036854775807))
Edge(220941,402153,(1,3))
Edge(221211,5739,(3,9223372036854775807))
Edge(221600,156630,(1,3))
Edge(221737,228079,(3,9223372036854775807))
Edge(222607,246355,(3,9223372036854775807))
Edge(222617,228407,(1,3))
Edge(222985,139557,(3,9223372036854775807))
Edge(223535,5837,(3,9223372036854775807))
Edge(223631,191910,(3,9223372036854775807))
Edge(223660,104715,(3,9223372036854775807))
Edge(223770,196663,(1,3))
Edge(223778,493602,(3,9223372036854775807))
Edge(223812,450886,(3,9223372036854775807))
Edge(224261,40148,(3,9223372036854775807))
Edge(224392,176087,(1,9223372036854775807))
Edge(224496,49787,(3,9223372036854775807))
Edge(224762,280480,(3,9223372036854775807))
Edge(225059,429746,(3,9223372036854775807))
Edge(225286,292818,(1,3))
Edge(225489,456907,(3,9223372036854775807))
Edge(226330,248918,(1,9223372036854775807))
Edge(227061,30851,(3,9223372036854775807))
Edge(227104,424785,(3,9223372036854775807))
Edge(227274,332842,(3,9223372036854775807))
Edge(227278,173891,(3,9223372036854775807))
Edge(227584,313367,(3,9223372036854775807))
Edge(228169,411010,(3,9223372036854775807))
Edge(228307,28135,(1,9223372036854775807))
Edge(228427,484486,(3,9223372036854775807))
Edge(229586,248886,(3,9223372036854775807))
Edge(229757,258590,(3,9223372036854775807))
Edge(230027,170443,(3,9223372036854775807))
Edge(230032,3578,(3,9223372036854775807))
Edge(230060,312673,(1,9223372036854775807))
Edge(230184,449402,(3,9223372036854775807))
Edge(230621,290801,(3,9223372036854775807))
Edge(231108,315295,(3,9223372036854775807))
Edge(232012,443701,(1,9223372036854775807))
Edge(232423,117913,(3,9223372036854775807))
Edge(233582,22508,(3,9223372036854775807))
Edge(233661,58286,(3,9223372036854775807))
Edge(234368,402392,(3,9223372036854775807))
Edge(234604,63426,(3,9223372036854775807))
Edge(234686,60780,(3,9223372036854775807))
Edge(234820,467511,(1,9223372036854775807))
Edge(235417,410981,(3,9223372036854775807))
Edge(235842,336021,(1,9223372036854775807))
Edge(236455,196479,(3,9223372036854775807))
Edge(236738,477676,(3,9223372036854775807))
Edge(236890,256781,(3,9223372036854775807))
Edge(237235,208426,(3,9223372036854775807))
Edge(237554,278937,(3,9223372036854775807))
Edge(238691,273472,(3,9223372036854775807))
Edge(238905,175414,(3,9223372036854775807))
Edge(238919,470534,(3,9223372036854775807))
Edge(239241,241123,(3,9223372036854775807))
Edge(239331,314748,(3,9223372036854775807))
Edge(239997,464131,(3,9223372036854775807))
Edge(240212,47122,(1,9223372036854775807))
Edge(240732,432807,(3,9223372036854775807))
Edge(240789,276626,(3,9223372036854775807))
Edge(241594,394046,(3,9223372036854775807))
Edge(241935,209998,(1,3))
Edge(242402,44914,(3,9223372036854775807))
Edge(242921,249362,(3,9223372036854775807))
Edge(243645,27125,(3,9223372036854775807))
Edge(243833,304459,(3,9223372036854775807))
Edge(244712,25262,(1,3))
Edge(245303,253753,(3,9223372036854775807))
Edge(245628,252327,(3,9223372036854775807))
Edge(245750,450302,(3,9223372036854775807))
Edge(245773,198638,(3,9223372036854775807))
Edge(246059,92000,(3,9223372036854775807))
Edge(246374,467956,(3,9223372036854775807))
Edge(246392,255114,(3,9223372036854775807))
Edge(246463,101782,(3,9223372036854775807))
Edge(246584,143517,(3,9223372036854775807))
Edge(246744,90067,(3,9223372036854775807))
Edge(246814,384326,(3,9223372036854775807))
Edge(247478,409478,(3,9223372036854775807))
Edge(247604,409358,(3,9223372036854775807))
Edge(248007,479810,(3,9223372036854775807))
Edge(248359,326810,(3,9223372036854775807))
Edge(248894,398731,(3,9223372036854775807))
Edge(249148,30942,(1,3))
Edge(249425,288329,(3,9223372036854775807))
Edge(249648,382514,(3,9223372036854775807))
Edge(249791,151321,(3,9223372036854775807))
Edge(250141,279812,(3,9223372036854775807))
Edge(250169,243945,(3,9223372036854775807))
Edge(250282,400367,(3,9223372036854775807))
Edge(250667,342951,(3,9223372036854775807))
Edge(251139,247782,(3,9223372036854775807))
Edge(251177,5379,(3,9223372036854775807))
Edge(251687,376753,(1,9223372036854775807))
Edge(251951,141339,(3,9223372036854775807))
Edge(252131,108648,(3,9223372036854775807))
Edge(252599,234689,(3,9223372036854775807))
Edge(252712,278448,(1,9223372036854775807))
Edge(253015,365350,(3,9223372036854775807))
Edge(253562,378716,(3,9223372036854775807))
Edge(254221,383171,(3,9223372036854775807))
Edge(254287,429453,(3,9223372036854775807))
Edge(254587,178370,(3,9223372036854775807))
Edge(255195,288141,(1,9223372036854775807))
Edge(255266,186119,(3,9223372036854775807))
Edge(255613,73719,(3,9223372036854775807))
Edge(255649,82814,(3,9223372036854775807))
Edge(256067,450939,(3,9223372036854775807))
Edge(256133,348158,(3,9223372036854775807))
Edge(256708,338551,(3,9223372036854775807))
Edge(256865,405311,(3,9223372036854775807))
Edge(257472,279208,(3,9223372036854775807))
Edge(257782,247023,(3,9223372036854775807))
Edge(257857,26590,(3,9223372036854775807))
Edge(257930,411515,(3,9223372036854775807))
Edge(257940,295898,(3,9223372036854775807))
Edge(258191,407552,(3,9223372036854775807))
Edge(259487,478959,(3,9223372036854775807))
Edge(259917,183543,(3,9223372036854775807))
Edge(260168,288871,(3,9223372036854775807))
Edge(260464,243929,(3,9223372036854775807))
Edge(260652,442645,(1,9223372036854775807))
Edge(261155,494577,(3,9223372036854775807))
Edge(261264,459940,(3,9223372036854775807))
Edge(261482,107339,(3,9223372036854775807))
Edge(261684,417575,(3,9223372036854775807))
Edge(261832,495153,(1,9223372036854775807))
Edge(261928,314087,(3,9223372036854775807))
Edge(261934,299480,(3,9223372036854775807))
Edge(262538,346109,(3,9223372036854775807))
Edge(262913,93207,(1,3))
Edge(263321,172727,(3,9223372036854775807))
Edge(263358,152066,(3,9223372036854775807))
Edge(263553,27787,(3,9223372036854775807))
Edge(263555,266589,(3,9223372036854775807))
Edge(263585,99836,(3,9223372036854775807))
Edge(263906,388669,(1,3))
Edge(263990,162724,(3,9223372036854775807))
Edge(264590,120058,(3,9223372036854775807))
Edge(265160,224027,(4,9223372036854775807))
Edge(265799,498961,(3,9223372036854775807))
Edge(266154,353555,(3,9223372036854775807))
Edge(266393,440146,(4,9223372036854775807))
Edge(266534,276296,(3,9223372036854775807))
Edge(266588,497192,(3,9223372036854775807))
Edge(266855,467103,(3,9223372036854775807))
Edge(267267,330312,(3,9223372036854775807))
Edge(267507,145501,(3,9223372036854775807))
Edge(267650,140513,(1,9223372036854775807))
Edge(267732,437647,(1,9223372036854775807))
Edge(268049,480858,(3,9223372036854775807))
Edge(268053,314818,(3,9223372036854775807))
Edge(268141,178783,(3,9223372036854775807))
Edge(268213,322917,(3,9223372036854775807))
Edge(268574,17715,(3,9223372036854775807))
Edge(269481,314374,(3,9223372036854775807))
Edge(270813,322889,(3,9223372036854775807))
Edge(271413,86083,(3,9223372036854775807))
Edge(271549,249179,(3,9223372036854775807))
Edge(272102,448010,(3,9223372036854775807))
Edge(272172,406485,(3,9223372036854775807))
Edge(272198,423288,(3,9223372036854775807))
Edge(272224,107355,(3,9223372036854775807))
Edge(272301,307941,(3,9223372036854775807))
Edge(272657,183336,(3,9223372036854775807))
Edge(272916,261120,(3,9223372036854775807))
Edge(274142,82410,(3,9223372036854775807))
Edge(274180,316279,(3,9223372036854775807))
Edge(274456,397756,(3,9223372036854775807))
Edge(275014,27044,(1,9223372036854775807))
Edge(275415,414780,(3,9223372036854775807))
Edge(275459,414301,(3,9223372036854775807))
Edge(276107,473815,(3,9223372036854775807))
Edge(276159,247670,(1,9223372036854775807))
Edge(276369,20121,(3,9223372036854775807))
Edge(277497,236093,(1,9223372036854775807))
Edge(277609,270724,(3,9223372036854775807))
Edge(277998,314284,(3,9223372036854775807))
Edge(278031,238292,(1,3))
Edge(278605,392522,(3,9223372036854775807))
Edge(278916,198306,(3,9223372036854775807))
Edge(279408,435923,(3,9223372036854775807))
Edge(279540,404050,(3,9223372036854775807))
Edge(279616,152994,(3,9223372036854775807))
Edge(279765,353762,(3,9223372036854775807))
Edge(279978,469661,(3,9223372036854775807))
Edge(280087,361964,(3,9223372036854775807))
Edge(280261,383353,(3,9223372036854775807))
Edge(280547,17067,(3,9223372036854775807))
Edge(280782,268952,(1,9223372036854775807))
Edge(281000,170658,(1,3))
Edge(281171,480814,(1,9223372036854775807))
Edge(281642,133680,(3,9223372036854775807))
Edge(282282,190763,(3,9223372036854775807))
Edge(282939,159475,(1,9223372036854775807))
Edge(282974,337546,(1,9223372036854775807))
Edge(283204,95682,(3,9223372036854775807))
Edge(283491,133923,(3,9223372036854775807))
Edge(284101,418191,(3,9223372036854775807))
Edge(284329,74424,(3,9223372036854775807))
Edge(284349,273852,(3,9223372036854775807))
Edge(284543,479698,(3,9223372036854775807))
Edge(286058,167410,(3,9223372036854775807))
Edge(286069,211911,(1,9223372036854775807))
Edge(286297,81337,(1,9223372036854775807))
Edge(286311,35715,(3,9223372036854775807))
Edge(286618,300782,(1,9223372036854775807))
Edge(286872,156134,(3,9223372036854775807))
Edge(287563,323966,(3,9223372036854775807))
Edge(288096,299303,(3,9223372036854775807))
Edge(288106,195460,(3,9223372036854775807))
Edge(288420,399840,(1,3))
Edge(288632,145868,(3,9223372036854775807))
Edge(289284,348725,(3,9223372036854775807))
Edge(289640,224105,(3,9223372036854775807))
Edge(289792,419818,(3,9223372036854775807))
Edge(289940,110085,(1,9223372036854775807))
Edge(290020,462718,(1,9223372036854775807))
Edge(290241,143193,(1,9223372036854775807))
Edge(290281,24503,(3,9223372036854775807))
Edge(290338,39631,(3,9223372036854775807))
Edge(290398,204710,(3,9223372036854775807))
Edge(290902,441342,(3,9223372036854775807))
Edge(291093,167063,(3,9223372036854775807))
Edge(291486,348857,(1,9223372036854775807))
Edge(291833,282499,(1,3))
Edge(291939,421078,(3,9223372036854775807))
Edge(292108,362006,(3,9223372036854775807))
Edge(292130,470921,(1,9223372036854775807))
Edge(292191,363576,(3,9223372036854775807))
Edge(292259,118908,(3,9223372036854775807))
Edge(292750,42378,(3,9223372036854775807))
Edge(292967,52314,(3,9223372036854775807))
Edge(293103,467225,(3,9223372036854775807))
Edge(293254,192681,(3,9223372036854775807))
Edge(293567,468644,(3,9223372036854775807))
Edge(293884,69300,(3,9223372036854775807))
Edge(293922,478798,(3,9223372036854775807))
Edge(294177,45941,(1,9223372036854775807))
Edge(294527,473836,(3,9223372036854775807))
Edge(294579,150023,(3,9223372036854775807))
Edge(294797,68165,(3,9223372036854775807))
Edge(295234,437788,(3,9223372036854775807))
Edge(295324,329876,(1,3))
Edge(295366,176405,(3,9223372036854775807))
Edge(295400,132720,(3,9223372036854775807))
Edge(295707,441305,(3,9223372036854775807))
Edge(295847,43113,(3,9223372036854775807))
Edge(295942,477877,(3,9223372036854775807))
Edge(296240,63505,(1,9223372036854775807))
Edge(296371,257524,(3,9223372036854775807))
Edge(296793,5221,(1,3))
Edge(297377,490078,(1,9223372036854775807))
Edge(297400,125027,(1,9223372036854775807))
Edge(298563,360272,(1,9223372036854775807))
Edge(299175,207913,(3,9223372036854775807))
Edge(300256,103672,(1,9223372036854775807))
Edge(300479,309232,(3,9223372036854775807))
Edge(301038,341465,(1,9223372036854775807))
Edge(301061,221357,(1,9223372036854775807))
Edge(301391,235831,(3,9223372036854775807))
Edge(301468,459693,(3,9223372036854775807))
Edge(301558,225910,(3,9223372036854775807))
Edge(302460,498034,(3,9223372036854775807))
Edge(302464,456781,(3,9223372036854775807))
Edge(302468,118236,(3,9223372036854775807))
Edge(302600,314240,(3,9223372036854775807))
Edge(302933,387873,(3,9223372036854775807))
Edge(302964,479935,(3,9223372036854775807))
Edge(303432,282529,(3,9223372036854775807))
Edge(303863,283934,(3,9223372036854775807))
Edge(303987,54919,(3,9223372036854775807))
Edge(305333,5504,(3,9223372036854775807))
Edge(305422,288823,(1,9223372036854775807))
Edge(305541,206956,(3,9223372036854775807))
Edge(306731,194240,(3,9223372036854775807))
Edge(307504,74971,(3,9223372036854775807))
Edge(307655,132822,(3,9223372036854775807))
Edge(307818,317892,(3,9223372036854775807))
Edge(308236,117619,(3,9223372036854775807))
Edge(308589,297769,(3,9223372036854775807))
Edge(308591,170050,(3,9223372036854775807))
Edge(308649,354642,(1,9223372036854775807))
Edge(308659,411291,(3,9223372036854775807))
Edge(309056,301052,(3,9223372036854775807))
Edge(309177,475924,(3,9223372036854775807))
Edge(309381,423714,(3,9223372036854775807))
Edge(309961,82947,(1,9223372036854775807))
Edge(310003,367446,(3,9223372036854775807))
Edge(310266,217997,(3,9223372036854775807))
Edge(310952,424419,(3,9223372036854775807))
Edge(311017,436185,(3,9223372036854775807))
Edge(311181,85913,(3,9223372036854775807))
Edge(311598,4656,(3,9223372036854775807))
Edge(311802,33284,(3,9223372036854775807))
Edge(312057,440202,(3,9223372036854775807))
Edge(312221,162235,(3,9223372036854775807))
Edge(312270,465279,(1,9223372036854775807))
Edge(312447,481039,(3,9223372036854775807))
Edge(312681,302513,(3,9223372036854775807))
Edge(313293,461688,(1,3))
Edge(313600,459098,(1,9223372036854775807))
Edge(313742,151272,(3,9223372036854775807))
Edge(313975,276655,(3,9223372036854775807))
Edge(315380,428368,(1,3))
Edge(315451,287755,(3,9223372036854775807))
Edge(315465,138000,(3,9223372036854775807))
Edge(315536,324557,(1,9223372036854775807))
Edge(315859,43127,(3,9223372036854775807))
Edge(316782,126595,(1,3))
Edge(316948,237036,(3,9223372036854775807))
Edge(317461,251596,(3,9223372036854775807))
Edge(317625,309714,(3,9223372036854775807))
Edge(318407,58020,(3,9223372036854775807))
Edge(318458,381924,(1,3))
Edge(318802,113022,(3,9223372036854775807))
Edge(318860,276839,(3,9223372036854775807))
Edge(319016,307115,(3,9223372036854775807))
Edge(319442,310532,(1,3))
Edge(319450,186326,(3,9223372036854775807))
Edge(319783,252089,(3,9223372036854775807))
Edge(319961,449334,(3,9223372036854775807))
Edge(319994,224763,(3,9223372036854775807))
Edge(320453,191909,(1,3))
Edge(321120,75970,(3,9223372036854775807))
Edge(321123,47095,(3,9223372036854775807))
Edge(321400,450044,(3,9223372036854775807))
Edge(321597,318041,(3,9223372036854775807))
Edge(321836,475326,(3,9223372036854775807))
Edge(322244,373286,(1,3))
Edge(322403,221696,(3,9223372036854775807))
Edge(322893,52335,(3,9223372036854775807))
Edge(323323,385373,(3,9223372036854775807))
Edge(323412,299058,(3,9223372036854775807))
Edge(323835,24982,(3,9223372036854775807))
Edge(324238,147191,(1,9223372036854775807))
Edge(324777,227991,(3,9223372036854775807))
Edge(324849,401957,(1,9223372036854775807))
Edge(324940,370796,(3,9223372036854775807))
Edge(325022,464279,(3,9223372036854775807))
Edge(325175,332293,(3,9223372036854775807))
Edge(325504,75755,(3,9223372036854775807))
Edge(325680,206277,(3,9223372036854775807))
Edge(326241,19363,(3,9223372036854775807))
Edge(326492,114277,(3,9223372036854775807))
Edge(326752,340715,(3,9223372036854775807))
Edge(326766,384923,(3,9223372036854775807))
Edge(326919,334876,(1,3))
Edge(327058,421936,(3,9223372036854775807))
Edge(327261,242866,(3,9223372036854775807))
Edge(327946,197521,(3,9223372036854775807))
Edge(328010,206823,(1,3))
Edge(328246,96460,(3,9223372036854775807))
Edge(329006,440738,(3,9223372036854775807))
Edge(329172,223113,(1,9223372036854775807))
Edge(329330,115639,(3,9223372036854775807))
Edge(329492,188194,(1,3))
Edge(329757,94167,(1,3))
Edge(330152,480021,(3,9223372036854775807))
Edge(330242,19208,(3,9223372036854775807))
Edge(330592,250551,(1,3))
Edge(330728,400416,(1,9223372036854775807))
Edge(331110,273457,(3,9223372036854775807))
Edge(331358,108875,(3,9223372036854775807))
Edge(331557,286104,(3,9223372036854775807))
Edge(331735,141899,(3,9223372036854775807))
Edge(333000,299063,(3,9223372036854775807))
Edge(333160,349062,(3,9223372036854775807))
Edge(333493,422316,(3,9223372036854775807))
Edge(333614,14916,(3,9223372036854775807))
Edge(333647,197561,(3,9223372036854775807))
Edge(333693,167028,(3,9223372036854775807))
Edge(334630,228463,(1,3))
Edge(335176,89151,(3,9223372036854775807))
Edge(335957,498837,(3,9223372036854775807))
Edge(336017,289489,(3,9223372036854775807))
Edge(336192,100434,(3,9223372036854775807))
Edge(336420,47793,(3,9223372036854775807))
Edge(337038,423722,(3,9223372036854775807))
Edge(337285,59651,(3,9223372036854775807))
Edge(337329,359111,(3,9223372036854775807))
Edge(338286,192736,(3,9223372036854775807))
Edge(339141,281,(3,9223372036854775807))
Edge(339405,256398,(3,9223372036854775807))
Edge(339450,236456,(3,9223372036854775807))
Edge(339459,76142,(1,9223372036854775807))
Edge(339531,148550,(3,9223372036854775807))
Edge(339751,160874,(3,9223372036854775807))
Edge(339905,391377,(3,9223372036854775807))
Edge(340003,464718,(3,9223372036854775807))
Edge(340567,29052,(3,9223372036854775807))
Edge(340588,353528,(3,9223372036854775807))
Edge(340623,114116,(3,9223372036854775807))
Edge(340950,125528,(3,9223372036854775807))
Edge(340970,124461,(3,9223372036854775807))
Edge(341002,90699,(3,9223372036854775807))
Edge(341026,336440,(3,9223372036854775807))
Edge(341683,498211,(3,9223372036854775807))
Edge(342406,434020,(3,9223372036854775807))
Edge(342406,493484,(3,9223372036854775807))
Edge(342771,120631,(1,9223372036854775807))
Edge(343207,107229,(3,9223372036854775807))
Edge(343288,303431,(3,9223372036854775807))
Edge(343302,13327,(3,9223372036854775807))
Edge(343319,349609,(3,9223372036854775807))
Edge(343866,237669,(3,9223372036854775807))
Edge(344679,266849,(3,9223372036854775807))
Edge(344957,10366,(1,3))
Edge(345224,386329,(3,9223372036854775807))
Edge(345285,187507,(3,9223372036854775807))
Edge(345422,5468,(3,9223372036854775807))
Edge(345529,316451,(3,9223372036854775807))
Edge(345710,282542,(3,9223372036854775807))
Edge(346392,481389,(3,9223372036854775807))
Edge(346721,271687,(1,3))
Edge(346779,431248,(3,9223372036854775807))
Edge(347091,290547,(3,9223372036854775807))
Edge(347115,63413,(3,9223372036854775807))
Edge(347521,113073,(3,9223372036854775807))
Edge(347833,266251,(1,9223372036854775807))
Edge(347944,468042,(3,9223372036854775807))
Edge(347972,489097,(3,9223372036854775807))
Edge(348183,304110,(3,9223372036854775807))
Edge(348322,365674,(3,9223372036854775807))
Edge(348802,68675,(3,9223372036854775807))
Edge(349317,421642,(3,9223372036854775807))
Edge(349415,329007,(3,9223372036854775807))
Edge(349533,211087,(1,9223372036854775807))
Edge(349726,183425,(3,9223372036854775807))
Edge(349836,213482,(1,9223372036854775807))
Edge(350056,488002,(3,9223372036854775807))
Edge(350345,330070,(3,9223372036854775807))
Edge(350970,146447,(1,9223372036854775807))
Edge(353911,284957,(3,9223372036854775807))
Edge(354083,240559,(3,9223372036854775807))
Edge(354385,58400,(3,9223372036854775807))
Edge(354756,449235,(1,3))
Edge(355225,323808,(3,9223372036854775807))
Edge(355282,487242,(3,9223372036854775807))
Edge(355637,320250,(3,9223372036854775807))
Edge(355672,11201,(3,9223372036854775807))
Edge(355828,192564,(3,9223372036854775807))
Edge(355859,169175,(1,9223372036854775807))
Edge(356018,161807,(3,9223372036854775807))
Edge(356326,98906,(3,9223372036854775807))
Edge(356628,499507,(3,9223372036854775807))
Edge(356820,369079,(3,9223372036854775807))
Edge(358447,364694,(3,9223372036854775807))
Edge(358716,363029,(3,9223372036854775807))
Edge(359236,224937,(1,3))
Edge(359273,95604,(3,9223372036854775807))
Edge(359580,127298,(3,9223372036854775807))
Edge(359791,127568,(1,9223372036854775807))
Edge(359880,414182,(3,9223372036854775807))
Edge(359889,444480,(3,9223372036854775807))
Edge(360055,295226,(3,9223372036854775807))
Edge(360058,192683,(3,9223372036854775807))
Edge(360262,202207,(3,9223372036854775807))
Edge(360510,323997,(4,9223372036854775807))
Edge(360879,321242,(3,9223372036854775807))
Edge(361549,10618,(1,9223372036854775807))
Edge(361696,220276,(3,9223372036854775807))
Edge(361825,233287,(1,3))
Edge(361831,145323,(3,9223372036854775807))
Edge(361868,349741,(3,9223372036854775807))
Edge(362219,452936,(3,9223372036854775807))
Edge(362304,288728,(3,9223372036854775807))
Edge(363048,463999,(3,9223372036854775807))
Edge(364291,317799,(3,9223372036854775807))
Edge(364452,354942,(1,3))
Edge(364715,29880,(3,9223372036854775807))
Edge(364839,325842,(1,9223372036854775807))
Edge(364859,89281,(3,9223372036854775807))
Edge(364951,401704,(3,9223372036854775807))
Edge(365213,57631,(3,9223372036854775807))
Edge(365224,54295,(3,9223372036854775807))
Edge(366160,213407,(1,9223372036854775807))
Edge(366210,15182,(1,9223372036854775807))
Edge(366702,168952,(3,9223372036854775807))
Edge(366852,422364,(3,9223372036854775807))
Edge(367630,287602,(3,9223372036854775807))
Edge(368218,182611,(3,9223372036854775807))
Edge(368445,434451,(3,9223372036854775807))
Edge(368963,260876,(1,3))
Edge(369013,107347,(1,3))
Edge(369185,76787,(3,9223372036854775807))
Edge(369388,357732,(3,9223372036854775807))
Edge(370230,16826,(3,9223372036854775807))
Edge(370256,54401,(1,9223372036854775807))
Edge(370714,220323,(3,9223372036854775807))
Edge(371013,380560,(3,9223372036854775807))
Edge(372740,183156,(3,9223372036854775807))
Edge(372782,10097,(3,9223372036854775807))
Edge(373311,349776,(3,9223372036854775807))
Edge(373936,310047,(3,9223372036854775807))
Edge(374603,164418,(3,9223372036854775807))
Edge(374901,219984,(3,9223372036854775807))
Edge(375325,455107,(3,9223372036854775807))
Edge(375362,337036,(3,9223372036854775807))
Edge(376061,313741,(3,9223372036854775807))
Edge(376104,408338,(3,9223372036854775807))
Edge(376322,197202,(3,9223372036854775807))
Edge(376984,343294,(4,9223372036854775807))
Edge(377055,16276,(1,3))
Edge(377062,474503,(3,9223372036854775807))
Edge(377259,170186,(1,9223372036854775807))
Edge(377344,78785,(3,9223372036854775807))
Edge(377509,20395,(1,9223372036854775807))
Edge(377590,199476,(3,9223372036854775807))
Edge(377679,21777,(3,9223372036854775807))
Edge(378034,224495,(3,9223372036854775807))
Edge(378462,6609,(3,9223372036854775807))
Edge(378599,241688,(3,9223372036854775807))
Edge(378636,218441,(1,9223372036854775807))
Edge(378884,474393,(1,3))
Edge(379190,57165,(1,9223372036854775807))
Edge(379954,437762,(1,9223372036854775807))
Edge(380851,171248,(3,9223372036854775807))
Edge(380907,4506,(3,9223372036854775807))
Edge(380976,436201,(3,9223372036854775807))
Edge(381666,375777,(3,9223372036854775807))
Edge(381875,323122,(3,9223372036854775807))
Edge(381887,290555,(3,9223372036854775807))
Edge(382307,466432,(3,9223372036854775807))
Edge(382522,311512,(3,9223372036854775807))
Edge(383076,371010,(3,9223372036854775807))
Edge(383588,444239,(3,9223372036854775807))
Edge(383648,131887,(3,9223372036854775807))
Edge(383652,319293,(1,3))
Edge(383717,57235,(1,3))
Edge(384061,326761,(3,9223372036854775807))
Edge(384062,57028,(3,9223372036854775807))
Edge(384141,331814,(3,9223372036854775807))
Edge(384301,165965,(3,9223372036854775807))
Edge(384516,176989,(3,9223372036854775807))
Edge(384701,332315,(3,9223372036854775807))
Edge(384734,479167,(3,9223372036854775807))
Edge(384856,309411,(3,9223372036854775807))
Edge(385029,258569,(3,9223372036854775807))
Edge(385175,299939,(3,9223372036854775807))
Edge(385993,454862,(3,9223372036854775807))
Edge(386114,193126,(3,9223372036854775807))
Edge(386703,81078,(3,9223372036854775807))
Edge(386740,311799,(3,9223372036854775807))
Edge(386817,250970,(3,9223372036854775807))
Edge(386913,426002,(3,9223372036854775807))
Edge(386942,462122,(1,3))
Edge(386949,474562,(3,9223372036854775807))
Edge(386988,153654,(3,9223372036854775807))
Edge(387348,28936,(3,9223372036854775807))
Edge(387732,102489,(3,9223372036854775807))
Edge(388115,57872,(1,3))
Edge(388297,340318,(3,9223372036854775807))
Edge(389149,54528,(3,9223372036854775807))
Edge(389422,241251,(3,9223372036854775807))
Edge(389461,187562,(3,9223372036854775807))
Edge(389520,45801,(1,3))
Edge(389571,320530,(3,9223372036854775807))
Edge(389675,303394,(3,9223372036854775807))
Edge(390294,342034,(3,9223372036854775807))
Edge(390304,142524,(3,9223372036854775807))
Edge(390327,354896,(1,9223372036854775807))
Edge(390673,177107,(3,9223372036854775807))
Edge(390921,173790,(1,9223372036854775807))
Edge(391546,227790,(3,9223372036854775807))
Edge(391633,20109,(3,9223372036854775807))
Edge(392072,4634,(3,9223372036854775807))
Edge(392665,73544,(3,9223372036854775807))
Edge(392713,91867,(1,3))
Edge(393048,2030,(3,9223372036854775807))
Edge(393200,232534,(1,3))
Edge(393393,49539,(1,3))
Edge(393582,200711,(3,9223372036854775807))
Edge(393796,753,(3,9223372036854775807))
Edge(393879,54624,(1,9223372036854775807))
Edge(394059,267673,(3,9223372036854775807))
Edge(394209,210372,(3,9223372036854775807))
Edge(394331,494639,(3,9223372036854775807))
Edge(394527,15703,(3,9223372036854775807))
Edge(395220,99991,(3,9223372036854775807))
Edge(395409,172949,(3,9223372036854775807))
Edge(395464,216714,(1,3))
Edge(396379,65462,(3,9223372036854775807))
Edge(397081,373386,(3,9223372036854775807))
Edge(397112,306088,(3,9223372036854775807))
Edge(397224,1405,(1,3))
Edge(397279,398623,(1,9223372036854775807))
Edge(397398,228318,(3,9223372036854775807))
Edge(397418,342204,(1,9223372036854775807))
Edge(397651,376756,(3,9223372036854775807))
Edge(398450,29118,(3,9223372036854775807))
Edge(398744,143836,(3,9223372036854775807))
Edge(399117,359862,(1,9223372036854775807))
Edge(399240,208388,(3,9223372036854775807))
Edge(399279,147116,(3,9223372036854775807))
Edge(399527,370334,(3,9223372036854775807))
Edge(399770,52522,(1,9223372036854775807))
Edge(399810,107400,(3,9223372036854775807))
Edge(399934,126075,(3,9223372036854775807))
Edge(399939,435630,(3,9223372036854775807))
Edge(400452,38766,(3,9223372036854775807))
Edge(400588,58519,(3,9223372036854775807))
Edge(400995,160437,(3,9223372036854775807))
Edge(401136,467857,(3,9223372036854775807))
Edge(401204,294244,(3,9223372036854775807))
Edge(401347,26948,(3,9223372036854775807))
Edge(401540,403355,(3,9223372036854775807))
Edge(401637,499216,(3,9223372036854775807))
Edge(401879,154898,(3,9223372036854775807))
Edge(402155,82107,(3,9223372036854775807))
Edge(402329,52518,(1,9223372036854775807))
Edge(402436,409017,(3,9223372036854775807))
Edge(402623,337953,(3,9223372036854775807))
Edge(403420,425859,(3,9223372036854775807))
Edge(403676,431675,(3,9223372036854775807))
Edge(404098,492820,(3,9223372036854775807))
Edge(404172,147542,(3,9223372036854775807))
Edge(404236,112474,(3,9223372036854775807))
Edge(404551,311409,(3,9223372036854775807))
Edge(405565,379240,(1,9223372036854775807))
Edge(406113,19457,(3,9223372036854775807))
Edge(406631,459623,(3,9223372036854775807))
Edge(406685,71181,(1,9223372036854775807))
Edge(406720,172215,(3,9223372036854775807))
Edge(406910,223265,(1,9223372036854775807))
Edge(406958,182060,(3,9223372036854775807))
Edge(406983,113323,(1,9223372036854775807))
Edge(407612,297455,(1,9223372036854775807))
Edge(407765,359454,(3,9223372036854775807))
Edge(407857,76112,(1,9223372036854775807))
Edge(408284,41047,(3,9223372036854775807))
Edge(408539,165025,(1,9223372036854775807))
Edge(409222,391452,(3,9223372036854775807))
Edge(409903,288452,(3,9223372036854775807))
Edge(410329,334041,(1,3))
Edge(410918,203646,(3,9223372036854775807))
Edge(411311,236837,(3,9223372036854775807))
Edge(411732,355306,(1,9223372036854775807))
Edge(411809,354552,(3,9223372036854775807))
Edge(412059,263114,(3,9223372036854775807))
Edge(412344,75711,(3,9223372036854775807))
Edge(412465,498522,(3,9223372036854775807))
Edge(413438,106702,(3,9223372036854775807))
Edge(413483,483450,(1,9223372036854775807))
Edge(413961,22325,(3,9223372036854775807))
Edge(415276,326295,(3,9223372036854775807))
Edge(415332,404343,(3,9223372036854775807))
Edge(415635,248439,(3,9223372036854775807))
Edge(415654,14027,(1,3))
Edge(415890,316207,(3,9223372036854775807))
Edge(416033,281242,(3,9223372036854775807))
Edge(416236,102622,(1,9223372036854775807))
Edge(416630,157120,(3,9223372036854775807))
Edge(416699,431587,(3,9223372036854775807))
Edge(417439,95715,(3,9223372036854775807))
Edge(418125,353269,(3,9223372036854775807))
Edge(418443,306181,(1,9223372036854775807))
Edge(418504,475195,(3,9223372036854775807))
Edge(419185,390328,(1,3))
Edge(419203,81844,(1,3))
Edge(419636,377407,(3,9223372036854775807))
Edge(421231,398023,(3,9223372036854775807))
Edge(421232,385113,(3,9223372036854775807))
Edge(421949,287501,(1,3))
Edge(421990,113510,(3,9223372036854775807))
Edge(422004,397212,(3,9223372036854775807))
Edge(422966,41311,(3,9223372036854775807))
Edge(423274,193455,(3,9223372036854775807))
Edge(423277,410574,(1,9223372036854775807))
Edge(423663,106015,(1,9223372036854775807))
Edge(423765,416624,(1,3))
Edge(424698,301382,(3,9223372036854775807))
Edge(424855,86822,(3,9223372036854775807))
Edge(424955,368853,(3,9223372036854775807))
Edge(425037,158431,(1,9223372036854775807))
Edge(425156,274921,(3,9223372036854775807))
Edge(425501,178780,(3,9223372036854775807))
Edge(425512,358883,(3,9223372036854775807))
Edge(426329,164918,(3,9223372036854775807))
Edge(426801,276691,(1,3))
Edge(426924,143662,(3,9223372036854775807))
Edge(427217,313469,(3,9223372036854775807))
Edge(427220,462849,(3,9223372036854775807))
Edge(427229,357856,(3,9223372036854775807))
Edge(427364,92824,(3,9223372036854775807))
Edge(427960,413823,(3,9223372036854775807))
Edge(428036,185319,(3,9223372036854775807))
Edge(428572,442870,(3,9223372036854775807))
Edge(428833,68837,(3,9223372036854775807))
Edge(429034,66403,(3,9223372036854775807))
Edge(429099,234507,(3,9223372036854775807))
Edge(429107,330315,(3,9223372036854775807))
Edge(429152,289284,(3,9223372036854775807))
Edge(429588,254392,(3,9223372036854775807))
Edge(429871,493167,(1,3))
Edge(429908,411669,(3,9223372036854775807))
Edge(430110,312056,(1,3))
Edge(430238,480555,(3,9223372036854775807))
Edge(430299,69037,(3,9223372036854775807))
Edge(430761,319794,(3,9223372036854775807))
Edge(430851,346521,(3,9223372036854775807))
Edge(431129,142382,(1,9223372036854775807))
Edge(431786,342116,(3,9223372036854775807))
Edge(432107,77774,(3,9223372036854775807))
Edge(432189,62963,(3,9223372036854775807))
Edge(432383,73512,(3,9223372036854775807))
Edge(432536,49669,(3,9223372036854775807))
Edge(433611,313332,(3,9223372036854775807))
Edge(433673,460007,(3,9223372036854775807))
Edge(434019,358062,(3,9223372036854775807))
Edge(434330,186742,(3,9223372036854775807))
Edge(435142,321164,(3,9223372036854775807))
Edge(435440,2147,(1,3))
Edge(436597,387273,(3,9223372036854775807))
Edge(436941,113792,(3,9223372036854775807))
Edge(437193,397715,(3,9223372036854775807))
Edge(437332,492627,(4,9223372036854775807))
Edge(437681,274583,(3,9223372036854775807))
Edge(437736,334710,(3,9223372036854775807))
Edge(437819,340365,(3,9223372036854775807))
Edge(437952,303586,(3,9223372036854775807))
Edge(438229,298130,(3,9223372036854775807))
Edge(438483,379503,(1,3))
Edge(438501,262498,(3,9223372036854775807))
Edge(438556,372285,(3,9223372036854775807))
Edge(439019,296275,(3,9223372036854775807))
Edge(439071,42718,(3,9223372036854775807))
Edge(439674,215440,(3,9223372036854775807))
Edge(440321,384550,(3,9223372036854775807))
Edge(440414,72308,(3,9223372036854775807))
Edge(440554,5735,(3,9223372036854775807))
Edge(440637,256413,(3,9223372036854775807))
Edge(440729,365277,(3,9223372036854775807))
Edge(441169,158369,(3,9223372036854775807))
Edge(441600,272069,(3,9223372036854775807))
Edge(441616,140402,(1,3))
Edge(442125,174156,(3,9223372036854775807))
Edge(442249,231546,(3,9223372036854775807))
Edge(442252,398177,(1,9223372036854775807))
Edge(443316,1641,(1,3))
Edge(444075,365919,(3,9223372036854775807))
Edge(444278,163524,(3,9223372036854775807))
Edge(444503,14392,(1,9223372036854775807))
Edge(444639,114867,(1,3))
Edge(444698,221886,(3,9223372036854775807))
Edge(444920,450892,(3,9223372036854775807))
Edge(444958,100621,(3,9223372036854775807))
Edge(444962,428003,(1,3))
Edge(445277,148314,(3,9223372036854775807))
Edge(445661,435497,(3,9223372036854775807))
Edge(445744,328992,(3,9223372036854775807))
Edge(445924,420006,(3,9223372036854775807))
Edge(446095,465073,(3,9223372036854775807))
Edge(446258,75172,(3,9223372036854775807))
Edge(446374,347249,(1,9223372036854775807))
Edge(446520,229154,(3,9223372036854775807))
Edge(446585,44576,(3,9223372036854775807))
Edge(447487,395225,(3,9223372036854775807))
Edge(447518,213505,(3,9223372036854775807))
Edge(447524,34283,(3,9223372036854775807))
Edge(447974,140871,(1,3))
Edge(447975,257768,(3,9223372036854775807))
Edge(448471,296877,(1,3))
Edge(448542,258283,(3,9223372036854775807))
Edge(448831,428181,(1,3))
Edge(449021,322621,(3,9223372036854775807))
Edge(449044,493181,(1,9223372036854775807))
Edge(449156,312583,(3,9223372036854775807))
Edge(449185,168191,(3,9223372036854775807))
Edge(449322,359921,(3,9223372036854775807))
Edge(449600,468833,(3,9223372036854775807))
Edge(450185,208763,(3,9223372036854775807))
Edge(450295,163582,(3,9223372036854775807))
Edge(450411,47329,(3,9223372036854775807))
Edge(450819,5710,(3,9223372036854775807))
Edge(451815,156806,(1,9223372036854775807))
Edge(451861,202482,(3,9223372036854775807))
Edge(451974,334693,(3,9223372036854775807))
Edge(452087,194293,(3,9223372036854775807))
Edge(452201,141745,(1,3))
Edge(452835,431767,(3,9223372036854775807))
Edge(453813,15049,(3,9223372036854775807))
Edge(454443,69137,(3,9223372036854775807))
Edge(454491,388637,(3,9223372036854775807))
Edge(454778,284089,(1,3))
Edge(455468,382692,(1,9223372036854775807))
Edge(455799,462628,(3,9223372036854775807))
Edge(455944,477266,(3,9223372036854775807))
Edge(456182,149555,(3,9223372036854775807))
Edge(456230,277427,(3,9223372036854775807))
Edge(456258,138754,(3,9223372036854775807))
Edge(456987,457335,(3,9223372036854775807))
Edge(457035,210443,(3,9223372036854775807))
Edge(457069,99620,(1,9223372036854775807))
Edge(457332,266297,(3,9223372036854775807))
Edge(457517,462676,(3,9223372036854775807))
Edge(457556,424502,(3,9223372036854775807))
Edge(457575,185631,(1,3))
Edge(457638,480455,(3,9223372036854775807))
Edge(457683,430593,(3,9223372036854775807))
Edge(457790,18333,(3,9223372036854775807))
Edge(457938,263483,(1,9223372036854775807))
Edge(457950,282201,(3,9223372036854775807))
Edge(458438,221921,(3,9223372036854775807))
Edge(458609,10234,(3,9223372036854775807))
Edge(458667,343783,(3,9223372036854775807))
Edge(459085,347806,(3,9223372036854775807))
Edge(459217,95908,(3,9223372036854775807))
Edge(459298,260829,(3,9223372036854775807))
Edge(459302,74608,(3,9223372036854775807))
Edge(460749,271236,(3,9223372036854775807))
Edge(460767,430895,(3,9223372036854775807))
Edge(460786,40970,(3,9223372036854775807))
Edge(461104,180197,(3,9223372036854775807))
Edge(461585,351835,(3,9223372036854775807))
Edge(461832,483018,(1,3))
Edge(461893,331473,(1,3))
Edge(461902,419786,(3,9223372036854775807))
Edge(462165,444767,(3,9223372036854775807))
Edge(462562,127417,(3,9223372036854775807))
Edge(462799,281950,(1,9223372036854775807))
Edge(463054,234199,(3,9223372036854775807))
Edge(463231,268039,(3,9223372036854775807))
Edge(463500,165466,(3,9223372036854775807))
Edge(463691,372477,(3,9223372036854775807))
Edge(464172,97281,(3,9223372036854775807))
Edge(464725,130061,(3,9223372036854775807))
Edge(464959,55947,(3,9223372036854775807))
Edge(465643,381707,(3,9223372036854775807))
Edge(465644,243511,(3,9223372036854775807))
Edge(466064,46234,(3,9223372036854775807))
Edge(466400,336985,(3,9223372036854775807))
Edge(466487,57131,(3,9223372036854775807))
Edge(467199,359450,(3,9223372036854775807))
Edge(467360,419364,(3,9223372036854775807))
Edge(467388,262391,(3,9223372036854775807))
Edge(467822,263219,(3,9223372036854775807))
Edge(468344,288602,(3,9223372036854775807))
Edge(468551,17060,(3,9223372036854775807))
Edge(468710,101268,(3,9223372036854775807))
Edge(468729,421973,(3,9223372036854775807))
Edge(468984,389696,(3,9223372036854775807))
Edge(469353,203432,(3,9223372036854775807))
Edge(469660,319491,(3,9223372036854775807))
Edge(470324,288754,(3,9223372036854775807))
Edge(470677,485694,(3,9223372036854775807))
Edge(470882,348283,(1,9223372036854775807))
Edge(471289,397634,(3,9223372036854775807))
Edge(471378,277283,(3,9223372036854775807))
Edge(471643,432327,(3,9223372036854775807))
Edge(471806,455046,(3,9223372036854775807))
Edge(472043,325998,(3,9223372036854775807))
Edge(472249,28176,(3,9223372036854775807))
Edge(472801,371970,(3,9223372036854775807))
Edge(472854,304163,(3,9223372036854775807))
Edge(472860,337410,(3,9223372036854775807))
Edge(472861,47927,(3,9223372036854775807))
Edge(473122,405848,(3,9223372036854775807))
Edge(473346,255533,(3,9223372036854775807))
Edge(473441,378392,(3,9223372036854775807))
Edge(473622,246496,(3,9223372036854775807))
Edge(474303,36777,(3,9223372036854775807))
Edge(474514,422946,(3,9223372036854775807))
Edge(474835,81208,(3,9223372036854775807))
Edge(475026,445317,(3,9223372036854775807))
Edge(475419,18178,(3,9223372036854775807))
Edge(475768,387239,(3,9223372036854775807))
Edge(475926,382443,(3,9223372036854775807))
Edge(476044,160914,(3,9223372036854775807))
Edge(476176,496798,(1,3))
Edge(476203,189549,(3,9223372036854775807))
Edge(476440,7680,(3,9223372036854775807))
Edge(476566,159315,(3,9223372036854775807))
Edge(477642,303810,(1,3))
Edge(477898,281834,(3,9223372036854775807))
Edge(477954,239230,(3,9223372036854775807))
Edge(478304,326709,(3,9223372036854775807))
Edge(478554,169174,(3,9223372036854775807))
Edge(478781,255762,(3,9223372036854775807))
Edge(479066,119971,(1,9223372036854775807))
Edge(479145,39181,(1,3))
Edge(479273,262278,(3,9223372036854775807))
Edge(479554,304224,(3,9223372036854775807))
Edge(480031,335989,(3,9223372036854775807))
Edge(480334,431542,(3,9223372036854775807))
Edge(480505,59714,(3,9223372036854775807))
Edge(481482,86064,(3,9223372036854775807))
Edge(481877,205449,(3,9223372036854775807))
Edge(482421,199604,(3,9223372036854775807))
Edge(483167,174818,(1,9223372036854775807))
Edge(483223,165745,(3,9223372036854775807))
Edge(483256,155928,(3,9223372036854775807))
Edge(484320,378747,(1,3))
Edge(484994,471223,(3,9223372036854775807))
Edge(484998,192480,(3,9223372036854775807))
Edge(485075,477623,(3,9223372036854775807))
Edge(485080,303730,(3,9223372036854775807))
Edge(485100,382033,(3,9223372036854775807))
Edge(485256,261303,(3,9223372036854775807))
Edge(485412,110797,(3,9223372036854775807))
Edge(486165,372966,(3,9223372036854775807))
Edge(486210,263450,(3,9223372036854775807))
Edge(486260,442026,(3,9223372036854775807))
Edge(486432,304134,(3,9223372036854775807))
Edge(486525,231599,(3,9223372036854775807))
Edge(486630,120806,(3,9223372036854775807))
Edge(487610,222701,(3,9223372036854775807))
Edge(487667,1744,(3,9223372036854775807))
Edge(487682,429535,(3,9223372036854775807))
Edge(487974,192952,(3,9223372036854775807))
Edge(488029,461551,(3,9223372036854775807))
Edge(488230,468884,(3,9223372036854775807))
Edge(488308,394366,(3,9223372036854775807))
Edge(488817,414384,(3,9223372036854775807))
Edge(489072,179787,(3,9223372036854775807))
Edge(489137,223272,(3,9223372036854775807))
Edge(489582,405077,(1,9223372036854775807))
Edge(489782,185362,(1,9223372036854775807))
Edge(489906,127936,(3,9223372036854775807))
Edge(490314,252103,(3,9223372036854775807))
Edge(490334,31083,(3,9223372036854775807))
Edge(490391,196462,(1,9223372036854775807))
Edge(490728,109804,(1,3))
Edge(491224,269282,(3,9223372036854775807))
Edge(491277,449447,(3,9223372036854775807))
Edge(491360,238380,(3,9223372036854775807))
Edge(491765,201838,(1,9223372036854775807))
Edge(492050,56671,(1,9223372036854775807))
Edge(492229,498185,(3,9223372036854775807))
Edge(492691,195054,(3,9223372036854775807))
Edge(492860,283885,(1,9223372036854775807))
Edge(492884,74741,(3,9223372036854775807))
Edge(493086,20626,(3,9223372036854775807))
Edge(493158,314343,(1,9223372036854775807))
Edge(493459,219415,(3,9223372036854775807))
Edge(493685,102027,(3,9223372036854775807))
Edge(493981,351887,(3,9223372036854775807))
Edge(494121,449404,(3,9223372036854775807))
Edge(494555,156233,(1,9223372036854775807))
Edge(494754,58776,(3,9223372036854775807))
Edge(494906,415633,(3,9223372036854775807))
Edge(495860,173229,(3,9223372036854775807))
Edge(495874,497990,(4,9223372036854775807))
Edge(496673,121916,(3,9223372036854775807))
Edge(497175,49993,(3,9223372036854775807))
Edge(497192,448352,(3,9223372036854775807))
Edge(497677,483489,(3,9223372036854775807))
Edge(497923,341002,(3,9223372036854775807))
Edge(497941,337073,(1,9223372036854775807))
Edge(497947,116045,(3,9223372036854775807))
Edge(497971,54701,(3,9223372036854775807))
Edge(498182,80191,(1,3))
Edge(498242,28121,(3,9223372036854775807))
Edge(498621,16886,(3,9223372036854775807))
Edge(498623,437267,(3,9223372036854775807))
Edge(498643,318622,(3,9223372036854775807))
Edge(498970,26714,(3,9223372036854775807))
Edge(499315,254342,(3,9223372036854775807))
Edge(499604,416937,(3,9223372036854775807))
Edge(499966,280676,(3,9223372036854775807))
