Edge(67,159,(3,9223372036854775807))
Edge(93,64687,(3,9223372036854775807))
Edge(271,399055,(3,9223372036854775807))
Edge(276,80779,(3,9223372036854775807))
Edge(327,177327,(3,9223372036854775807))
Edge(376,334918,(3,9223372036854775807))
Edge(431,365438,(3,9223372036854775807))
Edge(682,126323,(3,9223372036854775807))
Edge(822,81496,(3,9223372036854775807))
Edge(937,285804,(3,9223372036854775807))
Edge(1054,92978,(1,9223372036854775807))
Edge(1313,359373,(3,9223372036854775807))
Edge(1965,433647,(3,9223372036854775807))
Edge(2131,13410,(3,9223372036854775807))
Edge(2826,193740,(3,9223372036854775807))
Edge(3117,62787,(3,9223372036854775807))
Edge(3255,462593,(3,9223372036854775807))
Edge(3300,340692,(1,9223372036854775807))
Edge(4010,425546,(3,9223372036854775807))
Edge(4141,403075,(1,3))
Edge(4501,432357,(3,9223372036854775807))
Edge(4654,122988,(3,9223372036854775807))
Edge(5398,135146,(3,9223372036854775807))
Edge(5398,255713,(1,9223372036854775807))
Edge(5881,104542,(3,9223372036854775807))
Edge(6653,198656,(3,9223372036854775807))
Edge(6788,409211,(3,9223372036854775807))
Edge(6927,379474,(3,9223372036854775807))
Edge(7278,453935,(3,9223372036854775807))
Edge(7375,154040,(3,9223372036854775807))
Edge(7657,494384,(3,9223372036854775807))
Edge(7917,380522,(1,9223372036854775807))
Edge(8295,235967,(1,3))
Edge(8523,411742,(3,9223372036854775807))
Edge(8674,346655,(3,9223372036854775807))
Edge(8852,447007,(3,9223372036854775807))
Edge(9025,131602,(3,9223372036854775807))
Edge(9025,352673,(3,9223372036854775807))
Edge(9524,382700,(1,9223372036854775807))
Edge(9686,3246,(3,9223372036854775807))
Edge(10078,244453,(3,9223372036854775807))
Edge(10338,380569,(3,9223372036854775807))
Edge(10565,242206,(3,9223372036854775807))
Edge(10577,228888,(3,9223372036854775807))
Edge(10781,450280,(1,9223372036854775807))
Edge(11350,21388,(3,9223372036854775807))
Edge(11869,23391,(3,9223372036854775807))
Edge(12054,199348,(3,9223372036854775807))
Edge(13245,494655,(3,9223372036854775807))
Edge(13493,105676,(1,3))
Edge(13512,35191,(1,9223372036854775807))
Edge(14446,255545,(1,3))
Edge(14705,278550,(3,9223372036854775807))
Edge(14758,29766,(3,9223372036854775807))
Edge(15303,150834,(3,9223372036854775807))
Edge(15380,257792,(3,9223372036854775807))
Edge(15407,118414,(3,9223372036854775807))
Edge(15410,414765,(3,9223372036854775807))
Edge(15750,471868,(3,9223372036854775807))
Edge(16070,89060,(3,9223372036854775807))
Edge(16195,277297,(3,9223372036854775807))
Edge(17198,404374,(3,9223372036854775807))
Edge(17263,403296,(3,9223372036854775807))
Edge(17510,161716,(3,9223372036854775807))
Edge(18141,126997,(1,9223372036854775807))
Edge(18267,84492,(3,9223372036854775807))
Edge(18767,493677,(3,9223372036854775807))
Edge(18990,95267,(3,9223372036854775807))
Edge(19129,417500,(3,9223372036854775807))
Edge(19334,267568,(3,9223372036854775807))
Edge(19394,156761,(3,9223372036854775807))
Edge(20148,214163,(3,9223372036854775807))
Edge(20514,329930,(1,9223372036854775807))
Edge(20662,196037,(1,3))
Edge(20942,313223,(3,9223372036854775807))
Edge(20993,409118,(3,9223372036854775807))
Edge(21160,75091,(3,9223372036854775807))
Edge(21910,422703,(3,9223372036854775807))
Edge(22477,375719,(3,9223372036854775807))
Edge(22718,499731,(3,9223372036854775807))
Edge(23370,400886,(3,9223372036854775807))
Edge(23918,334006,(3,9223372036854775807))
Edge(24146,395161,(1,3))
Edge(24373,407888,(4,9223372036854775807))
Edge(24753,262928,(3,9223372036854775807))
Edge(25067,276616,(3,9223372036854775807))
Edge(25093,147433,(3,9223372036854775807))
Edge(25463,1666,(3,9223372036854775807))
Edge(25644,106919,(3,9223372036854775807))
Edge(25661,497965,(3,9223372036854775807))
Edge(26063,228497,(3,9223372036854775807))
Edge(26555,303869,(1,3))
Edge(27079,258444,(3,9223372036854775807))
Edge(27639,212514,(3,9223372036854775807))
Edge(28086,238015,(3,9223372036854775807))
Edge(28170,136031,(3,9223372036854775807))
Edge(28211,315425,(3,9223372036854775807))
Edge(28376,28568,(3,9223372036854775807))
Edge(28525,36796,(3,9223372036854775807))
Edge(28770,360738,(3,9223372036854775807))
Edge(30173,332298,(3,9223372036854775807))
Edge(31733,296644,(3,9223372036854775807))
Edge(31827,296081,(3,9223372036854775807))
Edge(32032,324281,(3,9223372036854775807))
Edge(32251,403596,(3,9223372036854775807))
Edge(32917,160254,(3,9223372036854775807))
Edge(33005,262499,(3,9223372036854775807))
Edge(33403,82560,(3,9223372036854775807))
Edge(34062,423427,(3,9223372036854775807))
Edge(34179,18150,(3,9223372036854775807))
Edge(34479,116180,(3,9223372036854775807))
Edge(34623,455346,(3,9223372036854775807))
Edge(34640,224731,(3,9223372036854775807))
Edge(35030,492336,(3,9223372036854775807))
Edge(35363,279172,(3,9223372036854775807))
Edge(35500,143218,(3,9223372036854775807))
Edge(35953,367179,(3,9223372036854775807))
Edge(36146,275350,(3,9223372036854775807))
Edge(36154,405123,(1,9223372036854775807))
Edge(36336,59060,(3,9223372036854775807))
Edge(36386,377565,(3,9223372036854775807))
Edge(36666,30391,(3,9223372036854775807))
Edge(36839,470934,(3,9223372036854775807))
Edge(37179,372857,(3,9223372036854775807))
Edge(37593,338129,(3,9223372036854775807))
Edge(37737,58928,(3,9223372036854775807))
Edge(38190,451050,(3,9223372036854775807))
Edge(38286,226912,(3,9223372036854775807))
Edge(38722,407301,(1,3))
Edge(39287,346676,(4,9223372036854775807))
Edge(39335,412655,(1,9223372036854775807))
Edge(39504,275470,(1,9223372036854775807))
Edge(39821,476554,(3,9223372036854775807))
Edge(39936,394563,(3,9223372036854775807))
Edge(40785,314412,(3,9223372036854775807))
Edge(41033,377549,(3,9223372036854775807))
Edge(41674,294200,(3,9223372036854775807))
Edge(41950,481507,(3,9223372036854775807))
Edge(42749,98252,(3,9223372036854775807))
Edge(42871,161230,(3,9223372036854775807))
Edge(43194,53115,(3,9223372036854775807))
Edge(43601,447682,(3,9223372036854775807))
Edge(43920,426438,(3,9223372036854775807))
Edge(44156,258356,(3,9223372036854775807))
Edge(44371,247972,(1,9223372036854775807))
Edge(45514,39612,(3,9223372036854775807))
Edge(45668,196654,(1,3))
Edge(45689,126998,(3,9223372036854775807))
Edge(45729,350025,(4,9223372036854775807))
Edge(45745,163415,(3,9223372036854775807))
Edge(45837,448130,(3,9223372036854775807))
Edge(45863,421609,(3,9223372036854775807))
Edge(45879,426168,(3,9223372036854775807))
Edge(46683,299608,(3,9223372036854775807))
Edge(47056,104374,(3,9223372036854775807))
Edge(47119,183578,(3,9223372036854775807))
Edge(47371,181319,(3,9223372036854775807))
Edge(47916,441601,(3,9223372036854775807))
Edge(48130,94894,(3,9223372036854775807))
Edge(48431,26658,(1,3))
Edge(48438,144138,(1,9223372036854775807))
Edge(48866,277986,(3,9223372036854775807))
Edge(49535,303346,(3,9223372036854775807))
Edge(50099,446836,(3,9223372036854775807))
Edge(50196,342532,(3,9223372036854775807))
Edge(50352,212552,(3,9223372036854775807))
Edge(51032,62991,(3,9223372036854775807))
Edge(51573,134306,(3,9223372036854775807))
Edge(51574,143202,(3,9223372036854775807))
Edge(51791,43565,(3,9223372036854775807))
Edge(52858,183479,(3,9223372036854775807))
Edge(52870,99252,(1,9223372036854775807))
Edge(52960,477757,(3,9223372036854775807))
Edge(53005,194153,(1,9223372036854775807))
Edge(53096,485339,(1,9223372036854775807))
Edge(53336,228659,(1,9223372036854775807))
Edge(54107,311619,(3,9223372036854775807))
Edge(54147,473464,(1,9223372036854775807))
Edge(54198,276917,(3,9223372036854775807))
Edge(54370,53320,(1,3))
Edge(54530,99261,(3,9223372036854775807))
Edge(54583,281176,(3,9223372036854775807))
Edge(54777,224449,(3,9223372036854775807))
Edge(54785,461338,(3,9223372036854775807))
Edge(54786,319790,(3,9223372036854775807))
Edge(54988,10249,(1,9223372036854775807))
Edge(55845,343753,(1,9223372036854775807))
Edge(56007,121742,(3,9223372036854775807))
Edge(56314,91572,(3,9223372036854775807))
Edge(56388,372558,(3,9223372036854775807))
Edge(56424,495920,(3,9223372036854775807))
Edge(56428,252906,(3,9223372036854775807))
Edge(56717,44594,(3,9223372036854775807))
Edge(56764,171634,(3,9223372036854775807))
Edge(56808,117983,(3,9223372036854775807))
Edge(56969,454551,(1,9223372036854775807))
Edge(57204,369212,(1,9223372036854775807))
Edge(58020,344521,(3,9223372036854775807))
Edge(58226,216353,(3,9223372036854775807))
Edge(58250,130019,(3,9223372036854775807))
Edge(58875,497665,(3,9223372036854775807))
Edge(59242,465807,(3,9223372036854775807))
Edge(59444,438141,(3,9223372036854775807))
Edge(59667,156059,(3,9223372036854775807))
Edge(59827,68488,(1,9223372036854775807))
Edge(60786,215298,(3,9223372036854775807))
Edge(60872,459286,(3,9223372036854775807))
Edge(61661,317936,(3,9223372036854775807))
Edge(61746,74068,(3,9223372036854775807))
Edge(63146,407180,(3,9223372036854775807))
Edge(63363,478549,(3,9223372036854775807))
Edge(63525,35140,(1,3))
Edge(63539,250733,(1,9223372036854775807))
Edge(63804,272814,(3,9223372036854775807))
Edge(64677,450705,(3,9223372036854775807))
Edge(64767,417791,(1,9223372036854775807))
Edge(65061,130160,(4,9223372036854775807))
Edge(65167,158130,(3,9223372036854775807))
Edge(65932,164202,(3,9223372036854775807))
Edge(66653,396278,(3,9223372036854775807))
Edge(66946,444723,(3,9223372036854775807))
Edge(67457,4123,(3,9223372036854775807))
Edge(67733,390799,(3,9223372036854775807))
Edge(68103,78495,(3,9223372036854775807))
Edge(68285,219879,(1,9223372036854775807))
Edge(69224,217561,(3,9223372036854775807))
Edge(69224,268993,(3,9223372036854775807))
Edge(69700,161087,(3,9223372036854775807))
Edge(69728,476351,(3,9223372036854775807))
Edge(70022,40792,(1,9223372036854775807))
Edge(70963,167537,(3,9223372036854775807))
Edge(71238,315904,(3,9223372036854775807))
Edge(71584,122360,(3,9223372036854775807))
Edge(71616,320111,(3,9223372036854775807))
Edge(71629,62509,(3,9223372036854775807))
Edge(71636,465593,(1,9223372036854775807))
Edge(71811,397906,(3,9223372036854775807))
Edge(72840,133348,(3,9223372036854775807))
Edge(73035,246345,(1,3))
Edge(73756,18852,(3,9223372036854775807))
Edge(74134,192198,(3,9223372036854775807))
Edge(74558,155743,(3,9223372036854775807))
Edge(75331,280261,(3,9223372036854775807))
Edge(75335,176524,(3,9223372036854775807))
Edge(75554,232601,(3,9223372036854775807))
Edge(76462,145463,(3,9223372036854775807))
Edge(76668,205253,(3,9223372036854775807))
Edge(76681,151000,(3,9223372036854775807))
Edge(76712,114803,(3,9223372036854775807))
Edge(76929,50926,(3,9223372036854775807))
Edge(76966,226120,(3,9223372036854775807))
Edge(77025,21375,(3,9223372036854775807))
Edge(77034,490621,(1,9223372036854775807))
Edge(78136,370609,(1,3))
Edge(78164,19854,(3,9223372036854775807))
Edge(78324,288437,(3,9223372036854775807))
Edge(78789,94617,(3,9223372036854775807))
Edge(79208,272824,(3,9223372036854775807))
Edge(79502,175601,(3,9223372036854775807))
Edge(79543,232120,(3,9223372036854775807))
Edge(80048,134850,(3,9223372036854775807))
Edge(80103,128027,(1,9223372036854775807))
Edge(80309,166818,(3,9223372036854775807))
Edge(80935,466575,(3,9223372036854775807))
Edge(82024,18298,(3,9223372036854775807))
Edge(82055,426893,(3,9223372036854775807))
Edge(82074,425044,(1,9223372036854775807))
Edge(82424,287623,(3,9223372036854775807))
Edge(82499,22083,(3,9223372036854775807))
Edge(82515,72536,(1,3))
Edge(83279,387013,(3,9223372036854775807))
Edge(83313,239295,(3,9223372036854775807))
Edge(83682,32664,(3,9223372036854775807))
Edge(84057,279408,(3,9223372036854775807))
Edge(84352,168606,(3,9223372036854775807))
Edge(84428,369785,(1,9223372036854775807))
Edge(84957,109743,(3,9223372036854775807))
Edge(85030,382115,(3,9223372036854775807))
Edge(85533,167257,(3,9223372036854775807))
Edge(85610,137944,(1,3))
Edge(85768,156648,(3,9223372036854775807))
Edge(85834,161552,(3,9223372036854775807))
Edge(86249,394164,(3,9223372036854775807))
Edge(86422,278538,(1,3))
Edge(86811,223898,(3,9223372036854775807))
Edge(86898,107732,(3,9223372036854775807))
Edge(86937,432495,(3,9223372036854775807))
Edge(87350,399179,(1,3))
Edge(87415,64368,(3,9223372036854775807))
Edge(87650,119113,(3,9223372036854775807))
Edge(87930,5963,(3,9223372036854775807))
Edge(88131,404088,(3,9223372036854775807))
Edge(88655,432253,(3,9223372036854775807))
Edge(89289,48858,(3,9223372036854775807))
Edge(89713,50151,(3,9223372036854775807))
Edge(90074,130642,(3,9223372036854775807))
Edge(90545,59979,(3,9223372036854775807))
Edge(91233,457522,(3,9223372036854775807))
Edge(91801,5290,(3,9223372036854775807))
Edge(91806,264736,(1,9223372036854775807))
Edge(92187,103970,(3,9223372036854775807))
Edge(92214,132630,(3,9223372036854775807))
Edge(92310,239075,(3,9223372036854775807))
Edge(92386,257875,(3,9223372036854775807))
Edge(92520,68603,(1,9223372036854775807))
Edge(93380,230355,(3,9223372036854775807))
Edge(93477,38727,(3,9223372036854775807))
Edge(93938,66593,(3,9223372036854775807))
Edge(94841,297882,(3,9223372036854775807))
Edge(95562,119248,(3,9223372036854775807))
Edge(95901,489759,(1,3))
Edge(96200,23180,(1,9223372036854775807))
Edge(96217,351400,(3,9223372036854775807))
Edge(96826,216323,(3,9223372036854775807))
Edge(97283,443650,(3,9223372036854775807))
Edge(97562,450835,(1,3))
Edge(97575,255584,(3,9223372036854775807))
Edge(98021,328403,(3,9223372036854775807))
Edge(98585,394998,(3,9223372036854775807))
Edge(98644,58448,(3,9223372036854775807))
Edge(98756,15813,(3,9223372036854775807))
Edge(98899,193088,(1,3))
Edge(98933,195452,(3,9223372036854775807))
Edge(98965,269679,(3,9223372036854775807))
Edge(99404,113316,(3,9223372036854775807))
Edge(99445,333672,(3,9223372036854775807))
Edge(99480,386947,(3,9223372036854775807))
Edge(99641,102177,(3,9223372036854775807))
Edge(99685,421588,(1,9223372036854775807))
Edge(99849,457045,(3,9223372036854775807))
Edge(100378,91376,(3,9223372036854775807))
Edge(100408,198709,(3,9223372036854775807))
Edge(100841,233073,(3,9223372036854775807))
Edge(100905,256482,(3,9223372036854775807))
Edge(101005,498340,(3,9223372036854775807))
Edge(101019,397374,(3,9223372036854775807))
Edge(101091,39516,(1,3))
Edge(101174,375700,(3,9223372036854775807))
Edge(101468,117180,(3,9223372036854775807))
Edge(101563,104481,(3,9223372036854775807))
Edge(101617,63975,(3,9223372036854775807))
Edge(102688,353464,(3,9223372036854775807))
Edge(103049,326575,(3,9223372036854775807))
Edge(103159,180837,(3,9223372036854775807))
Edge(103762,349217,(3,9223372036854775807))
Edge(103770,84388,(3,9223372036854775807))
Edge(103780,458297,(3,9223372036854775807))
Edge(103825,342172,(3,9223372036854775807))
Edge(104635,344686,(3,9223372036854775807))
Edge(105053,208597,(1,9223372036854775807))
Edge(105692,211219,(3,9223372036854775807))
Edge(105989,200340,(3,9223372036854775807))
Edge(106315,276152,(3,9223372036854775807))
Edge(106461,192579,(3,9223372036854775807))
Edge(106589,246191,(3,9223372036854775807))
Edge(106696,455666,(3,9223372036854775807))
Edge(107183,180940,(3,9223372036854775807))
Edge(107383,231516,(1,9223372036854775807))
Edge(107498,307686,(4,9223372036854775807))
Edge(107835,231953,(1,9223372036854775807))
Edge(108423,105664,(1,3))
Edge(108438,353664,(3,9223372036854775807))
Edge(108535,418453,(3,9223372036854775807))
Edge(108609,332152,(1,9223372036854775807))
Edge(108984,393447,(3,9223372036854775807))
Edge(109638,257217,(3,9223372036854775807))
Edge(110464,355734,(3,9223372036854775807))
Edge(110661,120155,(3,9223372036854775807))
Edge(110749,5199,(3,9223372036854775807))
Edge(110953,274350,(3,9223372036854775807))
Edge(111344,143023,(3,9223372036854775807))
Edge(111385,155418,(3,9223372036854775807))
Edge(111637,225090,(3,9223372036854775807))
Edge(111651,271107,(3,9223372036854775807))
Edge(112287,40980,(3,9223372036854775807))
Edge(112530,14688,(3,9223372036854775807))
Edge(112835,349952,(3,9223372036854775807))
Edge(113095,250161,(3,9223372036854775807))
Edge(113103,46744,(3,9223372036854775807))
Edge(113208,344810,(3,9223372036854775807))
Edge(113508,28699,(1,3))
Edge(113958,373931,(3,9223372036854775807))
Edge(114020,311063,(3,9223372036854775807))
Edge(114201,262585,(3,9223372036854775807))
Edge(114438,189888,(1,9223372036854775807))
Edge(114735,322894,(1,9223372036854775807))
Edge(115123,430699,(1,3))
Edge(115152,255468,(1,9223372036854775807))
Edge(115353,485365,(3,9223372036854775807))
Edge(115554,195810,(3,9223372036854775807))
Edge(115630,379090,(3,9223372036854775807))
Edge(115685,381569,(3,9223372036854775807))
Edge(115809,391821,(1,3))
Edge(116026,481200,(3,9223372036854775807))
Edge(116298,397314,(3,9223372036854775807))
Edge(116753,51901,(3,9223372036854775807))
Edge(117075,230800,(3,9223372036854775807))
Edge(117136,423943,(3,9223372036854775807))
Edge(117311,483606,(1,9223372036854775807))
Edge(117564,131655,(3,9223372036854775807))
Edge(118313,262212,(3,9223372036854775807))
Edge(118614,453326,(3,9223372036854775807))
Edge(119225,492745,(3,9223372036854775807))
Edge(119771,96156,(1,9223372036854775807))
Edge(119792,462679,(3,9223372036854775807))
Edge(119916,346290,(1,9223372036854775807))
Edge(119942,81113,(3,9223372036854775807))
Edge(120252,408358,(1,9223372036854775807))
Edge(120756,380173,(3,9223372036854775807))
Edge(121028,262599,(3,9223372036854775807))
Edge(121039,496424,(3,9223372036854775807))
Edge(121161,462976,(3,9223372036854775807))
Edge(121280,298762,(1,3))
Edge(121544,248116,(3,9223372036854775807))
Edge(121948,274592,(1,9223372036854775807))
Edge(122064,416586,(3,9223372036854775807))
Edge(122108,317127,(3,9223372036854775807))
Edge(122113,178187,(3,9223372036854775807))
Edge(122391,29787,(3,9223372036854775807))
Edge(122497,385481,(3,9223372036854775807))
Edge(122671,231112,(1,9223372036854775807))
Edge(122779,406445,(3,9223372036854775807))
Edge(122794,423224,(3,9223372036854775807))
Edge(122861,129102,(1,3))
Edge(123068,377950,(3,9223372036854775807))
Edge(123178,136402,(1,9223372036854775807))
Edge(123213,74605,(4,9223372036854775807))
Edge(123311,105281,(3,9223372036854775807))
Edge(123498,137963,(3,9223372036854775807))
Edge(123529,450887,(3,9223372036854775807))
Edge(123567,263187,(3,9223372036854775807))
Edge(123571,92821,(2,9223372036854775807))
Edge(124766,434184,(3,9223372036854775807))
Edge(125078,437011,(3,9223372036854775807))
Edge(125099,257169,(3,9223372036854775807))
Edge(125338,451993,(1,9223372036854775807))
Edge(125345,10598,(3,9223372036854775807))
Edge(125756,405677,(3,9223372036854775807))
Edge(125950,23545,(3,9223372036854775807))
Edge(126465,6563,(1,3))
Edge(126554,244032,(3,9223372036854775807))
Edge(126618,29736,(1,3))
Edge(126774,292256,(3,9223372036854775807))
Edge(127227,55641,(3,9223372036854775807))
Edge(127283,159126,(3,9223372036854775807))
Edge(127375,487915,(1,9223372036854775807))
Edge(127452,113479,(3,9223372036854775807))
Edge(128006,279424,(3,9223372036854775807))
Edge(128493,52306,(3,9223372036854775807))
Edge(128516,486864,(3,9223372036854775807))
Edge(128530,322732,(3,9223372036854775807))
Edge(128762,429125,(3,9223372036854775807))
Edge(129185,65777,(3,9223372036854775807))
Edge(129400,168407,(3,9223372036854775807))
Edge(129546,427677,(1,9223372036854775807))
Edge(129656,387627,(3,9223372036854775807))
Edge(129745,463034,(3,9223372036854775807))
Edge(129960,399302,(3,9223372036854775807))
Edge(130630,232110,(3,9223372036854775807))
Edge(130995,59955,(3,9223372036854775807))
Edge(131075,263612,(3,9223372036854775807))
Edge(131189,352991,(3,9223372036854775807))
Edge(131255,419787,(3,9223372036854775807))
Edge(131527,338229,(3,9223372036854775807))
Edge(131920,213048,(3,9223372036854775807))
Edge(131948,189668,(3,9223372036854775807))
Edge(132180,309946,(3,9223372036854775807))
Edge(132291,277493,(3,9223372036854775807))
Edge(132523,190512,(3,9223372036854775807))
Edge(132758,81513,(1,9223372036854775807))
Edge(132974,422788,(1,9223372036854775807))
Edge(133071,196339,(3,9223372036854775807))
Edge(133345,93718,(3,9223372036854775807))
Edge(133603,482103,(1,9223372036854775807))
Edge(134304,322532,(3,9223372036854775807))
Edge(134780,215609,(3,9223372036854775807))
Edge(135009,10697,(1,9223372036854775807))
Edge(135733,105356,(3,9223372036854775807))
Edge(136173,483801,(1,3))
Edge(136499,34729,(3,9223372036854775807))
Edge(136788,463368,(3,9223372036854775807))
Edge(136882,295488,(3,9223372036854775807))
Edge(137059,290503,(3,9223372036854775807))
Edge(137500,276325,(1,3))
Edge(137770,98182,(3,9223372036854775807))
Edge(137856,18778,(1,9223372036854775807))
Edge(138019,135087,(4,9223372036854775807))
Edge(138166,273202,(3,9223372036854775807))
Edge(138389,186712,(3,9223372036854775807))
Edge(138528,44240,(1,9223372036854775807))
Edge(138567,142176,(3,9223372036854775807))
Edge(138697,235098,(1,3))
Edge(138876,479158,(3,9223372036854775807))
Edge(138879,400980,(3,9223372036854775807))
Edge(139535,419948,(3,9223372036854775807))
Edge(139855,386349,(3,9223372036854775807))
Edge(140097,403658,(3,9223372036854775807))
Edge(140110,242335,(3,9223372036854775807))
Edge(140180,188945,(3,9223372036854775807))
Edge(140762,158578,(3,9223372036854775807))
Edge(141172,175057,(3,9223372036854775807))
Edge(141390,459360,(3,9223372036854775807))
Edge(141537,142391,(3,9223372036854775807))
Edge(141672,329259,(3,9223372036854775807))
Edge(141713,432201,(3,9223372036854775807))
Edge(142156,48317,(1,9223372036854775807))
Edge(142395,479317,(3,9223372036854775807))
Edge(142503,117467,(3,9223372036854775807))
Edge(142797,8609,(3,9223372036854775807))
Edge(142828,431256,(3,9223372036854775807))
Edge(142926,462842,(3,9223372036854775807))
Edge(143089,297528,(3,9223372036854775807))
Edge(143365,161928,(1,9223372036854775807))
Edge(144086,77863,(1,9223372036854775807))
Edge(144206,274293,(3,9223372036854775807))
Edge(144299,214618,(1,3))
Edge(144373,275758,(3,9223372036854775807))
Edge(144591,361522,(3,9223372036854775807))
Edge(145102,108371,(3,9223372036854775807))
Edge(145395,35754,(3,9223372036854775807))
Edge(145655,218793,(1,9223372036854775807))
Edge(145873,420616,(3,9223372036854775807))
Edge(146111,428378,(3,9223372036854775807))
Edge(146763,27148,(3,9223372036854775807))
Edge(146809,82471,(3,9223372036854775807))
Edge(147011,468741,(1,9223372036854775807))
Edge(147084,402827,(1,9223372036854775807))
Edge(147936,82798,(3,9223372036854775807))
Edge(148094,21036,(3,9223372036854775807))
Edge(148390,256743,(3,9223372036854775807))
Edge(148429,416176,(3,9223372036854775807))
Edge(148526,211403,(3,9223372036854775807))
Edge(148552,21708,(3,9223372036854775807))
Edge(148705,43230,(3,9223372036854775807))
Edge(149213,200626,(1,3))
Edge(149267,253614,(3,9223372036854775807))
Edge(150182,12359,(3,9223372036854775807))
Edge(150240,172821,(3,9223372036854775807))
Edge(150248,310876,(3,9223372036854775807))
Edge(150907,281955,(3,9223372036854775807))
Edge(151306,381163,(3,9223372036854775807))
Edge(151965,387037,(3,9223372036854775807))
Edge(152178,96810,(3,9223372036854775807))
Edge(153127,392880,(3,9223372036854775807))
Edge(153260,440481,(1,9223372036854775807))
Edge(153303,474996,(3,9223372036854775807))
Edge(153401,157670,(3,9223372036854775807))
Edge(153806,19289,(3,9223372036854775807))
Edge(153807,32333,(3,9223372036854775807))
Edge(153922,54562,(1,9223372036854775807))
Edge(154155,378790,(3,9223372036854775807))
Edge(154201,144685,(1,9223372036854775807))
Edge(154231,338664,(3,9223372036854775807))
Edge(154383,370894,(3,9223372036854775807))
Edge(155022,18264,(3,9223372036854775807))
Edge(155576,327640,(1,9223372036854775807))
Edge(155577,372850,(3,9223372036854775807))
Edge(155630,347046,(3,9223372036854775807))
Edge(156128,347824,(1,3))
Edge(156225,145417,(3,9223372036854775807))
Edge(156459,118200,(1,3))
Edge(157912,352011,(3,9223372036854775807))
Edge(158001,434400,(3,9223372036854775807))
Edge(158241,112333,(3,9223372036854775807))
Edge(159157,171480,(1,3))
Edge(159425,301741,(1,9223372036854775807))
Edge(159438,368167,(3,9223372036854775807))
Edge(160005,369048,(3,9223372036854775807))
Edge(160176,145554,(1,3))
Edge(160989,386508,(3,9223372036854775807))
Edge(161292,114866,(3,9223372036854775807))
Edge(161317,497029,(3,9223372036854775807))
Edge(162387,84766,(3,9223372036854775807))
Edge(162422,456963,(1,3))
Edge(163370,302847,(1,9223372036854775807))
Edge(163426,123646,(3,9223372036854775807))
Edge(163733,122960,(3,9223372036854775807))
Edge(163979,252771,(3,9223372036854775807))
Edge(164128,217716,(3,9223372036854775807))
Edge(164473,55195,(3,9223372036854775807))
Edge(164665,339452,(3,9223372036854775807))
Edge(165369,306441,(3,9223372036854775807))
Edge(165400,6984,(3,9223372036854775807))
Edge(166019,279352,(3,9223372036854775807))
Edge(166118,276724,(1,3))
Edge(166133,278476,(1,3))
Edge(166196,1410,(3,9223372036854775807))
Edge(166255,11244,(3,9223372036854775807))
Edge(167941,276099,(3,9223372036854775807))
Edge(168278,137686,(3,9223372036854775807))
Edge(168410,390375,(3,9223372036854775807))
Edge(168777,191574,(3,9223372036854775807))
Edge(169248,29223,(3,9223372036854775807))
Edge(169369,156203,(3,9223372036854775807))
Edge(169592,194600,(3,9223372036854775807))
Edge(169748,369679,(3,9223372036854775807))
Edge(169997,420945,(3,9223372036854775807))
Edge(170142,387359,(3,9223372036854775807))
Edge(170502,85461,(3,9223372036854775807))
Edge(170724,63015,(3,9223372036854775807))
Edge(171353,97968,(1,3))
Edge(171533,196640,(3,9223372036854775807))
Edge(171568,59804,(3,9223372036854775807))
Edge(171849,172768,(3,9223372036854775807))
Edge(172139,197637,(3,9223372036854775807))
Edge(172695,373888,(1,9223372036854775807))
Edge(173227,278188,(3,9223372036854775807))
Edge(173803,53418,(3,9223372036854775807))
Edge(174401,241105,(3,9223372036854775807))
Edge(174878,297723,(3,9223372036854775807))
Edge(174993,426789,(3,9223372036854775807))
Edge(175040,262874,(1,9223372036854775807))
Edge(175082,246986,(3,9223372036854775807))
Edge(175310,223567,(1,9223372036854775807))
Edge(175411,118996,(3,9223372036854775807))
Edge(175475,140988,(3,9223372036854775807))
Edge(175553,464824,(3,9223372036854775807))
Edge(175597,438908,(3,9223372036854775807))
Edge(175945,275735,(3,9223372036854775807))
Edge(176263,447738,(3,9223372036854775807))
Edge(176633,463681,(3,9223372036854775807))
Edge(176762,485584,(3,9223372036854775807))
Edge(177206,312274,(3,9223372036854775807))
Edge(177470,108223,(3,9223372036854775807))
Edge(178516,279230,(1,3))
Edge(178600,404158,(3,9223372036854775807))
Edge(179685,59958,(3,9223372036854775807))
Edge(180131,289862,(3,9223372036854775807))
Edge(180604,164103,(3,9223372036854775807))
Edge(181396,2539,(3,9223372036854775807))
Edge(182108,221228,(3,9223372036854775807))
Edge(182114,478039,(3,9223372036854775807))
Edge(182429,112286,(3,9223372036854775807))
Edge(182837,160891,(3,9223372036854775807))
Edge(182897,219858,(3,9223372036854775807))
Edge(183425,294423,(3,9223372036854775807))
Edge(183806,101514,(3,9223372036854775807))
Edge(183825,322173,(3,9223372036854775807))
Edge(184279,327003,(3,9223372036854775807))
Edge(184831,330589,(3,9223372036854775807))
Edge(185014,100005,(3,9223372036854775807))
Edge(185243,434739,(3,9223372036854775807))
Edge(185312,461351,(3,9223372036854775807))
Edge(185778,296076,(3,9223372036854775807))
Edge(186020,390341,(3,9223372036854775807))
Edge(186456,330415,(3,9223372036854775807))
Edge(186705,257584,(1,3))
Edge(187048,438225,(3,9223372036854775807))
Edge(187405,1866,(3,9223372036854775807))
Edge(187496,240916,(1,9223372036854775807))
Edge(188262,488777,(3,9223372036854775807))
Edge(188576,410320,(1,3))
Edge(188585,78075,(3,9223372036854775807))
Edge(189163,204236,(3,9223372036854775807))
Edge(189271,343248,(1,3))
Edge(189419,51583,(3,9223372036854775807))
Edge(189426,81065,(3,9223372036854775807))
Edge(189601,222979,(3,9223372036854775807))
Edge(189837,8215,(3,9223372036854775807))
Edge(190032,291754,(3,9223372036854775807))
Edge(190468,303048,(3,9223372036854775807))
Edge(190535,327096,(3,9223372036854775807))
Edge(190854,366431,(3,9223372036854775807))
Edge(191220,315293,(3,9223372036854775807))
Edge(191464,349144,(3,9223372036854775807))
Edge(191655,18305,(3,9223372036854775807))
Edge(192177,192985,(1,3))
Edge(192505,225931,(3,9223372036854775807))
Edge(192526,330343,(3,9223372036854775807))
Edge(192830,110056,(1,3))
Edge(193776,66451,(3,9223372036854775807))
Edge(193927,278713,(3,9223372036854775807))
Edge(194042,390542,(3,9223372036854775807))
Edge(194203,371963,(3,9223372036854775807))
Edge(194271,24478,(3,9223372036854775807))
Edge(194430,293606,(3,9223372036854775807))
Edge(194432,203829,(3,9223372036854775807))
Edge(195161,323832,(3,9223372036854775807))
Edge(195500,269117,(1,9223372036854775807))
Edge(195688,396100,(3,9223372036854775807))
Edge(195998,105890,(1,9223372036854775807))
Edge(196023,171687,(1,9223372036854775807))
Edge(196148,238674,(1,9223372036854775807))
Edge(196176,342036,(1,9223372036854775807))
Edge(196901,174016,(3,9223372036854775807))
Edge(197050,94432,(1,9223372036854775807))
Edge(197622,14160,(1,9223372036854775807))
Edge(197813,92435,(3,9223372036854775807))
Edge(197936,469833,(3,9223372036854775807))
Edge(198341,337759,(3,9223372036854775807))
Edge(198391,99933,(1,3))
Edge(198787,243727,(3,9223372036854775807))
Edge(199014,313821,(3,9223372036854775807))
Edge(199078,222039,(3,9223372036854775807))
Edge(199092,280305,(3,9223372036854775807))
Edge(199231,120154,(3,9223372036854775807))
Edge(199368,86107,(1,9223372036854775807))
Edge(199440,335037,(3,9223372036854775807))
Edge(199686,198756,(1,9223372036854775807))
Edge(199712,486210,(1,9223372036854775807))
Edge(200115,197915,(3,9223372036854775807))
Edge(200872,456346,(1,3))
Edge(200916,163677,(3,9223372036854775807))
Edge(201190,439200,(1,3))
Edge(201244,111278,(3,9223372036854775807))
Edge(201794,1395,(3,9223372036854775807))
Edge(201938,329584,(1,9223372036854775807))
Edge(202269,265,(1,9223372036854775807))
Edge(202373,265039,(1,9223372036854775807))
Edge(203288,24881,(3,9223372036854775807))
Edge(203688,466205,(3,9223372036854775807))
Edge(203869,349981,(3,9223372036854775807))
Edge(204529,199744,(3,9223372036854775807))
Edge(204554,279407,(3,9223372036854775807))
Edge(205517,305649,(1,9223372036854775807))
Edge(205989,319884,(3,9223372036854775807))
Edge(206170,29245,(3,9223372036854775807))
Edge(206378,210156,(3,9223372036854775807))
Edge(206479,395341,(1,9223372036854775807))
Edge(206540,115097,(3,9223372036854775807))
Edge(206630,369014,(1,9223372036854775807))
Edge(206805,205666,(3,9223372036854775807))
Edge(207313,168031,(3,9223372036854775807))
Edge(207387,239623,(3,9223372036854775807))
Edge(207441,175660,(3,9223372036854775807))
Edge(207970,79951,(3,9223372036854775807))
Edge(208301,422393,(3,9223372036854775807))
Edge(208829,263606,(3,9223372036854775807))
Edge(208903,413711,(3,9223372036854775807))
Edge(209296,374259,(1,3))
Edge(209299,327889,(3,9223372036854775807))
Edge(209307,472627,(3,9223372036854775807))
Edge(209394,127673,(3,9223372036854775807))
Edge(209423,403409,(3,9223372036854775807))
Edge(209972,232301,(1,3))
Edge(209985,67005,(3,9223372036854775807))
Edge(210191,342230,(1,3))
Edge(210326,105813,(3,9223372036854775807))
Edge(210463,19095,(3,9223372036854775807))
Edge(210482,35923,(3,9223372036854775807))
Edge(210957,41687,(3,9223372036854775807))
Edge(211015,300611,(3,9223372036854775807))
Edge(211384,410351,(3,9223372036854775807))
Edge(211574,72223,(3,9223372036854775807))
Edge(211653,117008,(3,9223372036854775807))
Edge(211917,362064,(3,9223372036854775807))
Edge(212957,83651,(3,9223372036854775807))
Edge(213999,133278,(3,9223372036854775807))
Edge(214064,402408,(1,9223372036854775807))
Edge(214289,250822,(3,9223372036854775807))
Edge(214295,154473,(3,9223372036854775807))
Edge(214436,253068,(3,9223372036854775807))
Edge(214731,487051,(3,9223372036854775807))
Edge(214828,235756,(3,9223372036854775807))
Edge(214962,394859,(1,3))
Edge(215306,173054,(3,9223372036854775807))
Edge(215502,301106,(3,9223372036854775807))
Edge(215757,287272,(3,9223372036854775807))
Edge(215801,348872,(3,9223372036854775807))
Edge(216162,270929,(3,9223372036854775807))
Edge(216360,405567,(1,9223372036854775807))
Edge(216503,441490,(3,9223372036854775807))
Edge(216627,263423,(3,9223372036854775807))
Edge(216806,326430,(3,9223372036854775807))
Edge(216999,227493,(3,9223372036854775807))
Edge(217674,346173,(3,9223372036854775807))
Edge(217711,448167,(3,9223372036854775807))
Edge(218018,69661,(3,9223372036854775807))
Edge(218018,78359,(3,9223372036854775807))
Edge(218192,351979,(3,9223372036854775807))
Edge(218258,215562,(3,9223372036854775807))
Edge(218275,470983,(3,9223372036854775807))
Edge(218315,272258,(3,9223372036854775807))
Edge(218782,296043,(3,9223372036854775807))
Edge(218960,137325,(3,9223372036854775807))
Edge(219614,352589,(3,9223372036854775807))
Edge(220080,329583,(3,9223372036854775807))
Edge(220142,327194,(3,9223372036854775807))
Edge(220216,391284,(3,9223372036854775807))
Edge(220243,472245,(1,3))
Edge(220405,99310,(3,9223372036854775807))
Edge(220590,114438,(3,9223372036854775807))
Edge(220920,9275,(3,9223372036854775807))
Edge(221242,89538,(3,9223372036854775807))
Edge(222033,11483,(1,9223372036854775807))
Edge(222148,410203,(3,9223372036854775807))
Edge(222191,468684,(3,9223372036854775807))
Edge(222349,129177,(1,9223372036854775807))
Edge(222534,309407,(3,9223372036854775807))
Edge(223149,310425,(1,9223372036854775807))
Edge(224039,365032,(3,9223372036854775807))
Edge(224243,120410,(3,9223372036854775807))
Edge(224284,395156,(3,9223372036854775807))
Edge(224306,340335,(3,9223372036854775807))
Edge(225012,238466,(3,9223372036854775807))
Edge(225095,321352,(1,3))
Edge(225454,51981,(3,9223372036854775807))
Edge(225777,438357,(3,9223372036854775807))
Edge(225920,178895,(3,9223372036854775807))
Edge(226397,289166,(3,9223372036854775807))
Edge(227159,252826,(3,9223372036854775807))
Edge(227334,404529,(3,9223372036854775807))
Edge(227627,424112,(3,9223372036854775807))
Edge(227633,19753,(3,9223372036854775807))
Edge(227668,499363,(3,9223372036854775807))
Edge(227764,307559,(1,9223372036854775807))
Edge(227900,7809,(3,9223372036854775807))
Edge(228604,487632,(3,9223372036854775807))
Edge(228719,119090,(3,9223372036854775807))
Edge(229123,156753,(3,9223372036854775807))
Edge(229295,319463,(3,9223372036854775807))
Edge(229534,484090,(3,9223372036854775807))
Edge(229553,488084,(1,3))
Edge(230230,493840,(3,9223372036854775807))
Edge(230348,154517,(3,9223372036854775807))
Edge(230650,400020,(1,9223372036854775807))
Edge(230757,317344,(3,9223372036854775807))
Edge(230928,37877,(3,9223372036854775807))
Edge(230948,400084,(3,9223372036854775807))
Edge(231033,114636,(1,9223372036854775807))
Edge(231063,157245,(3,9223372036854775807))
Edge(231327,470275,(3,9223372036854775807))
Edge(231549,268140,(3,9223372036854775807))
Edge(231619,209186,(3,9223372036854775807))
Edge(231716,67597,(3,9223372036854775807))
Edge(231905,20068,(1,9223372036854775807))
Edge(231928,490215,(3,9223372036854775807))
Edge(232629,279076,(1,9223372036854775807))
Edge(232880,481645,(3,9223372036854775807))
Edge(233352,61746,(3,9223372036854775807))
Edge(233778,324298,(3,9223372036854775807))
Edge(234470,351513,(3,9223372036854775807))
Edge(235389,106954,(3,9223372036854775807))
Edge(235898,308144,(1,3))
Edge(236157,386346,(3,9223372036854775807))
Edge(236999,424344,(3,9223372036854775807))
Edge(237322,306397,(3,9223372036854775807))
Edge(237484,4401,(3,9223372036854775807))
Edge(237907,174716,(3,9223372036854775807))
Edge(238219,403201,(3,9223372036854775807))
Edge(238226,223989,(3,9223372036854775807))
Edge(238492,275446,(3,9223372036854775807))
Edge(239186,428320,(1,9223372036854775807))
Edge(239461,239558,(3,9223372036854775807))
Edge(239618,45905,(3,9223372036854775807))
Edge(239842,91256,(3,9223372036854775807))
Edge(240070,469591,(3,9223372036854775807))
Edge(240138,206536,(1,3))
Edge(240352,141702,(3,9223372036854775807))
Edge(240983,213312,(3,9223372036854775807))
Edge(241024,301209,(3,9223372036854775807))
Edge(241113,93356,(3,9223372036854775807))
Edge(241146,191493,(3,9223372036854775807))
Edge(241282,478640,(3,9223372036854775807))
Edge(241315,268849,(3,9223372036854775807))
Edge(241861,64822,(3,9223372036854775807))
Edge(242367,465793,(3,9223372036854775807))
Edge(242477,157437,(1,9223372036854775807))
Edge(242542,394740,(3,9223372036854775807))
Edge(242708,105832,(1,9223372036854775807))
Edge(242759,390146,(3,9223372036854775807))
Edge(242775,486440,(4,9223372036854775807))
Edge(242821,107251,(3,9223372036854775807))
Edge(242840,409546,(3,9223372036854775807))
Edge(243013,377980,(3,9223372036854775807))
Edge(243424,187114,(1,3))
Edge(243984,418931,(3,9223372036854775807))
Edge(244277,45021,(1,3))
Edge(244987,53083,(3,9223372036854775807))
Edge(245171,99925,(1,9223372036854775807))
Edge(245174,156361,(3,9223372036854775807))
Edge(245502,144611,(3,9223372036854775807))
Edge(245628,386639,(3,9223372036854775807))
Edge(245728,142760,(3,9223372036854775807))
Edge(245861,105608,(3,9223372036854775807))
Edge(245995,224498,(3,9223372036854775807))
Edge(245995,319565,(3,9223372036854775807))
Edge(246046,29573,(1,3))
Edge(246085,50560,(3,9223372036854775807))
Edge(246310,204167,(3,9223372036854775807))
Edge(246333,469664,(3,9223372036854775807))
Edge(246462,226426,(3,9223372036854775807))
Edge(247016,190212,(3,9223372036854775807))
Edge(247338,305848,(3,9223372036854775807))
Edge(247344,207721,(3,9223372036854775807))
Edge(248202,453882,(3,9223372036854775807))
Edge(248333,44130,(3,9223372036854775807))
Edge(248345,266200,(3,9223372036854775807))
Edge(248656,469011,(3,9223372036854775807))
Edge(248684,281783,(3,9223372036854775807))
Edge(249458,228415,(3,9223372036854775807))
Edge(249870,132825,(3,9223372036854775807))
Edge(249934,232101,(3,9223372036854775807))
Edge(250516,480103,(3,9223372036854775807))
Edge(250911,142317,(3,9223372036854775807))
Edge(251329,418923,(3,9223372036854775807))
Edge(251687,36554,(1,3))
Edge(251929,289671,(1,3))
Edge(251989,309985,(3,9223372036854775807))
Edge(252114,324472,(3,9223372036854775807))
Edge(252187,381368,(3,9223372036854775807))
Edge(252293,453510,(3,9223372036854775807))
Edge(252432,124147,(3,9223372036854775807))
Edge(252726,409877,(3,9223372036854775807))
Edge(252966,490095,(3,9223372036854775807))
Edge(253229,105740,(3,9223372036854775807))
Edge(253277,482481,(1,9223372036854775807))
Edge(253301,390015,(3,9223372036854775807))
Edge(253307,422688,(3,9223372036854775807))
Edge(253464,68329,(3,9223372036854775807))
Edge(254588,237033,(3,9223372036854775807))
Edge(255102,142129,(3,9223372036854775807))
Edge(255335,60567,(1,3))
Edge(255458,356752,(3,9223372036854775807))
Edge(255616,212206,(3,9223372036854775807))
Edge(256496,131740,(3,9223372036854775807))
Edge(257192,434564,(3,9223372036854775807))
Edge(257220,160749,(3,9223372036854775807))
Edge(257305,216196,(3,9223372036854775807))
Edge(257488,113977,(3,9223372036854775807))
Edge(257707,89145,(1,9223372036854775807))
Edge(257788,49144,(3,9223372036854775807))
Edge(257898,499636,(3,9223372036854775807))
Edge(257998,292314,(3,9223372036854775807))
Edge(258300,459071,(3,9223372036854775807))
Edge(258421,239207,(3,9223372036854775807))
Edge(258493,128832,(1,3))
Edge(258753,139140,(3,9223372036854775807))
Edge(259099,115734,(4,9223372036854775807))
Edge(259241,181668,(3,9223372036854775807))
Edge(259766,336868,(3,9223372036854775807))
Edge(259823,451271,(3,9223372036854775807))
Edge(259976,83474,(3,9223372036854775807))
Edge(260005,184038,(3,9223372036854775807))
Edge(260047,264782,(3,9223372036854775807))
Edge(260209,366890,(1,3))
Edge(261318,145882,(3,9223372036854775807))
Edge(261497,2578,(3,9223372036854775807))
Edge(262403,374998,(3,9223372036854775807))
Edge(262901,425006,(3,9223372036854775807))
Edge(263083,141805,(3,9223372036854775807))
Edge(263360,9770,(3,9223372036854775807))
Edge(263383,368783,(3,9223372036854775807))
Edge(263587,414192,(3,9223372036854775807))
Edge(263994,470631,(3,9223372036854775807))
Edge(264033,440940,(3,9223372036854775807))
Edge(264378,234237,(1,9223372036854775807))
Edge(264436,347668,(3,9223372036854775807))
Edge(264566,170528,(3,9223372036854775807))
Edge(264720,186152,(3,9223372036854775807))
Edge(265374,275013,(3,9223372036854775807))
Edge(265500,160312,(4,9223372036854775807))
Edge(266931,400646,(1,3))
Edge(267495,171261,(1,9223372036854775807))
Edge(267497,145978,(3,9223372036854775807))
Edge(267782,131192,(3,9223372036854775807))
Edge(267915,206050,(1,9223372036854775807))
Edge(268528,97784,(3,9223372036854775807))
Edge(268735,70261,(1,9223372036854775807))
Edge(269217,395103,(1,9223372036854775807))
Edge(269273,125284,(3,9223372036854775807))
Edge(269697,136432,(1,9223372036854775807))
Edge(270067,370641,(1,9223372036854775807))
Edge(270416,488271,(3,9223372036854775807))
Edge(270501,426936,(3,9223372036854775807))
Edge(270891,326730,(3,9223372036854775807))
Edge(270907,253951,(3,9223372036854775807))
Edge(271067,60913,(3,9223372036854775807))
Edge(271437,305090,(3,9223372036854775807))
Edge(271523,51285,(3,9223372036854775807))
Edge(272645,335327,(3,9223372036854775807))
Edge(272810,466738,(3,9223372036854775807))
Edge(273015,196729,(3,9223372036854775807))
Edge(273321,29982,(1,9223372036854775807))
Edge(273370,359689,(3,9223372036854775807))
Edge(273405,417861,(3,9223372036854775807))
Edge(273499,295356,(3,9223372036854775807))
Edge(273557,137623,(3,9223372036854775807))
Edge(273755,200254,(3,9223372036854775807))
Edge(273794,440280,(3,9223372036854775807))
Edge(274143,147862,(3,9223372036854775807))
Edge(274335,341297,(3,9223372036854775807))
Edge(274906,384843,(3,9223372036854775807))
Edge(275579,10246,(3,9223372036854775807))
Edge(276091,183939,(3,9223372036854775807))
Edge(276199,426054,(3,9223372036854775807))
Edge(276351,217917,(3,9223372036854775807))
Edge(276450,276806,(3,9223372036854775807))
Edge(276463,237472,(3,9223372036854775807))
Edge(278158,387257,(3,9223372036854775807))
Edge(278192,189966,(3,9223372036854775807))
Edge(278302,160355,(1,9223372036854775807))
Edge(278493,106621,(3,9223372036854775807))
Edge(278564,77246,(1,9223372036854775807))
Edge(278902,491830,(3,9223372036854775807))
Edge(279200,92539,(1,9223372036854775807))
Edge(279289,251053,(3,9223372036854775807))
Edge(279356,33022,(3,9223372036854775807))
Edge(279821,435067,(1,9223372036854775807))
Edge(279910,17207,(3,9223372036854775807))
Edge(279972,144924,(1,3))
Edge(280326,351219,(3,9223372036854775807))
Edge(280598,169302,(3,9223372036854775807))
Edge(281800,278682,(1,9223372036854775807))
Edge(282049,352440,(3,9223372036854775807))
Edge(282159,286058,(1,9223372036854775807))
Edge(282266,173081,(3,9223372036854775807))
Edge(282308,422547,(1,9223372036854775807))
Edge(282353,485830,(3,9223372036854775807))
Edge(282558,183957,(3,9223372036854775807))
Edge(282767,315112,(3,9223372036854775807))
Edge(283141,435093,(3,9223372036854775807))
Edge(283251,131094,(3,9223372036854775807))
Edge(283607,20845,(1,9223372036854775807))
Edge(283794,78007,(3,9223372036854775807))
Edge(285319,85102,(3,9223372036854775807))
Edge(285468,56568,(3,9223372036854775807))
Edge(285551,191325,(1,3))
Edge(285551,434339,(3,9223372036854775807))
Edge(285764,57991,(3,9223372036854775807))
Edge(286044,368591,(3,9223372036854775807))
Edge(286119,376214,(3,9223372036854775807))
Edge(286120,350119,(3,9223372036854775807))
Edge(286800,106404,(3,9223372036854775807))
Edge(287063,312402,(3,9223372036854775807))
Edge(287207,448545,(3,9223372036854775807))
Edge(287258,473810,(3,9223372036854775807))
Edge(287776,141405,(3,9223372036854775807))
Edge(288275,295264,(3,9223372036854775807))
Edge(288392,477926,(3,9223372036854775807))
Edge(288561,53828,(3,9223372036854775807))
Edge(289432,225098,(1,3))
Edge(289480,267233,(3,9223372036854775807))
Edge(290184,250849,(3,9223372036854775807))
Edge(290210,245225,(3,9223372036854775807))
Edge(290342,246129,(3,9223372036854775807))
Edge(290403,139228,(3,9223372036854775807))
Edge(290438,204094,(1,9223372036854775807))
Edge(290777,188741,(3,9223372036854775807))
Edge(290885,50374,(1,9223372036854775807))
Edge(291225,154787,(3,9223372036854775807))
Edge(291642,450776,(3,9223372036854775807))
Edge(291866,70866,(3,9223372036854775807))
Edge(291941,244020,(3,9223372036854775807))
Edge(292573,475742,(1,9223372036854775807))
Edge(292812,67800,(3,9223372036854775807))
Edge(293280,787,(3,9223372036854775807))
Edge(293387,297484,(3,9223372036854775807))
Edge(293601,78355,(1,9223372036854775807))
Edge(293816,165847,(3,9223372036854775807))
Edge(294148,249086,(3,9223372036854775807))
Edge(294989,428686,(1,9223372036854775807))
Edge(295345,136408,(1,3))
Edge(295403,350141,(3,9223372036854775807))
Edge(295547,18022,(3,9223372036854775807))
Edge(295779,409864,(3,9223372036854775807))
Edge(295845,79887,(3,9223372036854775807))
Edge(296028,190284,(1,3))
Edge(296254,318749,(3,9223372036854775807))
Edge(296317,475738,(3,9223372036854775807))
Edge(296441,184825,(1,9223372036854775807))
Edge(296597,195505,(3,9223372036854775807))
Edge(297400,59157,(3,9223372036854775807))
Edge(297435,368437,(3,9223372036854775807))
Edge(297581,178305,(3,9223372036854775807))
Edge(297692,383379,(1,9223372036854775807))
Edge(297730,36667,(3,9223372036854775807))
Edge(297765,289837,(3,9223372036854775807))
Edge(297820,10608,(3,9223372036854775807))
Edge(298017,103897,(3,9223372036854775807))
Edge(298405,171658,(3,9223372036854775807))
Edge(298426,439602,(3,9223372036854775807))
Edge(299142,29380,(3,9223372036854775807))
Edge(299489,301370,(3,9223372036854775807))
Edge(299573,361900,(3,9223372036854775807))
Edge(299939,477958,(3,9223372036854775807))
Edge(300048,269294,(3,9223372036854775807))
Edge(300138,231993,(3,9223372036854775807))
Edge(300163,243316,(3,9223372036854775807))
Edge(300224,145243,(3,9223372036854775807))
Edge(300460,108828,(3,9223372036854775807))
Edge(301203,67110,(3,9223372036854775807))
Edge(301277,210122,(3,9223372036854775807))
Edge(301347,236848,(1,9223372036854775807))
Edge(301515,465317,(3,9223372036854775807))
Edge(302632,237926,(3,9223372036854775807))
Edge(302756,101125,(3,9223372036854775807))
Edge(303055,65793,(3,9223372036854775807))
Edge(303932,52430,(1,3))
Edge(304573,117049,(3,9223372036854775807))
Edge(304849,463246,(3,9223372036854775807))
Edge(304883,267126,(1,3))
Edge(305029,144128,(3,9223372036854775807))
Edge(305112,90138,(1,9223372036854775807))
Edge(305668,210191,(3,9223372036854775807))
Edge(305786,190593,(3,9223372036854775807))
Edge(305825,215239,(1,9223372036854775807))
Edge(306453,469849,(3,9223372036854775807))
Edge(306626,216462,(1,9223372036854775807))
Edge(306864,342601,(3,9223372036854775807))
Edge(307651,374791,(3,9223372036854775807))
Edge(308004,18584,(3,9223372036854775807))
Edge(308929,452884,(3,9223372036854775807))
Edge(310225,493909,(3,9223372036854775807))
Edge(310834,101177,(3,9223372036854775807))
Edge(311016,302047,(3,9223372036854775807))
Edge(311234,267588,(3,9223372036854775807))
Edge(311590,229327,(3,9223372036854775807))
Edge(311854,224456,(3,9223372036854775807))
Edge(312236,467155,(3,9223372036854775807))
Edge(312766,280318,(1,9223372036854775807))
Edge(312822,407068,(1,9223372036854775807))
Edge(313214,260144,(3,9223372036854775807))
Edge(313404,114933,(3,9223372036854775807))
Edge(313409,65158,(1,9223372036854775807))
Edge(313796,233628,(3,9223372036854775807))
Edge(313910,332662,(1,9223372036854775807))
Edge(314464,274148,(3,9223372036854775807))
Edge(314980,57829,(3,9223372036854775807))
Edge(315349,274857,(3,9223372036854775807))
Edge(315397,144732,(1,3))
Edge(315679,47714,(1,9223372036854775807))
Edge(315682,29368,(3,9223372036854775807))
Edge(316256,330554,(3,9223372036854775807))
Edge(316504,114039,(3,9223372036854775807))
Edge(316674,321869,(3,9223372036854775807))
Edge(316767,35492,(3,9223372036854775807))
Edge(317056,252606,(3,9223372036854775807))
Edge(317142,385586,(3,9223372036854775807))
Edge(317670,20987,(3,9223372036854775807))
Edge(317673,288258,(1,9223372036854775807))
Edge(318227,79340,(3,9223372036854775807))
Edge(318320,473035,(1,9223372036854775807))
Edge(318495,42033,(1,9223372036854775807))
Edge(318505,310546,(3,9223372036854775807))
Edge(318759,201532,(1,3))
Edge(318820,56149,(3,9223372036854775807))
Edge(319224,73918,(1,9223372036854775807))
Edge(319339,451952,(1,3))
Edge(319593,183988,(3,9223372036854775807))
Edge(320770,313529,(3,9223372036854775807))
Edge(321610,233014,(3,9223372036854775807))
Edge(321702,307890,(3,9223372036854775807))
Edge(322630,185155,(1,9223372036854775807))
Edge(322939,154762,(3,9223372036854775807))
Edge(323376,348271,(3,9223372036854775807))
Edge(323770,24186,(3,9223372036854775807))
Edge(324142,192183,(3,9223372036854775807))
Edge(324246,113939,(3,9223372036854775807))
Edge(324722,122488,(1,9223372036854775807))
Edge(324789,499369,(1,3))
Edge(324978,130788,(1,9223372036854775807))
Edge(325110,31548,(3,9223372036854775807))
Edge(325258,447863,(1,3))
Edge(325647,76035,(1,9223372036854775807))
Edge(326202,366009,(3,9223372036854775807))
Edge(326624,450634,(3,9223372036854775807))
Edge(326645,77663,(1,9223372036854775807))
Edge(326939,340418,(3,9223372036854775807))
Edge(327059,228201,(1,9223372036854775807))
Edge(327093,472276,(3,9223372036854775807))
Edge(327896,385644,(3,9223372036854775807))
Edge(328414,188610,(3,9223372036854775807))
Edge(328644,359203,(3,9223372036854775807))
Edge(329135,139794,(1,9223372036854775807))
Edge(329354,352066,(3,9223372036854775807))
Edge(329567,208340,(3,9223372036854775807))
Edge(329870,433504,(3,9223372036854775807))
Edge(330747,335914,(1,9223372036854775807))
Edge(330880,454042,(3,9223372036854775807))
Edge(331041,166132,(3,9223372036854775807))
Edge(331077,43454,(3,9223372036854775807))
Edge(331544,221215,(3,9223372036854775807))
Edge(331587,377937,(3,9223372036854775807))
Edge(331730,185056,(3,9223372036854775807))
Edge(332950,418170,(1,9223372036854775807))
Edge(333135,451375,(3,9223372036854775807))
Edge(333299,449121,(3,9223372036854775807))
Edge(333448,242193,(1,9223372036854775807))
Edge(335374,447451,(1,9223372036854775807))
Edge(335781,433635,(3,9223372036854775807))
Edge(335973,180344,(3,9223372036854775807))
Edge(336034,89094,(3,9223372036854775807))
Edge(336631,355230,(3,9223372036854775807))
Edge(336874,323131,(3,9223372036854775807))
Edge(337075,52903,(1,9223372036854775807))
Edge(337379,94619,(3,9223372036854775807))
Edge(337472,3733,(3,9223372036854775807))
Edge(337526,378939,(1,3))
Edge(337618,322212,(3,9223372036854775807))
Edge(337859,382568,(1,3))
Edge(338653,250248,(1,9223372036854775807))
Edge(338771,93732,(3,9223372036854775807))
Edge(338796,342364,(3,9223372036854775807))
Edge(339045,376619,(3,9223372036854775807))
Edge(339593,348758,(3,9223372036854775807))
Edge(339810,21265,(3,9223372036854775807))
Edge(339856,266897,(3,9223372036854775807))
Edge(340178,381351,(1,9223372036854775807))
Edge(340192,124349,(3,9223372036854775807))
Edge(340498,157201,(1,9223372036854775807))
Edge(340570,345487,(3,9223372036854775807))
Edge(340886,405161,(1,9223372036854775807))
Edge(340900,27169,(3,9223372036854775807))
Edge(341164,103185,(3,9223372036854775807))
Edge(341226,360,(3,9223372036854775807))
Edge(341356,288756,(3,9223372036854775807))
Edge(341359,225214,(3,9223372036854775807))
Edge(341709,340385,(3,9223372036854775807))
Edge(341895,22443,(3,9223372036854775807))
Edge(342527,42967,(3,9223372036854775807))
Edge(342661,286178,(3,9223372036854775807))
Edge(342885,162689,(3,9223372036854775807))
Edge(343162,447878,(3,9223372036854775807))
Edge(343867,232572,(3,9223372036854775807))
Edge(344052,222438,(3,9223372036854775807))
Edge(344149,202842,(3,9223372036854775807))
Edge(344243,431032,(1,9223372036854775807))
Edge(344395,372194,(1,9223372036854775807))
Edge(344589,495151,(3,9223372036854775807))
Edge(345152,187412,(3,9223372036854775807))
Edge(345192,453227,(1,3))
Edge(345303,211018,(1,9223372036854775807))
Edge(346700,116994,(1,3))
Edge(346928,22802,(1,3))
Edge(347179,148998,(3,9223372036854775807))
Edge(347417,430031,(3,9223372036854775807))
Edge(347505,105223,(3,9223372036854775807))
Edge(347528,310151,(1,3))
Edge(347575,288847,(1,9223372036854775807))
Edge(347603,36184,(3,9223372036854775807))
Edge(348051,62116,(3,9223372036854775807))
Edge(348160,488812,(1,9223372036854775807))
Edge(348519,99653,(3,9223372036854775807))
Edge(348525,302683,(3,9223372036854775807))
Edge(348535,339950,(1,3))
Edge(348774,215273,(1,9223372036854775807))
Edge(348776,373775,(3,9223372036854775807))
Edge(349256,14275,(3,9223372036854775807))
Edge(349641,62260,(3,9223372036854775807))
Edge(349849,399235,(3,9223372036854775807))
Edge(350374,430133,(1,9223372036854775807))
Edge(351777,49914,(3,9223372036854775807))
Edge(352158,147515,(1,3))
Edge(352289,442574,(1,9223372036854775807))
Edge(352295,371276,(3,9223372036854775807))
Edge(352723,406173,(3,9223372036854775807))
Edge(353062,23871,(1,3))
Edge(353360,421374,(3,9223372036854775807))
Edge(353593,328560,(3,9223372036854775807))
Edge(353613,435955,(3,9223372036854775807))
Edge(353768,248690,(1,3))
Edge(353944,327279,(3,9223372036854775807))
Edge(354112,168400,(1,9223372036854775807))
Edge(354233,164735,(3,9223372036854775807))
Edge(354440,186104,(3,9223372036854775807))
Edge(355205,165512,(1,9223372036854775807))
Edge(355528,419695,(3,9223372036854775807))
Edge(356020,57293,(1,3))
Edge(356541,449201,(3,9223372036854775807))
Edge(356583,152364,(3,9223372036854775807))
Edge(356655,219435,(3,9223372036854775807))
Edge(356741,9623,(1,9223372036854775807))
Edge(356741,43884,(1,9223372036854775807))
Edge(356865,155261,(1,3))
Edge(357008,420879,(1,9223372036854775807))
Edge(357053,216431,(1,9223372036854775807))
Edge(357301,56845,(3,9223372036854775807))
Edge(357560,5809,(3,9223372036854775807))
Edge(357960,335697,(3,9223372036854775807))
Edge(358172,164651,(3,9223372036854775807))
Edge(358416,436274,(3,9223372036854775807))
Edge(358583,15892,(3,9223372036854775807))
Edge(358610,123238,(3,9223372036854775807))
Edge(359038,177658,(3,9223372036854775807))
Edge(359078,234776,(1,9223372036854775807))
Edge(359420,104973,(3,9223372036854775807))
Edge(359563,258941,(3,9223372036854775807))
Edge(359658,74839,(3,9223372036854775807))
Edge(359706,278402,(3,9223372036854775807))
Edge(359974,42468,(1,9223372036854775807))
Edge(360382,455931,(1,9223372036854775807))
Edge(360816,135645,(3,9223372036854775807))
Edge(361019,135530,(3,9223372036854775807))
Edge(361137,324325,(3,9223372036854775807))
Edge(361937,46683,(3,9223372036854775807))
Edge(361961,60468,(3,9223372036854775807))
Edge(362342,451290,(1,9223372036854775807))
Edge(362412,28826,(3,9223372036854775807))
Edge(362424,480251,(3,9223372036854775807))
Edge(362464,204672,(3,9223372036854775807))
Edge(362513,160066,(1,9223372036854775807))
Edge(362599,403063,(3,9223372036854775807))
Edge(362635,431933,(3,9223372036854775807))
Edge(363020,468726,(1,9223372036854775807))
Edge(363086,61962,(3,9223372036854775807))
Edge(364968,297644,(3,9223372036854775807))
Edge(365076,40531,(3,9223372036854775807))
Edge(365577,173684,(3,9223372036854775807))
Edge(365604,258803,(3,9223372036854775807))
Edge(366018,475186,(3,9223372036854775807))
Edge(366103,6906,(3,9223372036854775807))
Edge(366202,134568,(1,3))
Edge(366586,143893,(3,9223372036854775807))
Edge(366941,417482,(1,9223372036854775807))
Edge(367083,110710,(3,9223372036854775807))
Edge(367396,105663,(3,9223372036854775807))
Edge(367486,476440,(3,9223372036854775807))
Edge(367503,232321,(3,9223372036854775807))
Edge(367900,109701,(3,9223372036854775807))
Edge(367928,431658,(1,3))
Edge(368756,468356,(3,9223372036854775807))
Edge(368795,115583,(3,9223372036854775807))
Edge(369101,375950,(1,9223372036854775807))
Edge(369302,305587,(3,9223372036854775807))
Edge(369462,324589,(3,9223372036854775807))
Edge(369462,382237,(3,9223372036854775807))
Edge(369934,108794,(3,9223372036854775807))
Edge(369994,98917,(3,9223372036854775807))
Edge(370695,330607,(1,9223372036854775807))
Edge(371029,405733,(3,9223372036854775807))
Edge(371112,104695,(3,9223372036854775807))
Edge(371559,144614,(3,9223372036854775807))
Edge(371944,459954,(3,9223372036854775807))
Edge(372163,201196,(3,9223372036854775807))
Edge(373103,479904,(3,9223372036854775807))
Edge(373162,325559,(3,9223372036854775807))
Edge(373173,68856,(3,9223372036854775807))
Edge(373336,198696,(3,9223372036854775807))
Edge(373973,356546,(1,9223372036854775807))
Edge(374158,345267,(3,9223372036854775807))
Edge(374290,159333,(3,9223372036854775807))
Edge(375176,116344,(3,9223372036854775807))
Edge(375241,179490,(3,9223372036854775807))
Edge(375390,388783,(3,9223372036854775807))
Edge(375572,109753,(3,9223372036854775807))
Edge(375676,288479,(3,9223372036854775807))
Edge(375854,230611,(1,9223372036854775807))
Edge(376284,326350,(3,9223372036854775807))
Edge(376835,278624,(3,9223372036854775807))
Edge(377144,462509,(3,9223372036854775807))
Edge(377161,55783,(3,9223372036854775807))
Edge(377495,302890,(1,9223372036854775807))
Edge(377891,342469,(3,9223372036854775807))
Edge(378219,384510,(3,9223372036854775807))
Edge(378317,286397,(1,9223372036854775807))
Edge(378490,323634,(3,9223372036854775807))
Edge(378569,457184,(3,9223372036854775807))
Edge(378876,396060,(3,9223372036854775807))
Edge(379359,7090,(3,9223372036854775807))
Edge(379973,146220,(1,9223372036854775807))
Edge(380026,77220,(3,9223372036854775807))
Edge(380166,75083,(3,9223372036854775807))
Edge(382237,320005,(3,9223372036854775807))
Edge(382458,144850,(3,9223372036854775807))
Edge(382559,386687,(1,9223372036854775807))
Edge(382768,294486,(3,9223372036854775807))
Edge(382852,499297,(1,3))
Edge(383637,106756,(1,9223372036854775807))
Edge(383838,244809,(3,9223372036854775807))
Edge(384723,363999,(3,9223372036854775807))
Edge(385343,154086,(3,9223372036854775807))
Edge(385842,174993,(3,9223372036854775807))
Edge(386112,61226,(3,9223372036854775807))
Edge(386500,413630,(3,9223372036854775807))
Edge(386741,394877,(3,9223372036854775807))
Edge(386817,266833,(3,9223372036854775807))
Edge(386893,48777,(3,9223372036854775807))
Edge(387323,478806,(3,9223372036854775807))
Edge(387336,458229,(3,9223372036854775807))
Edge(387728,9094,(3,9223372036854775807))
Edge(387829,325806,(3,9223372036854775807))
Edge(388652,341557,(3,9223372036854775807))
Edge(388834,201247,(3,9223372036854775807))
Edge(389171,490129,(3,9223372036854775807))
Edge(389347,240112,(3,9223372036854775807))
Edge(389515,292302,(1,9223372036854775807))
Edge(389939,28150,(1,9223372036854775807))
Edge(390095,220917,(3,9223372036854775807))
Edge(390279,135902,(3,9223372036854775807))
Edge(390681,115545,(1,3))
Edge(391060,457089,(3,9223372036854775807))
Edge(391325,40495,(3,9223372036854775807))
Edge(391815,434016,(1,9223372036854775807))
Edge(391980,147539,(3,9223372036854775807))
Edge(392297,15180,(3,9223372036854775807))
Edge(392313,462533,(1,9223372036854775807))
Edge(392421,416605,(1,9223372036854775807))
Edge(392482,267612,(3,9223372036854775807))
Edge(392849,35486,(3,9223372036854775807))
Edge(393003,443644,(1,9223372036854775807))
Edge(393596,348637,(3,9223372036854775807))
Edge(393738,288367,(3,9223372036854775807))
Edge(393946,420664,(3,9223372036854775807))
Edge(394149,77659,(1,9223372036854775807))
Edge(394455,297942,(3,9223372036854775807))
Edge(394499,20883,(3,9223372036854775807))
Edge(394600,99087,(3,9223372036854775807))
Edge(394640,220286,(3,9223372036854775807))
Edge(395057,408471,(3,9223372036854775807))
Edge(395115,96385,(3,9223372036854775807))
Edge(395359,202223,(3,9223372036854775807))
Edge(395628,429085,(3,9223372036854775807))
Edge(395668,429474,(3,9223372036854775807))
Edge(396010,228852,(1,9223372036854775807))
Edge(396551,92412,(4,9223372036854775807))
Edge(396740,97723,(3,9223372036854775807))
Edge(396798,425442,(1,3))
Edge(397193,495504,(3,9223372036854775807))
Edge(397201,153872,(3,9223372036854775807))
Edge(397330,86262,(3,9223372036854775807))
Edge(397477,91722,(3,9223372036854775807))
Edge(397702,273360,(3,9223372036854775807))
Edge(398833,409779,(1,9223372036854775807))
Edge(398904,37930,(3,9223372036854775807))
Edge(399507,294764,(3,9223372036854775807))
Edge(399511,117065,(3,9223372036854775807))
Edge(399857,315973,(3,9223372036854775807))
Edge(399928,132782,(3,9223372036854775807))
Edge(399936,23852,(3,9223372036854775807))
Edge(400463,364044,(3,9223372036854775807))
Edge(400845,480945,(1,9223372036854775807))
Edge(400984,30572,(3,9223372036854775807))
Edge(401563,163002,(3,9223372036854775807))
Edge(401775,390402,(3,9223372036854775807))
Edge(402045,252362,(3,9223372036854775807))
Edge(402115,410117,(3,9223372036854775807))
Edge(402366,183319,(3,9223372036854775807))
Edge(402903,280659,(3,9223372036854775807))
Edge(403529,188417,(3,9223372036854775807))
Edge(403607,284651,(3,9223372036854775807))
Edge(404400,369224,(1,3))
Edge(404856,254902,(3,9223372036854775807))
Edge(404995,34515,(1,9223372036854775807))
Edge(405324,267947,(3,9223372036854775807))
Edge(405618,104563,(3,9223372036854775807))
Edge(405777,483527,(3,9223372036854775807))
Edge(405927,132471,(3,9223372036854775807))
Edge(406242,440255,(3,9223372036854775807))
Edge(406325,256283,(3,9223372036854775807))
Edge(406643,474381,(3,9223372036854775807))
Edge(406788,471964,(1,9223372036854775807))
Edge(407298,196685,(1,3))
Edge(407359,209247,(3,9223372036854775807))
Edge(408167,411196,(3,9223372036854775807))
Edge(408554,244052,(3,9223372036854775807))
Edge(409193,118229,(3,9223372036854775807))
Edge(409443,345429,(3,9223372036854775807))
Edge(409449,454622,(3,9223372036854775807))
Edge(409896,310021,(1,9223372036854775807))
Edge(410256,65646,(3,9223372036854775807))
Edge(410273,316441,(4,9223372036854775807))
Edge(410382,84830,(1,9223372036854775807))
Edge(410479,74339,(3,9223372036854775807))
Edge(410720,160326,(3,9223372036854775807))
Edge(411758,158700,(3,9223372036854775807))
Edge(411953,105804,(3,9223372036854775807))
Edge(412908,412424,(3,9223372036854775807))
Edge(412918,303459,(1,9223372036854775807))
Edge(412941,318793,(3,9223372036854775807))
Edge(413318,356805,(3,9223372036854775807))
Edge(414090,53367,(3,9223372036854775807))
Edge(414098,263860,(1,3))
Edge(414363,10364,(3,9223372036854775807))
Edge(414901,84996,(3,9223372036854775807))
Edge(414905,434821,(1,3))
Edge(415015,102086,(3,9223372036854775807))
Edge(415098,49033,(3,9223372036854775807))
Edge(415465,188439,(1,9223372036854775807))
Edge(415606,453094,(3,9223372036854775807))
Edge(416326,8586,(3,9223372036854775807))
Edge(416639,239402,(3,9223372036854775807))
Edge(417283,122223,(3,9223372036854775807))
Edge(417564,32754,(1,3))
Edge(418032,53624,(3,9223372036854775807))
Edge(418116,400537,(1,3))
Edge(418126,220126,(3,9223372036854775807))
Edge(418720,258233,(3,9223372036854775807))
Edge(418746,467396,(3,9223372036854775807))
Edge(419353,20050,(1,9223372036854775807))
Edge(419579,289767,(3,9223372036854775807))
Edge(419980,229433,(3,9223372036854775807))
Edge(420002,499979,(1,9223372036854775807))
Edge(420027,429525,(3,9223372036854775807))
Edge(420042,94199,(3,9223372036854775807))
Edge(420411,339777,(3,9223372036854775807))
Edge(420694,465338,(3,9223372036854775807))
Edge(420767,491711,(1,9223372036854775807))
Edge(421881,353538,(3,9223372036854775807))
Edge(421979,280642,(3,9223372036854775807))
Edge(422857,495213,(3,9223372036854775807))
Edge(422881,167513,(3,9223372036854775807))
Edge(424140,442770,(3,9223372036854775807))
Edge(424706,54635,(3,9223372036854775807))
Edge(424761,22453,(1,3))
Edge(424832,416170,(3,9223372036854775807))
Edge(425175,8237,(3,9223372036854775807))
Edge(425187,415118,(3,9223372036854775807))
Edge(425301,301643,(3,9223372036854775807))
Edge(425654,163041,(3,9223372036854775807))
Edge(425670,319456,(3,9223372036854775807))
Edge(425874,153299,(1,3))
Edge(426042,431832,(3,9223372036854775807))
Edge(426268,20813,(3,9223372036854775807))
Edge(426334,111167,(3,9223372036854775807))
Edge(426563,39395,(1,3))
Edge(426700,195232,(3,9223372036854775807))
Edge(426713,382855,(3,9223372036854775807))
Edge(426852,103461,(3,9223372036854775807))
Edge(427093,373853,(3,9223372036854775807))
Edge(427604,483828,(3,9223372036854775807))
Edge(427925,362584,(3,9223372036854775807))
Edge(427990,164275,(3,9223372036854775807))
Edge(428091,330068,(1,3))
Edge(428583,278687,(3,9223372036854775807))
Edge(428824,125330,(3,9223372036854775807))
Edge(429565,384082,(3,9223372036854775807))
Edge(429675,267314,(3,9223372036854775807))
Edge(429681,5549,(3,9223372036854775807))
Edge(430501,341748,(3,9223372036854775807))
Edge(430624,472916,(3,9223372036854775807))
Edge(430847,59661,(3,9223372036854775807))
Edge(431363,12728,(1,9223372036854775807))
Edge(431643,412299,(4,9223372036854775807))
Edge(432778,329231,(3,9223372036854775807))
Edge(432789,329892,(1,3))
Edge(433177,366792,(3,9223372036854775807))
Edge(433235,416257,(3,9223372036854775807))
Edge(433564,77600,(3,9223372036854775807))
Edge(433807,229857,(1,9223372036854775807))
Edge(434075,55441,(3,9223372036854775807))
Edge(434516,470533,(3,9223372036854775807))
Edge(434529,409858,(3,9223372036854775807))
Edge(434598,147944,(3,9223372036854775807))
Edge(435049,325673,(3,9223372036854775807))
Edge(435374,346242,(3,9223372036854775807))
Edge(435666,157738,(3,9223372036854775807))
Edge(435782,50903,(3,9223372036854775807))
Edge(436301,223950,(3,9223372036854775807))
Edge(436325,349482,(3,9223372036854775807))
Edge(436404,284822,(3,9223372036854775807))
Edge(436994,423971,(3,9223372036854775807))
Edge(437122,266947,(3,9223372036854775807))
Edge(437324,202549,(3,9223372036854775807))
Edge(438357,185734,(1,3))
Edge(438402,267856,(3,9223372036854775807))
Edge(439098,410487,(3,4))
Edge(439526,254560,(1,3))
Edge(439602,497703,(3,9223372036854775807))
Edge(439778,239145,(1,3))
Edge(440304,432438,(1,9223372036854775807))
Edge(440872,302084,(3,9223372036854775807))
Edge(441305,269658,(3,9223372036854775807))
Edge(441328,439591,(3,9223372036854775807))
Edge(441655,353286,(1,9223372036854775807))
Edge(441733,223284,(1,9223372036854775807))
Edge(441806,344216,(1,9223372036854775807))
Edge(441996,51974,(3,9223372036854775807))
Edge(442218,6340,(3,9223372036854775807))
Edge(442300,142888,(3,9223372036854775807))
Edge(442519,16819,(3,9223372036854775807))
Edge(442569,424234,(3,9223372036854775807))
Edge(443053,104261,(1,9223372036854775807))
Edge(443153,360790,(3,9223372036854775807))
Edge(443317,301599,(3,9223372036854775807))
Edge(443526,367120,(3,9223372036854775807))
Edge(443618,65473,(3,9223372036854775807))
Edge(443865,281796,(3,9223372036854775807))
Edge(444482,362261,(3,9223372036854775807))
Edge(444715,414792,(1,3))
Edge(445050,320762,(3,9223372036854775807))
Edge(445149,105697,(1,3))
Edge(445258,259639,(3,9223372036854775807))
Edge(445551,358692,(3,9223372036854775807))
Edge(445745,253240,(1,9223372036854775807))
Edge(445759,238137,(3,9223372036854775807))
Edge(445935,114740,(3,9223372036854775807))
Edge(446622,430070,(3,9223372036854775807))
Edge(446910,165252,(4,9223372036854775807))
Edge(447224,144966,(3,9223372036854775807))
Edge(447757,119065,(3,9223372036854775807))
Edge(447758,33241,(3,9223372036854775807))
Edge(447773,194764,(1,9223372036854775807))
Edge(448111,182882,(3,9223372036854775807))
Edge(448487,423720,(3,9223372036854775807))
Edge(448759,278104,(3,9223372036854775807))
Edge(448832,212990,(3,9223372036854775807))
Edge(448903,409157,(3,9223372036854775807))
Edge(449148,377431,(1,9223372036854775807))
Edge(449209,16245,(3,9223372036854775807))
Edge(449375,395409,(3,9223372036854775807))
Edge(449427,71636,(3,9223372036854775807))
Edge(449821,336960,(3,9223372036854775807))
Edge(449842,122921,(1,9223372036854775807))
Edge(449862,124441,(1,9223372036854775807))
Edge(449921,217349,(3,9223372036854775807))
Edge(450084,365434,(3,9223372036854775807))
Edge(450615,418103,(1,9223372036854775807))
Edge(450868,102903,(1,3))
Edge(450976,416150,(3,9223372036854775807))
Edge(451002,278441,(3,9223372036854775807))
Edge(451216,207741,(3,9223372036854775807))
Edge(451649,199248,(3,9223372036854775807))
Edge(451693,466919,(3,9223372036854775807))
Edge(451700,416900,(1,9223372036854775807))
Edge(451740,86188,(3,9223372036854775807))
Edge(451947,7980,(3,9223372036854775807))
Edge(451959,132180,(3,9223372036854775807))
Edge(452037,49005,(3,9223372036854775807))
Edge(452236,155987,(3,9223372036854775807))
Edge(452943,12054,(3,9223372036854775807))
Edge(453267,473636,(3,9223372036854775807))
Edge(453385,371516,(3,9223372036854775807))
Edge(453455,157149,(1,9223372036854775807))
Edge(453723,334635,(3,9223372036854775807))
Edge(454938,203365,(3,9223372036854775807))
Edge(455080,122873,(3,9223372036854775807))
Edge(455205,154585,(1,9223372036854775807))
Edge(455293,166247,(3,9223372036854775807))
Edge(455370,172896,(1,3))
Edge(455406,24538,(3,9223372036854775807))
Edge(455475,42600,(3,9223372036854775807))
Edge(455604,428889,(3,9223372036854775807))
Edge(456034,443624,(1,3))
Edge(456275,103320,(3,9223372036854775807))
Edge(456559,492235,(1,9223372036854775807))
Edge(457292,47020,(3,9223372036854775807))
Edge(457560,207227,(3,9223372036854775807))
Edge(457697,17030,(1,9223372036854775807))
Edge(457884,315948,(3,9223372036854775807))
Edge(457924,305107,(3,9223372036854775807))
Edge(457986,132555,(3,9223372036854775807))
Edge(458036,192642,(3,9223372036854775807))
Edge(458439,74448,(1,3))
Edge(458811,110958,(3,9223372036854775807))
Edge(459265,36670,(1,9223372036854775807))
Edge(459328,314302,(3,9223372036854775807))
Edge(459340,330271,(3,9223372036854775807))
Edge(459381,68973,(1,9223372036854775807))
Edge(459677,84474,(3,9223372036854775807))
Edge(459939,314,(3,9223372036854775807))
Edge(460140,141025,(3,9223372036854775807))
Edge(460222,140754,(3,9223372036854775807))
Edge(461391,250,(3,9223372036854775807))
Edge(461458,68485,(1,3))
Edge(461906,415022,(3,9223372036854775807))
Edge(461996,452637,(3,9223372036854775807))
Edge(462222,474482,(3,9223372036854775807))
Edge(462628,248961,(3,9223372036854775807))
Edge(462710,251972,(3,9223372036854775807))
Edge(462846,423165,(3,9223372036854775807))
Edge(462895,211321,(3,9223372036854775807))
Edge(462958,372178,(3,9223372036854775807))
Edge(463479,83629,(3,9223372036854775807))
Edge(463890,286293,(1,3))
Edge(464153,80959,(3,9223372036854775807))
Edge(464188,377815,(3,9223372036854775807))
Edge(464224,450979,(3,9223372036854775807))
Edge(464271,372832,(3,9223372036854775807))
Edge(464440,408070,(3,9223372036854775807))
Edge(466183,350579,(3,9223372036854775807))
Edge(467448,399108,(3,9223372036854775807))
Edge(467796,318861,(3,9223372036854775807))
Edge(467919,178196,(3,9223372036854775807))
Edge(468029,187630,(3,9223372036854775807))
Edge(468125,361441,(3,9223372036854775807))
Edge(468584,290273,(1,3))
Edge(468836,398356,(1,9223372036854775807))
Edge(469674,280953,(1,9223372036854775807))
Edge(469679,319455,(3,9223372036854775807))
Edge(469805,361343,(3,9223372036854775807))
Edge(469806,78509,(3,9223372036854775807))
Edge(470169,355754,(3,9223372036854775807))
Edge(470674,66772,(3,9223372036854775807))
Edge(471258,259457,(3,9223372036854775807))
Edge(471274,373595,(1,9223372036854775807))
Edge(471809,321845,(1,9223372036854775807))
Edge(472477,339490,(3,9223372036854775807))
Edge(472699,152443,(3,9223372036854775807))
Edge(473030,168483,(3,9223372036854775807))
Edge(473059,4297,(3,9223372036854775807))
Edge(473285,304611,(3,9223372036854775807))
Edge(473500,328270,(1,3))
Edge(474258,313913,(1,3))
Edge(474385,420967,(3,9223372036854775807))
Edge(474516,260828,(1,9223372036854775807))
Edge(474659,25732,(3,9223372036854775807))
Edge(474958,234869,(1,9223372036854775807))
Edge(474972,236940,(3,9223372036854775807))
Edge(474975,350993,(1,3))
Edge(475011,295769,(1,9223372036854775807))
Edge(475382,21073,(3,9223372036854775807))
Edge(475496,472144,(3,9223372036854775807))
Edge(475543,374891,(3,9223372036854775807))
Edge(475812,106101,(3,9223372036854775807))
Edge(475952,168269,(3,9223372036854775807))
Edge(476070,167264,(3,9223372036854775807))
Edge(476141,187320,(1,9223372036854775807))
Edge(476628,363556,(3,9223372036854775807))
Edge(477092,92918,(3,9223372036854775807))
Edge(477262,87218,(3,9223372036854775807))
Edge(477268,61400,(3,9223372036854775807))
Edge(477529,237594,(3,9223372036854775807))
Edge(478201,243198,(1,9223372036854775807))
Edge(478270,397483,(3,9223372036854775807))
Edge(478402,470287,(3,9223372036854775807))
Edge(478503,484016,(3,9223372036854775807))
Edge(478938,257337,(1,9223372036854775807))
Edge(478974,363652,(3,9223372036854775807))
Edge(479046,76488,(3,9223372036854775807))
Edge(479573,215191,(3,9223372036854775807))
Edge(480284,70224,(3,9223372036854775807))
Edge(480397,174238,(3,9223372036854775807))
Edge(480725,392056,(3,9223372036854775807))
Edge(480913,20079,(3,9223372036854775807))
Edge(481036,386145,(3,9223372036854775807))
Edge(481129,124836,(3,9223372036854775807))
Edge(481315,100231,(3,9223372036854775807))
Edge(481449,320137,(3,9223372036854775807))
Edge(481495,43559,(1,9223372036854775807))
Edge(481841,339815,(1,3))
Edge(481902,141518,(3,9223372036854775807))
Edge(482186,344832,(1,3))
Edge(482354,419725,(3,9223372036854775807))
Edge(482482,329037,(3,9223372036854775807))
Edge(482859,492733,(3,9223372036854775807))
Edge(483220,461991,(3,9223372036854775807))
Edge(483647,397957,(3,9223372036854775807))
Edge(484587,118607,(3,9223372036854775807))
Edge(485025,217410,(3,9223372036854775807))
Edge(486096,24293,(3,9223372036854775807))
Edge(486387,163410,(3,9223372036854775807))
Edge(486571,162576,(3,9223372036854775807))
Edge(486618,390315,(3,9223372036854775807))
Edge(486620,386754,(3,9223372036854775807))
Edge(486691,398048,(3,9223372036854775807))
Edge(486703,470749,(3,9223372036854775807))
Edge(486770,267220,(1,9223372036854775807))
Edge(486960,167440,(1,9223372036854775807))
Edge(486992,31111,(3,9223372036854775807))
Edge(487010,97890,(3,9223372036854775807))
Edge(487286,326841,(3,9223372036854775807))
Edge(487390,143233,(3,9223372036854775807))
Edge(487455,312707,(3,9223372036854775807))
Edge(488043,209915,(1,9223372036854775807))
Edge(488441,364820,(3,9223372036854775807))
Edge(488459,131112,(1,9223372036854775807))
Edge(488585,436635,(3,9223372036854775807))
Edge(488626,373086,(3,9223372036854775807))
Edge(488776,375559,(3,9223372036854775807))
Edge(488879,458019,(3,9223372036854775807))
Edge(489374,295726,(3,9223372036854775807))
Edge(489473,187016,(3,9223372036854775807))
Edge(489550,309091,(3,9223372036854775807))
Edge(489678,202567,(1,3))
Edge(490302,46565,(3,9223372036854775807))
Edge(490729,26803,(3,9223372036854775807))
Edge(491026,143076,(3,9223372036854775807))
Edge(491880,128143,(3,9223372036854775807))
Edge(492060,32135,(1,9223372036854775807))
Edge(492153,161774,(1,3))
Edge(492600,55011,(1,9223372036854775807))
Edge(492814,373719,(1,9223372036854775807))
Edge(492975,134271,(3,9223372036854775807))
Edge(493320,230131,(3,9223372036854775807))
Edge(493435,488774,(3,9223372036854775807))
Edge(493552,450208,(1,9223372036854775807))
Edge(493571,15495,(1,9223372036854775807))
Edge(493855,38301,(3,9223372036854775807))
Edge(494048,404824,(3,9223372036854775807))
Edge(494535,395867,(1,9223372036854775807))
Edge(494580,381653,(3,9223372036854775807))
Edge(494921,154074,(3,9223372036854775807))
Edge(495342,170238,(3,9223372036854775807))
Edge(495808,7067,(3,9223372036854775807))
Edge(496008,424779,(3,9223372036854775807))
Edge(496270,206351,(3,9223372036854775807))
Edge(497011,346157,(1,9223372036854775807))
Edge(497345,441355,(1,9223372036854775807))
Edge(497399,391708,(3,9223372036854775807))
Edge(497645,219674,(1,9223372036854775807))
Edge(497755,133501,(3,9223372036854775807))
Edge(497903,406620,(3,9223372036854775807))
Edge(499309,316393,(3,9223372036854775807))
Edge(499404,880,(3,9223372036854775807))
