Edge(76,454464,(3,9223372036854775807))
Edge(139,475860,(1,9223372036854775807))
Edge(467,270338,(1,9223372036854775807))
Edge(981,137703,(3,9223372036854775807))
Edge(1190,262420,(3,9223372036854775807))
Edge(1640,372392,(3,9223372036854775807))
Edge(2047,392803,(1,9223372036854775807))
Edge(2495,469414,(3,9223372036854775807))
Edge(2515,4292,(3,9223372036854775807))
Edge(2564,103441,(1,9223372036854775807))
Edge(3227,123427,(3,9223372036854775807))
Edge(3265,212696,(1,9223372036854775807))
Edge(3426,492059,(3,9223372036854775807))
Edge(3466,246770,(3,9223372036854775807))
Edge(4414,44874,(1,9223372036854775807))
Edge(4455,167675,(3,9223372036854775807))
Edge(4540,410601,(1,9223372036854775807))
Edge(5356,497848,(3,9223372036854775807))
Edge(6136,134301,(3,9223372036854775807))
Edge(6279,259871,(3,9223372036854775807))
Edge(6750,247713,(3,9223372036854775807))
Edge(6859,434983,(3,9223372036854775807))
Edge(6933,438837,(3,9223372036854775807))
Edge(7210,343770,(1,9223372036854775807))
Edge(7330,357798,(3,9223372036854775807))
Edge(7465,283042,(1,9223372036854775807))
Edge(7641,278398,(3,9223372036854775807))
Edge(7910,122438,(3,9223372036854775807))
Edge(8374,146995,(3,9223372036854775807))
Edge(8431,465860,(3,9223372036854775807))
Edge(9117,144606,(3,9223372036854775807))
Edge(9456,121946,(3,9223372036854775807))
Edge(9789,44861,(3,9223372036854775807))
Edge(9818,302743,(3,9223372036854775807))
Edge(10205,487293,(3,9223372036854775807))
Edge(10321,480314,(3,9223372036854775807))
Edge(10552,49508,(1,3))
Edge(10846,369070,(3,9223372036854775807))
Edge(10945,225926,(3,9223372036854775807))
Edge(11172,97280,(3,9223372036854775807))
Edge(11215,42614,(1,9223372036854775807))
Edge(11344,262981,(3,9223372036854775807))
Edge(11410,405616,(3,9223372036854775807))
Edge(11436,329692,(3,9223372036854775807))
Edge(11739,360834,(3,9223372036854775807))
Edge(12286,219739,(3,9223372036854775807))
Edge(12570,490712,(3,9223372036854775807))
Edge(12623,302602,(3,9223372036854775807))
Edge(12951,438390,(3,9223372036854775807))
Edge(13330,70688,(1,9223372036854775807))
Edge(13412,248329,(3,9223372036854775807))
Edge(13510,55708,(3,9223372036854775807))
Edge(13636,170676,(3,9223372036854775807))
Edge(14404,166291,(3,9223372036854775807))
Edge(14616,16080,(3,9223372036854775807))
Edge(14697,475861,(3,9223372036854775807))
Edge(14747,496658,(3,9223372036854775807))
Edge(14859,253371,(3,9223372036854775807))
Edge(15711,311079,(3,9223372036854775807))
Edge(15921,143674,(3,9223372036854775807))
Edge(16475,106200,(3,9223372036854775807))
Edge(16765,201719,(3,9223372036854775807))
Edge(16999,374881,(3,9223372036854775807))
Edge(17033,455945,(3,9223372036854775807))
Edge(17138,252971,(1,9223372036854775807))
Edge(17312,467237,(3,9223372036854775807))
Edge(17516,19597,(3,9223372036854775807))
Edge(18167,296488,(3,9223372036854775807))
Edge(18257,59483,(3,9223372036854775807))
Edge(18458,245669,(3,9223372036854775807))
Edge(18492,350561,(3,9223372036854775807))
Edge(18905,229815,(3,9223372036854775807))
Edge(19141,190052,(3,9223372036854775807))
Edge(19266,34220,(3,9223372036854775807))
Edge(19489,122932,(1,9223372036854775807))
Edge(19694,267218,(3,9223372036854775807))
Edge(20189,88329,(3,9223372036854775807))
Edge(20391,173292,(3,9223372036854775807))
Edge(20611,443634,(1,9223372036854775807))
Edge(20687,154366,(3,9223372036854775807))
Edge(20788,268686,(1,9223372036854775807))
Edge(21026,399829,(3,9223372036854775807))
Edge(21123,90277,(3,9223372036854775807))
Edge(21951,24740,(3,9223372036854775807))
Edge(22106,234588,(1,3))
Edge(22586,255688,(3,9223372036854775807))
Edge(23055,319168,(3,9223372036854775807))
Edge(23124,368963,(3,9223372036854775807))
Edge(23289,493380,(1,9223372036854775807))
Edge(23541,310061,(3,9223372036854775807))
Edge(23632,464890,(3,9223372036854775807))
Edge(23906,208092,(3,9223372036854775807))
Edge(24658,23739,(3,9223372036854775807))
Edge(24781,57499,(1,3))
Edge(25203,313926,(3,9223372036854775807))
Edge(25325,352032,(1,3))
Edge(25601,173804,(3,9223372036854775807))
Edge(26013,168790,(3,9223372036854775807))
Edge(26111,457565,(3,9223372036854775807))
Edge(26594,155929,(3,9223372036854775807))
Edge(26632,171276,(3,9223372036854775807))
Edge(27004,124828,(3,9223372036854775807))
Edge(27096,358461,(3,9223372036854775807))
Edge(27122,286394,(3,9223372036854775807))
Edge(27299,186202,(3,9223372036854775807))
Edge(27513,372908,(1,9223372036854775807))
Edge(27623,442089,(1,3))
Edge(27701,453097,(1,9223372036854775807))
Edge(27774,279699,(3,9223372036854775807))
Edge(27905,215656,(3,9223372036854775807))
Edge(28138,480907,(3,9223372036854775807))
Edge(28157,249863,(3,9223372036854775807))
Edge(28366,318067,(3,9223372036854775807))
Edge(28510,338613,(3,9223372036854775807))
Edge(28844,314273,(3,9223372036854775807))
Edge(29547,34587,(3,9223372036854775807))
Edge(29572,136595,(3,9223372036854775807))
Edge(30197,226703,(3,9223372036854775807))
Edge(30518,366833,(3,9223372036854775807))
Edge(30815,308107,(3,9223372036854775807))
Edge(31215,79266,(3,9223372036854775807))
Edge(31559,306660,(1,9223372036854775807))
Edge(31658,25349,(3,9223372036854775807))
Edge(31690,472235,(1,9223372036854775807))
Edge(32232,411330,(3,9223372036854775807))
Edge(33318,398687,(3,9223372036854775807))
Edge(33519,401319,(1,9223372036854775807))
Edge(33784,322690,(3,9223372036854775807))
Edge(34273,93709,(3,9223372036854775807))
Edge(34386,132299,(3,9223372036854775807))
Edge(34838,273256,(3,9223372036854775807))
Edge(35076,168819,(3,9223372036854775807))
Edge(35187,90013,(3,9223372036854775807))
Edge(35502,33085,(3,9223372036854775807))
Edge(35961,394075,(3,9223372036854775807))
Edge(36025,134248,(1,3))
Edge(36120,254119,(3,9223372036854775807))
Edge(36152,192390,(3,9223372036854775807))
Edge(36160,34567,(3,9223372036854775807))
Edge(36817,232855,(3,9223372036854775807))
Edge(37108,379096,(3,9223372036854775807))
Edge(37675,372404,(3,9223372036854775807))
Edge(38128,457476,(3,9223372036854775807))
Edge(38616,48639,(3,9223372036854775807))
Edge(38795,424767,(3,9223372036854775807))
Edge(38947,327966,(3,9223372036854775807))
Edge(38968,228265,(3,9223372036854775807))
Edge(39136,134628,(3,9223372036854775807))
Edge(39174,13463,(1,9223372036854775807))
Edge(39280,121146,(1,3))
Edge(39348,310066,(3,9223372036854775807))
Edge(39899,168376,(1,9223372036854775807))
Edge(40446,277916,(4,9223372036854775807))
Edge(40822,308502,(4,9223372036854775807))
Edge(41066,27299,(1,3))
Edge(41305,279618,(3,9223372036854775807))
Edge(41451,43040,(3,9223372036854775807))
Edge(41722,178313,(3,9223372036854775807))
Edge(41912,131472,(3,9223372036854775807))
Edge(41941,32900,(3,9223372036854775807))
Edge(41999,82196,(3,9223372036854775807))
Edge(42421,40290,(3,9223372036854775807))
Edge(42464,279346,(3,9223372036854775807))
Edge(42534,196349,(3,9223372036854775807))
Edge(42547,380520,(3,9223372036854775807))
Edge(43019,138941,(3,9223372036854775807))
Edge(43422,321331,(1,3))
Edge(43429,432387,(3,9223372036854775807))
Edge(43744,83105,(3,9223372036854775807))
Edge(43886,394852,(3,9223372036854775807))
Edge(43934,162382,(3,9223372036854775807))
Edge(44143,260241,(1,9223372036854775807))
Edge(44611,30524,(1,3))
Edge(44933,442545,(3,9223372036854775807))
Edge(45147,312682,(3,9223372036854775807))
Edge(46052,400493,(1,3))
Edge(46402,432693,(3,9223372036854775807))
Edge(46675,499809,(3,9223372036854775807))
Edge(48297,469251,(3,9223372036854775807))
Edge(48413,166079,(1,9223372036854775807))
Edge(48968,142262,(3,9223372036854775807))
Edge(49126,394804,(3,9223372036854775807))
Edge(49230,265782,(3,9223372036854775807))
Edge(49349,207606,(3,9223372036854775807))
Edge(49390,47406,(3,9223372036854775807))
Edge(49504,31459,(3,9223372036854775807))
Edge(50367,275311,(1,9223372036854775807))
Edge(50427,9175,(3,9223372036854775807))
Edge(50559,299763,(3,9223372036854775807))
Edge(50601,35805,(3,9223372036854775807))
Edge(50895,332630,(3,9223372036854775807))
Edge(50988,156688,(3,9223372036854775807))
Edge(51030,25632,(3,9223372036854775807))
Edge(51309,441401,(3,9223372036854775807))
Edge(51346,476280,(3,9223372036854775807))
Edge(51498,357213,(3,9223372036854775807))
Edge(51706,243950,(3,9223372036854775807))
Edge(52192,27802,(3,9223372036854775807))
Edge(52323,86943,(3,9223372036854775807))
Edge(52950,494287,(3,9223372036854775807))
Edge(53621,350247,(3,9223372036854775807))
Edge(53804,459345,(3,9223372036854775807))
Edge(54325,319957,(3,9223372036854775807))
Edge(54818,471641,(1,9223372036854775807))
Edge(54852,26591,(3,9223372036854775807))
Edge(54855,491346,(3,9223372036854775807))
Edge(55099,37278,(3,9223372036854775807))
Edge(55309,451346,(1,9223372036854775807))
Edge(55642,271145,(3,9223372036854775807))
Edge(55803,400050,(3,9223372036854775807))
Edge(56031,227004,(1,9223372036854775807))
Edge(56082,80718,(1,3))
Edge(56300,307075,(3,9223372036854775807))
Edge(56416,293338,(3,9223372036854775807))
Edge(57221,395398,(3,9223372036854775807))
Edge(57330,72804,(3,9223372036854775807))
Edge(57661,178971,(3,9223372036854775807))
Edge(58648,108004,(3,9223372036854775807))
Edge(58909,446010,(3,9223372036854775807))
Edge(59087,345010,(3,9223372036854775807))
Edge(59277,370170,(3,9223372036854775807))
Edge(59397,19023,(3,9223372036854775807))
Edge(59668,185317,(3,9223372036854775807))
Edge(59742,449534,(3,9223372036854775807))
Edge(60804,15615,(1,9223372036854775807))
Edge(61047,141636,(1,3))
Edge(61184,250383,(3,9223372036854775807))
Edge(61205,287479,(3,9223372036854775807))
Edge(61335,418974,(3,9223372036854775807))
Edge(61556,202235,(3,9223372036854775807))
Edge(61936,27882,(3,9223372036854775807))
Edge(62859,454419,(3,9223372036854775807))
Edge(62961,466157,(3,9223372036854775807))
Edge(63061,104647,(3,9223372036854775807))
Edge(63925,177050,(3,9223372036854775807))
Edge(64073,300162,(3,9223372036854775807))
Edge(64231,126286,(3,9223372036854775807))
Edge(64693,29361,(3,9223372036854775807))
Edge(64734,365043,(3,9223372036854775807))
Edge(64750,256790,(3,9223372036854775807))
Edge(64843,479440,(3,9223372036854775807))
Edge(65359,232922,(3,9223372036854775807))
Edge(65429,492873,(1,9223372036854775807))
Edge(66170,192211,(3,9223372036854775807))
Edge(66240,426783,(3,4))
Edge(66416,230905,(1,9223372036854775807))
Edge(66768,178290,(3,9223372036854775807))
Edge(66781,118955,(3,9223372036854775807))
Edge(66881,297067,(3,9223372036854775807))
Edge(67773,490834,(3,9223372036854775807))
Edge(67807,374788,(3,9223372036854775807))
Edge(68427,306388,(3,9223372036854775807))
Edge(68809,395066,(3,9223372036854775807))
Edge(68841,131830,(3,9223372036854775807))
Edge(68896,140415,(3,9223372036854775807))
Edge(69466,491869,(3,9223372036854775807))
Edge(69610,82095,(3,9223372036854775807))
Edge(69635,273736,(3,9223372036854775807))
Edge(69753,443832,(1,9223372036854775807))
Edge(69938,105085,(3,9223372036854775807))
Edge(70304,252770,(3,9223372036854775807))
Edge(70409,140842,(3,9223372036854775807))
Edge(70577,284759,(1,9223372036854775807))
Edge(70747,48958,(3,9223372036854775807))
Edge(70816,25212,(3,9223372036854775807))
Edge(71066,9405,(1,9223372036854775807))
Edge(71472,288177,(3,9223372036854775807))
Edge(71704,304391,(3,9223372036854775807))
Edge(72829,413779,(3,9223372036854775807))
Edge(72911,199012,(3,9223372036854775807))
Edge(72926,392609,(3,9223372036854775807))
Edge(73016,269019,(3,9223372036854775807))
Edge(73207,302155,(3,9223372036854775807))
Edge(73561,199379,(3,9223372036854775807))
Edge(74435,108765,(3,9223372036854775807))
Edge(74438,211832,(3,9223372036854775807))
Edge(74506,334921,(3,9223372036854775807))
Edge(74560,481822,(3,9223372036854775807))
Edge(75904,24867,(1,9223372036854775807))
Edge(76484,171244,(1,9223372036854775807))
Edge(76852,167904,(1,3))
Edge(77701,187246,(3,9223372036854775807))
Edge(78123,66463,(3,9223372036854775807))
Edge(78480,324806,(3,9223372036854775807))
Edge(78781,143877,(3,9223372036854775807))
Edge(79331,246686,(1,9223372036854775807))
Edge(79375,101197,(3,9223372036854775807))
Edge(79418,194837,(3,9223372036854775807))
Edge(79593,277758,(3,9223372036854775807))
Edge(79818,482793,(3,9223372036854775807))
Edge(80324,174912,(3,9223372036854775807))
Edge(80721,73751,(3,9223372036854775807))
Edge(80775,7935,(3,9223372036854775807))
Edge(80992,328629,(3,9223372036854775807))
Edge(81017,412315,(3,9223372036854775807))
Edge(81243,416879,(3,9223372036854775807))
Edge(81430,353633,(1,9223372036854775807))
Edge(81631,161909,(3,9223372036854775807))
Edge(81835,130954,(3,9223372036854775807))
Edge(82047,43094,(1,3))
Edge(82240,224533,(3,9223372036854775807))
Edge(82487,86353,(1,9223372036854775807))
Edge(82548,365899,(3,9223372036854775807))
Edge(83109,224284,(3,9223372036854775807))
Edge(83385,233261,(3,9223372036854775807))
Edge(83428,264131,(3,9223372036854775807))
Edge(84125,137128,(3,9223372036854775807))
Edge(84254,190019,(1,3))
Edge(84350,107475,(3,9223372036854775807))
Edge(84409,463178,(3,9223372036854775807))
Edge(84668,213094,(3,9223372036854775807))
Edge(84969,121028,(3,9223372036854775807))
Edge(85097,239074,(3,9223372036854775807))
Edge(85168,77572,(3,9223372036854775807))
Edge(85353,53654,(3,9223372036854775807))
Edge(85369,69568,(3,9223372036854775807))
Edge(85392,298303,(3,9223372036854775807))
Edge(86640,464906,(1,9223372036854775807))
Edge(87092,340075,(3,9223372036854775807))
Edge(87113,258169,(3,9223372036854775807))
Edge(87750,128597,(3,9223372036854775807))
Edge(87869,117877,(3,9223372036854775807))
Edge(88097,41194,(1,9223372036854775807))
Edge(88555,276795,(1,9223372036854775807))
Edge(88721,22926,(1,9223372036854775807))
Edge(88875,14842,(1,9223372036854775807))
Edge(88922,297296,(3,9223372036854775807))
Edge(89160,340310,(3,9223372036854775807))
Edge(89281,189497,(3,9223372036854775807))
Edge(89405,104561,(3,9223372036854775807))
Edge(90066,355961,(3,9223372036854775807))
Edge(90758,358594,(3,9223372036854775807))
Edge(91206,362848,(3,9223372036854775807))
Edge(91666,228061,(3,9223372036854775807))
Edge(91716,369737,(3,9223372036854775807))
Edge(92545,390655,(3,9223372036854775807))
Edge(93121,209172,(3,9223372036854775807))
Edge(93544,95856,(3,9223372036854775807))
Edge(93596,100146,(3,9223372036854775807))
Edge(94282,488936,(3,9223372036854775807))
Edge(94603,349161,(3,9223372036854775807))
Edge(94611,106653,(3,9223372036854775807))
Edge(94741,55948,(3,9223372036854775807))
Edge(95463,66916,(3,9223372036854775807))
Edge(95548,43290,(3,9223372036854775807))
Edge(95759,348064,(3,9223372036854775807))
Edge(95842,68760,(3,9223372036854775807))
Edge(95928,325691,(3,9223372036854775807))
Edge(96007,468355,(3,9223372036854775807))
Edge(97027,247404,(3,9223372036854775807))
Edge(97476,276241,(3,9223372036854775807))
Edge(97481,171554,(1,3))
Edge(97571,16746,(1,9223372036854775807))
Edge(97738,390566,(3,9223372036854775807))
Edge(97954,473152,(3,9223372036854775807))
Edge(98044,461385,(1,9223372036854775807))
Edge(98133,279284,(3,9223372036854775807))
Edge(98405,166904,(3,9223372036854775807))
Edge(99565,199380,(3,9223372036854775807))
Edge(99640,154656,(3,9223372036854775807))
Edge(99791,33282,(1,3))
Edge(99926,309131,(3,9223372036854775807))
Edge(99979,465131,(3,9223372036854775807))
Edge(100358,429978,(3,9223372036854775807))
Edge(100445,192995,(3,9223372036854775807))
Edge(100640,336424,(3,9223372036854775807))
Edge(101022,294480,(3,9223372036854775807))
Edge(101195,307475,(3,9223372036854775807))
Edge(101218,379709,(3,9223372036854775807))
Edge(101237,9814,(3,9223372036854775807))
Edge(101489,455253,(1,9223372036854775807))
Edge(101697,68885,(1,9223372036854775807))
Edge(102915,25959,(3,9223372036854775807))
Edge(103383,327583,(3,9223372036854775807))
Edge(103515,195198,(1,9223372036854775807))
Edge(103840,376887,(1,9223372036854775807))
Edge(104311,459927,(3,9223372036854775807))
Edge(105357,39172,(3,9223372036854775807))
Edge(105391,497005,(3,9223372036854775807))
Edge(105749,420851,(3,9223372036854775807))
Edge(105819,69416,(3,9223372036854775807))
Edge(105866,304020,(1,9223372036854775807))
Edge(106217,83549,(3,9223372036854775807))
Edge(107092,351868,(3,9223372036854775807))
Edge(107252,326537,(3,9223372036854775807))
Edge(108072,303618,(1,3))
Edge(108592,71340,(3,9223372036854775807))
Edge(108816,157220,(3,9223372036854775807))
Edge(108912,493211,(3,9223372036854775807))
Edge(108958,103479,(1,3))
Edge(109273,25011,(3,9223372036854775807))
Edge(109278,399035,(3,9223372036854775807))
Edge(109289,372229,(3,9223372036854775807))
Edge(109751,345128,(3,9223372036854775807))
Edge(109779,277900,(3,9223372036854775807))
Edge(109850,165901,(3,9223372036854775807))
Edge(110318,488730,(3,9223372036854775807))
Edge(110437,132668,(3,9223372036854775807))
Edge(110454,107622,(3,9223372036854775807))
Edge(110526,20561,(3,9223372036854775807))
Edge(110757,204521,(3,9223372036854775807))
Edge(110906,279138,(3,9223372036854775807))
Edge(111156,102731,(3,9223372036854775807))
Edge(111172,1390,(3,9223372036854775807))
Edge(112053,393646,(3,9223372036854775807))
Edge(112394,302110,(3,9223372036854775807))
Edge(112419,78438,(3,9223372036854775807))
Edge(112509,411696,(3,9223372036854775807))
Edge(112791,243203,(3,9223372036854775807))
Edge(112828,486619,(3,9223372036854775807))
Edge(113047,163288,(1,9223372036854775807))
Edge(113251,13302,(3,9223372036854775807))
Edge(113448,499173,(3,9223372036854775807))
Edge(113676,12284,(1,9223372036854775807))
Edge(113681,377382,(3,9223372036854775807))
Edge(113745,331154,(3,9223372036854775807))
Edge(114573,111108,(3,9223372036854775807))
Edge(114749,249882,(3,9223372036854775807))
Edge(115008,348083,(3,9223372036854775807))
Edge(115369,400244,(3,9223372036854775807))
Edge(116224,42031,(3,9223372036854775807))
Edge(116504,113398,(3,9223372036854775807))
Edge(116731,219551,(3,9223372036854775807))
Edge(116833,21113,(3,9223372036854775807))
Edge(117490,305066,(1,3))
Edge(117650,326820,(1,9223372036854775807))
Edge(117769,177875,(3,9223372036854775807))
Edge(118005,482100,(3,9223372036854775807))
Edge(118065,204678,(3,9223372036854775807))
Edge(118084,408799,(1,9223372036854775807))
Edge(118121,439531,(3,9223372036854775807))
Edge(118368,288771,(3,9223372036854775807))
Edge(118558,68444,(3,9223372036854775807))
Edge(120000,402238,(1,3))
Edge(120903,456236,(3,9223372036854775807))
Edge(121335,330530,(3,9223372036854775807))
Edge(121420,328116,(3,9223372036854775807))
Edge(122147,7211,(3,9223372036854775807))
Edge(123279,426100,(3,9223372036854775807))
Edge(123291,431796,(3,9223372036854775807))
Edge(124093,90481,(3,9223372036854775807))
Edge(124280,88685,(1,9223372036854775807))
Edge(124373,333447,(3,9223372036854775807))
Edge(124576,247589,(3,9223372036854775807))
Edge(124617,227874,(3,9223372036854775807))
Edge(124688,353421,(3,9223372036854775807))
Edge(124948,208742,(3,9223372036854775807))
Edge(125026,118390,(1,9223372036854775807))
Edge(125262,7682,(1,3))
Edge(125557,365526,(3,9223372036854775807))
Edge(125643,258099,(3,9223372036854775807))
Edge(125962,157755,(3,9223372036854775807))
Edge(126080,14233,(1,9223372036854775807))
Edge(126385,349375,(1,9223372036854775807))
Edge(126456,227406,(3,9223372036854775807))
Edge(126524,193457,(1,3))
Edge(126540,171370,(1,3))
Edge(126711,389773,(3,9223372036854775807))
Edge(126873,253314,(3,9223372036854775807))
Edge(127316,15542,(3,9223372036854775807))
Edge(127339,347253,(3,9223372036854775807))
Edge(127390,90658,(3,9223372036854775807))
Edge(127396,323451,(3,9223372036854775807))
Edge(127551,443484,(1,9223372036854775807))
Edge(127561,278415,(3,9223372036854775807))
Edge(127771,494844,(3,9223372036854775807))
Edge(127962,498810,(3,9223372036854775807))
Edge(128570,108732,(3,9223372036854775807))
Edge(129281,466446,(3,9223372036854775807))
Edge(129621,322751,(3,9223372036854775807))
Edge(129848,142661,(3,9223372036854775807))
Edge(130147,310185,(1,3))
Edge(130247,190535,(1,9223372036854775807))
Edge(130354,65624,(3,9223372036854775807))
Edge(130517,177546,(3,9223372036854775807))
Edge(130615,318378,(3,9223372036854775807))
Edge(130780,499517,(3,9223372036854775807))
Edge(130862,377678,(3,9223372036854775807))
Edge(131135,493884,(1,9223372036854775807))
Edge(131323,141846,(3,9223372036854775807))
Edge(131925,40309,(3,9223372036854775807))
Edge(131934,327577,(3,9223372036854775807))
Edge(132023,79451,(3,9223372036854775807))
Edge(132435,265623,(3,9223372036854775807))
Edge(132665,294203,(1,9223372036854775807))
Edge(133293,496868,(3,9223372036854775807))
Edge(133539,250730,(3,9223372036854775807))
Edge(133878,63506,(3,9223372036854775807))
Edge(134160,417928,(3,9223372036854775807))
Edge(134243,448686,(3,9223372036854775807))
Edge(134450,267256,(3,9223372036854775807))
Edge(135009,292230,(3,9223372036854775807))
Edge(135026,316179,(3,9223372036854775807))
Edge(135035,294231,(3,9223372036854775807))
Edge(135091,425259,(3,9223372036854775807))
Edge(135213,14135,(3,9223372036854775807))
Edge(135335,44659,(3,9223372036854775807))
Edge(135523,480835,(3,9223372036854775807))
Edge(136309,55354,(3,9223372036854775807))
Edge(136362,49624,(3,9223372036854775807))
Edge(136510,44601,(1,9223372036854775807))
Edge(136760,353090,(3,9223372036854775807))
Edge(137021,413704,(3,9223372036854775807))
Edge(137654,261748,(1,9223372036854775807))
Edge(138571,407620,(3,9223372036854775807))
Edge(138592,243183,(3,9223372036854775807))
Edge(138759,206159,(1,9223372036854775807))
Edge(138823,492364,(3,9223372036854775807))
Edge(138851,345760,(3,9223372036854775807))
Edge(139164,61982,(3,9223372036854775807))
Edge(139725,192920,(3,9223372036854775807))
Edge(139753,106980,(3,9223372036854775807))
Edge(140156,329317,(3,9223372036854775807))
Edge(140483,490062,(3,9223372036854775807))
Edge(140741,383852,(3,9223372036854775807))
Edge(141437,314609,(1,9223372036854775807))
Edge(141703,170239,(3,9223372036854775807))
Edge(141962,127766,(3,9223372036854775807))
Edge(142281,103933,(3,9223372036854775807))
Edge(142416,443138,(3,9223372036854775807))
Edge(142512,24930,(3,9223372036854775807))
Edge(142828,222967,(3,9223372036854775807))
Edge(142963,71036,(3,9223372036854775807))
Edge(143587,286728,(3,9223372036854775807))
Edge(144120,382730,(3,9223372036854775807))
Edge(144999,134370,(1,3))
Edge(145326,68712,(1,9223372036854775807))
Edge(145349,297406,(3,9223372036854775807))
Edge(145609,277106,(3,9223372036854775807))
Edge(145786,435127,(1,9223372036854775807))
Edge(145886,72661,(3,9223372036854775807))
Edge(145936,116402,(3,9223372036854775807))
Edge(147013,114733,(4,9223372036854775807))
Edge(147506,2518,(3,9223372036854775807))
Edge(148075,324750,(3,9223372036854775807))
Edge(148216,197837,(3,9223372036854775807))
Edge(148254,116252,(3,9223372036854775807))
Edge(149092,339319,(3,9223372036854775807))
Edge(149143,284276,(3,9223372036854775807))
Edge(149308,105453,(3,9223372036854775807))
Edge(149820,325713,(3,9223372036854775807))
Edge(149849,162941,(3,9223372036854775807))
Edge(149891,249198,(3,9223372036854775807))
Edge(149910,322597,(3,9223372036854775807))
Edge(149943,417709,(3,9223372036854775807))
Edge(149950,399402,(3,9223372036854775807))
Edge(149978,221871,(3,9223372036854775807))
Edge(150037,383012,(3,9223372036854775807))
Edge(150317,285694,(3,9223372036854775807))
Edge(150433,485521,(3,9223372036854775807))
Edge(150593,74958,(3,9223372036854775807))
Edge(150810,439902,(3,9223372036854775807))
Edge(150958,374537,(3,9223372036854775807))
Edge(151040,353236,(3,9223372036854775807))
Edge(151278,209717,(3,9223372036854775807))
Edge(151390,485129,(3,9223372036854775807))
Edge(151646,165168,(3,9223372036854775807))
Edge(151684,320702,(1,9223372036854775807))
Edge(151718,466175,(3,9223372036854775807))
Edge(152263,145414,(3,9223372036854775807))
Edge(152293,330066,(3,9223372036854775807))
Edge(152383,59189,(1,3))
Edge(152503,274913,(3,9223372036854775807))
Edge(152968,32465,(3,9223372036854775807))
Edge(153019,314068,(3,9223372036854775807))
Edge(153394,424747,(1,9223372036854775807))
Edge(153556,153910,(3,9223372036854775807))
Edge(153780,92316,(1,9223372036854775807))
Edge(153999,44910,(3,9223372036854775807))
Edge(154186,497826,(3,9223372036854775807))
Edge(154425,24772,(3,9223372036854775807))
Edge(155181,396662,(3,9223372036854775807))
Edge(155490,490684,(3,9223372036854775807))
Edge(156362,299358,(1,9223372036854775807))
Edge(156818,361777,(3,9223372036854775807))
Edge(157002,140444,(3,9223372036854775807))
Edge(157379,33208,(3,9223372036854775807))
Edge(157735,106612,(1,9223372036854775807))
Edge(157967,274889,(3,9223372036854775807))
Edge(158047,26916,(3,9223372036854775807))
Edge(158122,370319,(3,9223372036854775807))
Edge(158628,342949,(1,9223372036854775807))
Edge(158809,263259,(1,9223372036854775807))
Edge(159682,458968,(3,9223372036854775807))
Edge(160064,258715,(3,9223372036854775807))
Edge(160130,203344,(3,9223372036854775807))
Edge(160132,62960,(4,9223372036854775807))
Edge(160275,289494,(3,9223372036854775807))
Edge(160283,11629,(1,3))
Edge(160952,140495,(3,9223372036854775807))
Edge(161208,63520,(1,9223372036854775807))
Edge(161226,249683,(1,3))
Edge(161320,443567,(1,9223372036854775807))
Edge(161523,272398,(3,9223372036854775807))
Edge(161538,258297,(3,9223372036854775807))
Edge(161917,128336,(1,9223372036854775807))
Edge(162014,12976,(3,9223372036854775807))
Edge(162596,120493,(3,9223372036854775807))
Edge(162866,459499,(3,9223372036854775807))
Edge(163465,228978,(3,9223372036854775807))
Edge(163583,262912,(3,9223372036854775807))
Edge(163632,168005,(1,3))
Edge(163770,201672,(3,9223372036854775807))
Edge(164009,495843,(3,9223372036854775807))
Edge(166072,280617,(3,9223372036854775807))
Edge(166471,179843,(3,9223372036854775807))
Edge(166908,485767,(3,9223372036854775807))
Edge(167059,113748,(3,9223372036854775807))
Edge(167147,62087,(1,9223372036854775807))
Edge(167186,146817,(1,3))
Edge(167422,283716,(3,9223372036854775807))
Edge(167424,14190,(1,9223372036854775807))
Edge(167744,107195,(1,3))
Edge(167777,358310,(3,9223372036854775807))
Edge(167791,347818,(3,9223372036854775807))
Edge(168172,314667,(3,9223372036854775807))
Edge(168314,211613,(3,9223372036854775807))
Edge(168620,308294,(3,9223372036854775807))
Edge(168803,78508,(3,9223372036854775807))
Edge(168902,361662,(1,3))
Edge(168947,354648,(3,9223372036854775807))
Edge(169494,157971,(3,9223372036854775807))
Edge(169651,342171,(3,9223372036854775807))
Edge(169848,143619,(1,9223372036854775807))
Edge(170557,482393,(1,9223372036854775807))
Edge(170753,243696,(3,9223372036854775807))
Edge(171568,455082,(3,9223372036854775807))
Edge(171659,208329,(3,9223372036854775807))
Edge(171786,335572,(3,9223372036854775807))
Edge(171881,134075,(3,9223372036854775807))
Edge(172001,210919,(3,9223372036854775807))
Edge(172386,291467,(1,3))
Edge(172616,121407,(3,9223372036854775807))
Edge(172629,180142,(1,9223372036854775807))
Edge(172688,369665,(3,9223372036854775807))
Edge(173446,373766,(1,9223372036854775807))
Edge(173609,335064,(3,9223372036854775807))
Edge(173788,490860,(3,9223372036854775807))
Edge(174578,4358,(3,9223372036854775807))
Edge(175104,109418,(3,9223372036854775807))
Edge(175629,270297,(3,9223372036854775807))
Edge(176037,7439,(3,9223372036854775807))
Edge(176491,239394,(3,9223372036854775807))
Edge(176733,371863,(1,3))
Edge(177100,416263,(3,9223372036854775807))
Edge(177573,128538,(3,9223372036854775807))
Edge(177715,123227,(3,9223372036854775807))
Edge(177942,108022,(1,3))
Edge(178048,108046,(3,9223372036854775807))
Edge(178619,363822,(1,3))
Edge(179067,226540,(3,9223372036854775807))
Edge(179295,100431,(3,9223372036854775807))
Edge(179836,119032,(1,9223372036854775807))
Edge(179925,43253,(3,9223372036854775807))
Edge(180470,281831,(3,9223372036854775807))
Edge(180677,426103,(1,3))
Edge(180688,262760,(3,9223372036854775807))
Edge(181051,243332,(3,9223372036854775807))
Edge(181705,115828,(3,9223372036854775807))
Edge(181758,284982,(3,9223372036854775807))
Edge(181775,33067,(3,9223372036854775807))
Edge(181798,154781,(3,9223372036854775807))
Edge(182068,337810,(1,3))
Edge(182107,78449,(3,9223372036854775807))
Edge(182218,479661,(3,9223372036854775807))
Edge(182423,280241,(3,9223372036854775807))
Edge(182947,405324,(3,9223372036854775807))
Edge(183152,442559,(3,9223372036854775807))
Edge(183358,275410,(3,9223372036854775807))
Edge(183487,383565,(3,9223372036854775807))
Edge(183940,408238,(3,9223372036854775807))
Edge(184004,357233,(3,9223372036854775807))
Edge(184132,132758,(3,9223372036854775807))
Edge(184158,481754,(3,9223372036854775807))
Edge(184224,9542,(3,9223372036854775807))
Edge(184296,170501,(1,9223372036854775807))
Edge(184349,158131,(1,3))
Edge(184575,291948,(3,9223372036854775807))
Edge(184965,5393,(1,3))
Edge(185000,251337,(1,9223372036854775807))
Edge(185070,273790,(1,9223372036854775807))
Edge(185125,482209,(1,9223372036854775807))
Edge(185266,107973,(3,9223372036854775807))
Edge(185286,185172,(3,9223372036854775807))
Edge(185393,184090,(3,9223372036854775807))
Edge(185623,287493,(3,9223372036854775807))
Edge(185728,125318,(1,9223372036854775807))
Edge(185875,179681,(3,9223372036854775807))
Edge(186124,233369,(3,9223372036854775807))
Edge(186158,310103,(3,9223372036854775807))
Edge(186411,416809,(3,9223372036854775807))
Edge(186637,420035,(3,9223372036854775807))
Edge(187374,382713,(3,9223372036854775807))
Edge(187386,134921,(1,9223372036854775807))
Edge(187393,178287,(3,9223372036854775807))
Edge(187545,479419,(1,9223372036854775807))
Edge(187773,131206,(3,9223372036854775807))
Edge(187830,364114,(3,9223372036854775807))
Edge(188088,467138,(3,9223372036854775807))
Edge(188230,237735,(3,9223372036854775807))
Edge(188266,227104,(3,9223372036854775807))
Edge(188321,200845,(3,9223372036854775807))
Edge(188406,224085,(3,9223372036854775807))
Edge(188658,271916,(3,9223372036854775807))
Edge(188721,339066,(3,9223372036854775807))
Edge(188884,315664,(3,9223372036854775807))
Edge(189483,110753,(3,9223372036854775807))
Edge(189496,235980,(3,9223372036854775807))
Edge(189698,366565,(3,9223372036854775807))
Edge(189771,417972,(3,9223372036854775807))
Edge(190279,239988,(3,9223372036854775807))
Edge(190354,291147,(3,9223372036854775807))
Edge(190474,10416,(3,9223372036854775807))
Edge(190767,342763,(3,9223372036854775807))
Edge(191008,409862,(3,9223372036854775807))
Edge(191105,43974,(3,9223372036854775807))
Edge(191121,59169,(3,9223372036854775807))
Edge(191365,392595,(3,9223372036854775807))
Edge(191379,103063,(3,9223372036854775807))
Edge(191790,133476,(3,9223372036854775807))
Edge(191962,390243,(1,3))
Edge(192236,16403,(3,9223372036854775807))
Edge(192555,405265,(3,9223372036854775807))
Edge(192680,218145,(3,9223372036854775807))
Edge(192899,149346,(3,9223372036854775807))
Edge(193404,480975,(1,9223372036854775807))
Edge(193561,83953,(1,9223372036854775807))
Edge(193693,219467,(3,9223372036854775807))
Edge(194191,407578,(1,3))
Edge(194762,397908,(3,9223372036854775807))
Edge(194768,129217,(3,9223372036854775807))
Edge(194806,242049,(3,9223372036854775807))
Edge(194923,277431,(3,9223372036854775807))
Edge(194950,387410,(3,9223372036854775807))
Edge(195020,158036,(1,9223372036854775807))
Edge(195527,331744,(3,9223372036854775807))
Edge(195996,361258,(3,9223372036854775807))
Edge(196591,39782,(1,9223372036854775807))
Edge(196832,73029,(3,9223372036854775807))
Edge(196901,165759,(3,9223372036854775807))
Edge(197385,265913,(1,3))
Edge(197422,202229,(1,3))
Edge(197532,2616,(1,9223372036854775807))
Edge(197631,243994,(1,9223372036854775807))
Edge(198172,196819,(3,9223372036854775807))
Edge(198302,381677,(3,9223372036854775807))
Edge(198797,321284,(3,9223372036854775807))
Edge(198816,349640,(3,9223372036854775807))
Edge(198854,431226,(1,9223372036854775807))
Edge(198894,27967,(1,9223372036854775807))
Edge(199185,276819,(3,9223372036854775807))
Edge(199242,43104,(3,9223372036854775807))
Edge(199503,445400,(3,9223372036854775807))
Edge(199740,74809,(3,9223372036854775807))
Edge(200731,349610,(3,9223372036854775807))
Edge(201023,238896,(3,9223372036854775807))
Edge(201166,119373,(3,9223372036854775807))
Edge(201860,68108,(3,9223372036854775807))
Edge(202031,321423,(3,9223372036854775807))
Edge(202798,266920,(3,9223372036854775807))
Edge(203011,32156,(1,9223372036854775807))
Edge(203727,323467,(3,9223372036854775807))
Edge(203931,90943,(3,9223372036854775807))
Edge(204009,124298,(3,9223372036854775807))
Edge(204111,468672,(3,9223372036854775807))
Edge(204667,419051,(3,9223372036854775807))
Edge(204699,385926,(1,3))
Edge(204806,310338,(3,9223372036854775807))
Edge(205369,302929,(1,9223372036854775807))
Edge(205451,415657,(1,9223372036854775807))
Edge(205709,45323,(3,9223372036854775807))
Edge(206008,189146,(1,3))
Edge(206045,290338,(3,9223372036854775807))
Edge(206347,347860,(1,9223372036854775807))
Edge(206694,382479,(3,9223372036854775807))
Edge(206951,176416,(3,9223372036854775807))
Edge(207052,497024,(1,9223372036854775807))
Edge(207157,24891,(3,9223372036854775807))
Edge(207897,456039,(3,9223372036854775807))
Edge(208083,257097,(3,9223372036854775807))
Edge(208156,240624,(3,9223372036854775807))
Edge(208496,118737,(1,9223372036854775807))
Edge(208659,128308,(1,3))
Edge(208764,1778,(3,9223372036854775807))
Edge(208812,289163,(3,9223372036854775807))
Edge(208980,488207,(3,9223372036854775807))
Edge(209285,397300,(3,9223372036854775807))
Edge(209347,145028,(3,9223372036854775807))
Edge(209350,427609,(3,9223372036854775807))
Edge(209403,78436,(3,9223372036854775807))
Edge(209407,137112,(3,9223372036854775807))
Edge(209448,52435,(1,9223372036854775807))
Edge(210243,368627,(3,9223372036854775807))
Edge(210404,443517,(1,9223372036854775807))
Edge(211131,388821,(3,9223372036854775807))
Edge(211293,12025,(3,9223372036854775807))
Edge(211756,208841,(3,9223372036854775807))
Edge(211997,221876,(3,9223372036854775807))
Edge(212637,122663,(3,9223372036854775807))
Edge(212802,330196,(3,9223372036854775807))
Edge(212840,242923,(3,9223372036854775807))
Edge(212969,91828,(3,9223372036854775807))
Edge(213401,157801,(3,9223372036854775807))
Edge(213750,47596,(1,9223372036854775807))
Edge(213795,343391,(3,9223372036854775807))
Edge(213950,247893,(3,9223372036854775807))
Edge(214109,70728,(1,9223372036854775807))
Edge(214175,265640,(3,9223372036854775807))
Edge(214245,456773,(3,9223372036854775807))
Edge(214293,400974,(1,9223372036854775807))
Edge(214626,202200,(3,9223372036854775807))
Edge(214631,317463,(3,9223372036854775807))
Edge(214782,413451,(3,9223372036854775807))
Edge(214900,369115,(3,9223372036854775807))
Edge(215490,372372,(3,9223372036854775807))
Edge(215609,125212,(3,9223372036854775807))
Edge(216082,292736,(3,9223372036854775807))
Edge(216224,20827,(3,9223372036854775807))
Edge(216285,303227,(3,9223372036854775807))
Edge(216763,479578,(3,9223372036854775807))
Edge(216814,288986,(3,9223372036854775807))
Edge(217406,413570,(3,9223372036854775807))
Edge(217475,381260,(3,9223372036854775807))
Edge(217852,301771,(3,9223372036854775807))
Edge(218058,210780,(3,9223372036854775807))
Edge(218268,257105,(3,9223372036854775807))
Edge(219006,473320,(3,9223372036854775807))
Edge(219235,281560,(3,9223372036854775807))
Edge(219350,379893,(3,9223372036854775807))
Edge(219437,350774,(3,9223372036854775807))
Edge(219610,293839,(3,9223372036854775807))
Edge(219643,329496,(1,9223372036854775807))
Edge(219827,108771,(3,9223372036854775807))
Edge(220380,321591,(3,9223372036854775807))
Edge(220730,68398,(3,9223372036854775807))
Edge(221703,476069,(1,9223372036854775807))
Edge(221810,198873,(3,9223372036854775807))
Edge(222131,145120,(3,9223372036854775807))
Edge(222166,448727,(3,9223372036854775807))
Edge(222187,353936,(3,9223372036854775807))
Edge(222190,50431,(1,9223372036854775807))
Edge(223135,161397,(3,9223372036854775807))
Edge(223646,400946,(3,9223372036854775807))
Edge(223679,262335,(1,3))
Edge(223845,373919,(3,9223372036854775807))
Edge(224027,199805,(3,9223372036854775807))
Edge(224062,111532,(3,9223372036854775807))
Edge(224640,241990,(3,9223372036854775807))
Edge(225212,430492,(3,9223372036854775807))
Edge(225301,228382,(3,9223372036854775807))
Edge(225615,22683,(3,9223372036854775807))
Edge(226246,245653,(3,9223372036854775807))
Edge(226511,358972,(3,9223372036854775807))
Edge(226703,198127,(3,9223372036854775807))
Edge(226995,143665,(1,3))
Edge(227233,283642,(3,9223372036854775807))
Edge(227930,225760,(3,9223372036854775807))
Edge(228002,23561,(3,9223372036854775807))
Edge(228201,22561,(3,9223372036854775807))
Edge(228262,238270,(3,9223372036854775807))
Edge(228361,391644,(3,9223372036854775807))
Edge(228385,292975,(3,9223372036854775807))
Edge(228465,3674,(3,9223372036854775807))
Edge(228679,373177,(3,9223372036854775807))
Edge(228890,290339,(1,9223372036854775807))
Edge(229250,310686,(1,9223372036854775807))
Edge(229349,428635,(1,3))
Edge(229545,425019,(1,9223372036854775807))
Edge(229677,105172,(3,9223372036854775807))
Edge(229731,381417,(1,9223372036854775807))
Edge(229998,448065,(4,9223372036854775807))
Edge(230116,460421,(3,9223372036854775807))
Edge(230764,175853,(3,9223372036854775807))
Edge(230807,87342,(3,9223372036854775807))
Edge(231049,305298,(3,9223372036854775807))
Edge(232658,233265,(3,9223372036854775807))
Edge(232760,236332,(3,9223372036854775807))
Edge(232812,194962,(1,9223372036854775807))
Edge(232969,230990,(3,9223372036854775807))
Edge(233018,49143,(1,3))
Edge(233042,494416,(1,3))
Edge(233481,430474,(3,9223372036854775807))
Edge(233617,371880,(3,9223372036854775807))
Edge(233698,173209,(3,9223372036854775807))
Edge(233916,339471,(3,9223372036854775807))
Edge(233935,377099,(3,9223372036854775807))
Edge(234172,217692,(1,3))
Edge(234190,164402,(3,9223372036854775807))
Edge(234583,438064,(1,3))
Edge(235167,201554,(3,9223372036854775807))
Edge(235341,225933,(3,9223372036854775807))
Edge(235537,460363,(3,9223372036854775807))
Edge(235537,463841,(3,9223372036854775807))
Edge(235574,208953,(1,9223372036854775807))
Edge(235642,143169,(1,9223372036854775807))
Edge(235666,321829,(3,9223372036854775807))
Edge(235709,71858,(1,9223372036854775807))
Edge(236231,459617,(3,9223372036854775807))
Edge(236307,400782,(1,9223372036854775807))
Edge(236581,279459,(3,9223372036854775807))
Edge(237046,176265,(3,9223372036854775807))
Edge(237372,157179,(1,9223372036854775807))
Edge(237473,345152,(3,9223372036854775807))
Edge(237682,327417,(1,9223372036854775807))
Edge(238031,270886,(3,9223372036854775807))
Edge(238116,282477,(1,3))
Edge(238240,15429,(3,9223372036854775807))
Edge(238324,341938,(1,3))
Edge(238528,224116,(3,9223372036854775807))
Edge(238727,256793,(3,9223372036854775807))
Edge(238979,471655,(1,9223372036854775807))
Edge(239630,268142,(3,9223372036854775807))
Edge(240193,197999,(1,9223372036854775807))
Edge(240278,56950,(3,9223372036854775807))
Edge(240450,407748,(3,9223372036854775807))
Edge(240489,201109,(3,9223372036854775807))
Edge(240537,50522,(1,3))
Edge(240772,47115,(3,9223372036854775807))
Edge(241257,445123,(1,3))
Edge(241394,427573,(3,9223372036854775807))
Edge(241454,25309,(3,9223372036854775807))
Edge(241657,82965,(3,9223372036854775807))
Edge(241724,358301,(3,9223372036854775807))
Edge(241838,91584,(1,9223372036854775807))
Edge(242366,337314,(3,9223372036854775807))
Edge(242454,386796,(3,9223372036854775807))
Edge(242743,414776,(3,9223372036854775807))
Edge(242924,185614,(3,9223372036854775807))
Edge(243280,443660,(1,9223372036854775807))
Edge(243562,163271,(3,9223372036854775807))
Edge(243569,344506,(3,9223372036854775807))
Edge(243602,89211,(3,9223372036854775807))
Edge(243729,181585,(3,9223372036854775807))
Edge(243811,148187,(3,9223372036854775807))
Edge(243914,292985,(3,9223372036854775807))
Edge(244240,185388,(3,9223372036854775807))
Edge(244340,271923,(1,9223372036854775807))
Edge(244388,396766,(3,9223372036854775807))
Edge(245063,122062,(3,9223372036854775807))
Edge(245175,231706,(3,9223372036854775807))
Edge(245575,127376,(3,9223372036854775807))
Edge(245821,456856,(1,9223372036854775807))
Edge(246844,443800,(1,9223372036854775807))
Edge(247496,56748,(3,9223372036854775807))
Edge(247515,74631,(3,9223372036854775807))
Edge(247599,327510,(3,9223372036854775807))
Edge(248100,24288,(3,9223372036854775807))
Edge(248177,437682,(3,9223372036854775807))
Edge(248185,498874,(3,9223372036854775807))
Edge(248356,463742,(1,9223372036854775807))
Edge(248416,379080,(3,9223372036854775807))
Edge(248513,186934,(1,9223372036854775807))
Edge(248583,389493,(3,9223372036854775807))
Edge(248710,446132,(3,9223372036854775807))
Edge(248930,339787,(3,9223372036854775807))
Edge(249142,453680,(3,9223372036854775807))
Edge(249212,75675,(3,9223372036854775807))
Edge(249238,293777,(3,9223372036854775807))
Edge(249245,215887,(3,9223372036854775807))
Edge(249425,164942,(3,9223372036854775807))
Edge(250148,261582,(3,9223372036854775807))
Edge(250506,415933,(3,9223372036854775807))
Edge(250885,174439,(1,9223372036854775807))
Edge(251110,316839,(3,9223372036854775807))
Edge(251609,486529,(3,9223372036854775807))
Edge(251736,466525,(3,9223372036854775807))
Edge(251852,366934,(1,9223372036854775807))
Edge(252351,392611,(1,9223372036854775807))
Edge(253533,455177,(3,9223372036854775807))
Edge(253737,302419,(1,9223372036854775807))
Edge(253847,489867,(3,9223372036854775807))
Edge(253918,456127,(1,9223372036854775807))
Edge(254415,372113,(3,9223372036854775807))
Edge(254452,345875,(3,9223372036854775807))
Edge(254996,118426,(3,9223372036854775807))
Edge(255066,445607,(3,9223372036854775807))
Edge(255130,119237,(3,9223372036854775807))
Edge(255410,202578,(3,9223372036854775807))
Edge(255458,360169,(1,9223372036854775807))
Edge(255463,218151,(3,9223372036854775807))
Edge(255666,310848,(3,9223372036854775807))
Edge(256072,66483,(3,9223372036854775807))
Edge(256561,257007,(3,9223372036854775807))
Edge(256712,111513,(3,9223372036854775807))
Edge(256815,289717,(3,9223372036854775807))
Edge(257081,89150,(3,9223372036854775807))
Edge(257243,148637,(3,9223372036854775807))
Edge(257253,11383,(3,9223372036854775807))
Edge(257270,110199,(3,9223372036854775807))
Edge(257282,445119,(3,9223372036854775807))
Edge(257344,423908,(3,9223372036854775807))
Edge(257369,353277,(1,3))
Edge(257420,451824,(3,9223372036854775807))
Edge(257806,352036,(3,9223372036854775807))
Edge(258377,309776,(3,9223372036854775807))
Edge(258383,415515,(1,9223372036854775807))
Edge(258537,437691,(1,3))
Edge(259375,146157,(3,9223372036854775807))
Edge(259422,451326,(3,9223372036854775807))
Edge(259446,421321,(3,9223372036854775807))
Edge(259479,321757,(3,9223372036854775807))
Edge(259776,290050,(3,9223372036854775807))
Edge(260081,72727,(3,9223372036854775807))
Edge(260285,52236,(3,9223372036854775807))
Edge(260486,294549,(3,9223372036854775807))
Edge(260693,313330,(3,9223372036854775807))
Edge(261127,132047,(3,9223372036854775807))
Edge(261356,394666,(3,9223372036854775807))
Edge(261920,380305,(3,9223372036854775807))
Edge(261940,299280,(3,9223372036854775807))
Edge(261968,444758,(3,9223372036854775807))
Edge(262278,440839,(3,9223372036854775807))
Edge(262318,201365,(3,9223372036854775807))
Edge(263106,202091,(3,9223372036854775807))
Edge(263363,105860,(3,9223372036854775807))
Edge(263787,376487,(1,3))
Edge(264084,381049,(3,9223372036854775807))
Edge(264108,486989,(3,9223372036854775807))
Edge(264665,126929,(3,9223372036854775807))
Edge(264764,43667,(3,9223372036854775807))
Edge(264926,400543,(3,9223372036854775807))
Edge(265277,15698,(3,9223372036854775807))
Edge(265628,285865,(3,9223372036854775807))
Edge(265987,366954,(1,9223372036854775807))
Edge(265996,155644,(1,3))
Edge(266669,137579,(3,9223372036854775807))
Edge(266745,100045,(3,9223372036854775807))
Edge(266844,48676,(3,9223372036854775807))
Edge(267270,421621,(3,9223372036854775807))
Edge(268107,343762,(3,9223372036854775807))
Edge(268256,231688,(3,9223372036854775807))
Edge(268427,450219,(3,9223372036854775807))
Edge(269001,367822,(3,9223372036854775807))
Edge(269166,146690,(1,3))
Edge(269317,4462,(1,3))
Edge(269533,135961,(3,9223372036854775807))
Edge(269592,55739,(3,9223372036854775807))
Edge(269616,478543,(3,9223372036854775807))
Edge(269666,335367,(3,9223372036854775807))
Edge(269798,496747,(3,9223372036854775807))
Edge(269837,265126,(3,9223372036854775807))
Edge(270542,372656,(3,9223372036854775807))
Edge(271212,468063,(3,9223372036854775807))
Edge(271336,360653,(3,9223372036854775807))
Edge(271598,332936,(3,9223372036854775807))
Edge(271602,271653,(3,9223372036854775807))
Edge(271790,338968,(1,9223372036854775807))
Edge(272392,89586,(3,9223372036854775807))
Edge(272536,351492,(3,9223372036854775807))
Edge(272852,107926,(3,9223372036854775807))
Edge(273350,45202,(3,9223372036854775807))
Edge(273387,366692,(3,9223372036854775807))
Edge(273457,289697,(3,9223372036854775807))
Edge(273914,274697,(3,9223372036854775807))
Edge(273996,199383,(1,9223372036854775807))
Edge(274032,87885,(3,9223372036854775807))
Edge(274152,554,(3,9223372036854775807))
Edge(274286,117234,(3,9223372036854775807))
Edge(274307,413845,(3,9223372036854775807))
Edge(274372,336690,(3,9223372036854775807))
Edge(274891,119385,(1,3))
Edge(275018,244172,(3,9223372036854775807))
Edge(275286,230766,(3,9223372036854775807))
Edge(275482,425087,(1,9223372036854775807))
Edge(275580,201982,(3,9223372036854775807))
Edge(275667,169854,(1,9223372036854775807))
Edge(276295,88139,(3,9223372036854775807))
Edge(276434,95285,(3,9223372036854775807))
Edge(277338,14241,(3,9223372036854775807))
Edge(277597,484577,(3,9223372036854775807))
Edge(278053,278351,(3,9223372036854775807))
Edge(278568,135054,(3,9223372036854775807))
Edge(278673,436016,(1,9223372036854775807))
Edge(278695,6230,(3,9223372036854775807))
Edge(278751,55500,(1,3))
Edge(279156,55318,(1,9223372036854775807))
Edge(279302,37945,(3,9223372036854775807))
Edge(279395,9187,(3,9223372036854775807))
Edge(279664,436976,(3,9223372036854775807))
Edge(280195,436456,(3,9223372036854775807))
Edge(280230,227019,(3,9223372036854775807))
Edge(280292,168516,(3,9223372036854775807))
Edge(280337,498204,(3,9223372036854775807))
Edge(280655,423856,(3,9223372036854775807))
Edge(280700,200166,(1,9223372036854775807))
Edge(281192,434263,(3,9223372036854775807))
Edge(281213,373988,(3,9223372036854775807))
Edge(281758,474988,(3,9223372036854775807))
Edge(282036,68741,(1,3))
Edge(282088,111718,(1,9223372036854775807))
Edge(282302,161114,(3,9223372036854775807))
Edge(282435,194044,(3,9223372036854775807))
Edge(282752,134005,(3,9223372036854775807))
Edge(283027,323864,(1,9223372036854775807))
Edge(283427,278592,(3,9223372036854775807))
Edge(283498,54846,(3,9223372036854775807))
Edge(283679,384336,(1,3))
Edge(283690,410283,(1,9223372036854775807))
Edge(283923,404580,(3,9223372036854775807))
Edge(284159,142405,(1,9223372036854775807))
Edge(284382,291645,(1,9223372036854775807))
Edge(284716,493384,(1,9223372036854775807))
Edge(284745,124680,(3,9223372036854775807))
Edge(285019,332114,(3,9223372036854775807))
Edge(285685,462322,(3,9223372036854775807))
Edge(285703,384739,(3,9223372036854775807))
Edge(285909,252048,(3,9223372036854775807))
Edge(286123,61969,(3,9223372036854775807))
Edge(286164,48499,(3,9223372036854775807))
Edge(286187,211926,(3,9223372036854775807))
Edge(286242,429224,(1,9223372036854775807))
Edge(286324,390652,(3,9223372036854775807))
Edge(286926,148536,(1,3))
Edge(287224,119623,(3,9223372036854775807))
Edge(287328,291127,(3,9223372036854775807))
Edge(287573,494617,(1,9223372036854775807))
Edge(287981,98367,(3,9223372036854775807))
Edge(287982,63064,(3,9223372036854775807))
Edge(288334,384508,(3,9223372036854775807))
Edge(288436,75251,(1,9223372036854775807))
Edge(288682,465127,(3,9223372036854775807))
Edge(290167,268355,(3,9223372036854775807))
Edge(290205,109211,(3,9223372036854775807))
Edge(290233,138909,(3,9223372036854775807))
Edge(290478,28953,(1,9223372036854775807))
Edge(290556,93018,(3,9223372036854775807))
Edge(291760,329369,(3,9223372036854775807))
Edge(291788,415310,(3,9223372036854775807))
Edge(291853,467683,(1,3))
Edge(291930,139788,(3,9223372036854775807))
Edge(292022,428963,(3,9223372036854775807))
Edge(292466,447370,(3,9223372036854775807))
Edge(293592,218940,(1,9223372036854775807))
Edge(293620,343321,(1,9223372036854775807))
Edge(293794,109478,(3,9223372036854775807))
Edge(293962,495439,(1,9223372036854775807))
Edge(294645,482220,(1,9223372036854775807))
Edge(294718,205835,(1,9223372036854775807))
Edge(294814,301638,(3,9223372036854775807))
Edge(295022,407609,(3,9223372036854775807))
Edge(295208,352753,(3,9223372036854775807))
Edge(295237,379738,(3,9223372036854775807))
Edge(295238,82880,(1,3))
Edge(295909,191347,(3,9223372036854775807))
Edge(295923,404385,(1,9223372036854775807))
Edge(296007,149520,(1,9223372036854775807))
Edge(296053,50856,(3,9223372036854775807))
Edge(296571,85656,(3,9223372036854775807))
Edge(296734,315311,(3,9223372036854775807))
Edge(297351,359468,(3,9223372036854775807))
Edge(297506,120108,(3,9223372036854775807))
Edge(297656,139706,(1,9223372036854775807))
Edge(298283,225121,(3,9223372036854775807))
Edge(298297,169992,(3,9223372036854775807))
Edge(298728,13779,(3,9223372036854775807))
Edge(298967,43007,(1,9223372036854775807))
Edge(299160,245823,(3,9223372036854775807))
Edge(299563,272896,(3,9223372036854775807))
Edge(299899,410324,(3,9223372036854775807))
Edge(300143,307538,(3,9223372036854775807))
Edge(300596,255004,(3,9223372036854775807))
Edge(300667,397370,(3,9223372036854775807))
Edge(301122,88929,(3,9223372036854775807))
Edge(301148,311373,(3,9223372036854775807))
Edge(301170,439685,(3,9223372036854775807))
Edge(302381,59408,(3,9223372036854775807))
Edge(302427,242086,(1,3))
Edge(302462,237167,(3,9223372036854775807))
Edge(302568,325483,(3,9223372036854775807))
Edge(303111,53932,(3,9223372036854775807))
Edge(303150,116666,(3,9223372036854775807))
Edge(303255,347859,(1,9223372036854775807))
Edge(303714,271008,(3,9223372036854775807))
Edge(303823,173066,(1,3))
Edge(304009,325174,(3,9223372036854775807))
Edge(304337,495395,(3,9223372036854775807))
Edge(304377,385745,(1,3))
Edge(304639,319169,(3,9223372036854775807))
Edge(304767,331547,(3,9223372036854775807))
Edge(305039,467763,(1,9223372036854775807))
Edge(305101,234454,(1,9223372036854775807))
Edge(305107,120937,(3,9223372036854775807))
Edge(305278,44046,(3,9223372036854775807))
Edge(305372,137482,(3,9223372036854775807))
Edge(305865,161767,(1,9223372036854775807))
Edge(305905,370270,(3,9223372036854775807))
Edge(306102,39562,(3,9223372036854775807))
Edge(306245,261867,(3,9223372036854775807))
Edge(306271,25419,(3,9223372036854775807))
Edge(306407,123728,(3,9223372036854775807))
Edge(306914,229926,(1,3))
Edge(307608,154975,(1,9223372036854775807))
Edge(307623,192127,(3,9223372036854775807))
Edge(307695,41641,(3,9223372036854775807))
Edge(308743,32650,(1,9223372036854775807))
Edge(309007,75819,(3,9223372036854775807))
Edge(309818,364972,(3,9223372036854775807))
Edge(309894,363152,(3,9223372036854775807))
Edge(310007,8689,(3,9223372036854775807))
Edge(310551,8857,(3,9223372036854775807))
Edge(310974,367823,(1,9223372036854775807))
Edge(311343,199863,(3,9223372036854775807))
Edge(311562,257892,(1,9223372036854775807))
Edge(311698,372540,(3,9223372036854775807))
Edge(311789,310287,(3,9223372036854775807))
Edge(311876,133167,(1,9223372036854775807))
Edge(312088,350035,(3,9223372036854775807))
Edge(312113,359803,(3,9223372036854775807))
Edge(312338,84700,(3,9223372036854775807))
Edge(312732,325141,(3,9223372036854775807))
Edge(312854,381804,(3,9223372036854775807))
Edge(312996,281584,(1,3))
Edge(313054,143881,(3,9223372036854775807))
Edge(313646,344513,(3,9223372036854775807))
Edge(313795,336384,(1,9223372036854775807))
Edge(314227,178434,(3,9223372036854775807))
Edge(314491,452915,(1,3))
Edge(314809,64461,(1,9223372036854775807))
Edge(314809,328041,(3,9223372036854775807))
Edge(314926,412105,(3,9223372036854775807))
Edge(315034,354255,(1,9223372036854775807))
Edge(315260,131107,(3,9223372036854775807))
Edge(316296,234525,(3,9223372036854775807))
Edge(316517,374837,(3,9223372036854775807))
Edge(317203,313334,(3,9223372036854775807))
Edge(317449,454324,(3,9223372036854775807))
Edge(317625,306210,(3,9223372036854775807))
Edge(317877,53802,(3,9223372036854775807))
Edge(318052,405410,(3,9223372036854775807))
Edge(318062,303037,(3,9223372036854775807))
Edge(318418,473789,(3,9223372036854775807))
Edge(318791,171265,(3,9223372036854775807))
Edge(319166,439229,(3,9223372036854775807))
Edge(319822,350222,(3,9223372036854775807))
Edge(320014,203933,(3,9223372036854775807))
Edge(320031,202735,(3,9223372036854775807))
Edge(320132,46751,(3,9223372036854775807))
Edge(320234,90322,(3,9223372036854775807))
Edge(320479,81706,(3,9223372036854775807))
Edge(320633,361401,(3,9223372036854775807))
Edge(320694,92433,(3,9223372036854775807))
Edge(320773,64342,(3,9223372036854775807))
Edge(320953,489239,(3,9223372036854775807))
Edge(321196,52211,(3,9223372036854775807))
Edge(321431,284325,(3,9223372036854775807))
Edge(322172,466685,(3,9223372036854775807))
Edge(322513,90385,(1,9223372036854775807))
Edge(322828,49296,(3,9223372036854775807))
Edge(322960,160599,(3,9223372036854775807))
Edge(323123,498702,(1,9223372036854775807))
Edge(323192,462894,(3,9223372036854775807))
Edge(323593,361585,(3,9223372036854775807))
Edge(323608,366783,(3,9223372036854775807))
Edge(323836,161510,(3,9223372036854775807))
Edge(323890,164294,(3,9223372036854775807))
Edge(323913,366276,(1,9223372036854775807))
Edge(324101,36764,(3,9223372036854775807))
Edge(324240,53397,(1,9223372036854775807))
Edge(324247,443167,(3,9223372036854775807))
Edge(324332,435248,(1,9223372036854775807))
Edge(324692,269205,(3,9223372036854775807))
Edge(324843,148586,(1,9223372036854775807))
Edge(324864,271035,(3,9223372036854775807))
Edge(325000,293013,(1,9223372036854775807))
Edge(325361,149811,(3,9223372036854775807))
Edge(325854,158804,(3,9223372036854775807))
Edge(326776,277514,(1,3))
Edge(327507,310030,(3,9223372036854775807))
Edge(327585,71833,(1,9223372036854775807))
Edge(327608,463051,(3,9223372036854775807))
Edge(327955,197026,(1,9223372036854775807))
Edge(328174,192725,(3,9223372036854775807))
Edge(328269,493202,(1,3))
Edge(328590,449903,(1,9223372036854775807))
Edge(328887,413304,(3,9223372036854775807))
Edge(329759,192830,(3,9223372036854775807))
Edge(329835,248646,(3,9223372036854775807))
Edge(330139,274000,(3,9223372036854775807))
Edge(330250,363469,(3,9223372036854775807))
Edge(330254,258415,(3,9223372036854775807))
Edge(331167,101224,(3,9223372036854775807))
Edge(331225,138117,(3,9223372036854775807))
Edge(331517,247030,(3,4))
Edge(331749,399161,(3,9223372036854775807))
Edge(332043,149837,(1,9223372036854775807))
Edge(332288,108289,(1,9223372036854775807))
Edge(332352,444286,(3,9223372036854775807))
Edge(332385,224426,(3,9223372036854775807))
Edge(332735,368589,(3,9223372036854775807))
Edge(333806,310669,(3,9223372036854775807))
Edge(333962,83498,(1,9223372036854775807))
Edge(334070,401344,(3,9223372036854775807))
Edge(335032,331967,(3,9223372036854775807))
Edge(335066,31041,(3,9223372036854775807))
Edge(335386,359017,(3,9223372036854775807))
Edge(335519,22374,(3,9223372036854775807))
Edge(335523,393066,(3,9223372036854775807))
Edge(335525,316576,(3,9223372036854775807))
Edge(336242,406243,(3,9223372036854775807))
Edge(336470,201562,(3,9223372036854775807))
Edge(336568,294331,(3,9223372036854775807))
Edge(336643,339007,(3,9223372036854775807))
Edge(336784,200579,(1,9223372036854775807))
Edge(336817,275415,(1,3))
Edge(337205,313246,(3,9223372036854775807))
Edge(337220,67277,(1,9223372036854775807))
Edge(337585,474460,(1,9223372036854775807))
Edge(337928,34661,(1,9223372036854775807))
Edge(337933,137350,(3,9223372036854775807))
Edge(338050,451760,(1,9223372036854775807))
Edge(338238,487573,(3,9223372036854775807))
Edge(339070,402452,(3,9223372036854775807))
Edge(339114,198661,(1,9223372036854775807))
Edge(339260,222429,(3,9223372036854775807))
Edge(339280,143310,(3,9223372036854775807))
Edge(339634,31657,(3,9223372036854775807))
Edge(339646,478267,(3,9223372036854775807))
Edge(339942,213467,(3,9223372036854775807))
Edge(340161,109166,(1,9223372036854775807))
Edge(340316,116025,(1,9223372036854775807))
Edge(341617,471674,(3,9223372036854775807))
Edge(342249,366804,(1,9223372036854775807))
Edge(342384,7976,(1,9223372036854775807))
Edge(342403,392918,(3,9223372036854775807))
Edge(342509,13197,(3,9223372036854775807))
Edge(342648,281080,(3,9223372036854775807))
Edge(342653,38591,(1,3))
Edge(342699,177105,(3,9223372036854775807))
Edge(342888,47936,(3,9223372036854775807))
Edge(343040,344539,(1,9223372036854775807))
Edge(343238,362192,(4,9223372036854775807))
Edge(343264,196890,(3,9223372036854775807))
Edge(343433,366977,(1,3))
Edge(343735,117144,(3,9223372036854775807))
Edge(343805,167455,(3,9223372036854775807))
Edge(344014,252023,(1,9223372036854775807))
Edge(344265,414313,(3,9223372036854775807))
Edge(344420,342752,(3,9223372036854775807))
Edge(344547,184177,(3,9223372036854775807))
Edge(344606,353799,(3,9223372036854775807))
Edge(344743,437209,(3,9223372036854775807))
Edge(344791,343017,(3,9223372036854775807))
Edge(344885,124634,(3,9223372036854775807))
Edge(345165,309242,(1,9223372036854775807))
Edge(345276,313586,(3,9223372036854775807))
Edge(345570,263906,(1,9223372036854775807))
Edge(345646,54570,(3,9223372036854775807))
Edge(345710,415905,(4,9223372036854775807))
Edge(346344,62714,(3,9223372036854775807))
Edge(346546,212723,(3,9223372036854775807))
Edge(346621,103567,(3,9223372036854775807))
Edge(346690,292810,(3,9223372036854775807))
Edge(346712,222274,(1,9223372036854775807))
Edge(347208,406949,(3,9223372036854775807))
Edge(347287,249819,(1,3))
Edge(347727,327877,(1,9223372036854775807))
Edge(347983,125394,(3,9223372036854775807))
Edge(348164,54117,(3,9223372036854775807))
Edge(348195,250142,(1,9223372036854775807))
Edge(348374,459329,(3,9223372036854775807))
Edge(349085,384262,(3,9223372036854775807))
Edge(349273,111599,(3,9223372036854775807))
Edge(349276,355583,(3,9223372036854775807))
Edge(350195,191724,(3,9223372036854775807))
Edge(350454,301768,(3,9223372036854775807))
Edge(350886,331530,(1,9223372036854775807))
Edge(351016,446516,(3,9223372036854775807))
Edge(351075,56694,(3,9223372036854775807))
Edge(351346,441241,(3,9223372036854775807))
Edge(351669,145576,(3,9223372036854775807))
Edge(351786,374140,(3,9223372036854775807))
Edge(352068,417429,(3,9223372036854775807))
Edge(352315,463414,(3,9223372036854775807))
Edge(352993,464885,(3,9223372036854775807))
Edge(353211,158155,(1,9223372036854775807))
Edge(353280,9400,(3,9223372036854775807))
Edge(353291,487078,(3,9223372036854775807))
Edge(353386,460261,(3,9223372036854775807))
Edge(353523,257814,(3,9223372036854775807))
Edge(353625,211327,(1,3))
Edge(353826,135891,(3,9223372036854775807))
Edge(353943,280138,(1,9223372036854775807))
Edge(354068,405421,(1,9223372036854775807))
Edge(354235,93028,(3,9223372036854775807))
Edge(354957,21455,(1,3))
Edge(355068,420192,(3,9223372036854775807))
Edge(355265,294830,(1,9223372036854775807))
Edge(355344,126185,(3,9223372036854775807))
Edge(355464,167952,(3,9223372036854775807))
Edge(355608,352544,(3,9223372036854775807))
Edge(355612,254857,(3,9223372036854775807))
Edge(355647,357919,(3,9223372036854775807))
Edge(355888,135616,(1,9223372036854775807))
Edge(357251,456960,(3,9223372036854775807))
Edge(357734,91105,(3,9223372036854775807))
Edge(358411,219939,(3,9223372036854775807))
Edge(358780,450236,(3,9223372036854775807))
Edge(359130,481448,(1,9223372036854775807))
Edge(359518,206231,(3,9223372036854775807))
Edge(359771,350394,(1,3))
Edge(360188,150634,(3,9223372036854775807))
Edge(361188,92117,(3,9223372036854775807))
Edge(361553,312381,(3,9223372036854775807))
Edge(361798,335006,(3,9223372036854775807))
Edge(361991,403793,(3,9223372036854775807))
Edge(362006,234666,(3,9223372036854775807))
Edge(362397,215515,(3,9223372036854775807))
Edge(362631,426506,(3,9223372036854775807))
Edge(363527,214680,(1,3))
Edge(363600,242553,(3,9223372036854775807))
Edge(363746,251751,(3,9223372036854775807))
Edge(363916,171812,(3,9223372036854775807))
Edge(364319,272504,(3,9223372036854775807))
Edge(364372,262100,(3,9223372036854775807))
Edge(364848,21535,(3,9223372036854775807))
Edge(365444,33040,(1,3))
Edge(365754,117429,(3,9223372036854775807))
Edge(365804,437168,(1,9223372036854775807))
Edge(365844,1604,(3,9223372036854775807))
Edge(365918,102935,(1,3))
Edge(366222,23489,(3,9223372036854775807))
Edge(366664,145161,(1,9223372036854775807))
Edge(367052,366563,(3,9223372036854775807))
Edge(367128,369883,(3,9223372036854775807))
Edge(367348,360363,(3,9223372036854775807))
Edge(367642,62093,(3,9223372036854775807))
Edge(367775,90779,(3,9223372036854775807))
Edge(367878,360430,(3,9223372036854775807))
Edge(368499,150929,(3,9223372036854775807))
Edge(368658,441235,(3,9223372036854775807))
Edge(368695,337006,(3,9223372036854775807))
Edge(369559,206905,(3,9223372036854775807))
Edge(369691,126897,(3,9223372036854775807))
Edge(369709,359074,(3,9223372036854775807))
Edge(370045,325013,(3,9223372036854775807))
Edge(370189,348469,(1,9223372036854775807))
Edge(370732,23704,(3,9223372036854775807))
Edge(370896,74818,(1,9223372036854775807))
Edge(371162,315073,(3,9223372036854775807))
Edge(371279,326969,(3,9223372036854775807))
Edge(371302,393336,(1,9223372036854775807))
Edge(371510,274151,(3,9223372036854775807))
Edge(371694,436356,(3,9223372036854775807))
Edge(371789,497557,(3,9223372036854775807))
Edge(371923,68351,(3,9223372036854775807))
Edge(372318,494222,(3,9223372036854775807))
Edge(373098,7002,(3,9223372036854775807))
Edge(374349,378480,(3,9223372036854775807))
Edge(374578,207042,(3,9223372036854775807))
Edge(374615,322854,(3,9223372036854775807))
Edge(375073,139755,(3,9223372036854775807))
Edge(375137,360129,(3,9223372036854775807))
Edge(375325,201829,(3,9223372036854775807))
Edge(375999,361771,(1,3))
Edge(376530,40993,(3,9223372036854775807))
Edge(376823,360760,(3,9223372036854775807))
Edge(377385,32405,(3,9223372036854775807))
Edge(377439,2080,(3,9223372036854775807))
Edge(377775,178414,(1,9223372036854775807))
Edge(377938,131244,(3,9223372036854775807))
Edge(378052,275361,(3,9223372036854775807))
Edge(378280,434816,(3,9223372036854775807))
Edge(378424,271455,(1,3))
Edge(378450,11156,(1,9223372036854775807))
Edge(378476,184822,(3,9223372036854775807))
Edge(378560,2863,(3,9223372036854775807))
Edge(379688,23094,(3,9223372036854775807))
Edge(379866,36045,(3,9223372036854775807))
Edge(380219,428310,(1,9223372036854775807))
Edge(380441,181565,(3,9223372036854775807))
Edge(380732,352677,(3,9223372036854775807))
Edge(381431,85149,(3,9223372036854775807))
Edge(381959,259956,(3,9223372036854775807))
Edge(382029,483434,(1,9223372036854775807))
Edge(382337,390749,(3,9223372036854775807))
Edge(382601,392675,(1,9223372036854775807))
Edge(382652,492302,(1,9223372036854775807))
Edge(382729,17776,(1,9223372036854775807))
Edge(382840,10043,(3,9223372036854775807))
Edge(382882,56086,(1,3))
Edge(383461,265182,(3,9223372036854775807))
Edge(384050,87413,(1,9223372036854775807))
Edge(384169,189127,(3,9223372036854775807))
Edge(384250,496228,(3,9223372036854775807))
Edge(384501,141906,(3,9223372036854775807))
Edge(385208,15910,(3,9223372036854775807))
Edge(385748,196796,(1,9223372036854775807))
Edge(386098,474474,(3,9223372036854775807))
Edge(386304,388240,(1,9223372036854775807))
Edge(386737,233462,(1,3))
Edge(386845,163658,(3,9223372036854775807))
Edge(387702,447188,(3,9223372036854775807))
Edge(387838,429374,(3,9223372036854775807))
Edge(388453,143128,(3,9223372036854775807))
Edge(388506,403980,(3,9223372036854775807))
Edge(388595,185342,(3,9223372036854775807))
Edge(388735,240389,(3,9223372036854775807))
Edge(388811,230597,(3,9223372036854775807))
Edge(389013,180003,(3,9223372036854775807))
Edge(389299,463487,(3,9223372036854775807))
Edge(389713,356744,(3,9223372036854775807))
Edge(390080,144076,(1,9223372036854775807))
Edge(390464,144065,(3,9223372036854775807))
Edge(390561,9308,(3,9223372036854775807))
Edge(390980,142029,(1,9223372036854775807))
Edge(391217,263149,(1,9223372036854775807))
Edge(391591,204330,(3,9223372036854775807))
Edge(391784,435990,(3,9223372036854775807))
Edge(393422,348058,(3,9223372036854775807))
Edge(393598,437025,(3,9223372036854775807))
Edge(394101,95519,(3,9223372036854775807))
Edge(394359,284131,(1,9223372036854775807))
Edge(394792,196382,(3,9223372036854775807))
Edge(394945,271643,(3,9223372036854775807))
Edge(395001,126880,(3,9223372036854775807))
Edge(395402,496407,(3,9223372036854775807))
Edge(395698,354434,(3,9223372036854775807))
Edge(395705,55810,(3,9223372036854775807))
Edge(395761,138843,(1,9223372036854775807))
Edge(396103,227615,(3,9223372036854775807))
Edge(396152,18727,(3,9223372036854775807))
Edge(396410,436123,(3,9223372036854775807))
Edge(396492,287226,(3,9223372036854775807))
Edge(396862,263033,(1,9223372036854775807))
Edge(396997,430035,(3,9223372036854775807))
Edge(398300,362815,(3,9223372036854775807))
Edge(399025,239986,(3,9223372036854775807))
Edge(399034,135998,(1,9223372036854775807))
Edge(399139,98613,(3,9223372036854775807))
Edge(400755,39524,(3,9223372036854775807))
Edge(401153,442330,(1,9223372036854775807))
Edge(401261,405868,(3,9223372036854775807))
Edge(401459,404654,(3,9223372036854775807))
Edge(401484,274055,(3,9223372036854775807))
Edge(401560,456633,(1,3))
Edge(401704,481796,(4,9223372036854775807))
Edge(401861,492021,(1,9223372036854775807))
Edge(402010,488480,(1,3))
Edge(402081,143867,(1,3))
Edge(402214,25819,(3,9223372036854775807))
Edge(402542,221554,(3,9223372036854775807))
Edge(403162,137397,(1,9223372036854775807))
Edge(403584,264126,(3,9223372036854775807))
Edge(403650,317315,(1,9223372036854775807))
Edge(403887,426514,(3,9223372036854775807))
Edge(404897,82924,(3,9223372036854775807))
Edge(405143,102076,(3,9223372036854775807))
Edge(405530,277525,(3,9223372036854775807))
Edge(405579,407709,(1,3))
Edge(405855,98517,(3,9223372036854775807))
Edge(405987,232307,(3,9223372036854775807))
Edge(406039,274962,(3,9223372036854775807))
Edge(406054,94477,(3,9223372036854775807))
Edge(406197,105198,(3,9223372036854775807))
Edge(406373,243167,(3,9223372036854775807))
Edge(407763,145064,(1,9223372036854775807))
Edge(407871,485875,(3,9223372036854775807))
Edge(407984,102682,(3,9223372036854775807))
Edge(407997,61627,(3,9223372036854775807))
Edge(408047,83035,(3,9223372036854775807))
Edge(408262,417075,(3,9223372036854775807))
Edge(408488,418984,(3,9223372036854775807))
Edge(409138,358369,(3,9223372036854775807))
Edge(409642,300000,(3,9223372036854775807))
Edge(409928,57050,(3,9223372036854775807))
Edge(410133,465708,(3,9223372036854775807))
Edge(410263,115162,(3,9223372036854775807))
Edge(410423,57495,(3,9223372036854775807))
Edge(410647,207362,(3,9223372036854775807))
Edge(411033,175568,(3,9223372036854775807))
Edge(411313,219538,(3,9223372036854775807))
Edge(411315,205333,(1,9223372036854775807))
Edge(411341,14871,(3,9223372036854775807))
Edge(411347,329368,(4,9223372036854775807))
Edge(411455,100909,(3,9223372036854775807))
Edge(411473,276232,(3,9223372036854775807))
Edge(411726,157119,(1,9223372036854775807))
Edge(411729,16207,(3,9223372036854775807))
Edge(412096,370803,(1,9223372036854775807))
Edge(412107,43243,(3,9223372036854775807))
Edge(412310,378549,(3,9223372036854775807))
Edge(412425,89878,(3,9223372036854775807))
Edge(412474,402679,(1,9223372036854775807))
Edge(412508,345297,(3,9223372036854775807))
Edge(412606,479324,(3,9223372036854775807))
Edge(412632,242135,(3,9223372036854775807))
Edge(412675,96153,(3,9223372036854775807))
Edge(412764,356979,(3,9223372036854775807))
Edge(412790,418095,(3,9223372036854775807))
Edge(413125,355889,(3,9223372036854775807))
Edge(413420,388870,(3,9223372036854775807))
Edge(414293,269078,(3,9223372036854775807))
Edge(414498,102576,(3,9223372036854775807))
Edge(414962,265993,(3,9223372036854775807))
Edge(415937,93130,(1,9223372036854775807))
Edge(416142,380919,(3,9223372036854775807))
Edge(416807,258157,(1,9223372036854775807))
Edge(416987,148691,(1,9223372036854775807))
Edge(417073,222365,(3,9223372036854775807))
Edge(417101,384311,(3,9223372036854775807))
Edge(417183,493972,(1,9223372036854775807))
Edge(417219,250790,(3,9223372036854775807))
Edge(417249,115660,(3,9223372036854775807))
Edge(418067,313652,(3,9223372036854775807))
Edge(418480,484832,(3,9223372036854775807))
Edge(418542,34029,(1,2))
Edge(418663,260205,(3,9223372036854775807))
Edge(418740,271538,(3,9223372036854775807))
Edge(418755,155135,(1,9223372036854775807))
Edge(418795,357829,(3,9223372036854775807))
Edge(419155,26896,(1,3))
Edge(419605,341451,(3,9223372036854775807))
Edge(420356,291527,(3,9223372036854775807))
Edge(420663,87029,(3,9223372036854775807))
Edge(421077,222569,(3,9223372036854775807))
Edge(421086,452429,(3,9223372036854775807))
Edge(421127,382417,(1,9223372036854775807))
Edge(421146,194579,(3,9223372036854775807))
Edge(421440,149884,(3,9223372036854775807))
Edge(421520,208464,(3,9223372036854775807))
Edge(422503,158300,(3,9223372036854775807))
Edge(422559,372201,(3,9223372036854775807))
Edge(422575,379606,(3,9223372036854775807))
Edge(422605,273739,(3,9223372036854775807))
Edge(422615,3543,(1,9223372036854775807))
Edge(422804,268489,(3,9223372036854775807))
Edge(422859,39258,(1,3))
Edge(423695,407501,(1,9223372036854775807))
Edge(423766,279813,(1,3))
Edge(424018,412730,(3,9223372036854775807))
Edge(424973,88852,(3,9223372036854775807))
Edge(425170,273020,(3,9223372036854775807))
Edge(425194,275110,(3,9223372036854775807))
Edge(425220,53813,(3,9223372036854775807))
Edge(425250,69068,(3,9223372036854775807))
Edge(425267,470777,(3,9223372036854775807))
Edge(426060,462568,(3,9223372036854775807))
Edge(426399,174617,(3,9223372036854775807))
Edge(426505,325533,(3,9223372036854775807))
Edge(427079,254537,(3,9223372036854775807))
Edge(427246,424849,(1,9223372036854775807))
Edge(427331,52598,(3,9223372036854775807))
Edge(427761,183937,(3,9223372036854775807))
Edge(427879,373876,(3,9223372036854775807))
Edge(428046,129890,(1,9223372036854775807))
Edge(428435,124258,(3,9223372036854775807))
Edge(428577,204711,(3,9223372036854775807))
Edge(428596,226882,(3,9223372036854775807))
Edge(428748,102321,(3,9223372036854775807))
Edge(428926,296522,(3,9223372036854775807))
Edge(428939,304816,(3,9223372036854775807))
Edge(428989,390549,(3,9223372036854775807))
Edge(429324,305348,(1,9223372036854775807))
Edge(430412,218723,(3,9223372036854775807))
Edge(430476,474975,(3,9223372036854775807))
Edge(430674,24340,(1,3))
Edge(430982,458150,(3,9223372036854775807))
Edge(431049,185137,(1,3))
Edge(431220,495045,(3,9223372036854775807))
Edge(432132,79829,(3,9223372036854775807))
Edge(432287,487381,(3,9223372036854775807))
Edge(432753,2668,(3,9223372036854775807))
Edge(432886,169100,(3,9223372036854775807))
Edge(433144,175451,(3,9223372036854775807))
Edge(433392,359610,(3,9223372036854775807))
Edge(433450,28196,(3,9223372036854775807))
Edge(433764,121246,(3,9223372036854775807))
Edge(433783,309744,(3,9223372036854775807))
Edge(434404,368888,(3,9223372036854775807))
Edge(434427,26063,(3,9223372036854775807))
Edge(434536,280560,(3,9223372036854775807))
Edge(434867,388421,(3,9223372036854775807))
Edge(435164,151588,(3,9223372036854775807))
Edge(435766,395256,(3,9223372036854775807))
Edge(435872,200508,(3,9223372036854775807))
Edge(435962,321124,(3,9223372036854775807))
Edge(436012,477383,(1,9223372036854775807))
Edge(436649,34330,(3,9223372036854775807))
Edge(437046,247852,(1,9223372036854775807))
Edge(437290,454784,(1,9223372036854775807))
Edge(437814,298529,(3,9223372036854775807))
Edge(437844,380360,(3,9223372036854775807))
Edge(438507,2744,(3,9223372036854775807))
Edge(438655,203260,(1,9223372036854775807))
Edge(438993,428884,(3,9223372036854775807))
Edge(439847,350866,(3,9223372036854775807))
Edge(439861,51110,(3,9223372036854775807))
Edge(440382,412569,(3,9223372036854775807))
Edge(440569,75268,(3,9223372036854775807))
Edge(440818,241555,(3,9223372036854775807))
Edge(441455,284774,(3,9223372036854775807))
Edge(442158,326934,(1,9223372036854775807))
Edge(442237,425672,(1,9223372036854775807))
Edge(442535,113493,(1,9223372036854775807))
Edge(442653,400542,(3,9223372036854775807))
Edge(443169,202773,(1,9223372036854775807))
Edge(443222,483477,(3,9223372036854775807))
Edge(443706,256765,(3,9223372036854775807))
Edge(444071,15750,(3,9223372036854775807))
Edge(444420,497863,(1,3))
Edge(444598,144122,(3,9223372036854775807))
Edge(444872,355039,(3,9223372036854775807))
Edge(445112,217738,(4,9223372036854775807))
Edge(446469,415990,(1,9223372036854775807))
Edge(446712,132091,(3,9223372036854775807))
Edge(446739,23424,(3,9223372036854775807))
Edge(446920,137589,(1,9223372036854775807))
Edge(447434,283469,(3,9223372036854775807))
Edge(447763,423619,(1,9223372036854775807))
Edge(448512,83096,(3,9223372036854775807))
Edge(448605,423825,(3,9223372036854775807))
Edge(449661,169843,(3,9223372036854775807))
Edge(449919,102501,(3,9223372036854775807))
Edge(450188,101712,(3,9223372036854775807))
Edge(450437,453790,(3,9223372036854775807))
Edge(450657,242265,(3,9223372036854775807))
Edge(451385,428850,(3,9223372036854775807))
Edge(452056,468444,(3,9223372036854775807))
Edge(452385,4323,(3,9223372036854775807))
Edge(452392,483112,(1,3))
Edge(452474,387835,(3,9223372036854775807))
Edge(452536,219509,(3,9223372036854775807))
Edge(452593,377902,(3,9223372036854775807))
Edge(453437,491838,(1,3))
Edge(453836,483580,(3,9223372036854775807))
Edge(454288,331512,(1,9223372036854775807))
Edge(454783,392292,(3,9223372036854775807))
Edge(454936,449473,(3,9223372036854775807))
Edge(454945,450097,(3,9223372036854775807))
Edge(454994,212553,(3,9223372036854775807))
Edge(455109,414483,(3,9223372036854775807))
Edge(455148,18056,(3,9223372036854775807))
Edge(455543,34293,(3,9223372036854775807))
Edge(455576,35550,(3,9223372036854775807))
Edge(455778,267326,(3,9223372036854775807))
Edge(455870,291465,(3,9223372036854775807))
Edge(455892,228298,(1,9223372036854775807))
Edge(456069,67185,(3,9223372036854775807))
Edge(456448,14434,(3,9223372036854775807))
Edge(456462,12175,(1,3))
Edge(456544,336882,(1,9223372036854775807))
Edge(456675,169348,(1,3))
Edge(457091,323419,(3,9223372036854775807))
Edge(457379,324493,(3,9223372036854775807))
Edge(457400,311345,(3,9223372036854775807))
Edge(457966,11214,(3,9223372036854775807))
Edge(458130,333195,(1,9223372036854775807))
Edge(458315,55086,(3,9223372036854775807))
Edge(458692,398301,(3,9223372036854775807))
Edge(458766,238263,(3,9223372036854775807))
Edge(459146,394552,(3,9223372036854775807))
Edge(459152,12653,(1,9223372036854775807))
Edge(459285,141551,(3,9223372036854775807))
Edge(459843,381851,(3,9223372036854775807))
Edge(460180,73487,(3,9223372036854775807))
Edge(460270,105167,(1,9223372036854775807))
Edge(460617,496934,(3,9223372036854775807))
Edge(460638,215056,(3,9223372036854775807))
Edge(460693,123859,(1,9223372036854775807))
Edge(460932,449858,(3,9223372036854775807))
Edge(461617,14596,(1,3))
Edge(461693,153185,(3,9223372036854775807))
Edge(461712,121051,(3,9223372036854775807))
Edge(462047,229780,(3,9223372036854775807))
Edge(462137,413976,(3,9223372036854775807))
Edge(462174,192297,(3,9223372036854775807))
Edge(462361,171402,(3,9223372036854775807))
Edge(462657,370548,(3,9223372036854775807))
Edge(462719,187495,(3,9223372036854775807))
Edge(463082,121563,(1,9223372036854775807))
Edge(464640,72467,(3,9223372036854775807))
Edge(465043,51506,(3,9223372036854775807))
Edge(465045,311838,(3,9223372036854775807))
Edge(465151,186269,(3,9223372036854775807))
Edge(465665,145419,(3,9223372036854775807))
Edge(465819,59010,(3,9223372036854775807))
Edge(466050,450224,(3,9223372036854775807))
Edge(467182,157157,(1,3))
Edge(467283,95824,(1,3))
Edge(467616,344742,(3,9223372036854775807))
Edge(467726,31291,(3,9223372036854775807))
Edge(467912,478067,(3,9223372036854775807))
Edge(468185,320494,(3,9223372036854775807))
Edge(468261,395924,(1,9223372036854775807))
Edge(468402,285141,(1,9223372036854775807))
Edge(468716,197975,(3,9223372036854775807))
Edge(468861,445108,(3,9223372036854775807))
Edge(469377,17466,(3,9223372036854775807))
Edge(469659,443866,(3,9223372036854775807))
Edge(470035,260048,(1,9223372036854775807))
Edge(470367,2440,(3,9223372036854775807))
Edge(470464,417490,(3,9223372036854775807))
Edge(470778,104368,(3,9223372036854775807))
Edge(470841,214990,(1,9223372036854775807))
Edge(470851,26289,(3,9223372036854775807))
Edge(471159,34263,(3,9223372036854775807))
Edge(471656,493524,(3,9223372036854775807))
Edge(471926,344670,(3,9223372036854775807))
Edge(471955,63000,(1,3))
Edge(472400,98914,(3,9223372036854775807))
Edge(472404,306923,(3,9223372036854775807))
Edge(472618,319211,(3,9223372036854775807))
Edge(472822,77194,(3,9223372036854775807))
Edge(473741,20237,(1,9223372036854775807))
Edge(474138,126111,(3,9223372036854775807))
Edge(474258,9885,(3,9223372036854775807))
Edge(474259,354243,(3,9223372036854775807))
Edge(474716,430050,(3,9223372036854775807))
Edge(474988,14581,(3,9223372036854775807))
Edge(475004,140250,(3,9223372036854775807))
Edge(475088,448283,(1,9223372036854775807))
Edge(475761,224082,(1,9223372036854775807))
Edge(475950,57039,(1,9223372036854775807))
Edge(476517,420564,(3,9223372036854775807))
Edge(477544,7940,(3,9223372036854775807))
Edge(477666,485577,(3,9223372036854775807))
Edge(478912,173760,(3,9223372036854775807))
Edge(479133,98601,(1,9223372036854775807))
Edge(479339,212163,(3,9223372036854775807))
Edge(479365,309109,(1,3))
Edge(479451,258811,(3,9223372036854775807))
Edge(480213,248539,(3,9223372036854775807))
Edge(480351,163351,(3,9223372036854775807))
Edge(480469,113298,(3,9223372036854775807))
Edge(480593,158235,(2,3))
Edge(480814,470839,(3,9223372036854775807))
Edge(480849,72882,(3,9223372036854775807))
Edge(480961,377670,(3,9223372036854775807))
Edge(481156,437761,(3,9223372036854775807))
Edge(482550,222739,(3,9223372036854775807))
Edge(482787,463600,(1,9223372036854775807))
Edge(482799,63835,(3,9223372036854775807))
Edge(483413,361805,(1,3))
Edge(483439,399252,(3,9223372036854775807))
Edge(483865,342748,(3,9223372036854775807))
Edge(483935,465642,(3,9223372036854775807))
Edge(484017,128784,(3,9223372036854775807))
Edge(484323,290411,(3,9223372036854775807))
Edge(484568,221556,(3,9223372036854775807))
Edge(484600,249765,(3,9223372036854775807))
Edge(484626,387774,(3,9223372036854775807))
Edge(484666,425892,(3,9223372036854775807))
Edge(484697,260080,(1,9223372036854775807))
Edge(484867,369415,(3,9223372036854775807))
Edge(485343,444614,(3,9223372036854775807))
Edge(485657,371318,(3,9223372036854775807))
Edge(485780,210414,(3,9223372036854775807))
Edge(485918,493118,(3,9223372036854775807))
Edge(486820,444023,(3,9223372036854775807))
Edge(486829,488610,(3,9223372036854775807))
Edge(487568,233686,(1,9223372036854775807))
Edge(487699,404625,(3,9223372036854775807))
Edge(487768,175112,(3,9223372036854775807))
Edge(487905,124108,(1,9223372036854775807))
Edge(488310,463869,(3,9223372036854775807))
Edge(488362,68556,(3,9223372036854775807))
Edge(488546,321337,(1,9223372036854775807))
Edge(488718,50797,(1,9223372036854775807))
Edge(488741,384796,(1,9223372036854775807))
Edge(488766,296478,(3,9223372036854775807))
Edge(488812,108799,(3,9223372036854775807))
Edge(489086,320854,(3,9223372036854775807))
Edge(489113,411666,(1,9223372036854775807))
Edge(489425,44196,(4,9223372036854775807))
Edge(489653,402517,(3,9223372036854775807))
Edge(490406,57398,(3,9223372036854775807))
Edge(490557,106088,(3,9223372036854775807))
Edge(490740,483553,(3,9223372036854775807))
Edge(491414,5545,(1,9223372036854775807))
Edge(491434,405019,(3,9223372036854775807))
Edge(491621,331629,(3,9223372036854775807))
Edge(491839,118664,(3,9223372036854775807))
Edge(491897,420751,(3,9223372036854775807))
Edge(491953,293977,(3,9223372036854775807))
Edge(492225,92699,(3,9223372036854775807))
Edge(492266,497615,(1,9223372036854775807))
Edge(492769,118718,(3,9223372036854775807))
Edge(492803,493013,(1,9223372036854775807))
Edge(492839,78782,(3,9223372036854775807))
Edge(493228,282111,(3,9223372036854775807))
Edge(493318,482949,(3,9223372036854775807))
Edge(493393,477560,(3,9223372036854775807))
Edge(494372,445180,(4,9223372036854775807))
Edge(494771,136375,(3,9223372036854775807))
Edge(494943,477330,(3,9223372036854775807))
Edge(495006,301247,(1,9223372036854775807))
Edge(495016,433469,(3,9223372036854775807))
Edge(495259,305300,(1,9223372036854775807))
Edge(495573,208792,(3,9223372036854775807))
Edge(496178,245903,(1,9223372036854775807))
Edge(496215,326317,(3,9223372036854775807))
Edge(496297,263437,(3,9223372036854775807))
Edge(496517,169748,(3,9223372036854775807))
Edge(496914,140416,(3,9223372036854775807))
Edge(497292,346070,(3,9223372036854775807))
Edge(497341,348518,(1,9223372036854775807))
Edge(497893,159103,(3,9223372036854775807))
Edge(498288,91812,(1,9223372036854775807))
Edge(499210,391232,(3,9223372036854775807))
Edge(499222,368102,(3,9223372036854775807))
Edge(499397,30927,(3,9223372036854775807))
Edge(499454,95668,(1,3))
Edge(499626,328259,(1,9223372036854775807))
