Edge(67,337952,(3,9223372036854775807))
Edge(150,345912,(3,9223372036854775807))
Edge(308,124406,(3,9223372036854775807))
Edge(882,133225,(3,9223372036854775807))
Edge(939,46796,(3,9223372036854775807))
Edge(1075,230398,(3,9223372036854775807))
Edge(1206,130174,(3,9223372036854775807))
Edge(1224,497233,(1,3))
Edge(1240,16853,(3,9223372036854775807))
Edge(1488,92191,(3,9223372036854775807))
Edge(1876,233775,(3,9223372036854775807))
Edge(2047,183827,(1,9223372036854775807))
Edge(2080,257339,(3,9223372036854775807))
Edge(2497,495139,(3,9223372036854775807))
Edge(2839,133504,(3,9223372036854775807))
Edge(3491,466138,(3,9223372036854775807))
Edge(3819,339945,(3,9223372036854775807))
Edge(4430,400478,(3,9223372036854775807))
Edge(4434,85684,(1,9223372036854775807))
Edge(4563,287725,(3,9223372036854775807))
Edge(4871,184288,(3,9223372036854775807))
Edge(4883,462078,(3,9223372036854775807))
Edge(5175,223438,(3,9223372036854775807))
Edge(5279,480027,(3,9223372036854775807))
Edge(5311,200759,(3,9223372036854775807))
Edge(5330,443332,(3,9223372036854775807))
Edge(5491,270831,(3,9223372036854775807))
Edge(5529,281952,(3,9223372036854775807))
Edge(5711,116875,(3,9223372036854775807))
Edge(5784,216584,(3,9223372036854775807))
Edge(5944,149020,(3,9223372036854775807))
Edge(6060,200934,(3,9223372036854775807))
Edge(6089,379637,(3,9223372036854775807))
Edge(6174,279763,(3,9223372036854775807))
Edge(6329,281725,(3,9223372036854775807))
Edge(6332,4289,(3,9223372036854775807))
Edge(6757,22502,(1,9223372036854775807))
Edge(6981,41883,(3,9223372036854775807))
Edge(7065,414909,(3,9223372036854775807))
Edge(7453,37306,(3,9223372036854775807))
Edge(7881,392544,(3,9223372036854775807))
Edge(7881,423647,(3,9223372036854775807))
Edge(7943,495925,(3,9223372036854775807))
Edge(7947,412623,(3,9223372036854775807))
Edge(8065,20606,(1,9223372036854775807))
Edge(8470,352859,(1,9223372036854775807))
Edge(8703,248096,(3,9223372036854775807))
Edge(9096,184439,(3,9223372036854775807))
Edge(9199,222121,(3,9223372036854775807))
Edge(9776,376640,(3,9223372036854775807))
Edge(9796,462108,(3,9223372036854775807))
Edge(10372,98075,(3,9223372036854775807))
Edge(10483,253648,(3,9223372036854775807))
Edge(10755,308073,(3,9223372036854775807))
Edge(10812,464377,(3,9223372036854775807))
Edge(10948,21099,(3,9223372036854775807))
Edge(11076,138330,(3,9223372036854775807))
Edge(11239,273812,(3,9223372036854775807))
Edge(11449,413090,(3,9223372036854775807))
Edge(11491,326913,(3,9223372036854775807))
Edge(12114,352201,(3,9223372036854775807))
Edge(12187,11448,(3,9223372036854775807))
Edge(12291,305383,(3,9223372036854775807))
Edge(12661,318182,(3,9223372036854775807))
Edge(13532,156067,(3,9223372036854775807))
Edge(13610,115917,(3,9223372036854775807))
Edge(13731,358784,(3,9223372036854775807))
Edge(13958,488464,(1,9223372036854775807))
Edge(14046,347036,(3,9223372036854775807))
Edge(14099,84064,(3,9223372036854775807))
Edge(14354,148041,(3,9223372036854775807))
Edge(14438,60589,(3,9223372036854775807))
Edge(14585,233524,(3,9223372036854775807))
Edge(14693,299301,(3,9223372036854775807))
Edge(15191,190569,(3,9223372036854775807))
Edge(15572,278410,(3,9223372036854775807))
Edge(15786,60168,(3,9223372036854775807))
Edge(15961,329972,(3,9223372036854775807))
Edge(16005,80559,(3,9223372036854775807))
Edge(16669,369104,(3,9223372036854775807))
Edge(16903,17125,(3,9223372036854775807))
Edge(17015,261692,(3,9223372036854775807))
Edge(17360,142396,(3,9223372036854775807))
Edge(17430,367890,(3,9223372036854775807))
Edge(18209,496499,(1,9223372036854775807))
Edge(18515,466359,(3,9223372036854775807))
Edge(18770,30030,(3,9223372036854775807))
Edge(18986,90430,(3,9223372036854775807))
Edge(19196,63203,(3,9223372036854775807))
Edge(19262,459239,(3,9223372036854775807))
Edge(19387,49873,(3,9223372036854775807))
Edge(19818,439842,(3,9223372036854775807))
Edge(20430,281597,(3,9223372036854775807))
Edge(20529,159018,(3,9223372036854775807))
Edge(20553,36746,(3,9223372036854775807))
Edge(20577,440977,(3,9223372036854775807))
Edge(20715,440003,(3,9223372036854775807))
Edge(20901,186209,(1,9223372036854775807))
Edge(21623,492121,(3,9223372036854775807))
Edge(21969,471730,(3,9223372036854775807))
Edge(22321,355475,(3,9223372036854775807))
Edge(23195,99088,(3,9223372036854775807))
Edge(23452,379586,(3,9223372036854775807))
Edge(23602,64837,(3,9223372036854775807))
Edge(24536,213598,(3,9223372036854775807))
Edge(24914,131272,(3,9223372036854775807))
Edge(25176,176680,(3,9223372036854775807))
Edge(25192,178781,(3,9223372036854775807))
Edge(25383,156572,(3,9223372036854775807))
Edge(26180,423390,(3,9223372036854775807))
Edge(26311,405685,(1,3))
Edge(26394,223038,(1,3))
Edge(26435,486334,(1,3))
Edge(26967,35165,(1,9223372036854775807))
Edge(27366,454684,(1,9223372036854775807))
Edge(27484,31730,(1,9223372036854775807))
Edge(27486,64471,(3,9223372036854775807))
Edge(27718,188077,(3,9223372036854775807))
Edge(27777,269498,(3,9223372036854775807))
Edge(27894,351082,(1,3))
Edge(28149,488939,(3,9223372036854775807))
Edge(28405,407686,(3,9223372036854775807))
Edge(28460,341259,(3,9223372036854775807))
Edge(28594,103322,(3,9223372036854775807))
Edge(29086,183841,(1,3))
Edge(29104,63867,(3,9223372036854775807))
Edge(29439,302972,(1,9223372036854775807))
Edge(29796,216366,(3,9223372036854775807))
Edge(29934,462439,(3,9223372036854775807))
Edge(30399,166392,(3,9223372036854775807))
Edge(30666,326961,(3,9223372036854775807))
Edge(30717,81272,(3,9223372036854775807))
Edge(30770,321864,(3,9223372036854775807))
Edge(30811,468636,(1,3))
Edge(30850,57739,(1,3))
Edge(30876,471332,(3,9223372036854775807))
Edge(31356,378455,(4,9223372036854775807))
Edge(31540,192283,(3,9223372036854775807))
Edge(31774,16889,(1,3))
Edge(32075,11066,(3,9223372036854775807))
Edge(32656,182111,(1,9223372036854775807))
Edge(32762,236047,(3,9223372036854775807))
Edge(32762,420935,(3,9223372036854775807))
Edge(32782,30379,(3,9223372036854775807))
Edge(33065,194840,(1,3))
Edge(33330,5544,(3,9223372036854775807))
Edge(33495,137893,(3,9223372036854775807))
Edge(33697,223150,(3,9223372036854775807))
Edge(33714,7167,(3,9223372036854775807))
Edge(33728,221030,(3,9223372036854775807))
Edge(33745,113678,(1,3))
Edge(33834,266433,(1,3))
Edge(33974,384998,(3,9223372036854775807))
Edge(34576,418880,(1,9223372036854775807))
Edge(34921,147979,(3,9223372036854775807))
Edge(34989,356644,(3,9223372036854775807))
Edge(35029,148567,(3,9223372036854775807))
Edge(35284,203831,(1,9223372036854775807))
Edge(35353,43725,(3,9223372036854775807))
Edge(35713,238615,(3,9223372036854775807))
Edge(36242,23474,(3,9223372036854775807))
Edge(36325,269038,(3,9223372036854775807))
Edge(36454,124364,(3,9223372036854775807))
Edge(36923,124198,(3,9223372036854775807))
Edge(37138,57055,(1,9223372036854775807))
Edge(37423,12603,(3,9223372036854775807))
Edge(37781,165293,(3,9223372036854775807))
Edge(38021,68631,(1,3))
Edge(38119,124235,(3,9223372036854775807))
Edge(38200,34943,(3,9223372036854775807))
Edge(38283,368640,(3,9223372036854775807))
Edge(38402,159204,(1,3))
Edge(38595,154381,(3,9223372036854775807))
Edge(38635,34442,(1,9223372036854775807))
Edge(38861,343960,(3,9223372036854775807))
Edge(39571,234009,(3,9223372036854775807))
Edge(39590,157844,(3,9223372036854775807))
Edge(39786,251998,(3,9223372036854775807))
Edge(39894,114128,(3,9223372036854775807))
Edge(41283,264977,(1,3))
Edge(41417,275591,(3,9223372036854775807))
Edge(41644,53106,(1,9223372036854775807))
Edge(41781,227035,(3,9223372036854775807))
Edge(42751,403770,(3,9223372036854775807))
Edge(42895,148614,(3,9223372036854775807))
Edge(43573,338117,(1,9223372036854775807))
Edge(44075,199340,(1,9223372036854775807))
Edge(44145,416046,(3,9223372036854775807))
Edge(44542,8142,(3,9223372036854775807))
Edge(44568,240652,(3,9223372036854775807))
Edge(44715,347311,(3,9223372036854775807))
Edge(44925,476179,(3,9223372036854775807))
Edge(45378,56502,(3,9223372036854775807))
Edge(45796,107645,(3,9223372036854775807))
Edge(46042,191031,(3,9223372036854775807))
Edge(46670,135732,(1,3))
Edge(46944,274165,(3,9223372036854775807))
Edge(47026,14616,(1,9223372036854775807))
Edge(47303,341626,(3,9223372036854775807))
Edge(47821,468530,(1,3))
Edge(47863,217265,(3,9223372036854775807))
Edge(48000,383931,(3,9223372036854775807))
Edge(48166,419445,(3,9223372036854775807))
Edge(48211,167273,(3,9223372036854775807))
Edge(48525,240920,(3,9223372036854775807))
Edge(48548,59036,(3,9223372036854775807))
Edge(49253,403225,(3,9223372036854775807))
Edge(49349,102879,(3,9223372036854775807))
Edge(50218,8344,(3,9223372036854775807))
Edge(50377,111483,(3,9223372036854775807))
Edge(50391,168102,(3,9223372036854775807))
Edge(50437,151902,(3,9223372036854775807))
Edge(50773,215211,(3,9223372036854775807))
Edge(50858,29609,(3,9223372036854775807))
Edge(51031,358366,(3,9223372036854775807))
Edge(51398,125592,(3,9223372036854775807))
Edge(51758,485768,(3,9223372036854775807))
Edge(52218,84595,(1,9223372036854775807))
Edge(52321,338044,(3,9223372036854775807))
Edge(52423,389620,(1,9223372036854775807))
Edge(53366,411176,(3,9223372036854775807))
Edge(53547,197811,(3,9223372036854775807))
Edge(53688,206195,(3,9223372036854775807))
Edge(53878,299216,(3,9223372036854775807))
Edge(53913,171289,(1,9223372036854775807))
Edge(53946,396653,(3,9223372036854775807))
Edge(54322,137343,(3,9223372036854775807))
Edge(54378,263876,(3,9223372036854775807))
Edge(54749,208951,(3,9223372036854775807))
Edge(54961,169514,(3,9223372036854775807))
Edge(55107,8352,(3,9223372036854775807))
Edge(55189,253181,(3,9223372036854775807))
Edge(55345,174108,(3,9223372036854775807))
Edge(55399,147106,(3,9223372036854775807))
Edge(55403,58906,(3,9223372036854775807))
Edge(55408,386805,(1,9223372036854775807))
Edge(55726,331142,(3,9223372036854775807))
Edge(55779,225078,(3,9223372036854775807))
Edge(55869,280421,(3,9223372036854775807))
Edge(56044,250391,(3,9223372036854775807))
Edge(56243,379481,(3,9223372036854775807))
Edge(56292,381556,(3,9223372036854775807))
Edge(56569,363353,(3,9223372036854775807))
Edge(56583,259000,(1,3))
Edge(56729,119592,(3,9223372036854775807))
Edge(57726,149057,(1,9223372036854775807))
Edge(57813,356952,(3,9223372036854775807))
Edge(58349,69397,(3,9223372036854775807))
Edge(58512,16387,(3,9223372036854775807))
Edge(58717,105465,(3,9223372036854775807))
Edge(58727,191249,(3,9223372036854775807))
Edge(58833,100019,(3,9223372036854775807))
Edge(59119,289939,(3,9223372036854775807))
Edge(59528,294298,(3,9223372036854775807))
Edge(59828,473966,(3,9223372036854775807))
Edge(59981,469313,(3,9223372036854775807))
Edge(60043,432405,(3,9223372036854775807))
Edge(60551,478787,(3,9223372036854775807))
Edge(60845,70618,(3,9223372036854775807))
Edge(61677,67575,(3,9223372036854775807))
Edge(61763,260626,(1,9223372036854775807))
Edge(61963,338761,(3,9223372036854775807))
Edge(62148,151784,(3,9223372036854775807))
Edge(62368,296780,(3,9223372036854775807))
Edge(62653,215102,(1,9223372036854775807))
Edge(63219,411878,(3,9223372036854775807))
Edge(63253,125405,(3,9223372036854775807))
Edge(64200,317547,(3,9223372036854775807))
Edge(64291,52165,(3,9223372036854775807))
Edge(65216,495145,(1,3))
Edge(65401,271628,(3,9223372036854775807))
Edge(66065,357441,(3,9223372036854775807))
Edge(66245,495450,(3,9223372036854775807))
Edge(66374,216611,(3,9223372036854775807))
Edge(66957,480598,(3,9223372036854775807))
Edge(66993,460936,(3,9223372036854775807))
Edge(67077,409181,(3,9223372036854775807))
Edge(67089,469720,(3,9223372036854775807))
Edge(67477,105790,(3,9223372036854775807))
Edge(67790,331324,(3,9223372036854775807))
Edge(68084,253677,(1,9223372036854775807))
Edge(68104,169479,(3,9223372036854775807))
Edge(68213,76925,(3,9223372036854775807))
Edge(68238,470385,(3,9223372036854775807))
Edge(68476,247904,(3,9223372036854775807))
Edge(68797,421976,(3,9223372036854775807))
Edge(68912,223503,(3,9223372036854775807))
Edge(69315,368730,(3,9223372036854775807))
Edge(69458,280519,(3,9223372036854775807))
Edge(69507,284628,(3,9223372036854775807))
Edge(69693,199027,(1,9223372036854775807))
Edge(70090,80880,(3,9223372036854775807))
Edge(70177,498002,(3,9223372036854775807))
Edge(70699,295865,(3,9223372036854775807))
Edge(71057,83753,(3,9223372036854775807))
Edge(71366,434302,(3,9223372036854775807))
Edge(71469,33279,(1,9223372036854775807))
Edge(71548,25933,(3,9223372036854775807))
Edge(71683,419857,(3,9223372036854775807))
Edge(71808,91437,(3,9223372036854775807))
Edge(72163,418757,(1,3))
Edge(72526,66480,(3,9223372036854775807))
Edge(72774,26728,(3,9223372036854775807))
Edge(73059,446358,(1,3))
Edge(73112,459909,(1,9223372036854775807))
Edge(73679,45341,(3,9223372036854775807))
Edge(73756,434288,(3,9223372036854775807))
Edge(73897,342770,(3,9223372036854775807))
Edge(74338,170036,(1,9223372036854775807))
Edge(74562,65465,(1,3))
Edge(74876,91751,(3,9223372036854775807))
Edge(75060,74553,(1,9223372036854775807))
Edge(75742,147719,(3,9223372036854775807))
Edge(76337,388374,(3,9223372036854775807))
Edge(76508,413926,(3,9223372036854775807))
Edge(77033,218662,(1,9223372036854775807))
Edge(77267,252051,(3,9223372036854775807))
Edge(77442,390905,(3,9223372036854775807))
Edge(78036,97819,(3,9223372036854775807))
Edge(78223,490757,(3,9223372036854775807))
Edge(78396,467408,(3,9223372036854775807))
Edge(78561,85028,(1,9223372036854775807))
Edge(78761,52991,(1,9223372036854775807))
Edge(79000,200299,(3,9223372036854775807))
Edge(79024,192121,(3,9223372036854775807))
Edge(79456,465061,(1,3))
Edge(79706,12553,(3,9223372036854775807))
Edge(80423,155232,(3,9223372036854775807))
Edge(80464,77849,(3,9223372036854775807))
Edge(80473,481468,(3,9223372036854775807))
Edge(80650,400720,(1,3))
Edge(81088,238459,(3,9223372036854775807))
Edge(81616,29592,(3,9223372036854775807))
Edge(81725,242028,(1,3))
Edge(81839,35509,(3,9223372036854775807))
Edge(81877,374190,(3,9223372036854775807))
Edge(81925,195816,(3,9223372036854775807))
Edge(82456,119757,(3,9223372036854775807))
Edge(82679,353360,(3,9223372036854775807))
Edge(83450,20612,(1,3))
Edge(83674,222390,(3,9223372036854775807))
Edge(84345,94383,(1,9223372036854775807))
Edge(84757,245510,(3,9223372036854775807))
Edge(85314,224435,(1,9223372036854775807))
Edge(85774,393262,(1,9223372036854775807))
Edge(85818,464873,(3,9223372036854775807))
Edge(86064,11226,(3,9223372036854775807))
Edge(86278,357261,(3,9223372036854775807))
Edge(86613,334754,(3,9223372036854775807))
Edge(86672,187244,(3,9223372036854775807))
Edge(86882,135081,(3,9223372036854775807))
Edge(87146,13190,(3,9223372036854775807))
Edge(87355,53893,(3,9223372036854775807))
Edge(87426,197712,(3,9223372036854775807))
Edge(87483,237620,(3,9223372036854775807))
Edge(87617,149588,(3,9223372036854775807))
Edge(87744,145895,(3,9223372036854775807))
Edge(87807,404106,(1,9223372036854775807))
Edge(87876,240171,(3,9223372036854775807))
Edge(88193,101947,(3,9223372036854775807))
Edge(88231,138178,(3,9223372036854775807))
Edge(88450,464969,(1,9223372036854775807))
Edge(88803,260165,(1,9223372036854775807))
Edge(89132,428308,(3,9223372036854775807))
Edge(89303,254352,(1,3))
Edge(89454,267057,(3,9223372036854775807))
Edge(90799,410212,(3,9223372036854775807))
Edge(91039,90634,(3,9223372036854775807))
Edge(91122,440450,(3,9223372036854775807))
Edge(91614,401931,(3,9223372036854775807))
Edge(92237,16083,(3,9223372036854775807))
Edge(92409,403634,(1,3))
Edge(92846,91206,(1,3))
Edge(92874,489094,(3,9223372036854775807))
Edge(93304,437728,(3,9223372036854775807))
Edge(93910,493646,(3,9223372036854775807))
Edge(94008,236892,(3,9223372036854775807))
Edge(94127,423247,(3,9223372036854775807))
Edge(94858,45506,(3,9223372036854775807))
Edge(95342,270087,(3,9223372036854775807))
Edge(95418,206816,(1,9223372036854775807))
Edge(95589,47080,(3,9223372036854775807))
Edge(95652,209892,(1,9223372036854775807))
Edge(95974,245875,(3,9223372036854775807))
Edge(97511,453977,(3,9223372036854775807))
Edge(97533,326314,(3,9223372036854775807))
Edge(97991,33784,(3,9223372036854775807))
Edge(98080,90697,(3,9223372036854775807))
Edge(98431,43979,(3,9223372036854775807))
Edge(98612,466259,(3,9223372036854775807))
Edge(98792,271517,(3,9223372036854775807))
Edge(98956,1081,(3,9223372036854775807))
Edge(98975,351058,(1,9223372036854775807))
Edge(99853,402598,(3,9223372036854775807))
Edge(100327,243713,(3,9223372036854775807))
Edge(100584,53008,(3,9223372036854775807))
Edge(100835,172602,(3,9223372036854775807))
Edge(100950,14998,(3,9223372036854775807))
Edge(101603,329070,(3,9223372036854775807))
Edge(101679,248564,(3,9223372036854775807))
Edge(101708,386270,(3,9223372036854775807))
Edge(101941,283857,(3,9223372036854775807))
Edge(103085,470768,(3,9223372036854775807))
Edge(103250,47679,(3,9223372036854775807))
Edge(103828,356829,(3,9223372036854775807))
Edge(103851,113778,(1,3))
Edge(104221,253117,(3,9223372036854775807))
Edge(104250,130369,(3,9223372036854775807))
Edge(104305,450747,(3,9223372036854775807))
Edge(104470,359142,(1,9223372036854775807))
Edge(104589,208494,(1,9223372036854775807))
Edge(104763,323499,(3,9223372036854775807))
Edge(104820,224566,(3,9223372036854775807))
Edge(104990,161942,(3,9223372036854775807))
Edge(105333,401828,(3,9223372036854775807))
Edge(105678,493891,(1,3))
Edge(105698,316927,(1,9223372036854775807))
Edge(105856,294286,(3,9223372036854775807))
Edge(106023,118007,(3,9223372036854775807))
Edge(106114,210551,(3,9223372036854775807))
Edge(106211,24741,(3,9223372036854775807))
Edge(106285,122638,(3,9223372036854775807))
Edge(106467,359614,(3,9223372036854775807))
Edge(106499,265462,(3,9223372036854775807))
Edge(106857,360502,(3,9223372036854775807))
Edge(106962,212050,(3,9223372036854775807))
Edge(107009,360500,(3,9223372036854775807))
Edge(107093,200562,(3,9223372036854775807))
Edge(107352,74128,(1,9223372036854775807))
Edge(107518,310403,(3,9223372036854775807))
Edge(107814,271460,(3,9223372036854775807))
Edge(108332,424436,(3,9223372036854775807))
Edge(108407,231449,(3,9223372036854775807))
Edge(108750,475477,(3,9223372036854775807))
Edge(109301,23234,(1,9223372036854775807))
Edge(109836,62466,(3,9223372036854775807))
Edge(110173,161007,(3,9223372036854775807))
Edge(110909,37281,(3,9223372036854775807))
Edge(110912,424971,(3,9223372036854775807))
Edge(111346,300081,(3,9223372036854775807))
Edge(111521,110276,(3,9223372036854775807))
Edge(111987,177270,(3,9223372036854775807))
Edge(112036,307710,(3,9223372036854775807))
Edge(112154,498742,(3,9223372036854775807))
Edge(112364,282496,(1,3))
Edge(112377,489136,(3,9223372036854775807))
Edge(112563,388092,(3,9223372036854775807))
Edge(112651,99510,(1,9223372036854775807))
Edge(112671,115290,(3,9223372036854775807))
Edge(112829,435484,(1,3))
Edge(112858,379909,(3,9223372036854775807))
Edge(113011,309016,(3,9223372036854775807))
Edge(113516,20702,(3,9223372036854775807))
Edge(113568,493373,(1,9223372036854775807))
Edge(113652,410242,(3,9223372036854775807))
Edge(114335,22388,(3,9223372036854775807))
Edge(114539,460660,(3,9223372036854775807))
Edge(114760,87405,(1,9223372036854775807))
Edge(114956,66673,(1,9223372036854775807))
Edge(115037,75045,(3,9223372036854775807))
Edge(115091,14438,(3,9223372036854775807))
Edge(115167,478484,(3,9223372036854775807))
Edge(115281,117894,(1,9223372036854775807))
Edge(115740,461201,(3,9223372036854775807))
Edge(115850,419011,(3,9223372036854775807))
Edge(115958,306619,(3,9223372036854775807))
Edge(116114,117324,(3,9223372036854775807))
Edge(116715,201980,(3,9223372036854775807))
Edge(117142,259662,(3,9223372036854775807))
Edge(117374,221999,(1,3))
Edge(117787,113815,(3,9223372036854775807))
Edge(117801,257586,(1,9223372036854775807))
Edge(118593,378426,(3,9223372036854775807))
Edge(118845,487976,(1,3))
Edge(119066,425317,(3,9223372036854775807))
Edge(119157,29381,(4,9223372036854775807))
Edge(119300,461238,(3,9223372036854775807))
Edge(119307,370896,(3,9223372036854775807))
Edge(119416,476629,(1,9223372036854775807))
Edge(119747,203723,(3,9223372036854775807))
Edge(120025,40652,(3,9223372036854775807))
Edge(120316,416096,(1,9223372036854775807))
Edge(120946,279990,(3,9223372036854775807))
Edge(121016,216018,(3,9223372036854775807))
Edge(121135,499026,(3,9223372036854775807))
Edge(121206,52212,(3,9223372036854775807))
Edge(121375,76275,(3,9223372036854775807))
Edge(121857,71910,(3,9223372036854775807))
Edge(122318,241007,(1,9223372036854775807))
Edge(122359,495923,(3,9223372036854775807))
Edge(122476,256672,(3,9223372036854775807))
Edge(122742,343975,(3,9223372036854775807))
Edge(123326,455225,(1,9223372036854775807))
Edge(123727,272215,(3,9223372036854775807))
Edge(123775,414898,(3,9223372036854775807))
Edge(124919,489663,(3,9223372036854775807))
Edge(124955,58099,(3,9223372036854775807))
Edge(125259,85253,(3,9223372036854775807))
Edge(125294,239500,(3,9223372036854775807))
Edge(125332,192684,(3,9223372036854775807))
Edge(125803,385427,(3,9223372036854775807))
Edge(126257,89261,(3,9223372036854775807))
Edge(126635,313195,(3,9223372036854775807))
Edge(126641,59716,(1,9223372036854775807))
Edge(126717,317255,(3,9223372036854775807))
Edge(126755,203642,(3,9223372036854775807))
Edge(127368,239504,(3,9223372036854775807))
Edge(127447,61623,(3,9223372036854775807))
Edge(127480,496435,(3,9223372036854775807))
Edge(127540,44116,(3,9223372036854775807))
Edge(127851,289981,(1,3))
Edge(128106,142581,(3,9223372036854775807))
Edge(128637,347173,(3,9223372036854775807))
Edge(128889,158471,(3,9223372036854775807))
Edge(128956,319357,(3,9223372036854775807))
Edge(129204,23798,(3,9223372036854775807))
Edge(129438,99451,(3,9223372036854775807))
Edge(129514,123173,(3,9223372036854775807))
Edge(129716,362709,(3,9223372036854775807))
Edge(129914,369765,(3,9223372036854775807))
Edge(130214,383766,(3,9223372036854775807))
Edge(130866,240372,(1,9223372036854775807))
Edge(131488,84838,(1,3))
Edge(131796,129542,(1,3))
Edge(131819,391233,(3,9223372036854775807))
Edge(132043,85917,(3,9223372036854775807))
Edge(132077,78529,(3,9223372036854775807))
Edge(132310,2785,(3,9223372036854775807))
Edge(132952,100134,(3,9223372036854775807))
Edge(133455,328708,(3,9223372036854775807))
Edge(133757,230025,(3,9223372036854775807))
Edge(134753,215269,(3,9223372036854775807))
Edge(134846,243642,(1,9223372036854775807))
Edge(134896,261267,(1,9223372036854775807))
Edge(134897,194979,(3,9223372036854775807))
Edge(134909,126300,(3,9223372036854775807))
Edge(135169,384521,(3,9223372036854775807))
Edge(135471,315369,(3,9223372036854775807))
Edge(135585,60529,(3,9223372036854775807))
Edge(135664,97287,(3,9223372036854775807))
Edge(136197,386387,(3,9223372036854775807))
Edge(136294,379939,(3,9223372036854775807))
Edge(136465,83294,(1,9223372036854775807))
Edge(136593,367632,(3,9223372036854775807))
Edge(136910,292184,(1,9223372036854775807))
Edge(137949,221951,(3,9223372036854775807))
Edge(137952,210791,(3,9223372036854775807))
Edge(138544,312849,(1,9223372036854775807))
Edge(138678,304766,(3,9223372036854775807))
Edge(139270,11894,(3,9223372036854775807))
Edge(139277,114784,(3,9223372036854775807))
Edge(139561,190944,(3,9223372036854775807))
Edge(139966,252252,(1,9223372036854775807))
Edge(140509,268069,(3,9223372036854775807))
Edge(140599,497443,(3,9223372036854775807))
Edge(140727,443257,(3,9223372036854775807))
Edge(141375,220465,(1,9223372036854775807))
Edge(141599,342664,(3,9223372036854775807))
Edge(141877,313005,(3,9223372036854775807))
Edge(141877,442690,(1,3))
Edge(142155,10207,(3,9223372036854775807))
Edge(142494,170456,(3,9223372036854775807))
Edge(142621,272744,(3,9223372036854775807))
Edge(143275,109850,(3,9223372036854775807))
Edge(144153,442371,(3,9223372036854775807))
Edge(144534,288193,(3,9223372036854775807))
Edge(144904,245439,(3,9223372036854775807))
Edge(145183,177444,(1,9223372036854775807))
Edge(145644,391080,(1,9223372036854775807))
Edge(145649,81637,(3,9223372036854775807))
Edge(145797,296210,(3,9223372036854775807))
Edge(146153,185040,(3,9223372036854775807))
Edge(146391,341231,(1,9223372036854775807))
Edge(146818,220516,(3,9223372036854775807))
Edge(147078,340050,(3,9223372036854775807))
Edge(147329,106961,(3,9223372036854775807))
Edge(147332,77333,(3,9223372036854775807))
Edge(147580,484184,(3,9223372036854775807))
Edge(147655,492503,(3,9223372036854775807))
Edge(148406,195516,(3,9223372036854775807))
Edge(148830,477613,(3,9223372036854775807))
Edge(148934,499167,(3,9223372036854775807))
Edge(150176,420396,(3,9223372036854775807))
Edge(150446,403532,(1,9223372036854775807))
Edge(150487,6778,(3,9223372036854775807))
Edge(151024,151772,(3,9223372036854775807))
Edge(151281,282702,(3,9223372036854775807))
Edge(151531,392757,(3,9223372036854775807))
Edge(151626,69014,(3,9223372036854775807))
Edge(151814,14753,(3,9223372036854775807))
Edge(152044,251653,(1,9223372036854775807))
Edge(152195,96442,(3,9223372036854775807))
Edge(152349,428169,(3,9223372036854775807))
Edge(152458,378739,(3,9223372036854775807))
Edge(152576,359498,(3,9223372036854775807))
Edge(152782,23890,(3,9223372036854775807))
Edge(152868,333618,(3,9223372036854775807))
Edge(152907,247760,(1,9223372036854775807))
Edge(153187,296902,(3,9223372036854775807))
Edge(153624,349410,(3,9223372036854775807))
Edge(153728,43025,(3,9223372036854775807))
Edge(153959,88899,(3,9223372036854775807))
Edge(153969,479902,(3,9223372036854775807))
Edge(154428,382075,(3,9223372036854775807))
Edge(154839,203719,(3,9223372036854775807))
Edge(155051,20436,(1,3))
Edge(155397,281526,(1,3))
Edge(155652,213575,(3,9223372036854775807))
Edge(156045,488752,(3,9223372036854775807))
Edge(156067,455371,(3,9223372036854775807))
Edge(156203,216589,(3,9223372036854775807))
Edge(156905,205882,(3,9223372036854775807))
Edge(157075,478305,(3,9223372036854775807))
Edge(157156,362304,(3,9223372036854775807))
Edge(157345,386912,(3,9223372036854775807))
Edge(157720,365028,(3,9223372036854775807))
Edge(158019,134484,(3,9223372036854775807))
Edge(158172,166019,(1,3))
Edge(158241,80761,(3,9223372036854775807))
Edge(158390,168727,(3,9223372036854775807))
Edge(158398,26402,(1,9223372036854775807))
Edge(158797,47748,(3,9223372036854775807))
Edge(158975,492797,(3,9223372036854775807))
Edge(159148,16422,(3,9223372036854775807))
Edge(159220,457157,(1,3))
Edge(159523,310579,(3,9223372036854775807))
Edge(159530,280741,(3,9223372036854775807))
Edge(159559,186046,(3,9223372036854775807))
Edge(159887,482125,(3,9223372036854775807))
Edge(160008,366660,(3,9223372036854775807))
Edge(160022,465442,(3,9223372036854775807))
Edge(160405,281926,(3,9223372036854775807))
Edge(160594,126837,(1,3))
Edge(160697,28128,(3,9223372036854775807))
Edge(160699,16946,(3,9223372036854775807))
Edge(160811,219553,(3,9223372036854775807))
Edge(161292,161635,(3,9223372036854775807))
Edge(161546,480414,(1,3))
Edge(161564,29644,(3,9223372036854775807))
Edge(161655,197092,(3,9223372036854775807))
Edge(161876,217948,(3,9223372036854775807))
Edge(162461,312870,(3,9223372036854775807))
Edge(162545,218613,(1,9223372036854775807))
Edge(162646,146715,(1,9223372036854775807))
Edge(162688,12012,(1,9223372036854775807))
Edge(163772,30950,(3,9223372036854775807))
Edge(163952,357289,(3,9223372036854775807))
Edge(164137,112280,(3,9223372036854775807))
Edge(164482,399137,(3,9223372036854775807))
Edge(164677,402600,(1,9223372036854775807))
Edge(164700,499092,(3,9223372036854775807))
Edge(164716,186447,(3,9223372036854775807))
Edge(164986,378536,(3,9223372036854775807))
Edge(165063,215105,(3,9223372036854775807))
Edge(165392,116488,(3,9223372036854775807))
Edge(165539,105447,(3,9223372036854775807))
Edge(165564,65631,(1,3))
Edge(166104,249774,(3,9223372036854775807))
Edge(166174,431595,(1,3))
Edge(166209,233926,(3,9223372036854775807))
Edge(166597,56967,(3,9223372036854775807))
Edge(166742,456393,(1,9223372036854775807))
Edge(167211,388371,(3,9223372036854775807))
Edge(167678,344263,(3,9223372036854775807))
Edge(168061,145856,(1,3))
Edge(168386,164558,(3,9223372036854775807))
Edge(168694,200615,(3,9223372036854775807))
Edge(168956,441792,(3,9223372036854775807))
Edge(168993,366101,(3,9223372036854775807))
Edge(170600,446263,(3,9223372036854775807))
Edge(170893,167980,(3,9223372036854775807))
Edge(170944,330022,(3,9223372036854775807))
Edge(171145,181228,(1,9223372036854775807))
Edge(171322,180808,(3,9223372036854775807))
Edge(171417,382929,(3,9223372036854775807))
Edge(171582,264834,(3,9223372036854775807))
Edge(171741,189075,(3,9223372036854775807))
Edge(171876,59744,(1,9223372036854775807))
Edge(172010,192454,(3,9223372036854775807))
Edge(172313,102995,(3,9223372036854775807))
Edge(172825,238704,(1,9223372036854775807))
Edge(173526,455455,(3,9223372036854775807))
Edge(173960,219297,(3,9223372036854775807))
Edge(174310,279864,(1,9223372036854775807))
Edge(174454,222316,(4,9223372036854775807))
Edge(175229,223981,(3,9223372036854775807))
Edge(175260,81279,(3,9223372036854775807))
Edge(176455,207468,(1,9223372036854775807))
Edge(176641,442944,(3,9223372036854775807))
Edge(176729,360208,(3,9223372036854775807))
Edge(176756,40733,(3,9223372036854775807))
Edge(176971,102776,(3,9223372036854775807))
Edge(177428,492762,(3,9223372036854775807))
Edge(177574,151641,(1,9223372036854775807))
Edge(178087,193626,(3,9223372036854775807))
Edge(178127,279044,(3,9223372036854775807))
Edge(178403,125574,(1,9223372036854775807))
Edge(179642,130185,(1,9223372036854775807))
Edge(179776,231168,(3,9223372036854775807))
Edge(180265,385083,(3,9223372036854775807))
Edge(180954,285910,(1,3))
Edge(181461,108518,(3,9223372036854775807))
Edge(181876,484472,(3,9223372036854775807))
Edge(182031,122941,(3,9223372036854775807))
Edge(183237,188598,(3,9223372036854775807))
Edge(183392,280069,(3,9223372036854775807))
Edge(183746,344784,(3,9223372036854775807))
Edge(183921,372838,(3,9223372036854775807))
Edge(184600,161182,(1,9223372036854775807))
Edge(184922,245780,(1,9223372036854775807))
Edge(184944,142164,(3,9223372036854775807))
Edge(185070,318088,(1,9223372036854775807))
Edge(185266,435384,(3,9223372036854775807))
Edge(185573,371710,(3,9223372036854775807))
Edge(185885,485114,(1,9223372036854775807))
Edge(186152,81652,(3,9223372036854775807))
Edge(186384,71297,(3,9223372036854775807))
Edge(186519,93738,(3,9223372036854775807))
Edge(186628,277456,(3,9223372036854775807))
Edge(186832,275742,(3,9223372036854775807))
Edge(186931,476864,(3,9223372036854775807))
Edge(187428,338640,(3,9223372036854775807))
Edge(187927,370639,(1,9223372036854775807))
Edge(188097,114302,(3,9223372036854775807))
Edge(188318,426928,(3,9223372036854775807))
Edge(188758,20641,(3,9223372036854775807))
Edge(189649,30538,(3,9223372036854775807))
Edge(189993,487663,(3,9223372036854775807))
Edge(190039,40461,(1,3))
Edge(190071,369478,(3,9223372036854775807))
Edge(190198,296022,(1,9223372036854775807))
Edge(190375,86207,(1,9223372036854775807))
Edge(190461,427729,(3,9223372036854775807))
Edge(191378,347727,(3,9223372036854775807))
Edge(191499,32010,(1,3))
Edge(191605,235395,(1,3))
Edge(191739,381353,(3,9223372036854775807))
Edge(191841,415035,(1,9223372036854775807))
Edge(191927,159166,(3,9223372036854775807))
Edge(191999,18449,(2,3))
Edge(193167,208178,(3,9223372036854775807))
Edge(193529,119224,(3,9223372036854775807))
Edge(194316,254420,(1,3))
Edge(194324,42832,(1,9223372036854775807))
Edge(194382,331930,(3,9223372036854775807))
Edge(194382,340951,(3,9223372036854775807))
Edge(194805,377599,(3,9223372036854775807))
Edge(194837,463113,(3,9223372036854775807))
Edge(194956,161866,(3,9223372036854775807))
Edge(195165,64720,(3,9223372036854775807))
Edge(195257,280394,(1,9223372036854775807))
Edge(195655,449399,(3,9223372036854775807))
Edge(195874,431784,(3,9223372036854775807))
Edge(196768,237165,(3,9223372036854775807))
Edge(197121,34094,(3,9223372036854775807))
Edge(197130,359028,(3,9223372036854775807))
Edge(197511,305475,(3,9223372036854775807))
Edge(197596,295135,(3,9223372036854775807))
Edge(197616,122219,(3,9223372036854775807))
Edge(197707,383850,(3,9223372036854775807))
Edge(197987,97058,(1,3))
Edge(198036,78929,(3,9223372036854775807))
Edge(198105,12262,(1,3))
Edge(198116,267262,(3,9223372036854775807))
Edge(198276,423709,(3,9223372036854775807))
Edge(198780,495752,(3,9223372036854775807))
Edge(198787,175231,(3,9223372036854775807))
Edge(198975,408591,(3,9223372036854775807))
Edge(200054,45179,(3,9223372036854775807))
Edge(200094,416951,(3,9223372036854775807))
Edge(200115,395239,(3,9223372036854775807))
Edge(200337,97570,(3,9223372036854775807))
Edge(200443,113115,(3,9223372036854775807))
Edge(200669,254567,(3,9223372036854775807))
Edge(200965,124456,(3,9223372036854775807))
Edge(201095,316852,(3,9223372036854775807))
Edge(201135,137030,(3,9223372036854775807))
Edge(201160,139260,(1,3))
Edge(201412,74548,(3,9223372036854775807))
Edge(201675,31264,(3,9223372036854775807))
Edge(201777,392286,(3,9223372036854775807))
Edge(201811,182959,(1,9223372036854775807))
Edge(202077,303319,(3,9223372036854775807))
Edge(202867,190941,(1,9223372036854775807))
Edge(202955,170742,(3,9223372036854775807))
Edge(203372,451121,(3,9223372036854775807))
Edge(204702,335311,(3,9223372036854775807))
Edge(204753,394394,(3,9223372036854775807))
Edge(205412,208513,(3,9223372036854775807))
Edge(205607,452958,(3,9223372036854775807))
Edge(205679,335904,(3,9223372036854775807))
Edge(205874,116584,(3,9223372036854775807))
Edge(206014,383695,(3,9223372036854775807))
Edge(206166,260776,(3,9223372036854775807))
Edge(206176,300426,(3,9223372036854775807))
Edge(206441,461457,(1,9223372036854775807))
Edge(206535,493260,(3,9223372036854775807))
Edge(206568,281083,(3,9223372036854775807))
Edge(206615,257514,(1,3))
Edge(206772,245634,(1,9223372036854775807))
Edge(206915,319493,(3,9223372036854775807))
Edge(207184,411254,(1,3))
Edge(207381,4262,(3,9223372036854775807))
Edge(207616,158013,(4,9223372036854775807))
Edge(207651,386463,(3,9223372036854775807))
Edge(207747,242401,(1,9223372036854775807))
Edge(207973,476092,(3,9223372036854775807))
Edge(208242,133024,(3,9223372036854775807))
Edge(208261,243738,(3,9223372036854775807))
Edge(208383,174584,(1,9223372036854775807))
Edge(208538,253823,(3,9223372036854775807))
Edge(208586,247585,(3,9223372036854775807))
Edge(209080,309801,(3,9223372036854775807))
Edge(209678,76906,(3,9223372036854775807))
Edge(211007,431341,(3,9223372036854775807))
Edge(211146,147735,(3,9223372036854775807))
Edge(212322,289863,(3,9223372036854775807))
Edge(212378,342733,(3,9223372036854775807))
Edge(212628,214815,(1,9223372036854775807))
Edge(212927,379395,(3,9223372036854775807))
Edge(213493,179507,(3,9223372036854775807))
Edge(213859,155498,(3,9223372036854775807))
Edge(214048,194756,(1,9223372036854775807))
Edge(214321,300697,(3,9223372036854775807))
Edge(214881,373626,(1,9223372036854775807))
Edge(214969,473239,(3,9223372036854775807))
Edge(214993,136325,(3,9223372036854775807))
Edge(215086,213559,(3,9223372036854775807))
Edge(215236,456491,(3,9223372036854775807))
Edge(215927,109109,(1,9223372036854775807))
Edge(216096,56987,(1,3))
Edge(216778,59216,(3,9223372036854775807))
Edge(216934,386734,(1,3))
Edge(216947,207027,(3,9223372036854775807))
Edge(217048,234818,(3,9223372036854775807))
Edge(217230,437059,(3,9223372036854775807))
Edge(217550,105102,(3,9223372036854775807))
Edge(217587,36054,(3,9223372036854775807))
Edge(217915,14832,(3,9223372036854775807))
Edge(217956,445744,(3,9223372036854775807))
Edge(217987,52014,(3,9223372036854775807))
Edge(218763,8112,(3,9223372036854775807))
Edge(219471,267365,(1,9223372036854775807))
Edge(219838,266146,(1,3))
Edge(219917,226198,(3,9223372036854775807))
Edge(220208,202665,(3,9223372036854775807))
Edge(220213,5494,(3,9223372036854775807))
Edge(221325,458940,(3,9223372036854775807))
Edge(221873,342343,(3,9223372036854775807))
Edge(221879,68151,(3,9223372036854775807))
Edge(222034,449751,(1,3))
Edge(222246,100162,(3,9223372036854775807))
Edge(222456,362632,(3,9223372036854775807))
Edge(222781,451686,(3,9223372036854775807))
Edge(222858,172246,(1,9223372036854775807))
Edge(222907,327282,(3,9223372036854775807))
Edge(223650,11754,(3,9223372036854775807))
Edge(223790,20251,(1,9223372036854775807))
Edge(224062,321022,(3,9223372036854775807))
Edge(224149,315254,(3,9223372036854775807))
Edge(224483,417156,(3,9223372036854775807))
Edge(224589,498573,(3,9223372036854775807))
Edge(225017,452417,(3,9223372036854775807))
Edge(225038,328854,(3,9223372036854775807))
Edge(225525,301298,(3,9223372036854775807))
Edge(225526,274128,(3,9223372036854775807))
Edge(225744,208120,(3,9223372036854775807))
Edge(226091,321889,(3,9223372036854775807))
Edge(226763,357188,(3,9223372036854775807))
Edge(226878,194317,(3,9223372036854775807))
Edge(226987,129531,(1,3))
Edge(227680,367289,(3,9223372036854775807))
Edge(227686,205305,(3,9223372036854775807))
Edge(228502,68924,(3,9223372036854775807))
Edge(228526,288480,(3,9223372036854775807))
Edge(228556,403880,(3,9223372036854775807))
Edge(228570,264714,(3,9223372036854775807))
Edge(228609,247231,(3,9223372036854775807))
Edge(229663,379053,(3,9223372036854775807))
Edge(229957,326360,(3,9223372036854775807))
Edge(230376,347545,(3,9223372036854775807))
Edge(230491,351601,(3,9223372036854775807))
Edge(230603,344910,(3,9223372036854775807))
Edge(230742,312430,(3,9223372036854775807))
Edge(230871,456616,(3,9223372036854775807))
Edge(231121,327248,(3,9223372036854775807))
Edge(231360,299186,(1,3))
Edge(231526,14228,(3,9223372036854775807))
Edge(232276,314133,(1,9223372036854775807))
Edge(232324,115738,(1,9223372036854775807))
Edge(232624,161660,(3,9223372036854775807))
Edge(232972,124683,(3,9223372036854775807))
Edge(233694,258376,(3,9223372036854775807))
Edge(233915,427297,(3,9223372036854775807))
Edge(233942,218226,(3,9223372036854775807))
Edge(234075,165360,(3,9223372036854775807))
Edge(234184,101918,(1,9223372036854775807))
Edge(234206,13281,(3,9223372036854775807))
Edge(234405,116306,(3,9223372036854775807))
Edge(234669,366665,(1,3))
Edge(234926,224358,(3,9223372036854775807))
Edge(235023,180380,(3,9223372036854775807))
Edge(235071,165301,(3,9223372036854775807))
Edge(235351,174742,(3,9223372036854775807))
Edge(236176,57660,(1,9223372036854775807))
Edge(236214,467055,(3,9223372036854775807))
Edge(236601,479399,(1,3))
Edge(236779,427934,(3,9223372036854775807))
Edge(236877,495667,(3,9223372036854775807))
Edge(237484,472678,(3,9223372036854775807))
Edge(237521,397622,(3,9223372036854775807))
Edge(237558,223025,(3,9223372036854775807))
Edge(237584,172275,(3,9223372036854775807))
Edge(237945,411761,(3,9223372036854775807))
Edge(238084,487549,(3,9223372036854775807))
Edge(238405,174183,(3,9223372036854775807))
Edge(238519,323206,(3,9223372036854775807))
Edge(238674,218689,(3,9223372036854775807))
Edge(239930,411720,(3,9223372036854775807))
Edge(239948,300560,(3,9223372036854775807))
Edge(240173,447348,(3,9223372036854775807))
Edge(240220,427784,(3,9223372036854775807))
Edge(240586,290183,(3,9223372036854775807))
Edge(240622,81412,(3,9223372036854775807))
Edge(240864,395819,(1,9223372036854775807))
Edge(241512,23526,(1,9223372036854775807))
Edge(241725,462851,(3,9223372036854775807))
Edge(242689,441059,(3,9223372036854775807))
Edge(242899,27770,(3,9223372036854775807))
Edge(243601,373981,(3,9223372036854775807))
Edge(243683,20359,(3,9223372036854775807))
Edge(243989,398330,(3,9223372036854775807))
Edge(244252,465230,(3,9223372036854775807))
Edge(244350,269473,(1,9223372036854775807))
Edge(244544,399102,(1,9223372036854775807))
Edge(244618,108647,(1,9223372036854775807))
Edge(245379,415169,(3,9223372036854775807))
Edge(245675,299635,(3,9223372036854775807))
Edge(246154,295433,(1,9223372036854775807))
Edge(246388,431853,(3,9223372036854775807))
Edge(246679,441647,(3,9223372036854775807))
Edge(247061,16147,(3,9223372036854775807))
Edge(247237,90695,(3,9223372036854775807))
Edge(248168,495796,(3,9223372036854775807))
Edge(248366,141582,(3,9223372036854775807))
Edge(248692,445459,(3,9223372036854775807))
Edge(249038,332869,(3,9223372036854775807))
Edge(249530,447860,(1,9223372036854775807))
Edge(249549,211751,(3,9223372036854775807))
Edge(249600,64718,(3,9223372036854775807))
Edge(250706,493104,(3,9223372036854775807))
Edge(250830,177177,(3,9223372036854775807))
Edge(250878,82756,(1,9223372036854775807))
Edge(251095,181108,(3,9223372036854775807))
Edge(251343,472902,(3,9223372036854775807))
Edge(251685,396492,(3,9223372036854775807))
Edge(251695,298527,(3,9223372036854775807))
Edge(251899,98837,(3,9223372036854775807))
Edge(252124,165037,(3,9223372036854775807))
Edge(252155,486326,(3,9223372036854775807))
Edge(252417,243396,(3,9223372036854775807))
Edge(252704,47358,(3,9223372036854775807))
Edge(252885,460761,(3,9223372036854775807))
Edge(253108,264705,(3,9223372036854775807))
Edge(253389,246784,(3,9223372036854775807))
Edge(253448,367366,(3,9223372036854775807))
Edge(253462,65146,(1,3))
Edge(253839,25248,(3,9223372036854775807))
Edge(254244,283074,(3,9223372036854775807))
Edge(254319,199511,(1,9223372036854775807))
Edge(254344,271363,(1,3))
Edge(255006,95351,(3,9223372036854775807))
Edge(255235,447683,(3,9223372036854775807))
Edge(255485,163911,(1,9223372036854775807))
Edge(255588,230142,(1,3))
Edge(255833,253608,(3,9223372036854775807))
Edge(255835,217566,(3,9223372036854775807))
Edge(256119,2488,(3,9223372036854775807))
Edge(256193,119466,(3,9223372036854775807))
Edge(256550,367745,(3,9223372036854775807))
Edge(257113,10825,(3,9223372036854775807))
Edge(257114,152248,(3,9223372036854775807))
Edge(257155,473523,(3,9223372036854775807))
Edge(257168,143585,(3,9223372036854775807))
Edge(257592,43731,(3,9223372036854775807))
Edge(257808,440757,(1,3))
Edge(260002,467553,(1,3))
Edge(260032,309502,(3,9223372036854775807))
Edge(260128,144006,(1,9223372036854775807))
Edge(260463,281757,(3,9223372036854775807))
Edge(260697,384900,(3,9223372036854775807))
Edge(260974,240305,(1,3))
Edge(261225,189625,(3,9223372036854775807))
Edge(261231,414974,(3,9223372036854775807))
Edge(261269,320178,(1,9223372036854775807))
Edge(261722,45163,(3,9223372036854775807))
Edge(261999,130873,(3,9223372036854775807))
Edge(262162,253863,(3,9223372036854775807))
Edge(262538,428991,(3,9223372036854775807))
Edge(263287,66253,(3,9223372036854775807))
Edge(263543,432859,(3,9223372036854775807))
Edge(263594,178174,(1,3))
Edge(264178,94938,(1,3))
Edge(264485,143778,(3,9223372036854775807))
Edge(264640,285492,(3,9223372036854775807))
Edge(265130,456336,(3,9223372036854775807))
Edge(265500,281375,(3,9223372036854775807))
Edge(266887,443286,(3,9223372036854775807))
Edge(267766,484267,(3,9223372036854775807))
Edge(267943,315061,(3,9223372036854775807))
Edge(268109,198137,(1,9223372036854775807))
Edge(268224,68265,(1,3))
Edge(268490,176932,(3,9223372036854775807))
Edge(268494,353036,(3,9223372036854775807))
Edge(268566,471944,(3,9223372036854775807))
Edge(268765,168328,(3,9223372036854775807))
Edge(269036,178281,(3,9223372036854775807))
Edge(269168,277282,(3,9223372036854775807))
Edge(269356,483024,(3,9223372036854775807))
Edge(269559,433871,(3,9223372036854775807))
Edge(269662,455123,(3,9223372036854775807))
Edge(269814,423664,(3,9223372036854775807))
Edge(269884,186251,(1,9223372036854775807))
Edge(269911,398976,(1,3))
Edge(269936,449116,(3,9223372036854775807))
Edge(270976,493885,(3,9223372036854775807))
Edge(271005,91077,(3,9223372036854775807))
Edge(271233,36221,(3,9223372036854775807))
Edge(271339,166424,(1,9223372036854775807))
Edge(271419,365130,(3,9223372036854775807))
Edge(271481,293266,(1,3))
Edge(272041,218284,(1,9223372036854775807))
Edge(272122,456943,(1,9223372036854775807))
Edge(272157,304431,(3,9223372036854775807))
Edge(272230,426500,(3,9223372036854775807))
Edge(272300,59773,(3,9223372036854775807))
Edge(272388,164449,(3,9223372036854775807))
Edge(272676,26229,(3,9223372036854775807))
Edge(273165,417457,(1,9223372036854775807))
Edge(273218,273149,(3,9223372036854775807))
Edge(273249,132257,(1,9223372036854775807))
Edge(273327,169414,(3,9223372036854775807))
Edge(273504,481095,(3,9223372036854775807))
Edge(273535,239814,(3,9223372036854775807))
Edge(273666,54225,(1,9223372036854775807))
Edge(273691,296512,(3,9223372036854775807))
Edge(273743,7872,(3,9223372036854775807))
Edge(274330,100868,(3,9223372036854775807))
Edge(274484,289216,(1,9223372036854775807))
Edge(275276,235751,(3,9223372036854775807))
Edge(275719,199886,(3,9223372036854775807))
Edge(276279,307138,(3,9223372036854775807))
Edge(276309,274881,(3,9223372036854775807))
Edge(276466,254318,(3,9223372036854775807))
Edge(276865,232365,(1,3))
Edge(277068,457340,(3,9223372036854775807))
Edge(277170,132428,(3,9223372036854775807))
Edge(277242,78095,(3,9223372036854775807))
Edge(277252,238538,(3,9223372036854775807))
Edge(277275,12648,(3,9223372036854775807))
Edge(278348,8781,(3,9223372036854775807))
Edge(278412,33582,(3,9223372036854775807))
Edge(278745,313928,(3,9223372036854775807))
Edge(279261,417750,(3,9223372036854775807))
Edge(279442,36811,(3,9223372036854775807))
Edge(280611,30470,(1,9223372036854775807))
Edge(280677,168763,(3,9223372036854775807))
Edge(280791,173174,(1,3))
Edge(280957,255739,(3,9223372036854775807))
Edge(281026,57944,(1,9223372036854775807))
Edge(281277,298376,(3,9223372036854775807))
Edge(281406,115906,(3,9223372036854775807))
Edge(281597,283893,(1,9223372036854775807))
Edge(282014,486173,(3,9223372036854775807))
Edge(282359,286346,(1,9223372036854775807))
Edge(282419,460621,(3,9223372036854775807))
Edge(282490,99673,(3,9223372036854775807))
Edge(282534,327554,(3,9223372036854775807))
Edge(282542,160624,(3,9223372036854775807))
Edge(282766,110310,(3,9223372036854775807))
Edge(282869,269554,(3,9223372036854775807))
Edge(283067,425877,(1,9223372036854775807))
Edge(283085,201074,(3,9223372036854775807))
Edge(283535,104350,(3,9223372036854775807))
Edge(283596,470650,(3,9223372036854775807))
Edge(283642,354343,(3,9223372036854775807))
Edge(283698,273097,(1,9223372036854775807))
Edge(283885,10095,(3,9223372036854775807))
Edge(284034,421438,(3,9223372036854775807))
Edge(285106,179889,(1,9223372036854775807))
Edge(285709,222027,(3,9223372036854775807))
Edge(285864,219380,(3,9223372036854775807))
Edge(286389,446296,(1,9223372036854775807))
Edge(286682,436410,(3,9223372036854775807))
Edge(287276,431507,(1,9223372036854775807))
Edge(287288,336802,(3,9223372036854775807))
Edge(287529,123577,(3,9223372036854775807))
Edge(287545,8785,(1,3))
Edge(287855,344291,(3,9223372036854775807))
Edge(288368,210242,(3,9223372036854775807))
Edge(288577,36357,(3,9223372036854775807))
Edge(288798,102281,(1,3))
Edge(288833,412182,(1,3))
Edge(289099,307365,(1,9223372036854775807))
Edge(289335,227486,(3,9223372036854775807))
Edge(290816,390043,(3,9223372036854775807))
Edge(291007,334241,(3,9223372036854775807))
Edge(291146,232695,(3,9223372036854775807))
Edge(291292,344041,(3,9223372036854775807))
Edge(291686,119864,(3,9223372036854775807))
Edge(291905,43690,(3,9223372036854775807))
Edge(292389,70921,(3,9223372036854775807))
Edge(292579,478886,(3,9223372036854775807))
Edge(293555,94313,(3,9223372036854775807))
Edge(293716,121748,(1,9223372036854775807))
Edge(294368,281312,(1,9223372036854775807))
Edge(294455,160619,(3,9223372036854775807))
Edge(294574,55070,(1,9223372036854775807))
Edge(294652,463125,(3,9223372036854775807))
Edge(294739,364833,(1,3))
Edge(294769,306332,(3,9223372036854775807))
Edge(294856,101842,(3,9223372036854775807))
Edge(295387,397243,(3,9223372036854775807))
Edge(295606,409049,(3,9223372036854775807))
Edge(295783,137960,(3,9223372036854775807))
Edge(296225,138860,(1,9223372036854775807))
Edge(296461,217002,(3,9223372036854775807))
Edge(296870,262968,(3,9223372036854775807))
Edge(297045,253255,(1,3))
Edge(297520,296555,(1,3))
Edge(298296,2287,(3,9223372036854775807))
Edge(298512,353101,(3,9223372036854775807))
Edge(298586,437187,(3,9223372036854775807))
Edge(299023,440355,(3,9223372036854775807))
Edge(299312,60689,(1,3))
Edge(299711,18616,(3,9223372036854775807))
Edge(299784,246146,(3,9223372036854775807))
Edge(300168,354162,(3,9223372036854775807))
Edge(300908,403668,(3,9223372036854775807))
Edge(301313,493412,(3,9223372036854775807))
Edge(301405,435306,(3,9223372036854775807))
Edge(301424,247836,(3,9223372036854775807))
Edge(302210,161717,(3,9223372036854775807))
Edge(302600,14497,(3,9223372036854775807))
Edge(302667,391872,(3,9223372036854775807))
Edge(303019,307663,(3,9223372036854775807))
Edge(303665,2788,(3,9223372036854775807))
Edge(303702,382897,(3,9223372036854775807))
Edge(303888,332068,(3,9223372036854775807))
Edge(304005,151,(3,9223372036854775807))
Edge(304247,67534,(3,9223372036854775807))
Edge(304339,236425,(1,9223372036854775807))
Edge(304549,324939,(3,9223372036854775807))
Edge(306120,119545,(3,9223372036854775807))
Edge(306522,371730,(3,9223372036854775807))
Edge(306558,459233,(1,9223372036854775807))
Edge(306712,298175,(3,9223372036854775807))
Edge(307174,174763,(3,9223372036854775807))
Edge(307198,357858,(1,3))
Edge(307260,334586,(3,9223372036854775807))
Edge(307496,235873,(3,9223372036854775807))
Edge(307622,302403,(1,9223372036854775807))
Edge(307873,245119,(3,9223372036854775807))
Edge(307888,10266,(3,9223372036854775807))
Edge(308352,74666,(3,9223372036854775807))
Edge(308711,471667,(3,9223372036854775807))
Edge(308856,427463,(3,9223372036854775807))
Edge(309052,374278,(3,9223372036854775807))
Edge(309481,196912,(3,9223372036854775807))
Edge(310015,32460,(3,9223372036854775807))
Edge(310144,257240,(1,9223372036854775807))
Edge(310395,331463,(3,9223372036854775807))
Edge(310481,349099,(3,9223372036854775807))
Edge(310741,250098,(3,9223372036854775807))
Edge(310891,140882,(1,3))
Edge(310973,389463,(3,9223372036854775807))
Edge(311084,16661,(3,9223372036854775807))
Edge(311405,234446,(1,9223372036854775807))
Edge(311458,446213,(3,9223372036854775807))
Edge(311492,131865,(3,9223372036854775807))
Edge(311858,293275,(3,9223372036854775807))
Edge(312032,141693,(3,9223372036854775807))
Edge(312398,401589,(3,9223372036854775807))
Edge(312427,130449,(3,9223372036854775807))
Edge(312660,462451,(3,9223372036854775807))
Edge(313482,92619,(1,9223372036854775807))
Edge(313588,109020,(3,9223372036854775807))
Edge(313736,23995,(1,9223372036854775807))
Edge(313776,215020,(1,3))
Edge(313947,384288,(3,9223372036854775807))
Edge(314194,493132,(1,3))
Edge(314290,24592,(3,9223372036854775807))
Edge(314460,447393,(3,9223372036854775807))
Edge(314561,31964,(3,9223372036854775807))
Edge(314596,96906,(3,9223372036854775807))
Edge(314780,355144,(3,9223372036854775807))
Edge(314904,288137,(3,9223372036854775807))
Edge(315377,149188,(3,9223372036854775807))
Edge(315599,67690,(3,9223372036854775807))
Edge(315621,74438,(3,9223372036854775807))
Edge(316491,402296,(1,9223372036854775807))
Edge(316507,337485,(3,9223372036854775807))
Edge(316638,373346,(3,9223372036854775807))
Edge(317462,101449,(3,9223372036854775807))
Edge(317649,214640,(3,9223372036854775807))
Edge(317794,78744,(3,9223372036854775807))
Edge(318369,60550,(1,9223372036854775807))
Edge(318562,386795,(3,9223372036854775807))
Edge(318931,145808,(3,9223372036854775807))
Edge(319246,257041,(3,9223372036854775807))
Edge(319317,190590,(3,9223372036854775807))
Edge(319617,484015,(3,9223372036854775807))
Edge(319736,325696,(3,9223372036854775807))
Edge(319773,419241,(3,9223372036854775807))
Edge(319821,233174,(3,9223372036854775807))
Edge(321111,446491,(3,9223372036854775807))
Edge(321779,333848,(3,9223372036854775807))
Edge(321869,253063,(1,3))
Edge(322151,109184,(1,9223372036854775807))
Edge(322334,259144,(3,9223372036854775807))
Edge(323043,347574,(3,9223372036854775807))
Edge(323053,385063,(3,9223372036854775807))
Edge(323391,59876,(3,9223372036854775807))
Edge(323521,344005,(1,9223372036854775807))
Edge(323755,306048,(3,9223372036854775807))
Edge(323854,294410,(1,9223372036854775807))
Edge(323898,62404,(3,9223372036854775807))
Edge(323926,256326,(1,3))
Edge(324430,355344,(3,9223372036854775807))
Edge(324435,409606,(3,9223372036854775807))
Edge(324436,376121,(3,9223372036854775807))
Edge(324940,326521,(3,9223372036854775807))
Edge(325022,21044,(3,9223372036854775807))
Edge(325276,296998,(3,9223372036854775807))
Edge(325991,95294,(3,9223372036854775807))
Edge(326504,233451,(3,9223372036854775807))
Edge(326802,135584,(3,9223372036854775807))
Edge(327029,71949,(3,9223372036854775807))
Edge(327452,13698,(3,9223372036854775807))
Edge(327572,122772,(3,9223372036854775807))
Edge(327653,258457,(1,9223372036854775807))
Edge(328057,147147,(1,9223372036854775807))
Edge(328834,438594,(3,9223372036854775807))
Edge(328942,260695,(3,9223372036854775807))
Edge(329766,83697,(3,9223372036854775807))
Edge(329825,442747,(1,9223372036854775807))
Edge(330440,350036,(3,9223372036854775807))
Edge(330673,497594,(3,9223372036854775807))
Edge(331341,73463,(3,9223372036854775807))
Edge(332338,406374,(1,2))
Edge(332366,174017,(1,3))
Edge(332448,383597,(3,9223372036854775807))
Edge(332790,204962,(3,9223372036854775807))
Edge(332878,386206,(3,9223372036854775807))
Edge(333035,82537,(1,9223372036854775807))
Edge(333196,264533,(1,9223372036854775807))
Edge(333324,88197,(3,9223372036854775807))
Edge(333675,56257,(3,9223372036854775807))
Edge(333697,43336,(3,9223372036854775807))
Edge(333706,377908,(3,9223372036854775807))
Edge(334172,245691,(3,9223372036854775807))
Edge(334311,19153,(1,3))
Edge(334541,497466,(3,9223372036854775807))
Edge(334657,128914,(3,9223372036854775807))
Edge(335340,282706,(3,9223372036854775807))
Edge(335365,198841,(3,9223372036854775807))
Edge(336255,430284,(1,9223372036854775807))
Edge(336536,407468,(3,9223372036854775807))
Edge(336558,416915,(3,9223372036854775807))
Edge(336764,150520,(3,9223372036854775807))
Edge(337727,280627,(3,9223372036854775807))
Edge(337925,302353,(1,9223372036854775807))
Edge(337989,486992,(3,9223372036854775807))
Edge(338068,10883,(3,9223372036854775807))
Edge(338420,341096,(3,9223372036854775807))
Edge(339087,150344,(3,9223372036854775807))
Edge(339168,466839,(3,9223372036854775807))
Edge(339284,444252,(1,3))
Edge(339409,74436,(3,9223372036854775807))
Edge(339627,423129,(3,9223372036854775807))
Edge(339730,405245,(1,9223372036854775807))
Edge(339940,307652,(3,9223372036854775807))
Edge(340010,206581,(3,9223372036854775807))
Edge(340021,201251,(3,9223372036854775807))
Edge(340101,450481,(3,9223372036854775807))
Edge(340503,48376,(3,9223372036854775807))
Edge(340806,265514,(3,9223372036854775807))
Edge(340843,101062,(3,9223372036854775807))
Edge(340917,180191,(3,9223372036854775807))
Edge(340943,116000,(3,9223372036854775807))
Edge(341107,385592,(3,9223372036854775807))
Edge(341220,479134,(1,9223372036854775807))
Edge(341298,454574,(1,9223372036854775807))
Edge(341429,130105,(3,9223372036854775807))
Edge(341931,221799,(3,9223372036854775807))
Edge(342395,27963,(3,9223372036854775807))
Edge(342720,253593,(3,9223372036854775807))
Edge(342910,165075,(3,9223372036854775807))
Edge(343268,336870,(1,9223372036854775807))
Edge(343485,231939,(1,3))
Edge(343920,64819,(3,9223372036854775807))
Edge(344049,297042,(3,9223372036854775807))
Edge(344208,169834,(3,9223372036854775807))
Edge(344696,28228,(1,3))
Edge(344783,99129,(3,9223372036854775807))
Edge(344886,64156,(3,9223372036854775807))
Edge(345133,451361,(3,9223372036854775807))
Edge(345194,95992,(3,9223372036854775807))
Edge(345445,224836,(1,3))
Edge(346278,93585,(3,9223372036854775807))
Edge(347322,78921,(3,9223372036854775807))
Edge(347398,355673,(1,9223372036854775807))
Edge(347457,90230,(3,9223372036854775807))
Edge(347477,284396,(1,9223372036854775807))
Edge(347541,247662,(3,9223372036854775807))
Edge(347631,207896,(3,9223372036854775807))
Edge(347647,209781,(3,9223372036854775807))
Edge(347881,377552,(1,9223372036854775807))
Edge(348148,333567,(1,3))
Edge(348648,173288,(1,3))
Edge(348988,253840,(1,9223372036854775807))
Edge(349156,290234,(3,9223372036854775807))
Edge(349413,400655,(3,9223372036854775807))
Edge(349629,62006,(3,9223372036854775807))
Edge(349645,59088,(1,9223372036854775807))
Edge(349652,355530,(3,9223372036854775807))
Edge(350243,485437,(3,9223372036854775807))
Edge(350673,102668,(3,9223372036854775807))
Edge(350771,489087,(3,9223372036854775807))
Edge(350772,258647,(3,9223372036854775807))
Edge(351034,63541,(3,9223372036854775807))
Edge(351140,191594,(3,9223372036854775807))
Edge(351322,380697,(1,3))
Edge(351403,412830,(3,9223372036854775807))
Edge(351549,238012,(3,9223372036854775807))
Edge(351560,16773,(3,9223372036854775807))
Edge(351815,222381,(3,9223372036854775807))
Edge(351912,342622,(3,9223372036854775807))
Edge(352178,281241,(3,9223372036854775807))
Edge(352446,337274,(1,9223372036854775807))
Edge(352745,379156,(3,9223372036854775807))
Edge(352806,147074,(3,9223372036854775807))
Edge(352809,339370,(3,9223372036854775807))
Edge(352858,3429,(3,9223372036854775807))
Edge(352995,97195,(3,9223372036854775807))
Edge(352996,50518,(3,9223372036854775807))
Edge(354566,360826,(3,9223372036854775807))
Edge(354858,494319,(3,9223372036854775807))
Edge(355398,282856,(3,9223372036854775807))
Edge(355799,376759,(1,3))
Edge(356028,42574,(3,9223372036854775807))
Edge(356369,35966,(3,9223372036854775807))
Edge(356564,78827,(3,9223372036854775807))
Edge(356754,481008,(3,9223372036854775807))
Edge(356804,258326,(3,9223372036854775807))
Edge(357350,61096,(3,9223372036854775807))
Edge(357428,292676,(3,9223372036854775807))
Edge(357689,414468,(3,9223372036854775807))
Edge(358325,6802,(3,9223372036854775807))
Edge(358457,317954,(3,9223372036854775807))
Edge(358859,282384,(3,9223372036854775807))
Edge(359244,190089,(1,3))
Edge(359771,209364,(3,9223372036854775807))
Edge(360270,423599,(1,3))
Edge(360617,121934,(3,9223372036854775807))
Edge(360644,135786,(3,9223372036854775807))
Edge(360645,366411,(3,9223372036854775807))
Edge(360705,363948,(3,9223372036854775807))
Edge(360920,160368,(1,3))
Edge(360927,245369,(3,9223372036854775807))
Edge(360964,276734,(3,9223372036854775807))
Edge(361421,41199,(3,9223372036854775807))
Edge(361429,52749,(3,9223372036854775807))
Edge(361656,466001,(3,9223372036854775807))
Edge(362063,447471,(1,9223372036854775807))
Edge(362109,68361,(3,9223372036854775807))
Edge(362841,118178,(1,3))
Edge(363128,399410,(3,9223372036854775807))
Edge(363348,40778,(3,9223372036854775807))
Edge(363375,431175,(3,9223372036854775807))
Edge(363449,448656,(3,9223372036854775807))
Edge(363704,225276,(3,9223372036854775807))
Edge(364259,411465,(3,9223372036854775807))
Edge(364907,191816,(3,9223372036854775807))
Edge(365487,182241,(3,9223372036854775807))
Edge(365822,351536,(1,9223372036854775807))
Edge(365942,43242,(3,9223372036854775807))
Edge(366071,269490,(3,9223372036854775807))
Edge(366312,340072,(3,9223372036854775807))
Edge(366641,486041,(3,9223372036854775807))
Edge(366764,213928,(3,9223372036854775807))
Edge(366779,412217,(3,9223372036854775807))
Edge(367093,363651,(3,9223372036854775807))
Edge(367513,235616,(3,9223372036854775807))
Edge(367663,61840,(1,9223372036854775807))
Edge(368067,185431,(3,9223372036854775807))
Edge(368287,373192,(3,9223372036854775807))
Edge(368443,39817,(1,9223372036854775807))
Edge(368652,5261,(3,9223372036854775807))
Edge(368659,48698,(1,9223372036854775807))
Edge(369173,476441,(3,9223372036854775807))
Edge(369302,137110,(1,3))
Edge(369359,452320,(3,9223372036854775807))
Edge(369921,307810,(3,9223372036854775807))
Edge(370408,119796,(3,9223372036854775807))
Edge(370530,281799,(3,9223372036854775807))
Edge(370643,237038,(3,9223372036854775807))
Edge(370994,157534,(1,9223372036854775807))
Edge(371405,334263,(3,9223372036854775807))
Edge(371441,20630,(3,9223372036854775807))
Edge(371475,392613,(3,9223372036854775807))
Edge(371478,231595,(1,3))
Edge(371661,76252,(1,9223372036854775807))
Edge(371813,172719,(3,9223372036854775807))
Edge(371849,113167,(3,9223372036854775807))
Edge(372052,322338,(3,9223372036854775807))
Edge(373029,387124,(3,9223372036854775807))
Edge(373141,265238,(3,9223372036854775807))
Edge(373147,127265,(1,3))
Edge(373213,166984,(1,3))
Edge(373476,77391,(3,9223372036854775807))
Edge(374678,388685,(1,9223372036854775807))
Edge(374847,264765,(3,9223372036854775807))
Edge(375129,279685,(3,9223372036854775807))
Edge(375313,172754,(3,9223372036854775807))
Edge(375404,123461,(3,9223372036854775807))
Edge(376027,392863,(3,9223372036854775807))
Edge(376888,332598,(3,9223372036854775807))
Edge(376896,68966,(3,9223372036854775807))
Edge(377370,352242,(3,9223372036854775807))
Edge(377472,229013,(3,9223372036854775807))
Edge(377498,166801,(3,9223372036854775807))
Edge(377973,74955,(3,9223372036854775807))
Edge(378249,9697,(3,9223372036854775807))
Edge(378399,362628,(3,9223372036854775807))
Edge(378880,351845,(3,9223372036854775807))
Edge(379187,102485,(3,9223372036854775807))
Edge(379368,183130,(1,3))
Edge(379903,201864,(3,9223372036854775807))
Edge(379955,282469,(1,9223372036854775807))
Edge(380097,453394,(4,9223372036854775807))
Edge(380590,337493,(3,9223372036854775807))
Edge(380704,173907,(4,9223372036854775807))
Edge(380727,155869,(3,9223372036854775807))
Edge(380854,415192,(3,9223372036854775807))
Edge(380977,151461,(3,9223372036854775807))
Edge(381241,460242,(3,9223372036854775807))
Edge(381561,372948,(3,9223372036854775807))
Edge(381695,458905,(1,9223372036854775807))
Edge(381749,440058,(3,9223372036854775807))
Edge(381775,441285,(3,9223372036854775807))
Edge(381842,3640,(3,9223372036854775807))
Edge(382488,415817,(3,9223372036854775807))
Edge(382880,404184,(3,9223372036854775807))
Edge(382947,24937,(3,9223372036854775807))
Edge(383562,8050,(3,9223372036854775807))
Edge(383717,443639,(1,3))
Edge(384191,378970,(3,9223372036854775807))
Edge(384230,302723,(3,9223372036854775807))
Edge(384313,107291,(3,9223372036854775807))
Edge(384467,53979,(3,9223372036854775807))
Edge(384652,423433,(3,9223372036854775807))
Edge(384718,302471,(1,9223372036854775807))
Edge(384869,17453,(3,9223372036854775807))
Edge(384891,273554,(1,9223372036854775807))
Edge(385101,21718,(3,9223372036854775807))
Edge(385355,444373,(3,9223372036854775807))
Edge(385654,148446,(3,9223372036854775807))
Edge(385669,453968,(3,9223372036854775807))
Edge(386119,167363,(1,9223372036854775807))
Edge(386585,244089,(3,9223372036854775807))
Edge(387149,290335,(1,3))
Edge(387264,221573,(1,9223372036854775807))
Edge(387939,84443,(3,9223372036854775807))
Edge(387994,431879,(1,3))
Edge(388229,417895,(3,9223372036854775807))
Edge(388399,277171,(1,9223372036854775807))
Edge(388457,456669,(1,9223372036854775807))
Edge(388828,461269,(3,9223372036854775807))
Edge(389243,395598,(3,9223372036854775807))
Edge(389382,496256,(1,9223372036854775807))
Edge(389470,64276,(3,9223372036854775807))
Edge(389605,6133,(3,9223372036854775807))
Edge(390035,120732,(3,9223372036854775807))
Edge(390424,153011,(3,9223372036854775807))
Edge(391198,212550,(1,3))
Edge(391213,315485,(1,9223372036854775807))
Edge(391397,342318,(3,9223372036854775807))
Edge(391703,335930,(3,9223372036854775807))
Edge(391778,187757,(3,9223372036854775807))
Edge(392171,349865,(3,9223372036854775807))
Edge(392798,91052,(1,3))
Edge(393105,188708,(1,9223372036854775807))
Edge(393415,430340,(3,9223372036854775807))
Edge(394090,156143,(3,9223372036854775807))
Edge(394158,76983,(3,9223372036854775807))
Edge(394254,346976,(3,9223372036854775807))
Edge(394655,242225,(3,9223372036854775807))
Edge(394743,289792,(3,9223372036854775807))
Edge(394889,28772,(3,9223372036854775807))
Edge(395259,433453,(3,9223372036854775807))
Edge(395354,381528,(3,9223372036854775807))
Edge(395488,3134,(3,9223372036854775807))
Edge(395631,97263,(1,3))
Edge(395922,405165,(1,9223372036854775807))
Edge(395971,110154,(3,9223372036854775807))
Edge(396198,474043,(3,9223372036854775807))
Edge(397002,259258,(1,3))
Edge(397088,127463,(3,9223372036854775807))
Edge(397144,84058,(3,9223372036854775807))
Edge(397393,72363,(3,9223372036854775807))
Edge(397514,182316,(3,9223372036854775807))
Edge(397564,249490,(3,9223372036854775807))
Edge(397747,297040,(3,9223372036854775807))
Edge(398059,161844,(1,9223372036854775807))
Edge(398367,410710,(3,9223372036854775807))
Edge(398450,303931,(3,9223372036854775807))
Edge(398807,318123,(3,9223372036854775807))
Edge(399526,137078,(3,9223372036854775807))
Edge(399529,72269,(3,9223372036854775807))
Edge(399647,86951,(3,9223372036854775807))
Edge(400023,184843,(3,9223372036854775807))
Edge(400724,487378,(3,9223372036854775807))
Edge(401605,96001,(3,9223372036854775807))
Edge(401766,301662,(1,3))
Edge(402095,206667,(1,9223372036854775807))
Edge(402588,478647,(3,9223372036854775807))
Edge(403736,468402,(3,9223372036854775807))
Edge(403806,464940,(3,9223372036854775807))
Edge(403944,331393,(3,9223372036854775807))
Edge(404320,141701,(3,9223372036854775807))
Edge(404356,383905,(3,9223372036854775807))
Edge(405265,53699,(3,9223372036854775807))
Edge(405852,416392,(3,9223372036854775807))
Edge(406392,451780,(3,9223372036854775807))
Edge(407187,384562,(1,3))
Edge(407633,42264,(3,9223372036854775807))
Edge(407914,234808,(3,9223372036854775807))
Edge(408227,135685,(3,9223372036854775807))
Edge(408273,419534,(1,9223372036854775807))
Edge(408831,185799,(3,9223372036854775807))
Edge(409624,342849,(3,9223372036854775807))
Edge(409788,338943,(3,9223372036854775807))
Edge(409932,378600,(3,9223372036854775807))
Edge(409937,255087,(3,9223372036854775807))
Edge(410142,329119,(3,9223372036854775807))
Edge(410860,202968,(3,9223372036854775807))
Edge(411014,231109,(3,9223372036854775807))
Edge(411197,300507,(3,9223372036854775807))
Edge(411453,373327,(3,9223372036854775807))
Edge(411554,121322,(3,9223372036854775807))
Edge(411730,397209,(3,9223372036854775807))
Edge(411926,99323,(3,9223372036854775807))
Edge(412133,293413,(3,9223372036854775807))
Edge(412188,486940,(3,9223372036854775807))
Edge(412585,23252,(3,9223372036854775807))
Edge(412946,450088,(3,9223372036854775807))
Edge(413336,331701,(3,9223372036854775807))
Edge(413468,439563,(1,9223372036854775807))
Edge(413614,7216,(3,9223372036854775807))
Edge(413894,498449,(3,9223372036854775807))
Edge(413996,183145,(1,3))
Edge(414087,181913,(3,9223372036854775807))
Edge(414994,423098,(3,9223372036854775807))
Edge(415435,321813,(1,9223372036854775807))
Edge(415523,250056,(3,9223372036854775807))
Edge(415936,354817,(3,9223372036854775807))
Edge(416459,309102,(3,9223372036854775807))
Edge(417106,84624,(3,9223372036854775807))
Edge(417362,60714,(1,9223372036854775807))
Edge(417656,434772,(3,9223372036854775807))
Edge(417931,424310,(3,9223372036854775807))
Edge(418908,362403,(1,3))
Edge(419149,33962,(3,9223372036854775807))
Edge(420017,100413,(3,9223372036854775807))
Edge(420159,353772,(3,9223372036854775807))
Edge(420342,167545,(1,3))
Edge(420746,167696,(3,9223372036854775807))
Edge(421004,45105,(4,9223372036854775807))
Edge(421302,274337,(3,9223372036854775807))
Edge(421331,254915,(3,9223372036854775807))
Edge(421479,163596,(3,9223372036854775807))
Edge(421561,29109,(1,3))
Edge(421803,341606,(3,9223372036854775807))
Edge(421874,159151,(3,9223372036854775807))
Edge(422119,499020,(3,9223372036854775807))
Edge(422862,234938,(3,9223372036854775807))
Edge(422900,44803,(3,9223372036854775807))
Edge(423020,173541,(3,9223372036854775807))
Edge(423237,34769,(1,9223372036854775807))
Edge(423327,353137,(3,9223372036854775807))
Edge(423598,308666,(3,9223372036854775807))
Edge(424283,143109,(3,9223372036854775807))
Edge(424397,117647,(1,9223372036854775807))
Edge(424539,325853,(1,9223372036854775807))
Edge(424624,399098,(3,9223372036854775807))
Edge(424682,252952,(3,9223372036854775807))
Edge(425055,447001,(3,9223372036854775807))
Edge(425225,454502,(3,9223372036854775807))
Edge(425251,236003,(1,3))
Edge(425360,28377,(3,9223372036854775807))
Edge(425520,482619,(3,9223372036854775807))
Edge(425728,321611,(3,9223372036854775807))
Edge(426313,422082,(3,9223372036854775807))
Edge(426344,362003,(1,9223372036854775807))
Edge(427071,360341,(3,9223372036854775807))
Edge(428654,196741,(3,9223372036854775807))
Edge(428660,411014,(3,9223372036854775807))
Edge(428916,307171,(3,9223372036854775807))
Edge(429144,282622,(1,3))
Edge(429153,128034,(3,9223372036854775807))
Edge(429241,197200,(3,9223372036854775807))
Edge(429629,275055,(3,9223372036854775807))
Edge(429896,159361,(3,9223372036854775807))
Edge(430346,339566,(1,9223372036854775807))
Edge(430593,401816,(3,9223372036854775807))
Edge(430926,51777,(3,9223372036854775807))
Edge(430938,125940,(3,9223372036854775807))
Edge(430952,489495,(3,9223372036854775807))
Edge(430973,187560,(3,9223372036854775807))
Edge(431030,470288,(3,9223372036854775807))
Edge(431385,365980,(3,9223372036854775807))
Edge(431461,15052,(1,9223372036854775807))
Edge(431566,35683,(3,9223372036854775807))
Edge(431570,397074,(3,9223372036854775807))
Edge(431587,103820,(3,9223372036854775807))
Edge(431649,430121,(3,9223372036854775807))
Edge(431980,495287,(3,9223372036854775807))
Edge(432199,104612,(3,9223372036854775807))
Edge(432289,196950,(3,9223372036854775807))
Edge(432523,238364,(3,9223372036854775807))
Edge(432604,40737,(3,9223372036854775807))
Edge(432644,445231,(1,9223372036854775807))
Edge(433007,27574,(3,9223372036854775807))
Edge(433228,318976,(3,9223372036854775807))
Edge(433570,492402,(3,9223372036854775807))
Edge(433623,487840,(3,9223372036854775807))
Edge(433768,348559,(1,9223372036854775807))
Edge(434061,11933,(1,3))
Edge(435155,471190,(3,9223372036854775807))
Edge(435182,336057,(3,9223372036854775807))
Edge(435610,214482,(3,9223372036854775807))
Edge(435712,428790,(3,9223372036854775807))
Edge(436542,144502,(1,3))
Edge(436971,73377,(3,9223372036854775807))
Edge(437133,288173,(1,9223372036854775807))
Edge(437188,77739,(1,9223372036854775807))
Edge(437201,121719,(1,9223372036854775807))
Edge(437270,346154,(4,9223372036854775807))
Edge(437412,14696,(1,9223372036854775807))
Edge(437824,353143,(1,9223372036854775807))
Edge(437859,321302,(1,9223372036854775807))
Edge(437926,403456,(3,9223372036854775807))
Edge(438392,207999,(3,9223372036854775807))
Edge(438665,438842,(3,9223372036854775807))
Edge(438996,454216,(3,9223372036854775807))
Edge(439980,22605,(3,9223372036854775807))
Edge(440030,325787,(3,9223372036854775807))
Edge(440831,171358,(3,9223372036854775807))
Edge(441136,391543,(3,9223372036854775807))
Edge(441287,480299,(3,9223372036854775807))
Edge(441331,120767,(3,9223372036854775807))
Edge(441619,489720,(3,9223372036854775807))
Edge(441995,362437,(3,9223372036854775807))
Edge(442359,108654,(1,9223372036854775807))
Edge(442716,136104,(3,9223372036854775807))
Edge(442958,180627,(3,9223372036854775807))
Edge(442973,313599,(3,9223372036854775807))
Edge(443425,261937,(3,9223372036854775807))
Edge(444086,417336,(3,9223372036854775807))
Edge(444160,453703,(3,9223372036854775807))
Edge(444321,428506,(3,9223372036854775807))
Edge(444435,336228,(3,9223372036854775807))
Edge(444737,106808,(3,9223372036854775807))
Edge(444846,341635,(1,9223372036854775807))
Edge(444929,224276,(3,9223372036854775807))
Edge(445387,241775,(1,9223372036854775807))
Edge(445714,296900,(3,9223372036854775807))
Edge(445785,368705,(3,9223372036854775807))
Edge(445823,109927,(3,9223372036854775807))
Edge(445965,245319,(1,9223372036854775807))
Edge(446495,403392,(1,3))
Edge(446754,461257,(1,9223372036854775807))
Edge(446941,415247,(3,9223372036854775807))
Edge(447136,342916,(1,9223372036854775807))
Edge(447203,452339,(1,9223372036854775807))
Edge(447305,63932,(3,9223372036854775807))
Edge(447305,256118,(3,9223372036854775807))
Edge(447450,45526,(1,9223372036854775807))
Edge(447652,268727,(3,9223372036854775807))
Edge(447658,173456,(3,9223372036854775807))
Edge(447869,312400,(3,9223372036854775807))
Edge(448091,328342,(3,9223372036854775807))
Edge(448276,201210,(3,9223372036854775807))
Edge(448391,124855,(3,9223372036854775807))
Edge(448431,126445,(3,9223372036854775807))
Edge(448460,32362,(1,9223372036854775807))
Edge(448845,392209,(3,9223372036854775807))
Edge(449157,17047,(3,9223372036854775807))
Edge(450086,69217,(1,9223372036854775807))
Edge(450378,7518,(3,9223372036854775807))
Edge(450752,317449,(1,9223372036854775807))
Edge(451131,251106,(3,9223372036854775807))
Edge(451988,317695,(3,9223372036854775807))
Edge(452161,164649,(3,9223372036854775807))
Edge(452817,64386,(3,9223372036854775807))
Edge(453105,28696,(1,9223372036854775807))
Edge(453311,264951,(3,9223372036854775807))
Edge(453484,121326,(3,9223372036854775807))
Edge(453722,448009,(3,9223372036854775807))
Edge(453800,460764,(3,9223372036854775807))
Edge(454022,260173,(3,9223372036854775807))
Edge(454410,298227,(3,9223372036854775807))
Edge(454426,441200,(1,9223372036854775807))
Edge(454903,39488,(3,9223372036854775807))
Edge(454912,738,(3,9223372036854775807))
Edge(454926,494060,(3,9223372036854775807))
Edge(455320,486823,(3,9223372036854775807))
Edge(455639,371514,(3,9223372036854775807))
Edge(456316,367773,(3,9223372036854775807))
Edge(456413,291893,(3,9223372036854775807))
Edge(456438,74896,(3,9223372036854775807))
Edge(456641,312318,(3,9223372036854775807))
Edge(456675,172516,(1,3))
Edge(457019,235207,(3,9223372036854775807))
Edge(457253,210591,(3,9223372036854775807))
Edge(457636,290776,(3,9223372036854775807))
Edge(458430,126959,(3,9223372036854775807))
Edge(459083,224864,(3,9223372036854775807))
Edge(459474,358120,(3,9223372036854775807))
Edge(459480,418278,(3,9223372036854775807))
Edge(460741,220200,(3,9223372036854775807))
Edge(460764,188722,(1,3))
Edge(460823,441848,(3,9223372036854775807))
Edge(460895,39999,(3,9223372036854775807))
Edge(462150,119184,(3,9223372036854775807))
Edge(462221,341074,(3,9223372036854775807))
Edge(462737,203763,(3,9223372036854775807))
Edge(462841,230867,(1,3))
Edge(462984,277654,(1,9223372036854775807))
Edge(463200,237082,(3,9223372036854775807))
Edge(463237,291952,(3,9223372036854775807))
Edge(463289,472766,(3,9223372036854775807))
Edge(463718,84460,(1,9223372036854775807))
Edge(463911,422353,(3,9223372036854775807))
Edge(463925,409724,(1,3))
Edge(464400,76745,(3,9223372036854775807))
Edge(464621,426894,(1,9223372036854775807))
Edge(464789,499660,(3,9223372036854775807))
Edge(464862,447538,(3,9223372036854775807))
Edge(465169,17351,(3,9223372036854775807))
Edge(465263,68103,(3,9223372036854775807))
Edge(465272,456317,(3,9223372036854775807))
Edge(465390,204614,(1,3))
Edge(466256,191425,(3,9223372036854775807))
Edge(466790,126231,(3,9223372036854775807))
Edge(467108,393499,(3,9223372036854775807))
Edge(467316,347252,(3,9223372036854775807))
Edge(467562,183510,(3,9223372036854775807))
Edge(467893,222653,(4,9223372036854775807))
Edge(468262,203120,(3,9223372036854775807))
Edge(468332,185237,(3,9223372036854775807))
Edge(468731,19149,(3,9223372036854775807))
Edge(468949,403451,(1,9223372036854775807))
Edge(470065,79182,(3,9223372036854775807))
Edge(470246,117994,(1,9223372036854775807))
Edge(471455,200062,(3,9223372036854775807))
Edge(471915,494757,(1,9223372036854775807))
Edge(472420,174760,(1,9223372036854775807))
Edge(472567,362457,(3,9223372036854775807))
Edge(473045,212362,(3,9223372036854775807))
Edge(473599,420557,(1,9223372036854775807))
Edge(473731,339705,(3,9223372036854775807))
Edge(473934,490830,(3,9223372036854775807))
Edge(474068,245712,(3,9223372036854775807))
Edge(474936,346114,(3,9223372036854775807))
Edge(475038,451122,(1,3))
Edge(475453,255276,(3,9223372036854775807))
Edge(475970,168792,(3,9223372036854775807))
Edge(476054,362153,(1,3))
Edge(476131,135501,(3,9223372036854775807))
Edge(476245,218103,(3,9223372036854775807))
Edge(476318,229769,(3,9223372036854775807))
Edge(476414,7292,(1,9223372036854775807))
Edge(476564,293670,(3,9223372036854775807))
Edge(476626,107691,(3,9223372036854775807))
Edge(476821,240180,(1,3))
Edge(476850,295058,(3,9223372036854775807))
Edge(476898,118009,(3,9223372036854775807))
Edge(477197,196887,(1,9223372036854775807))
Edge(477240,134080,(1,9223372036854775807))
Edge(477475,498530,(3,9223372036854775807))
Edge(477601,179918,(3,9223372036854775807))
Edge(477863,487121,(3,9223372036854775807))
Edge(477917,198567,(1,9223372036854775807))
Edge(478416,229917,(3,9223372036854775807))
Edge(478416,240672,(3,9223372036854775807))
Edge(478476,208540,(1,9223372036854775807))
Edge(478502,150430,(3,9223372036854775807))
Edge(478525,302862,(3,9223372036854775807))
Edge(478758,316693,(3,9223372036854775807))
Edge(478801,175708,(1,9223372036854775807))
Edge(478838,486659,(3,9223372036854775807))
Edge(478889,184471,(3,9223372036854775807))
Edge(479021,175286,(3,9223372036854775807))
Edge(479792,270243,(3,9223372036854775807))
Edge(479813,407868,(3,9223372036854775807))
Edge(479962,205879,(3,9223372036854775807))
Edge(480399,227149,(3,9223372036854775807))
Edge(480525,102718,(3,9223372036854775807))
Edge(480715,177815,(3,9223372036854775807))
Edge(480748,350988,(1,9223372036854775807))
Edge(480891,427778,(3,9223372036854775807))
Edge(481028,330848,(3,9223372036854775807))
Edge(481290,458233,(3,9223372036854775807))
Edge(481373,459170,(3,9223372036854775807))
Edge(481715,225773,(1,9223372036854775807))
Edge(481894,123874,(1,9223372036854775807))
Edge(481914,242668,(1,9223372036854775807))
Edge(482033,132488,(3,9223372036854775807))
Edge(482160,438645,(1,9223372036854775807))
Edge(482383,85967,(3,9223372036854775807))
Edge(482552,232933,(1,9223372036854775807))
Edge(482559,16353,(3,9223372036854775807))
Edge(483196,216621,(3,9223372036854775807))
Edge(483396,400660,(1,3))
Edge(483486,163495,(3,9223372036854775807))
Edge(483551,276363,(3,9223372036854775807))
Edge(483700,259896,(3,9223372036854775807))
Edge(483916,274861,(3,9223372036854775807))
Edge(485236,231771,(1,9223372036854775807))
Edge(486054,161494,(3,9223372036854775807))
Edge(486305,40230,(3,9223372036854775807))
Edge(486334,471123,(3,9223372036854775807))
Edge(486797,235856,(3,9223372036854775807))
Edge(486809,452553,(1,9223372036854775807))
Edge(487180,401465,(3,9223372036854775807))
Edge(487473,499565,(3,9223372036854775807))
Edge(488037,58727,(1,3))
Edge(488055,170885,(3,9223372036854775807))
Edge(488787,174308,(1,3))
Edge(490144,104583,(3,9223372036854775807))
Edge(490483,93441,(3,9223372036854775807))
Edge(490648,433113,(3,9223372036854775807))
Edge(490666,249691,(3,9223372036854775807))
Edge(490686,316426,(3,9223372036854775807))
Edge(491175,408819,(1,9223372036854775807))
Edge(491540,319395,(1,9223372036854775807))
Edge(491759,349465,(3,9223372036854775807))
Edge(491865,227168,(1,9223372036854775807))
Edge(492861,158549,(3,9223372036854775807))
Edge(492953,173249,(3,9223372036854775807))
Edge(493289,393926,(3,9223372036854775807))
Edge(493759,318330,(3,9223372036854775807))
Edge(493790,261875,(3,9223372036854775807))
Edge(493955,110884,(3,9223372036854775807))
Edge(494513,292211,(3,9223372036854775807))
Edge(495008,54187,(3,9223372036854775807))
Edge(496027,235296,(3,9223372036854775807))
Edge(496088,173202,(3,9223372036854775807))
Edge(498109,384747,(3,9223372036854775807))
Edge(498652,322895,(3,9223372036854775807))
Edge(498924,103772,(3,9223372036854775807))
Edge(499165,172421,(1,9223372036854775807))
Edge(499169,125357,(3,9223372036854775807))
Edge(499684,264233,(3,9223372036854775807))
Edge(499759,422638,(3,9223372036854775807))
Edge(499868,325611,(3,9223372036854775807))
