Edge(53,345316,(3,9223372036854775807))
Edge(336,356658,(3,9223372036854775807))
Edge(658,234606,(3,9223372036854775807))
Edge(970,317356,(3,9223372036854775807))
Edge(980,141973,(3,9223372036854775807))
Edge(1025,344764,(3,9223372036854775807))
Edge(1087,434539,(3,9223372036854775807))
Edge(1145,207158,(3,9223372036854775807))
Edge(1392,1136,(3,9223372036854775807))
Edge(1486,219153,(4,9223372036854775807))
Edge(1525,484723,(3,9223372036854775807))
Edge(1638,183679,(3,9223372036854775807))
Edge(1942,123781,(3,9223372036854775807))
Edge(2192,174662,(1,9223372036854775807))
Edge(2637,463189,(3,9223372036854775807))
Edge(2731,473796,(3,9223372036854775807))
Edge(3251,470991,(3,9223372036854775807))
Edge(3656,192445,(1,9223372036854775807))
Edge(3736,174931,(3,9223372036854775807))
Edge(3838,24593,(3,9223372036854775807))
Edge(4097,317167,(3,9223372036854775807))
Edge(4101,39860,(1,3))
Edge(4737,232200,(3,9223372036854775807))
Edge(4786,255145,(3,9223372036854775807))
Edge(4802,83448,(3,9223372036854775807))
Edge(4803,6346,(1,3))
Edge(4999,101123,(3,9223372036854775807))
Edge(5349,103052,(3,9223372036854775807))
Edge(5387,235744,(3,9223372036854775807))
Edge(6861,301756,(3,9223372036854775807))
Edge(6900,177788,(3,9223372036854775807))
Edge(7258,93987,(3,9223372036854775807))
Edge(8191,280032,(3,9223372036854775807))
Edge(8231,352463,(3,9223372036854775807))
Edge(8444,270444,(3,9223372036854775807))
Edge(8460,303060,(3,9223372036854775807))
Edge(9361,86053,(3,9223372036854775807))
Edge(9680,117530,(3,9223372036854775807))
Edge(9839,446178,(1,9223372036854775807))
Edge(9860,176058,(1,3))
Edge(9909,282047,(3,9223372036854775807))
Edge(10115,21944,(1,9223372036854775807))
Edge(10382,193278,(3,9223372036854775807))
Edge(10996,472948,(3,9223372036854775807))
Edge(11044,120565,(3,9223372036854775807))
Edge(11530,496929,(1,9223372036854775807))
Edge(11862,385963,(3,9223372036854775807))
Edge(12512,215108,(1,9223372036854775807))
Edge(12849,458095,(3,9223372036854775807))
Edge(13101,375653,(3,9223372036854775807))
Edge(13425,228693,(3,9223372036854775807))
Edge(13455,113191,(3,9223372036854775807))
Edge(13538,137220,(3,9223372036854775807))
Edge(13589,172854,(3,9223372036854775807))
Edge(13787,151099,(3,9223372036854775807))
Edge(13936,128140,(3,9223372036854775807))
Edge(14626,111984,(3,9223372036854775807))
Edge(14696,398433,(1,9223372036854775807))
Edge(15191,380259,(3,9223372036854775807))
Edge(15522,167272,(3,9223372036854775807))
Edge(15849,349745,(3,9223372036854775807))
Edge(16551,434410,(1,9223372036854775807))
Edge(17238,274553,(3,9223372036854775807))
Edge(17285,293012,(3,9223372036854775807))
Edge(18142,146459,(3,9223372036854775807))
Edge(18293,207103,(1,9223372036854775807))
Edge(18463,89783,(3,9223372036854775807))
Edge(18502,6272,(1,3))
Edge(18890,489003,(3,9223372036854775807))
Edge(18964,466439,(3,9223372036854775807))
Edge(18986,340943,(3,9223372036854775807))
Edge(19002,21674,(3,9223372036854775807))
Edge(19220,291359,(1,3))
Edge(19229,446208,(3,9223372036854775807))
Edge(19271,426528,(3,9223372036854775807))
Edge(19414,81849,(3,9223372036854775807))
Edge(19583,265853,(3,9223372036854775807))
Edge(19634,157832,(3,9223372036854775807))
Edge(19734,274914,(3,9223372036854775807))
Edge(20144,390814,(1,9223372036854775807))
Edge(20204,152916,(3,9223372036854775807))
Edge(20478,363520,(3,9223372036854775807))
Edge(20593,282917,(1,3))
Edge(20866,410419,(3,9223372036854775807))
Edge(21364,148415,(3,9223372036854775807))
Edge(21940,167140,(3,9223372036854775807))
Edge(22637,350974,(3,9223372036854775807))
Edge(23182,94275,(3,9223372036854775807))
Edge(23215,436826,(3,9223372036854775807))
Edge(23860,487716,(1,3))
Edge(25113,215541,(1,9223372036854775807))
Edge(25135,199006,(1,9223372036854775807))
Edge(25237,492297,(3,9223372036854775807))
Edge(25806,26780,(3,9223372036854775807))
Edge(26680,10083,(3,9223372036854775807))
Edge(26937,2754,(3,9223372036854775807))
Edge(27352,389852,(3,9223372036854775807))
Edge(27410,422114,(3,9223372036854775807))
Edge(27645,7903,(3,9223372036854775807))
Edge(27795,283971,(3,9223372036854775807))
Edge(28264,86636,(3,9223372036854775807))
Edge(28292,430759,(3,9223372036854775807))
Edge(28343,182072,(3,9223372036854775807))
Edge(28635,19456,(3,9223372036854775807))
Edge(28982,359627,(1,9223372036854775807))
Edge(29082,215124,(1,3))
Edge(29344,471811,(3,9223372036854775807))
Edge(29599,403755,(3,9223372036854775807))
Edge(29878,444332,(1,9223372036854775807))
Edge(30097,398084,(1,9223372036854775807))
Edge(30302,196165,(3,9223372036854775807))
Edge(30719,415340,(3,9223372036854775807))
Edge(31235,115153,(3,9223372036854775807))
Edge(31466,445443,(3,9223372036854775807))
Edge(31739,298134,(3,9223372036854775807))
Edge(32445,443319,(1,9223372036854775807))
Edge(32723,225675,(1,9223372036854775807))
Edge(33027,273562,(1,9223372036854775807))
Edge(33207,12143,(3,9223372036854775807))
Edge(33786,439763,(3,9223372036854775807))
Edge(33823,331239,(1,9223372036854775807))
Edge(33897,489297,(3,9223372036854775807))
Edge(33954,57980,(3,9223372036854775807))
Edge(34346,52989,(3,9223372036854775807))
Edge(34553,343309,(3,9223372036854775807))
Edge(34623,430378,(3,9223372036854775807))
Edge(34663,37059,(3,9223372036854775807))
Edge(35119,453794,(3,9223372036854775807))
Edge(35165,381962,(1,3))
Edge(35406,344827,(3,9223372036854775807))
Edge(35502,358542,(1,9223372036854775807))
Edge(35823,9650,(3,9223372036854775807))
Edge(35856,41643,(3,9223372036854775807))
Edge(35899,341245,(3,9223372036854775807))
Edge(35975,198251,(3,9223372036854775807))
Edge(36724,473673,(3,9223372036854775807))
Edge(36880,206943,(3,9223372036854775807))
Edge(37269,303476,(1,9223372036854775807))
Edge(37341,67426,(1,9223372036854775807))
Edge(37404,10505,(3,9223372036854775807))
Edge(38498,389050,(3,9223372036854775807))
Edge(38660,320240,(3,9223372036854775807))
Edge(38802,61524,(3,9223372036854775807))
Edge(38836,123952,(3,9223372036854775807))
Edge(38883,162330,(3,9223372036854775807))
Edge(40221,243508,(3,9223372036854775807))
Edge(40486,287211,(3,9223372036854775807))
Edge(40798,488143,(3,9223372036854775807))
Edge(41092,326324,(3,9223372036854775807))
Edge(41256,293136,(3,9223372036854775807))
Edge(41718,485060,(1,9223372036854775807))
Edge(41770,300814,(1,9223372036854775807))
Edge(41873,147335,(3,9223372036854775807))
Edge(41935,299366,(3,9223372036854775807))
Edge(42471,242420,(3,9223372036854775807))
Edge(43298,451768,(3,9223372036854775807))
Edge(43483,217984,(3,9223372036854775807))
Edge(43595,440093,(1,9223372036854775807))
Edge(43881,72152,(3,9223372036854775807))
Edge(44049,50318,(3,9223372036854775807))
Edge(44170,126816,(3,9223372036854775807))
Edge(44426,325891,(1,9223372036854775807))
Edge(44545,26964,(3,9223372036854775807))
Edge(44986,422679,(3,9223372036854775807))
Edge(45102,150325,(3,9223372036854775807))
Edge(45458,73091,(4,9223372036854775807))
Edge(45461,165217,(3,9223372036854775807))
Edge(45550,489613,(1,9223372036854775807))
Edge(45594,61624,(3,9223372036854775807))
Edge(45618,198916,(1,9223372036854775807))
Edge(45738,246334,(3,9223372036854775807))
Edge(45777,349081,(3,9223372036854775807))
Edge(45853,252918,(3,9223372036854775807))
Edge(45899,276949,(3,9223372036854775807))
Edge(46246,305,(3,9223372036854775807))
Edge(47616,160845,(1,9223372036854775807))
Edge(47647,194676,(3,9223372036854775807))
Edge(47823,369045,(3,9223372036854775807))
Edge(48014,418637,(3,9223372036854775807))
Edge(48284,174346,(3,9223372036854775807))
Edge(48291,242003,(3,9223372036854775807))
Edge(48794,265845,(1,9223372036854775807))
Edge(48808,295629,(3,9223372036854775807))
Edge(48905,47321,(3,9223372036854775807))
Edge(49911,431934,(3,9223372036854775807))
Edge(50106,495820,(1,9223372036854775807))
Edge(50695,214485,(1,9223372036854775807))
Edge(51016,149261,(3,9223372036854775807))
Edge(51071,319368,(3,9223372036854775807))
Edge(51117,414815,(1,9223372036854775807))
Edge(51321,205999,(3,9223372036854775807))
Edge(51658,312131,(3,9223372036854775807))
Edge(52197,91558,(3,9223372036854775807))
Edge(52674,54820,(3,9223372036854775807))
Edge(52674,278914,(3,9223372036854775807))
Edge(53163,112124,(3,9223372036854775807))
Edge(53210,314249,(3,9223372036854775807))
Edge(53255,91456,(3,9223372036854775807))
Edge(54305,60218,(3,9223372036854775807))
Edge(54674,353634,(3,9223372036854775807))
Edge(54971,216194,(3,9223372036854775807))
Edge(55023,262336,(3,9223372036854775807))
Edge(55063,458336,(3,9223372036854775807))
Edge(56119,341233,(3,9223372036854775807))
Edge(56426,167886,(3,9223372036854775807))
Edge(56576,134875,(3,9223372036854775807))
Edge(56754,399181,(3,9223372036854775807))
Edge(56848,337020,(3,9223372036854775807))
Edge(56853,492346,(1,9223372036854775807))
Edge(56870,495947,(3,9223372036854775807))
Edge(56889,218308,(3,9223372036854775807))
Edge(56983,201976,(1,9223372036854775807))
Edge(57026,493387,(3,9223372036854775807))
Edge(57229,237235,(3,9223372036854775807))
Edge(57431,257804,(1,3))
Edge(57537,407495,(3,9223372036854775807))
Edge(57672,32855,(3,9223372036854775807))
Edge(58072,114967,(3,9223372036854775807))
Edge(58201,417927,(3,9223372036854775807))
Edge(59452,423961,(4,9223372036854775807))
Edge(59545,186443,(3,9223372036854775807))
Edge(59617,443204,(3,9223372036854775807))
Edge(59969,262386,(3,9223372036854775807))
Edge(60011,64947,(1,9223372036854775807))
Edge(61159,78262,(3,9223372036854775807))
Edge(61659,258244,(3,9223372036854775807))
Edge(62250,121047,(1,3))
Edge(62386,484843,(3,9223372036854775807))
Edge(62540,85223,(1,9223372036854775807))
Edge(62873,421664,(3,9223372036854775807))
Edge(62905,302154,(3,9223372036854775807))
Edge(63003,167507,(3,9223372036854775807))
Edge(63282,427823,(3,9223372036854775807))
Edge(63342,402990,(1,9223372036854775807))
Edge(63348,95613,(3,9223372036854775807))
Edge(64084,48051,(3,9223372036854775807))
Edge(64209,154340,(3,9223372036854775807))
Edge(64412,161022,(3,9223372036854775807))
Edge(64839,183356,(3,9223372036854775807))
Edge(64955,389969,(3,9223372036854775807))
Edge(64956,257757,(3,9223372036854775807))
Edge(65063,484347,(1,3))
Edge(65380,201969,(1,9223372036854775807))
Edge(65850,225694,(4,9223372036854775807))
Edge(66215,378041,(3,9223372036854775807))
Edge(66264,53303,(3,9223372036854775807))
Edge(66355,87482,(1,9223372036854775807))
Edge(66370,418541,(1,9223372036854775807))
Edge(66433,142439,(3,9223372036854775807))
Edge(66898,486258,(3,9223372036854775807))
Edge(67024,23793,(3,9223372036854775807))
Edge(67707,384702,(3,9223372036854775807))
Edge(68154,429249,(3,9223372036854775807))
Edge(68272,128613,(4,9223372036854775807))
Edge(68393,357361,(3,9223372036854775807))
Edge(68744,93501,(3,9223372036854775807))
Edge(68754,103679,(3,9223372036854775807))
Edge(69002,316648,(3,9223372036854775807))
Edge(69032,158789,(3,9223372036854775807))
Edge(69738,75179,(1,3))
Edge(70029,431164,(3,9223372036854775807))
Edge(70479,175030,(3,9223372036854775807))
Edge(71026,408461,(3,9223372036854775807))
Edge(71057,128863,(3,9223372036854775807))
Edge(71730,212832,(3,9223372036854775807))
Edge(71984,23721,(3,9223372036854775807))
Edge(72011,200070,(3,9223372036854775807))
Edge(72019,448768,(1,9223372036854775807))
Edge(72032,224822,(3,9223372036854775807))
Edge(72485,177299,(3,9223372036854775807))
Edge(73000,437181,(3,9223372036854775807))
Edge(73041,76017,(3,9223372036854775807))
Edge(73050,367306,(3,9223372036854775807))
Edge(73225,468752,(1,9223372036854775807))
Edge(73325,137240,(3,9223372036854775807))
Edge(73381,210190,(3,9223372036854775807))
Edge(73597,176639,(1,9223372036854775807))
Edge(73616,223194,(3,9223372036854775807))
Edge(73755,166224,(3,9223372036854775807))
Edge(73882,204556,(3,9223372036854775807))
Edge(74331,314595,(3,9223372036854775807))
Edge(74447,300210,(3,9223372036854775807))
Edge(74974,120377,(3,9223372036854775807))
Edge(75000,331662,(3,9223372036854775807))
Edge(75044,340863,(3,9223372036854775807))
Edge(75341,283782,(3,9223372036854775807))
Edge(75790,125188,(3,9223372036854775807))
Edge(76033,462018,(3,9223372036854775807))
Edge(76418,89748,(3,9223372036854775807))
Edge(77239,177025,(3,9223372036854775807))
Edge(77593,59333,(3,9223372036854775807))
Edge(77619,357857,(3,9223372036854775807))
Edge(77745,257583,(3,9223372036854775807))
Edge(77852,486071,(3,9223372036854775807))
Edge(77896,183736,(3,9223372036854775807))
Edge(78380,2566,(3,9223372036854775807))
Edge(78510,78496,(1,9223372036854775807))
Edge(78592,491870,(3,9223372036854775807))
Edge(79499,396637,(3,9223372036854775807))
Edge(79513,359394,(3,9223372036854775807))
Edge(79680,489511,(3,9223372036854775807))
Edge(79867,409170,(3,9223372036854775807))
Edge(80196,261233,(3,9223372036854775807))
Edge(80349,56223,(3,9223372036854775807))
Edge(80399,269522,(1,9223372036854775807))
Edge(80775,392029,(3,9223372036854775807))
Edge(81025,442075,(3,9223372036854775807))
Edge(81063,189580,(3,9223372036854775807))
Edge(81241,275039,(3,9223372036854775807))
Edge(81321,236952,(3,9223372036854775807))
Edge(81420,45120,(3,9223372036854775807))
Edge(81512,71348,(3,9223372036854775807))
Edge(81950,389701,(3,9223372036854775807))
Edge(82307,345848,(1,9223372036854775807))
Edge(82536,2747,(3,9223372036854775807))
Edge(82979,12102,(3,9223372036854775807))
Edge(83484,469073,(3,9223372036854775807))
Edge(83554,180263,(3,9223372036854775807))
Edge(84041,27319,(3,9223372036854775807))
Edge(84474,460849,(1,9223372036854775807))
Edge(84676,444135,(3,9223372036854775807))
Edge(84908,212887,(3,9223372036854775807))
Edge(85340,340221,(3,9223372036854775807))
Edge(85433,178539,(3,9223372036854775807))
Edge(85610,451859,(3,9223372036854775807))
Edge(86183,42141,(3,9223372036854775807))
Edge(86344,172712,(3,9223372036854775807))
Edge(86584,307153,(3,9223372036854775807))
Edge(86686,71613,(3,9223372036854775807))
Edge(86738,493664,(3,9223372036854775807))
Edge(87549,435096,(3,9223372036854775807))
Edge(87586,176907,(3,9223372036854775807))
Edge(87671,411346,(1,3))
Edge(87872,172883,(3,9223372036854775807))
Edge(88437,234375,(3,9223372036854775807))
Edge(88586,159631,(3,9223372036854775807))
Edge(88601,296546,(3,9223372036854775807))
Edge(88904,285020,(3,9223372036854775807))
Edge(89152,159153,(3,9223372036854775807))
Edge(89405,294435,(3,9223372036854775807))
Edge(89451,90675,(1,9223372036854775807))
Edge(90020,279766,(3,9223372036854775807))
Edge(90141,410656,(3,9223372036854775807))
Edge(90229,265143,(4,9223372036854775807))
Edge(90276,244353,(3,9223372036854775807))
Edge(90514,265279,(3,9223372036854775807))
Edge(91071,292146,(3,9223372036854775807))
Edge(91083,275853,(3,9223372036854775807))
Edge(91514,404334,(3,9223372036854775807))
Edge(92229,198678,(3,9223372036854775807))
Edge(92404,367265,(3,9223372036854775807))
Edge(92601,358529,(1,9223372036854775807))
Edge(92858,101877,(3,9223372036854775807))
Edge(93085,273363,(3,9223372036854775807))
Edge(93124,134642,(3,9223372036854775807))
Edge(93334,414570,(1,9223372036854775807))
Edge(93512,84150,(3,9223372036854775807))
Edge(93580,179873,(3,9223372036854775807))
Edge(93916,7250,(3,9223372036854775807))
Edge(93937,325045,(3,9223372036854775807))
Edge(94338,330438,(3,9223372036854775807))
Edge(95174,145584,(3,9223372036854775807))
Edge(95294,66939,(3,9223372036854775807))
Edge(95944,253958,(1,3))
Edge(96549,158949,(3,9223372036854775807))
Edge(96675,10456,(3,9223372036854775807))
Edge(97077,238106,(3,9223372036854775807))
Edge(97309,142073,(1,9223372036854775807))
Edge(97404,438272,(3,9223372036854775807))
Edge(97536,429829,(3,9223372036854775807))
Edge(97586,68791,(3,9223372036854775807))
Edge(97833,35621,(3,9223372036854775807))
Edge(97957,2577,(3,9223372036854775807))
Edge(98171,150199,(3,9223372036854775807))
Edge(99092,88566,(3,9223372036854775807))
Edge(99120,136423,(3,9223372036854775807))
Edge(99436,152627,(3,9223372036854775807))
Edge(99676,492060,(3,9223372036854775807))
Edge(99826,467581,(3,9223372036854775807))
Edge(99955,127237,(1,9223372036854775807))
Edge(100141,409090,(1,9223372036854775807))
Edge(100358,211253,(3,9223372036854775807))
Edge(100525,338416,(4,9223372036854775807))
Edge(100650,267476,(1,3))
Edge(100743,447477,(3,9223372036854775807))
Edge(101138,479567,(1,3))
Edge(101499,478717,(3,9223372036854775807))
Edge(101627,438976,(3,9223372036854775807))
Edge(101648,65576,(3,9223372036854775807))
Edge(102211,60190,(3,9223372036854775807))
Edge(102349,340150,(1,9223372036854775807))
Edge(102359,399653,(3,9223372036854775807))
Edge(103076,343660,(1,9223372036854775807))
Edge(103387,249664,(3,9223372036854775807))
Edge(103399,48930,(3,9223372036854775807))
Edge(103476,114296,(3,9223372036854775807))
Edge(103933,122702,(3,9223372036854775807))
Edge(103965,477067,(3,9223372036854775807))
Edge(104000,499400,(3,9223372036854775807))
Edge(104274,225398,(1,9223372036854775807))
Edge(104486,177589,(1,3))
Edge(104663,451291,(3,9223372036854775807))
Edge(104680,185711,(3,9223372036854775807))
Edge(104830,430305,(3,9223372036854775807))
Edge(104836,115117,(3,9223372036854775807))
Edge(105100,202126,(3,9223372036854775807))
Edge(105237,220381,(3,9223372036854775807))
Edge(106323,93929,(3,9223372036854775807))
Edge(106776,54051,(1,9223372036854775807))
Edge(106928,37502,(3,9223372036854775807))
Edge(107265,116827,(3,9223372036854775807))
Edge(107381,245089,(1,9223372036854775807))
Edge(107854,438212,(3,9223372036854775807))
Edge(108111,337908,(3,9223372036854775807))
Edge(108408,294475,(3,9223372036854775807))
Edge(108456,243034,(3,9223372036854775807))
Edge(108541,73540,(3,9223372036854775807))
Edge(109225,386219,(3,9223372036854775807))
Edge(109597,146138,(3,9223372036854775807))
Edge(110329,133496,(1,9223372036854775807))
Edge(110393,222579,(3,9223372036854775807))
Edge(110532,163583,(3,9223372036854775807))
Edge(110549,187210,(3,9223372036854775807))
Edge(111025,95521,(1,3))
Edge(111337,293127,(3,9223372036854775807))
Edge(111563,459930,(3,9223372036854775807))
Edge(112163,232423,(3,9223372036854775807))
Edge(112861,473070,(3,9223372036854775807))
Edge(113178,182268,(3,9223372036854775807))
Edge(113366,125165,(3,9223372036854775807))
Edge(114042,424732,(3,9223372036854775807))
Edge(114172,187166,(3,9223372036854775807))
Edge(114354,173377,(3,9223372036854775807))
Edge(114471,330738,(3,9223372036854775807))
Edge(114718,280773,(3,9223372036854775807))
Edge(114769,35940,(3,9223372036854775807))
Edge(114778,402659,(3,9223372036854775807))
Edge(114812,123192,(1,3))
Edge(115377,364790,(3,9223372036854775807))
Edge(115386,10258,(3,9223372036854775807))
Edge(115426,498244,(3,9223372036854775807))
Edge(115807,309239,(3,9223372036854775807))
Edge(115911,282236,(1,9223372036854775807))
Edge(116130,118610,(3,9223372036854775807))
Edge(116195,378779,(1,3))
Edge(116643,27423,(3,9223372036854775807))
Edge(116671,73534,(3,9223372036854775807))
Edge(116687,498049,(1,9223372036854775807))
Edge(116905,180660,(3,9223372036854775807))
Edge(117206,384758,(3,9223372036854775807))
Edge(117821,141723,(3,9223372036854775807))
Edge(118072,452466,(1,9223372036854775807))
Edge(118148,25342,(3,9223372036854775807))
Edge(118301,419702,(3,9223372036854775807))
Edge(118586,408063,(1,9223372036854775807))
Edge(119170,160024,(3,9223372036854775807))
Edge(119177,24104,(3,9223372036854775807))
Edge(119645,384437,(1,9223372036854775807))
Edge(120031,272948,(1,9223372036854775807))
Edge(120158,98161,(3,9223372036854775807))
Edge(120495,400840,(1,9223372036854775807))
Edge(121099,178205,(3,9223372036854775807))
Edge(121525,381699,(3,9223372036854775807))
Edge(122862,218854,(3,9223372036854775807))
Edge(123096,340484,(3,9223372036854775807))
Edge(123189,129530,(3,9223372036854775807))
Edge(123223,309773,(3,9223372036854775807))
Edge(123304,57603,(3,9223372036854775807))
Edge(123342,384640,(3,9223372036854775807))
Edge(123383,413635,(3,9223372036854775807))
Edge(123567,114799,(3,9223372036854775807))
Edge(123648,143207,(3,9223372036854775807))
Edge(124557,369575,(3,9223372036854775807))
Edge(124593,151579,(1,9223372036854775807))
Edge(124665,170753,(3,9223372036854775807))
Edge(124872,24431,(3,9223372036854775807))
Edge(125133,265103,(3,9223372036854775807))
Edge(125149,170990,(3,9223372036854775807))
Edge(125178,201685,(3,9223372036854775807))
Edge(125425,108050,(1,9223372036854775807))
Edge(126410,40070,(3,9223372036854775807))
Edge(126934,199977,(3,9223372036854775807))
Edge(127447,63312,(1,3))
Edge(127642,493983,(3,9223372036854775807))
Edge(127792,170329,(3,9223372036854775807))
Edge(128330,13060,(3,9223372036854775807))
Edge(128874,123326,(3,9223372036854775807))
Edge(128956,160940,(1,3))
Edge(129396,173942,(1,9223372036854775807))
Edge(129705,466647,(3,9223372036854775807))
Edge(130030,397002,(3,9223372036854775807))
Edge(130354,165865,(3,9223372036854775807))
Edge(130400,90045,(3,9223372036854775807))
Edge(130718,400278,(3,9223372036854775807))
Edge(130753,115373,(3,9223372036854775807))
Edge(130808,54861,(3,9223372036854775807))
Edge(130972,483247,(3,9223372036854775807))
Edge(131321,396746,(3,9223372036854775807))
Edge(131988,139325,(3,9223372036854775807))
Edge(132367,293589,(1,9223372036854775807))
Edge(132680,22131,(3,9223372036854775807))
Edge(133275,268625,(3,9223372036854775807))
Edge(133798,180271,(3,9223372036854775807))
Edge(133897,464050,(1,9223372036854775807))
Edge(133926,76148,(3,9223372036854775807))
Edge(133981,20908,(3,9223372036854775807))
Edge(134220,68060,(3,9223372036854775807))
Edge(134537,60989,(1,3))
Edge(135780,189081,(3,9223372036854775807))
Edge(135885,71876,(3,9223372036854775807))
Edge(136033,478207,(1,3))
Edge(136553,437999,(3,9223372036854775807))
Edge(136744,121369,(3,9223372036854775807))
Edge(136845,209260,(3,9223372036854775807))
Edge(136919,110335,(3,9223372036854775807))
Edge(136945,421266,(3,9223372036854775807))
Edge(137375,413546,(1,9223372036854775807))
Edge(137377,156878,(3,9223372036854775807))
Edge(137881,24976,(3,9223372036854775807))
Edge(138228,289472,(3,9223372036854775807))
Edge(138419,341522,(1,9223372036854775807))
Edge(138476,35779,(1,3))
Edge(139178,110175,(3,9223372036854775807))
Edge(139830,121091,(3,9223372036854775807))
Edge(139853,239205,(1,9223372036854775807))
Edge(140146,22406,(3,9223372036854775807))
Edge(140295,389517,(3,9223372036854775807))
Edge(140612,122582,(3,9223372036854775807))
Edge(140742,342875,(3,9223372036854775807))
Edge(140756,164316,(1,9223372036854775807))
Edge(141127,240298,(1,3))
Edge(141395,226592,(1,9223372036854775807))
Edge(141517,270696,(3,9223372036854775807))
Edge(141625,121222,(3,9223372036854775807))
Edge(141816,497549,(3,9223372036854775807))
Edge(141998,140944,(4,9223372036854775807))
Edge(142066,228839,(3,9223372036854775807))
Edge(142220,378427,(3,9223372036854775807))
Edge(142417,319590,(3,9223372036854775807))
Edge(142816,196454,(3,9223372036854775807))
Edge(143307,322044,(3,9223372036854775807))
Edge(143373,45494,(3,9223372036854775807))
Edge(143600,67096,(3,9223372036854775807))
Edge(143631,303107,(3,9223372036854775807))
Edge(144288,438388,(3,9223372036854775807))
Edge(144453,63001,(3,9223372036854775807))
Edge(144455,7558,(1,9223372036854775807))
Edge(144729,50469,(3,9223372036854775807))
Edge(145087,44377,(1,9223372036854775807))
Edge(145201,27236,(1,9223372036854775807))
Edge(145235,337964,(3,9223372036854775807))
Edge(146005,386763,(1,9223372036854775807))
Edge(146089,247826,(1,9223372036854775807))
Edge(146405,248479,(3,9223372036854775807))
Edge(146646,463405,(1,9223372036854775807))
Edge(147174,317211,(3,9223372036854775807))
Edge(147970,381451,(3,9223372036854775807))
Edge(148392,395601,(3,9223372036854775807))
Edge(148685,49458,(3,9223372036854775807))
Edge(148750,137155,(3,9223372036854775807))
Edge(149020,407924,(3,9223372036854775807))
Edge(149489,456152,(1,9223372036854775807))
Edge(149810,378851,(3,9223372036854775807))
Edge(150199,328195,(3,9223372036854775807))
Edge(150768,497790,(3,9223372036854775807))
Edge(151474,292831,(1,9223372036854775807))
Edge(151616,292845,(1,9223372036854775807))
Edge(152330,411580,(3,9223372036854775807))
Edge(152691,176426,(1,3))
Edge(152954,302488,(1,3))
Edge(153021,382130,(3,9223372036854775807))
Edge(153126,327732,(3,9223372036854775807))
Edge(153187,241369,(3,9223372036854775807))
Edge(153310,202669,(3,9223372036854775807))
Edge(153420,421480,(3,9223372036854775807))
Edge(153686,488897,(3,9223372036854775807))
Edge(153873,307088,(3,9223372036854775807))
Edge(154941,413869,(3,9223372036854775807))
Edge(155113,289181,(1,9223372036854775807))
Edge(155224,186502,(3,9223372036854775807))
Edge(155232,383184,(3,9223372036854775807))
Edge(155232,427250,(3,9223372036854775807))
Edge(155836,2700,(1,9223372036854775807))
Edge(155851,115483,(3,9223372036854775807))
Edge(156162,230313,(3,9223372036854775807))
Edge(156845,81468,(1,9223372036854775807))
Edge(156949,310266,(1,9223372036854775807))
Edge(156989,378117,(1,9223372036854775807))
Edge(157038,317734,(3,9223372036854775807))
Edge(157083,494970,(3,9223372036854775807))
Edge(157537,182884,(3,9223372036854775807))
Edge(158279,146976,(3,9223372036854775807))
Edge(158500,25138,(1,9223372036854775807))
Edge(158583,384969,(3,9223372036854775807))
Edge(159058,343320,(3,9223372036854775807))
Edge(159489,440717,(3,9223372036854775807))
Edge(159969,246236,(3,9223372036854775807))
Edge(160586,165523,(3,9223372036854775807))
Edge(161033,420917,(3,9223372036854775807))
Edge(161183,308094,(1,3))
Edge(161261,201126,(3,9223372036854775807))
Edge(161355,249739,(3,9223372036854775807))
Edge(161514,147733,(3,9223372036854775807))
Edge(161556,471554,(3,9223372036854775807))
Edge(161607,43843,(1,3))
Edge(161795,365454,(3,9223372036854775807))
Edge(162117,69159,(3,9223372036854775807))
Edge(162338,471320,(3,9223372036854775807))
Edge(162373,58008,(3,9223372036854775807))
Edge(162401,346720,(3,9223372036854775807))
Edge(164128,439133,(3,9223372036854775807))
Edge(164281,446484,(3,9223372036854775807))
Edge(164311,328359,(3,9223372036854775807))
Edge(164349,104214,(3,9223372036854775807))
Edge(164387,10285,(1,3))
Edge(164936,372251,(3,9223372036854775807))
Edge(165142,478784,(3,9223372036854775807))
Edge(165231,127092,(1,9223372036854775807))
Edge(165502,29980,(3,9223372036854775807))
Edge(165671,346804,(3,9223372036854775807))
Edge(165857,398457,(3,9223372036854775807))
Edge(166297,375895,(3,9223372036854775807))
Edge(166561,197444,(3,9223372036854775807))
Edge(167028,455249,(3,9223372036854775807))
Edge(167044,442080,(1,9223372036854775807))
Edge(167496,346927,(3,9223372036854775807))
Edge(167542,76382,(3,9223372036854775807))
Edge(167857,191607,(3,9223372036854775807))
Edge(167898,430234,(3,9223372036854775807))
Edge(168127,380565,(3,9223372036854775807))
Edge(168221,347245,(3,9223372036854775807))
Edge(168946,305757,(3,9223372036854775807))
Edge(169267,37818,(3,9223372036854775807))
Edge(169416,238824,(3,9223372036854775807))
Edge(169544,296138,(3,9223372036854775807))
Edge(169659,170987,(3,9223372036854775807))
Edge(169705,93660,(3,9223372036854775807))
Edge(169725,119519,(3,9223372036854775807))
Edge(170043,221896,(3,9223372036854775807))
Edge(170088,497905,(3,9223372036854775807))
Edge(170206,178056,(3,9223372036854775807))
Edge(170306,269568,(1,3))
Edge(170395,400368,(3,9223372036854775807))
Edge(170588,61675,(3,9223372036854775807))
Edge(170910,334988,(3,9223372036854775807))
Edge(171292,316284,(3,9223372036854775807))
Edge(171483,1894,(3,9223372036854775807))
Edge(171805,311411,(3,9223372036854775807))
Edge(171835,215678,(3,9223372036854775807))
Edge(171923,360570,(1,3))
Edge(172298,149019,(3,9223372036854775807))
Edge(172310,368709,(3,9223372036854775807))
Edge(172317,398329,(1,9223372036854775807))
Edge(172633,648,(3,9223372036854775807))
Edge(172722,499091,(3,9223372036854775807))
Edge(172803,55703,(3,9223372036854775807))
Edge(173016,54442,(3,9223372036854775807))
Edge(173071,54422,(3,9223372036854775807))
Edge(173368,285458,(3,9223372036854775807))
Edge(173557,46019,(3,9223372036854775807))
Edge(174134,181379,(3,9223372036854775807))
Edge(174406,448312,(3,9223372036854775807))
Edge(174659,399576,(3,9223372036854775807))
Edge(174678,407186,(3,9223372036854775807))
Edge(174787,78905,(3,9223372036854775807))
Edge(175623,129451,(3,9223372036854775807))
Edge(175951,129854,(3,9223372036854775807))
Edge(175990,434295,(1,9223372036854775807))
Edge(176220,11302,(3,9223372036854775807))
Edge(177224,177800,(3,9223372036854775807))
Edge(177462,272217,(3,9223372036854775807))
Edge(177475,35373,(1,3))
Edge(177596,177793,(3,9223372036854775807))
Edge(178034,330287,(3,9223372036854775807))
Edge(178285,334014,(3,9223372036854775807))
Edge(178351,338879,(1,9223372036854775807))
Edge(178394,482999,(1,9223372036854775807))
Edge(178645,36414,(1,9223372036854775807))
Edge(178738,404588,(3,9223372036854775807))
Edge(178774,276766,(3,9223372036854775807))
Edge(179079,291287,(1,9223372036854775807))
Edge(179212,497533,(3,9223372036854775807))
Edge(179593,225208,(1,3))
Edge(179725,282186,(3,9223372036854775807))
Edge(180391,9942,(1,9223372036854775807))
Edge(180472,279810,(3,9223372036854775807))
Edge(180630,411471,(3,9223372036854775807))
Edge(180862,92026,(3,9223372036854775807))
Edge(180983,106927,(3,9223372036854775807))
Edge(181253,121315,(3,9223372036854775807))
Edge(181665,67318,(3,9223372036854775807))
Edge(181885,264950,(3,9223372036854775807))
Edge(183281,105953,(3,9223372036854775807))
Edge(183720,297765,(3,9223372036854775807))
Edge(184890,470012,(3,9223372036854775807))
Edge(184916,259786,(1,3))
Edge(185119,328318,(1,3))
Edge(185517,70476,(3,9223372036854775807))
Edge(185630,32000,(3,9223372036854775807))
Edge(186418,195342,(3,9223372036854775807))
Edge(186676,83351,(1,9223372036854775807))
Edge(186899,307573,(3,9223372036854775807))
Edge(187498,475368,(3,9223372036854775807))
Edge(187727,401574,(3,9223372036854775807))
Edge(187907,100223,(3,9223372036854775807))
Edge(188085,340160,(3,9223372036854775807))
Edge(188271,23837,(3,9223372036854775807))
Edge(188354,375225,(3,9223372036854775807))
Edge(188852,382055,(3,9223372036854775807))
Edge(189625,18210,(3,9223372036854775807))
Edge(189646,163276,(3,9223372036854775807))
Edge(189675,334976,(3,9223372036854775807))
Edge(189866,295842,(3,9223372036854775807))
Edge(190017,131892,(3,9223372036854775807))
Edge(190258,370621,(1,3))
Edge(191141,34322,(1,9223372036854775807))
Edge(191352,101734,(3,9223372036854775807))
Edge(191865,305917,(1,9223372036854775807))
Edge(191942,385384,(3,9223372036854775807))
Edge(192511,58636,(3,9223372036854775807))
Edge(192527,273904,(3,9223372036854775807))
Edge(193297,475510,(3,9223372036854775807))
Edge(193379,77099,(3,9223372036854775807))
Edge(193395,321120,(3,9223372036854775807))
Edge(193870,284337,(4,9223372036854775807))
Edge(193908,330708,(1,9223372036854775807))
Edge(193995,91615,(3,9223372036854775807))
Edge(194255,35991,(3,9223372036854775807))
Edge(194344,112517,(3,9223372036854775807))
Edge(194476,456918,(1,9223372036854775807))
Edge(194768,323437,(3,9223372036854775807))
Edge(195129,161501,(3,9223372036854775807))
Edge(195676,424496,(3,9223372036854775807))
Edge(195962,282422,(3,9223372036854775807))
Edge(195986,219496,(3,9223372036854775807))
Edge(196221,278369,(3,9223372036854775807))
Edge(196235,492937,(3,9223372036854775807))
Edge(196424,153917,(3,9223372036854775807))
Edge(196447,3363,(3,9223372036854775807))
Edge(196526,460287,(3,9223372036854775807))
Edge(196674,237570,(3,9223372036854775807))
Edge(196997,159984,(3,9223372036854775807))
Edge(197346,151868,(3,9223372036854775807))
Edge(197542,213942,(3,9223372036854775807))
Edge(197551,436903,(3,9223372036854775807))
Edge(197809,328912,(3,9223372036854775807))
Edge(198105,331120,(3,9223372036854775807))
Edge(198338,24845,(3,9223372036854775807))
Edge(198717,182451,(3,9223372036854775807))
Edge(198740,13360,(1,9223372036854775807))
Edge(198971,191435,(3,9223372036854775807))
Edge(199168,368263,(3,9223372036854775807))
Edge(199232,135312,(3,9223372036854775807))
Edge(199252,39137,(3,9223372036854775807))
Edge(199323,226164,(1,9223372036854775807))
Edge(199499,162097,(3,9223372036854775807))
Edge(199600,112625,(1,9223372036854775807))
Edge(200130,392043,(1,3))
Edge(200186,424734,(3,9223372036854775807))
Edge(200383,423604,(3,9223372036854775807))
Edge(201477,144795,(3,9223372036854775807))
Edge(202230,441171,(3,9223372036854775807))
Edge(202318,66041,(3,9223372036854775807))
Edge(202384,237403,(3,9223372036854775807))
Edge(202390,18130,(3,9223372036854775807))
Edge(202414,216307,(3,9223372036854775807))
Edge(202845,426190,(3,9223372036854775807))
Edge(203125,332535,(3,9223372036854775807))
Edge(203427,55169,(3,9223372036854775807))
Edge(203535,293483,(1,9223372036854775807))
Edge(203713,128563,(3,9223372036854775807))
Edge(203730,333184,(3,9223372036854775807))
Edge(204464,276696,(3,9223372036854775807))
Edge(204698,135575,(3,9223372036854775807))
Edge(206036,10549,(3,9223372036854775807))
Edge(206177,72959,(3,9223372036854775807))
Edge(206456,448948,(3,9223372036854775807))
Edge(206764,235582,(1,9223372036854775807))
Edge(207297,92160,(3,9223372036854775807))
Edge(207408,130897,(3,9223372036854775807))
Edge(207488,98301,(3,9223372036854775807))
Edge(207965,254306,(3,9223372036854775807))
Edge(208399,375025,(3,9223372036854775807))
Edge(208548,229606,(3,9223372036854775807))
Edge(208637,190728,(3,9223372036854775807))
Edge(208750,471157,(3,9223372036854775807))
Edge(208967,284927,(1,9223372036854775807))
Edge(209295,229789,(3,9223372036854775807))
Edge(210240,388554,(3,9223372036854775807))
Edge(210837,52507,(3,9223372036854775807))
Edge(211007,402105,(3,9223372036854775807))
Edge(211505,186710,(1,3))
Edge(211557,209366,(3,9223372036854775807))
Edge(211761,352547,(1,9223372036854775807))
Edge(211902,32913,(1,9223372036854775807))
Edge(211999,60902,(3,9223372036854775807))
Edge(212103,68258,(3,9223372036854775807))
Edge(212196,442236,(1,9223372036854775807))
Edge(212654,190237,(3,9223372036854775807))
Edge(212878,471526,(1,3))
Edge(213017,388334,(3,9223372036854775807))
Edge(213489,42414,(1,3))
Edge(213729,358737,(3,9223372036854775807))
Edge(213731,51582,(3,9223372036854775807))
Edge(213773,147800,(3,9223372036854775807))
Edge(213804,244133,(3,9223372036854775807))
Edge(214020,88402,(3,9223372036854775807))
Edge(214102,218747,(3,9223372036854775807))
Edge(214400,106565,(1,9223372036854775807))
Edge(214406,7560,(3,9223372036854775807))
Edge(214796,143433,(3,9223372036854775807))
Edge(215158,419826,(3,9223372036854775807))
Edge(215294,67788,(3,9223372036854775807))
Edge(215319,18438,(1,9223372036854775807))
Edge(215837,363982,(1,9223372036854775807))
Edge(215919,363492,(3,9223372036854775807))
Edge(216355,469304,(3,9223372036854775807))
Edge(216475,203852,(3,9223372036854775807))
Edge(216576,412798,(3,9223372036854775807))
Edge(217080,439089,(3,9223372036854775807))
Edge(217804,306338,(3,9223372036854775807))
Edge(218018,249450,(3,9223372036854775807))
Edge(218068,387336,(3,9223372036854775807))
Edge(218266,389633,(3,9223372036854775807))
Edge(219304,460620,(3,9223372036854775807))
Edge(219533,124545,(3,9223372036854775807))
Edge(219777,207817,(3,9223372036854775807))
Edge(221036,338614,(3,9223372036854775807))
Edge(221080,67578,(3,9223372036854775807))
Edge(221131,276045,(3,9223372036854775807))
Edge(221431,137480,(3,9223372036854775807))
Edge(221461,264198,(3,9223372036854775807))
Edge(221515,166043,(3,9223372036854775807))
Edge(221878,221881,(3,9223372036854775807))
Edge(222157,261735,(3,9223372036854775807))
Edge(222204,131774,(3,9223372036854775807))
Edge(222283,215229,(3,9223372036854775807))
Edge(222353,379030,(3,9223372036854775807))
Edge(222467,150114,(1,3))
Edge(222540,59095,(3,9223372036854775807))
Edge(222816,196970,(3,9223372036854775807))
Edge(223036,396878,(3,9223372036854775807))
Edge(223751,131208,(3,9223372036854775807))
Edge(223838,499560,(3,9223372036854775807))
Edge(224589,469210,(3,9223372036854775807))
Edge(225385,157022,(3,9223372036854775807))
Edge(225588,275306,(3,9223372036854775807))
Edge(226554,156072,(3,9223372036854775807))
Edge(226817,442535,(3,9223372036854775807))
Edge(226933,159197,(3,9223372036854775807))
Edge(228032,41145,(3,9223372036854775807))
Edge(228048,359403,(3,9223372036854775807))
Edge(228317,102692,(1,9223372036854775807))
Edge(228587,396396,(3,9223372036854775807))
Edge(228732,136458,(3,9223372036854775807))
Edge(228966,458350,(1,3))
Edge(229113,434711,(3,9223372036854775807))
Edge(229158,412541,(3,9223372036854775807))
Edge(229283,199817,(3,9223372036854775807))
Edge(229324,145033,(3,9223372036854775807))
Edge(229351,223336,(3,9223372036854775807))
Edge(229641,258555,(3,9223372036854775807))
Edge(230171,69531,(3,9223372036854775807))
Edge(230508,488319,(3,9223372036854775807))
Edge(230815,281499,(1,9223372036854775807))
Edge(230816,9740,(1,9223372036854775807))
Edge(230844,25416,(1,3))
Edge(231010,372524,(1,9223372036854775807))
Edge(231078,392119,(3,9223372036854775807))
Edge(231293,87833,(3,9223372036854775807))
Edge(232060,383629,(3,9223372036854775807))
Edge(232504,203354,(1,3))
Edge(232610,298834,(3,9223372036854775807))
Edge(232704,352865,(3,9223372036854775807))
Edge(233320,210573,(3,9223372036854775807))
Edge(233633,462033,(3,9223372036854775807))
Edge(233636,5502,(4,9223372036854775807))
Edge(233883,42643,(3,9223372036854775807))
Edge(234723,167486,(3,9223372036854775807))
Edge(235640,105363,(3,9223372036854775807))
Edge(235661,169702,(3,9223372036854775807))
Edge(235818,441963,(3,9223372036854775807))
Edge(235883,353127,(3,9223372036854775807))
Edge(235974,7470,(3,9223372036854775807))
Edge(236075,249867,(3,9223372036854775807))
Edge(236462,452247,(3,9223372036854775807))
Edge(237177,132702,(3,9223372036854775807))
Edge(237193,118816,(3,9223372036854775807))
Edge(237864,333390,(3,9223372036854775807))
Edge(237919,130327,(3,9223372036854775807))
Edge(238083,61970,(3,9223372036854775807))
Edge(238109,351363,(3,9223372036854775807))
Edge(238795,448932,(3,9223372036854775807))
Edge(238826,110484,(3,9223372036854775807))
Edge(239033,6999,(3,9223372036854775807))
Edge(239561,62354,(1,3))
Edge(239627,42318,(3,9223372036854775807))
Edge(240070,93956,(3,9223372036854775807))
Edge(240104,85845,(1,3))
Edge(240291,43308,(3,9223372036854775807))
Edge(240323,115974,(3,9223372036854775807))
Edge(240445,105065,(3,9223372036854775807))
Edge(240540,222514,(3,9223372036854775807))
Edge(240868,195108,(3,9223372036854775807))
Edge(240987,457879,(3,9223372036854775807))
Edge(241048,9179,(1,3))
Edge(241143,144688,(3,9223372036854775807))
Edge(241212,172293,(3,9223372036854775807))
Edge(241498,143469,(3,9223372036854775807))
Edge(241979,141228,(3,9223372036854775807))
Edge(242063,197281,(3,9223372036854775807))
Edge(242339,165446,(3,9223372036854775807))
Edge(242342,432812,(4,9223372036854775807))
Edge(242624,276767,(1,9223372036854775807))
Edge(243139,267030,(3,9223372036854775807))
Edge(243246,250828,(3,9223372036854775807))
Edge(243419,191913,(3,9223372036854775807))
Edge(243488,234206,(3,9223372036854775807))
Edge(244571,166353,(3,9223372036854775807))
Edge(244640,493578,(3,9223372036854775807))
Edge(245002,297146,(1,3))
Edge(245143,484658,(3,9223372036854775807))
Edge(245161,4002,(3,9223372036854775807))
Edge(245381,43699,(3,9223372036854775807))
Edge(245559,421322,(3,9223372036854775807))
Edge(245642,260911,(3,9223372036854775807))
Edge(245738,102193,(3,9223372036854775807))
Edge(246021,442573,(3,9223372036854775807))
Edge(246178,453127,(3,9223372036854775807))
Edge(246544,354264,(3,9223372036854775807))
Edge(246645,12600,(1,3))
Edge(247044,319481,(3,9223372036854775807))
Edge(247081,122778,(3,9223372036854775807))
Edge(247352,450406,(3,9223372036854775807))
Edge(247850,219096,(3,9223372036854775807))
Edge(247986,447284,(3,9223372036854775807))
Edge(248548,176124,(3,9223372036854775807))
Edge(248767,346851,(3,9223372036854775807))
Edge(249077,178740,(3,9223372036854775807))
Edge(249090,360878,(3,9223372036854775807))
Edge(249583,365027,(3,9223372036854775807))
Edge(249717,135744,(3,9223372036854775807))
Edge(249915,418995,(1,3))
Edge(250175,36169,(1,3))
Edge(250311,103465,(1,9223372036854775807))
Edge(250547,479981,(3,9223372036854775807))
Edge(250967,142296,(3,9223372036854775807))
Edge(251926,275026,(1,9223372036854775807))
Edge(251953,117834,(3,9223372036854775807))
Edge(252269,195093,(3,9223372036854775807))
Edge(252570,290549,(3,9223372036854775807))
Edge(252664,32944,(1,9223372036854775807))
Edge(253353,279541,(3,9223372036854775807))
Edge(253669,46396,(3,9223372036854775807))
Edge(253713,490206,(3,9223372036854775807))
Edge(253905,349134,(3,9223372036854775807))
Edge(253914,267105,(3,9223372036854775807))
Edge(254632,317864,(3,9223372036854775807))
Edge(255020,316053,(3,9223372036854775807))
Edge(255298,432035,(3,9223372036854775807))
Edge(255305,422051,(1,9223372036854775807))
Edge(255318,344530,(3,9223372036854775807))
Edge(256177,104275,(3,9223372036854775807))
Edge(256254,413571,(3,9223372036854775807))
Edge(256711,265028,(1,3))
Edge(256996,51586,(3,9223372036854775807))
Edge(257373,439354,(3,9223372036854775807))
Edge(257378,323022,(3,9223372036854775807))
Edge(257524,17098,(3,9223372036854775807))
Edge(257724,320150,(3,9223372036854775807))
Edge(257830,58317,(3,9223372036854775807))
Edge(257834,155765,(1,3))
Edge(257882,312963,(3,9223372036854775807))
Edge(258005,138491,(3,9223372036854775807))
Edge(258044,9127,(3,9223372036854775807))
Edge(258538,424481,(3,9223372036854775807))
Edge(258924,226024,(3,9223372036854775807))
Edge(259140,221678,(3,9223372036854775807))
Edge(259197,399695,(3,9223372036854775807))
Edge(259425,189702,(3,9223372036854775807))
Edge(259614,489641,(3,9223372036854775807))
Edge(259724,244311,(1,3))
Edge(259940,209664,(4,9223372036854775807))
Edge(259984,163487,(1,9223372036854775807))
Edge(260067,251446,(3,9223372036854775807))
Edge(260162,168340,(3,9223372036854775807))
Edge(260553,437596,(3,9223372036854775807))
Edge(260939,349872,(3,9223372036854775807))
Edge(261095,323401,(3,9223372036854775807))
Edge(261156,4690,(3,9223372036854775807))
Edge(261315,468887,(1,9223372036854775807))
Edge(261348,61288,(3,9223372036854775807))
Edge(261632,350032,(3,9223372036854775807))
Edge(262300,206573,(1,3))
Edge(262388,471103,(3,9223372036854775807))
Edge(262625,24496,(3,9223372036854775807))
Edge(262678,143058,(3,9223372036854775807))
Edge(263103,383782,(1,3))
Edge(263275,90027,(3,9223372036854775807))
Edge(263342,415123,(3,9223372036854775807))
Edge(263586,384306,(1,9223372036854775807))
Edge(263687,250919,(3,9223372036854775807))
Edge(264011,351696,(3,9223372036854775807))
Edge(264079,467881,(3,9223372036854775807))
Edge(264686,263657,(3,9223372036854775807))
Edge(264838,149039,(1,9223372036854775807))
Edge(264984,306994,(3,9223372036854775807))
Edge(265233,377966,(3,9223372036854775807))
Edge(265496,160801,(3,9223372036854775807))
Edge(265736,326130,(3,9223372036854775807))
Edge(266211,493342,(1,3))
Edge(266275,413913,(3,9223372036854775807))
Edge(266776,478279,(3,9223372036854775807))
Edge(267923,91564,(3,9223372036854775807))
Edge(267942,3238,(3,9223372036854775807))
Edge(268437,450770,(3,9223372036854775807))
Edge(268467,266731,(3,9223372036854775807))
Edge(269007,476409,(3,9223372036854775807))
Edge(269250,203885,(3,9223372036854775807))
Edge(269798,162696,(1,3))
Edge(269841,415678,(3,9223372036854775807))
Edge(270210,175880,(3,9223372036854775807))
Edge(270414,456153,(3,9223372036854775807))
Edge(270813,479418,(3,9223372036854775807))
Edge(271026,194174,(3,9223372036854775807))
Edge(271321,67221,(3,9223372036854775807))
Edge(271341,313453,(3,9223372036854775807))
Edge(271534,34037,(3,9223372036854775807))
Edge(271582,355239,(1,9223372036854775807))
Edge(271719,460884,(1,3))
Edge(271758,110132,(1,3))
Edge(272069,113539,(3,9223372036854775807))
Edge(272578,410616,(3,9223372036854775807))
Edge(272780,247296,(3,9223372036854775807))
Edge(272790,53198,(3,9223372036854775807))
Edge(272957,43846,(1,3))
Edge(273562,451412,(3,9223372036854775807))
Edge(274018,367277,(1,9223372036854775807))
Edge(274184,195025,(1,9223372036854775807))
Edge(274650,182996,(1,3))
Edge(274830,383543,(3,9223372036854775807))
Edge(275140,55988,(3,9223372036854775807))
Edge(275372,7021,(3,9223372036854775807))
Edge(275794,439811,(1,3))
Edge(275816,28525,(1,9223372036854775807))
Edge(276665,414701,(4,9223372036854775807))
Edge(277048,211998,(3,9223372036854775807))
Edge(277380,50838,(3,9223372036854775807))
Edge(277600,449389,(3,9223372036854775807))
Edge(278058,52899,(1,3))
Edge(278116,34,(3,9223372036854775807))
Edge(278116,313884,(3,9223372036854775807))
Edge(278586,320455,(3,9223372036854775807))
Edge(278861,229248,(3,9223372036854775807))
Edge(279000,292113,(3,9223372036854775807))
Edge(279324,63079,(3,9223372036854775807))
Edge(279609,75860,(3,9223372036854775807))
Edge(280145,140285,(3,9223372036854775807))
Edge(280283,120894,(3,9223372036854775807))
Edge(280407,479645,(3,9223372036854775807))
Edge(280446,442135,(3,9223372036854775807))
Edge(280869,104581,(3,9223372036854775807))
Edge(281016,301554,(1,9223372036854775807))
Edge(281115,497604,(3,9223372036854775807))
Edge(281224,34740,(3,9223372036854775807))
Edge(281409,468372,(3,9223372036854775807))
Edge(281409,493476,(3,9223372036854775807))
Edge(281433,22624,(3,9223372036854775807))
Edge(281578,141580,(3,9223372036854775807))
Edge(281894,460842,(3,9223372036854775807))
Edge(282635,380174,(1,3))
Edge(282771,392092,(3,9223372036854775807))
Edge(282923,409303,(3,9223372036854775807))
Edge(283490,122410,(3,9223372036854775807))
Edge(284265,35459,(3,9223372036854775807))
Edge(284487,355947,(3,9223372036854775807))
Edge(284521,83589,(3,9223372036854775807))
Edge(284969,430177,(4,9223372036854775807))
Edge(285029,436370,(3,9223372036854775807))
Edge(285060,380823,(3,9223372036854775807))
Edge(286277,200865,(3,9223372036854775807))
Edge(286300,274460,(3,9223372036854775807))
Edge(286445,302497,(3,9223372036854775807))
Edge(286551,370324,(1,9223372036854775807))
Edge(286982,108908,(3,9223372036854775807))
Edge(287124,160790,(1,9223372036854775807))
Edge(287436,196320,(3,9223372036854775807))
Edge(287750,346739,(3,9223372036854775807))
Edge(287775,37612,(1,3))
Edge(288086,185214,(3,9223372036854775807))
Edge(288242,215620,(1,3))
Edge(288524,109193,(3,9223372036854775807))
Edge(288765,335495,(3,9223372036854775807))
Edge(289400,362523,(3,9223372036854775807))
Edge(289427,438280,(3,9223372036854775807))
Edge(289743,369656,(1,3))
Edge(289745,132791,(3,9223372036854775807))
Edge(289796,235885,(1,3))
Edge(289923,152579,(3,9223372036854775807))
Edge(289924,286643,(3,9223372036854775807))
Edge(290074,105648,(3,9223372036854775807))
Edge(290296,457492,(3,9223372036854775807))
Edge(290388,415144,(3,9223372036854775807))
Edge(290544,473905,(3,9223372036854775807))
Edge(290583,310743,(3,9223372036854775807))
Edge(290988,365075,(3,9223372036854775807))
Edge(291095,214957,(3,9223372036854775807))
Edge(291939,112651,(3,9223372036854775807))
Edge(292366,57119,(3,9223372036854775807))
Edge(292591,397828,(3,9223372036854775807))
Edge(292850,95742,(3,9223372036854775807))
Edge(292989,395633,(1,3))
Edge(293500,417557,(3,9223372036854775807))
Edge(293703,48998,(3,9223372036854775807))
Edge(293714,306995,(1,3))
Edge(293955,328695,(1,9223372036854775807))
Edge(294204,127683,(3,9223372036854775807))
Edge(294597,269156,(3,9223372036854775807))
Edge(294870,23796,(3,9223372036854775807))
Edge(295179,327474,(3,9223372036854775807))
Edge(295497,344538,(3,9223372036854775807))
Edge(295687,499000,(3,9223372036854775807))
Edge(295913,473516,(3,9223372036854775807))
Edge(296098,77776,(3,9223372036854775807))
Edge(296221,90163,(3,9223372036854775807))
Edge(296445,340309,(3,9223372036854775807))
Edge(296763,155981,(1,9223372036854775807))
Edge(296980,441644,(3,9223372036854775807))
Edge(297745,434569,(3,9223372036854775807))
Edge(297770,100677,(3,9223372036854775807))
Edge(297870,311844,(3,9223372036854775807))
Edge(298341,416306,(3,9223372036854775807))
Edge(298792,355873,(3,9223372036854775807))
Edge(298865,455169,(3,9223372036854775807))
Edge(299437,406117,(3,9223372036854775807))
Edge(299733,220122,(3,9223372036854775807))
Edge(299756,460470,(3,9223372036854775807))
Edge(299914,13736,(3,9223372036854775807))
Edge(300239,488864,(3,9223372036854775807))
Edge(300380,489073,(3,9223372036854775807))
Edge(300888,384922,(1,9223372036854775807))
Edge(301056,101573,(3,9223372036854775807))
Edge(301401,478349,(3,9223372036854775807))
Edge(301907,498017,(3,9223372036854775807))
Edge(302222,14957,(3,9223372036854775807))
Edge(302281,496717,(3,9223372036854775807))
Edge(302452,498187,(3,9223372036854775807))
Edge(302716,498672,(3,9223372036854775807))
Edge(302946,7443,(3,9223372036854775807))
Edge(303155,92192,(3,9223372036854775807))
Edge(304218,106742,(3,9223372036854775807))
Edge(304400,282292,(3,9223372036854775807))
Edge(304471,31341,(3,9223372036854775807))
Edge(304659,258056,(1,9223372036854775807))
Edge(304885,342825,(3,9223372036854775807))
Edge(304892,110349,(3,9223372036854775807))
Edge(305253,221108,(3,9223372036854775807))
Edge(306168,295530,(3,9223372036854775807))
Edge(306267,101787,(3,9223372036854775807))
Edge(306733,327150,(3,9223372036854775807))
Edge(306807,95729,(3,9223372036854775807))
Edge(306811,128604,(3,9223372036854775807))
Edge(307253,368545,(3,9223372036854775807))
Edge(307262,149214,(3,9223372036854775807))
Edge(307939,53709,(1,3))
Edge(307952,177990,(3,9223372036854775807))
Edge(308427,138975,(3,9223372036854775807))
Edge(308572,115518,(3,9223372036854775807))
Edge(309751,261972,(3,9223372036854775807))
Edge(310052,200375,(3,9223372036854775807))
Edge(310488,8266,(3,9223372036854775807))
Edge(310675,126955,(3,9223372036854775807))
Edge(311036,88466,(3,9223372036854775807))
Edge(313134,130326,(1,9223372036854775807))
Edge(313498,66688,(3,9223372036854775807))
Edge(313543,157133,(1,9223372036854775807))
Edge(313717,85450,(1,3))
Edge(313765,267072,(1,9223372036854775807))
Edge(314409,197951,(3,9223372036854775807))
Edge(314470,473818,(3,9223372036854775807))
Edge(314496,232216,(3,9223372036854775807))
Edge(314980,414499,(3,9223372036854775807))
Edge(315157,151298,(3,9223372036854775807))
Edge(315354,282256,(1,9223372036854775807))
Edge(315620,7284,(3,9223372036854775807))
Edge(316296,381052,(3,9223372036854775807))
Edge(316729,316010,(3,9223372036854775807))
Edge(316960,355492,(4,9223372036854775807))
Edge(317033,285230,(3,9223372036854775807))
Edge(317114,375115,(3,9223372036854775807))
Edge(317252,104503,(3,9223372036854775807))
Edge(317516,230163,(3,9223372036854775807))
Edge(318348,91875,(1,9223372036854775807))
Edge(318499,199364,(3,9223372036854775807))
Edge(318530,350721,(3,9223372036854775807))
Edge(318911,303821,(1,3))
Edge(319052,470496,(3,9223372036854775807))
Edge(319219,356558,(3,9223372036854775807))
Edge(319988,141241,(1,9223372036854775807))
Edge(320193,283021,(3,9223372036854775807))
Edge(320632,194255,(1,9223372036854775807))
Edge(321342,304334,(3,9223372036854775807))
Edge(321386,450239,(3,9223372036854775807))
Edge(321856,325291,(3,9223372036854775807))
Edge(321932,428016,(3,9223372036854775807))
Edge(322174,205098,(4,9223372036854775807))
Edge(322229,407492,(3,9223372036854775807))
Edge(322230,160851,(3,9223372036854775807))
Edge(322298,4739,(1,9223372036854775807))
Edge(322598,387981,(3,9223372036854775807))
Edge(323408,376957,(1,3))
Edge(323430,1254,(3,9223372036854775807))
Edge(323777,212085,(3,9223372036854775807))
Edge(323962,315833,(3,9223372036854775807))
Edge(323998,281513,(3,9223372036854775807))
Edge(324019,242899,(3,9223372036854775807))
Edge(324268,53573,(1,9223372036854775807))
Edge(324434,322862,(1,9223372036854775807))
Edge(324486,407706,(1,9223372036854775807))
Edge(324700,456588,(3,9223372036854775807))
Edge(324703,462317,(3,9223372036854775807))
Edge(324795,49870,(3,9223372036854775807))
Edge(324824,43803,(3,9223372036854775807))
Edge(325392,422572,(3,9223372036854775807))
Edge(325555,407891,(3,9223372036854775807))
Edge(326070,112665,(3,9223372036854775807))
Edge(326323,436542,(3,9223372036854775807))
Edge(326679,168412,(1,9223372036854775807))
Edge(326695,137974,(1,9223372036854775807))
Edge(326792,237452,(3,9223372036854775807))
Edge(326928,469796,(3,9223372036854775807))
Edge(326974,297694,(3,9223372036854775807))
Edge(327024,131795,(3,9223372036854775807))
Edge(327035,327688,(3,9223372036854775807))
Edge(327493,85910,(1,3))
Edge(327608,180368,(3,9223372036854775807))
Edge(327756,298308,(1,9223372036854775807))
Edge(327930,354741,(1,9223372036854775807))
Edge(328133,146872,(1,3))
Edge(328148,25837,(3,9223372036854775807))
Edge(328375,383542,(1,9223372036854775807))
Edge(328422,125835,(3,9223372036854775807))
Edge(328718,499989,(3,9223372036854775807))
Edge(328941,373907,(3,9223372036854775807))
Edge(329378,447334,(3,9223372036854775807))
Edge(329498,148906,(1,9223372036854775807))
Edge(329765,338154,(3,9223372036854775807))
Edge(330009,48268,(3,9223372036854775807))
Edge(330454,37484,(3,9223372036854775807))
Edge(330470,177092,(1,9223372036854775807))
Edge(330514,477139,(3,9223372036854775807))
Edge(331545,486108,(3,9223372036854775807))
Edge(332242,235807,(1,9223372036854775807))
Edge(332274,225226,(3,9223372036854775807))
Edge(332486,448501,(1,9223372036854775807))
Edge(332631,107301,(3,9223372036854775807))
Edge(333176,85863,(3,9223372036854775807))
Edge(333657,326811,(3,9223372036854775807))
Edge(334204,316655,(3,9223372036854775807))
Edge(334449,415826,(3,9223372036854775807))
Edge(334681,127580,(3,9223372036854775807))
Edge(334700,162780,(3,9223372036854775807))
Edge(335176,364015,(1,3))
Edge(335511,84352,(3,9223372036854775807))
Edge(335570,2861,(1,9223372036854775807))
Edge(335892,319779,(3,9223372036854775807))
Edge(335916,98030,(3,9223372036854775807))
Edge(336098,290342,(3,9223372036854775807))
Edge(336274,474369,(3,9223372036854775807))
Edge(336428,376695,(1,9223372036854775807))
Edge(336447,290630,(3,9223372036854775807))
Edge(336839,379907,(3,9223372036854775807))
Edge(337326,51342,(1,3))
Edge(337923,106045,(3,9223372036854775807))
Edge(337944,271315,(3,9223372036854775807))
Edge(338044,24325,(3,9223372036854775807))
Edge(338330,237517,(3,9223372036854775807))
Edge(338346,265531,(3,9223372036854775807))
Edge(338631,55932,(3,9223372036854775807))
Edge(338676,387269,(3,9223372036854775807))
Edge(338969,422671,(3,9223372036854775807))
Edge(339173,158306,(3,9223372036854775807))
Edge(339661,107508,(3,9223372036854775807))
Edge(339678,149323,(3,9223372036854775807))
Edge(339889,465163,(1,9223372036854775807))
Edge(339892,348327,(3,9223372036854775807))
Edge(340145,121501,(1,9223372036854775807))
Edge(340381,263172,(3,9223372036854775807))
Edge(340654,439481,(3,9223372036854775807))
Edge(340675,394787,(3,9223372036854775807))
Edge(340764,149954,(3,9223372036854775807))
Edge(340829,424242,(3,9223372036854775807))
Edge(341140,115038,(3,9223372036854775807))
Edge(341563,23065,(3,9223372036854775807))
Edge(341856,247557,(3,9223372036854775807))
Edge(341987,207324,(3,9223372036854775807))
Edge(342072,156036,(3,9223372036854775807))
Edge(342566,310128,(1,3))
Edge(342738,38639,(3,9223372036854775807))
Edge(342788,323772,(1,3))
Edge(343141,336410,(3,9223372036854775807))
Edge(343248,268667,(3,9223372036854775807))
Edge(343829,5660,(3,9223372036854775807))
Edge(343959,484320,(1,9223372036854775807))
Edge(344141,430684,(3,9223372036854775807))
Edge(344166,442654,(3,9223372036854775807))
Edge(345400,470557,(3,9223372036854775807))
Edge(345634,60832,(1,3))
Edge(345933,200409,(3,9223372036854775807))
Edge(345971,155224,(3,9223372036854775807))
Edge(345989,64709,(3,9223372036854775807))
Edge(346147,318308,(1,3))
Edge(346247,446531,(3,9223372036854775807))
Edge(346316,343327,(1,9223372036854775807))
Edge(346884,226244,(3,9223372036854775807))
Edge(346984,230374,(3,9223372036854775807))
Edge(347310,221757,(3,9223372036854775807))
Edge(347429,416808,(3,9223372036854775807))
Edge(347568,43359,(3,9223372036854775807))
Edge(347728,232125,(3,9223372036854775807))
Edge(348418,240126,(3,9223372036854775807))
Edge(348663,460299,(3,9223372036854775807))
Edge(348983,87575,(3,9223372036854775807))
Edge(349642,481058,(1,9223372036854775807))
Edge(349895,135793,(1,9223372036854775807))
Edge(350132,380089,(3,9223372036854775807))
Edge(350302,139875,(1,9223372036854775807))
Edge(350345,179234,(3,9223372036854775807))
Edge(350374,1449,(1,9223372036854775807))
Edge(350431,353006,(1,3))
Edge(350697,125928,(1,9223372036854775807))
Edge(350834,353800,(3,9223372036854775807))
Edge(350979,123344,(3,9223372036854775807))
Edge(351011,402486,(1,9223372036854775807))
Edge(351637,395105,(3,9223372036854775807))
Edge(352004,378705,(3,9223372036854775807))
Edge(352382,464170,(3,9223372036854775807))
Edge(352394,270892,(3,9223372036854775807))
Edge(352611,39088,(1,9223372036854775807))
Edge(352636,382656,(3,9223372036854775807))
Edge(352674,30411,(3,9223372036854775807))
Edge(352821,398896,(1,9223372036854775807))
Edge(352975,111194,(3,9223372036854775807))
Edge(353002,245882,(1,9223372036854775807))
Edge(353182,28515,(3,9223372036854775807))
Edge(353713,26853,(3,9223372036854775807))
Edge(353717,369019,(3,9223372036854775807))
Edge(354221,455221,(3,9223372036854775807))
Edge(354320,323085,(3,9223372036854775807))
Edge(354596,267415,(3,9223372036854775807))
Edge(354614,74034,(3,9223372036854775807))
Edge(356662,16320,(1,9223372036854775807))
Edge(356780,280689,(1,9223372036854775807))
Edge(357121,204129,(3,9223372036854775807))
Edge(357173,108602,(1,9223372036854775807))
Edge(357202,319253,(3,9223372036854775807))
Edge(357361,447311,(1,9223372036854775807))
Edge(357686,136299,(3,9223372036854775807))
Edge(358136,284594,(3,9223372036854775807))
Edge(358277,468419,(3,9223372036854775807))
Edge(358473,298677,(3,9223372036854775807))
Edge(358773,91239,(3,9223372036854775807))
Edge(359328,10703,(3,9223372036854775807))
Edge(359463,460691,(3,9223372036854775807))
Edge(360206,412740,(1,3))
Edge(360541,142827,(3,9223372036854775807))
Edge(361202,413841,(3,9223372036854775807))
Edge(361566,61276,(3,9223372036854775807))
Edge(362321,146787,(3,9223372036854775807))
Edge(362874,223963,(1,3))
Edge(363675,147109,(1,3))
Edge(363740,244271,(1,3))
Edge(363874,17406,(1,3))
Edge(364281,204975,(3,9223372036854775807))
Edge(364535,436776,(3,9223372036854775807))
Edge(364604,105830,(3,9223372036854775807))
Edge(364787,137742,(1,3))
Edge(364892,420465,(3,9223372036854775807))
Edge(365033,174310,(3,9223372036854775807))
Edge(365297,485863,(3,9223372036854775807))
Edge(365402,468446,(3,9223372036854775807))
Edge(365652,486577,(1,4))
Edge(365703,315451,(3,9223372036854775807))
Edge(366070,339865,(3,9223372036854775807))
Edge(366899,56706,(3,9223372036854775807))
Edge(367269,436074,(3,9223372036854775807))
Edge(367885,76978,(3,9223372036854775807))
Edge(368188,102486,(3,9223372036854775807))
Edge(368349,378913,(1,9223372036854775807))
Edge(369031,309747,(3,9223372036854775807))
Edge(369749,350539,(3,9223372036854775807))
Edge(370090,482248,(3,9223372036854775807))
Edge(370628,158236,(3,9223372036854775807))
Edge(370760,12075,(1,9223372036854775807))
Edge(370814,180045,(3,9223372036854775807))
Edge(370908,259511,(1,9223372036854775807))
Edge(371005,87789,(3,9223372036854775807))
Edge(371073,187998,(3,9223372036854775807))
Edge(371859,193189,(3,9223372036854775807))
Edge(371941,424681,(3,9223372036854775807))
Edge(372321,72843,(3,9223372036854775807))
Edge(372338,176303,(3,9223372036854775807))
Edge(372630,218951,(3,9223372036854775807))
Edge(372971,109251,(1,3))
Edge(373339,245741,(3,9223372036854775807))
Edge(373390,269667,(3,9223372036854775807))
Edge(373757,300853,(3,9223372036854775807))
Edge(374790,6135,(3,9223372036854775807))
Edge(375476,19535,(3,9223372036854775807))
Edge(375596,401129,(1,3))
Edge(375625,119911,(3,9223372036854775807))
Edge(376308,371132,(3,9223372036854775807))
Edge(376577,211713,(3,9223372036854775807))
Edge(376604,144335,(3,9223372036854775807))
Edge(376685,99830,(1,3))
Edge(376740,128415,(3,9223372036854775807))
Edge(376847,196637,(3,9223372036854775807))
Edge(376974,475370,(3,9223372036854775807))
Edge(377035,111834,(3,9223372036854775807))
Edge(377126,135789,(3,9223372036854775807))
Edge(378107,367558,(3,9223372036854775807))
Edge(378455,19132,(3,9223372036854775807))
Edge(379612,388484,(3,9223372036854775807))
Edge(379889,341730,(1,9223372036854775807))
Edge(380169,475469,(1,9223372036854775807))
Edge(380181,269585,(3,9223372036854775807))
Edge(380219,113896,(3,9223372036854775807))
Edge(380302,484272,(3,9223372036854775807))
Edge(380371,214312,(3,9223372036854775807))
Edge(380475,284316,(3,9223372036854775807))
Edge(380772,278852,(3,9223372036854775807))
Edge(380872,13598,(1,3))
Edge(381081,259749,(3,9223372036854775807))
Edge(381097,155338,(3,9223372036854775807))
Edge(381296,379012,(1,9223372036854775807))
Edge(381526,362021,(3,9223372036854775807))
Edge(381768,321382,(3,9223372036854775807))
Edge(382137,371576,(3,9223372036854775807))
Edge(382729,82734,(1,9223372036854775807))
Edge(382769,216663,(3,9223372036854775807))
Edge(383221,208116,(3,9223372036854775807))
Edge(383253,78370,(1,3))
Edge(383862,6317,(3,9223372036854775807))
Edge(384054,396720,(3,9223372036854775807))
Edge(384078,436392,(3,9223372036854775807))
Edge(384735,387582,(3,9223372036854775807))
Edge(385691,374533,(3,9223372036854775807))
Edge(385713,174498,(3,9223372036854775807))
Edge(385801,343226,(3,9223372036854775807))
Edge(385858,289952,(3,9223372036854775807))
Edge(386178,198043,(3,9223372036854775807))
Edge(386331,334024,(1,9223372036854775807))
Edge(386697,112081,(3,9223372036854775807))
Edge(386919,364103,(1,9223372036854775807))
Edge(387156,127642,(3,9223372036854775807))
Edge(387221,483980,(3,9223372036854775807))
Edge(387747,55403,(3,9223372036854775807))
Edge(387925,441035,(1,9223372036854775807))
Edge(388933,397140,(3,9223372036854775807))
Edge(389284,68269,(3,9223372036854775807))
Edge(390343,312604,(3,9223372036854775807))
Edge(390472,341713,(3,9223372036854775807))
Edge(391609,188227,(3,9223372036854775807))
Edge(391654,100500,(3,9223372036854775807))
Edge(391904,196279,(3,9223372036854775807))
Edge(392095,320129,(3,9223372036854775807))
Edge(392099,340581,(3,4))
Edge(393430,403721,(3,9223372036854775807))
Edge(393747,269877,(3,9223372036854775807))
Edge(394360,313777,(3,9223372036854775807))
Edge(394614,324716,(3,9223372036854775807))
Edge(394636,224077,(1,9223372036854775807))
Edge(394636,470427,(3,9223372036854775807))
Edge(395008,376073,(3,9223372036854775807))
Edge(395120,144547,(3,9223372036854775807))
Edge(395344,222265,(3,9223372036854775807))
Edge(395487,459101,(3,9223372036854775807))
Edge(396159,247865,(3,9223372036854775807))
Edge(396165,362305,(3,9223372036854775807))
Edge(396314,399206,(3,9223372036854775807))
Edge(396413,216034,(3,9223372036854775807))
Edge(396424,399047,(3,9223372036854775807))
Edge(396467,387844,(3,9223372036854775807))
Edge(396545,131162,(3,9223372036854775807))
Edge(397019,114729,(3,9223372036854775807))
Edge(397053,461205,(3,9223372036854775807))
Edge(397250,258136,(1,3))
Edge(397253,140190,(3,9223372036854775807))
Edge(397328,361705,(3,9223372036854775807))
Edge(397649,328976,(1,3))
Edge(397927,390379,(1,9223372036854775807))
Edge(397986,113003,(3,9223372036854775807))
Edge(398197,340350,(4,9223372036854775807))
Edge(398226,13761,(3,9223372036854775807))
Edge(399102,195221,(3,9223372036854775807))
Edge(399580,238809,(3,9223372036854775807))
Edge(399613,215977,(1,9223372036854775807))
Edge(399638,305893,(3,9223372036854775807))
Edge(399802,38017,(3,9223372036854775807))
Edge(400113,366974,(3,9223372036854775807))
Edge(400223,230401,(3,9223372036854775807))
Edge(400412,477167,(1,9223372036854775807))
Edge(400553,468016,(3,9223372036854775807))
Edge(400582,449310,(3,9223372036854775807))
Edge(401057,55770,(4,9223372036854775807))
Edge(401618,467810,(1,9223372036854775807))
Edge(401751,412666,(3,9223372036854775807))
Edge(402478,329790,(1,9223372036854775807))
Edge(402679,496034,(3,9223372036854775807))
Edge(402968,35488,(3,9223372036854775807))
Edge(403011,445545,(3,9223372036854775807))
Edge(403460,385016,(3,9223372036854775807))
Edge(403921,391128,(1,9223372036854775807))
Edge(403949,127527,(3,9223372036854775807))
Edge(403987,97804,(1,3))
Edge(404069,42290,(3,9223372036854775807))
Edge(404153,305881,(3,9223372036854775807))
Edge(404214,460265,(3,9223372036854775807))
Edge(404637,320673,(3,9223372036854775807))
Edge(404638,286725,(3,9223372036854775807))
Edge(405067,440936,(3,9223372036854775807))
Edge(405230,101122,(3,9223372036854775807))
Edge(405487,433761,(1,9223372036854775807))
Edge(405691,307409,(1,3))
Edge(406020,94137,(1,9223372036854775807))
Edge(406242,477303,(1,3))
Edge(406247,178158,(1,9223372036854775807))
Edge(406645,4980,(1,9223372036854775807))
Edge(406871,222734,(1,3))
Edge(407238,37147,(3,9223372036854775807))
Edge(408054,485591,(3,9223372036854775807))
Edge(408061,460820,(3,9223372036854775807))
Edge(408891,164244,(3,9223372036854775807))
Edge(409245,480829,(1,9223372036854775807))
Edge(409304,263375,(3,9223372036854775807))
Edge(409587,494658,(3,9223372036854775807))
Edge(409915,28249,(1,9223372036854775807))
Edge(409995,255564,(3,9223372036854775807))
Edge(410085,306141,(3,9223372036854775807))
Edge(410397,382416,(1,3))
Edge(410595,456444,(3,9223372036854775807))
Edge(410747,275198,(3,9223372036854775807))
Edge(410790,137349,(3,9223372036854775807))
Edge(410967,481893,(3,9223372036854775807))
Edge(411115,170428,(1,3))
Edge(411213,112134,(1,3))
Edge(411254,179517,(3,9223372036854775807))
Edge(411288,145195,(1,9223372036854775807))
Edge(411427,33205,(3,9223372036854775807))
Edge(411481,42882,(3,9223372036854775807))
Edge(411701,289534,(3,9223372036854775807))
Edge(412291,410383,(3,9223372036854775807))
Edge(412413,430367,(3,9223372036854775807))
Edge(412965,182571,(3,9223372036854775807))
Edge(413001,278771,(3,9223372036854775807))
Edge(413153,161705,(1,9223372036854775807))
Edge(413179,204280,(3,9223372036854775807))
Edge(413187,493678,(3,9223372036854775807))
Edge(413676,144899,(3,9223372036854775807))
Edge(414190,141444,(3,9223372036854775807))
Edge(414469,112892,(3,9223372036854775807))
Edge(414498,367177,(1,3))
Edge(415184,415585,(1,9223372036854775807))
Edge(415207,151776,(1,9223372036854775807))
Edge(415408,289932,(3,9223372036854775807))
Edge(415616,329376,(3,9223372036854775807))
Edge(416111,148168,(3,9223372036854775807))
Edge(416515,104252,(3,9223372036854775807))
Edge(416791,71448,(1,9223372036854775807))
Edge(417657,37084,(3,9223372036854775807))
Edge(418014,242491,(3,9223372036854775807))
Edge(418825,101742,(4,9223372036854775807))
Edge(418883,469338,(3,9223372036854775807))
Edge(418915,120519,(3,9223372036854775807))
Edge(419042,424379,(1,9223372036854775807))
Edge(419269,153603,(3,9223372036854775807))
Edge(419648,235811,(3,9223372036854775807))
Edge(419755,122314,(3,9223372036854775807))
Edge(420323,253657,(3,9223372036854775807))
Edge(420325,85341,(3,9223372036854775807))
Edge(420468,464003,(3,9223372036854775807))
Edge(420860,10000,(3,9223372036854775807))
Edge(421064,25551,(3,9223372036854775807))
Edge(421114,66534,(1,9223372036854775807))
Edge(421300,438399,(3,9223372036854775807))
Edge(421993,148688,(1,9223372036854775807))
Edge(422459,51651,(3,9223372036854775807))
Edge(422772,9846,(3,9223372036854775807))
Edge(423033,77372,(1,9223372036854775807))
Edge(423165,372447,(1,9223372036854775807))
Edge(423869,383407,(3,9223372036854775807))
Edge(424245,422584,(3,9223372036854775807))
Edge(425115,190566,(3,9223372036854775807))
Edge(425146,177874,(3,9223372036854775807))
Edge(425174,55888,(3,9223372036854775807))
Edge(425242,140554,(3,9223372036854775807))
Edge(426519,144609,(1,9223372036854775807))
Edge(426935,157885,(3,9223372036854775807))
Edge(426978,155563,(3,9223372036854775807))
Edge(426986,87663,(3,9223372036854775807))
Edge(427599,231139,(3,9223372036854775807))
Edge(428250,214906,(3,9223372036854775807))
Edge(428256,362955,(3,9223372036854775807))
Edge(428470,331791,(3,9223372036854775807))
Edge(429114,107563,(1,3))
Edge(429266,487485,(1,9223372036854775807))
Edge(429835,357828,(3,9223372036854775807))
Edge(429973,390742,(3,9223372036854775807))
Edge(430952,397118,(3,9223372036854775807))
Edge(430961,361976,(3,9223372036854775807))
Edge(431031,108365,(3,9223372036854775807))
Edge(431187,56891,(3,9223372036854775807))
Edge(431231,231975,(3,9223372036854775807))
Edge(431593,443665,(1,9223372036854775807))
Edge(431811,70637,(3,9223372036854775807))
Edge(432980,163528,(3,9223372036854775807))
Edge(433355,246374,(1,3))
Edge(433385,207550,(1,9223372036854775807))
Edge(433588,336991,(3,9223372036854775807))
Edge(434211,133910,(3,9223372036854775807))
Edge(434287,171436,(3,9223372036854775807))
Edge(434847,53572,(1,9223372036854775807))
Edge(434945,99979,(1,9223372036854775807))
Edge(435305,433119,(3,9223372036854775807))
Edge(435638,26460,(3,9223372036854775807))
Edge(435792,50498,(3,9223372036854775807))
Edge(436071,347268,(3,9223372036854775807))
Edge(436352,336691,(3,9223372036854775807))
Edge(436594,338416,(3,9223372036854775807))
Edge(437346,162109,(1,9223372036854775807))
Edge(437482,366426,(3,9223372036854775807))
Edge(437612,430377,(3,9223372036854775807))
Edge(437613,284946,(3,9223372036854775807))
Edge(437648,53825,(3,9223372036854775807))
Edge(437863,176355,(3,9223372036854775807))
Edge(438287,283929,(3,9223372036854775807))
Edge(438390,53925,(3,9223372036854775807))
Edge(438786,459781,(3,9223372036854775807))
Edge(438822,499766,(3,9223372036854775807))
Edge(439063,132807,(3,9223372036854775807))
Edge(439188,311580,(3,9223372036854775807))
Edge(439890,89918,(3,9223372036854775807))
Edge(440419,161548,(3,9223372036854775807))
Edge(440686,214237,(3,9223372036854775807))
Edge(440897,70337,(3,9223372036854775807))
Edge(441187,365035,(1,9223372036854775807))
Edge(441189,385538,(3,9223372036854775807))
Edge(442071,482799,(1,9223372036854775807))
Edge(442088,431506,(3,9223372036854775807))
Edge(442122,412772,(3,9223372036854775807))
Edge(442228,309650,(3,9223372036854775807))
Edge(442229,202950,(3,9223372036854775807))
Edge(442518,233455,(3,9223372036854775807))
Edge(443007,447954,(3,9223372036854775807))
Edge(443120,53918,(3,9223372036854775807))
Edge(443239,254145,(3,9223372036854775807))
Edge(443286,366137,(3,9223372036854775807))
Edge(443396,279947,(3,9223372036854775807))
Edge(443964,494593,(3,9223372036854775807))
Edge(444015,227228,(1,3))
Edge(444227,363739,(1,9223372036854775807))
Edge(445460,333008,(3,9223372036854775807))
Edge(445608,311992,(3,9223372036854775807))
Edge(445988,71058,(3,9223372036854775807))
Edge(446373,464298,(3,9223372036854775807))
Edge(446824,369084,(3,9223372036854775807))
Edge(446925,32317,(3,9223372036854775807))
Edge(447066,164036,(3,9223372036854775807))
Edge(447291,63503,(3,9223372036854775807))
Edge(447498,176878,(3,9223372036854775807))
Edge(447605,301605,(3,9223372036854775807))
Edge(447745,55424,(3,9223372036854775807))
Edge(447881,60769,(1,9223372036854775807))
Edge(447925,192455,(3,9223372036854775807))
Edge(448174,331003,(3,9223372036854775807))
Edge(448453,70747,(3,9223372036854775807))
Edge(448591,225362,(3,9223372036854775807))
Edge(448864,184580,(3,9223372036854775807))
Edge(449217,145370,(1,3))
Edge(449495,69695,(3,9223372036854775807))
Edge(449744,142209,(3,9223372036854775807))
Edge(449848,287766,(3,9223372036854775807))
Edge(449950,82498,(3,9223372036854775807))
Edge(450400,432257,(3,9223372036854775807))
Edge(450424,41799,(3,9223372036854775807))
Edge(450449,58819,(3,9223372036854775807))
Edge(451599,401614,(3,9223372036854775807))
Edge(451871,70347,(3,9223372036854775807))
Edge(452182,472463,(3,9223372036854775807))
Edge(452752,312970,(1,9223372036854775807))
Edge(452874,93489,(1,9223372036854775807))
Edge(452970,25955,(3,9223372036854775807))
Edge(453125,476727,(3,9223372036854775807))
Edge(453186,342876,(3,9223372036854775807))
Edge(453235,28177,(1,9223372036854775807))
Edge(453845,111401,(3,9223372036854775807))
Edge(454063,280002,(3,9223372036854775807))
Edge(454496,115187,(3,9223372036854775807))
Edge(454507,88543,(3,9223372036854775807))
Edge(454521,110257,(1,9223372036854775807))
Edge(455201,326562,(3,9223372036854775807))
Edge(455339,442266,(3,9223372036854775807))
Edge(455438,41237,(3,9223372036854775807))
Edge(455508,50622,(3,9223372036854775807))
Edge(456027,26969,(3,9223372036854775807))
Edge(456307,34159,(1,9223372036854775807))
Edge(457727,265711,(3,9223372036854775807))
Edge(458401,368016,(3,9223372036854775807))
Edge(458806,499901,(3,9223372036854775807))
Edge(458940,284279,(1,9223372036854775807))
Edge(459143,129292,(3,9223372036854775807))
Edge(459171,45168,(1,3))
Edge(459761,132232,(3,9223372036854775807))
Edge(459899,496978,(3,9223372036854775807))
Edge(460305,305731,(3,9223372036854775807))
Edge(460312,424401,(3,9223372036854775807))
Edge(460437,328328,(3,9223372036854775807))
Edge(460475,22626,(3,9223372036854775807))
Edge(460752,243441,(3,9223372036854775807))
Edge(460831,291571,(1,9223372036854775807))
Edge(461321,494155,(3,9223372036854775807))
Edge(461643,32724,(1,9223372036854775807))
Edge(461649,204795,(3,9223372036854775807))
Edge(461703,437642,(3,9223372036854775807))
Edge(462074,452071,(3,9223372036854775807))
Edge(462338,123019,(3,9223372036854775807))
Edge(462470,32073,(1,9223372036854775807))
Edge(462598,347420,(3,9223372036854775807))
Edge(462663,396893,(3,9223372036854775807))
Edge(463676,176728,(3,9223372036854775807))
Edge(464175,217754,(3,9223372036854775807))
Edge(464376,478494,(3,9223372036854775807))
Edge(464799,464428,(3,9223372036854775807))
Edge(465066,194497,(3,9223372036854775807))
Edge(465126,358820,(3,9223372036854775807))
Edge(465154,120563,(3,9223372036854775807))
Edge(465680,44449,(3,9223372036854775807))
Edge(465881,479651,(3,9223372036854775807))
Edge(466059,303694,(3,9223372036854775807))
Edge(466093,281026,(3,9223372036854775807))
Edge(466221,67051,(3,9223372036854775807))
Edge(466379,302568,(3,9223372036854775807))
Edge(466380,347972,(3,9223372036854775807))
Edge(466657,411682,(3,9223372036854775807))
Edge(466974,303193,(3,9223372036854775807))
Edge(467010,455117,(3,9223372036854775807))
Edge(467898,144953,(3,9223372036854775807))
Edge(467959,462340,(3,9223372036854775807))
Edge(468526,430328,(3,9223372036854775807))
Edge(468719,151575,(3,9223372036854775807))
Edge(468836,149238,(3,9223372036854775807))
Edge(469130,495896,(3,9223372036854775807))
Edge(469908,266774,(3,9223372036854775807))
Edge(470194,416564,(3,9223372036854775807))
Edge(471061,83557,(3,9223372036854775807))
Edge(471157,107990,(3,9223372036854775807))
Edge(471502,104346,(1,9223372036854775807))
Edge(471695,252165,(3,9223372036854775807))
Edge(471897,191758,(3,9223372036854775807))
Edge(472028,198576,(3,9223372036854775807))
Edge(472394,306650,(3,9223372036854775807))
Edge(472442,290138,(1,9223372036854775807))
Edge(472632,325766,(3,9223372036854775807))
Edge(472717,241147,(3,9223372036854775807))
Edge(473210,243901,(3,9223372036854775807))
Edge(473338,201337,(1,3))
Edge(473480,53403,(3,9223372036854775807))
Edge(473511,472441,(3,9223372036854775807))
Edge(473641,366774,(3,9223372036854775807))
Edge(473664,118336,(3,9223372036854775807))
Edge(473732,71797,(3,9223372036854775807))
Edge(473774,87058,(3,9223372036854775807))
Edge(473864,132589,(3,9223372036854775807))
Edge(473870,456056,(3,9223372036854775807))
Edge(474126,261074,(3,9223372036854775807))
Edge(474196,383877,(1,9223372036854775807))
Edge(475266,35253,(3,9223372036854775807))
Edge(476325,153984,(1,3))
Edge(476331,380906,(3,9223372036854775807))
Edge(476376,239554,(3,9223372036854775807))
Edge(476570,186384,(1,9223372036854775807))
Edge(476742,18114,(1,9223372036854775807))
Edge(476913,23245,(3,9223372036854775807))
Edge(477428,349541,(3,9223372036854775807))
Edge(477469,11143,(3,9223372036854775807))
Edge(477821,199925,(1,9223372036854775807))
Edge(478073,217552,(3,9223372036854775807))
Edge(478424,489947,(3,9223372036854775807))
Edge(478444,122121,(3,9223372036854775807))
Edge(478549,389382,(3,9223372036854775807))
Edge(478728,388003,(3,9223372036854775807))
Edge(479135,421215,(3,9223372036854775807))
Edge(479879,172570,(3,9223372036854775807))
Edge(479991,200448,(3,9223372036854775807))
Edge(480284,49657,(1,3))
Edge(480329,21681,(3,9223372036854775807))
Edge(480536,76417,(3,9223372036854775807))
Edge(480586,391289,(3,9223372036854775807))
Edge(481034,280883,(3,9223372036854775807))
Edge(481269,58728,(1,9223372036854775807))
Edge(481712,287353,(3,9223372036854775807))
Edge(481871,155904,(3,9223372036854775807))
Edge(482059,472732,(1,3))
Edge(482822,207966,(3,9223372036854775807))
Edge(483090,365593,(3,9223372036854775807))
Edge(483106,295783,(1,9223372036854775807))
Edge(483185,495756,(1,9223372036854775807))
Edge(483213,126746,(3,9223372036854775807))
Edge(483253,343409,(3,9223372036854775807))
Edge(483342,51104,(1,3))
Edge(485846,301154,(3,9223372036854775807))
Edge(485997,430252,(3,9223372036854775807))
Edge(486218,391783,(3,9223372036854775807))
Edge(486591,415997,(3,9223372036854775807))
Edge(486795,282744,(1,3))
Edge(487068,224080,(3,9223372036854775807))
Edge(487814,469507,(1,9223372036854775807))
Edge(487892,398347,(1,9223372036854775807))
Edge(487951,37594,(3,9223372036854775807))
Edge(488016,312784,(3,9223372036854775807))
Edge(488270,147328,(3,9223372036854775807))
Edge(488566,72844,(3,9223372036854775807))
Edge(488584,446909,(3,9223372036854775807))
Edge(488806,234702,(3,9223372036854775807))
Edge(489298,305644,(3,9223372036854775807))
Edge(489339,403464,(3,9223372036854775807))
Edge(489639,357580,(3,9223372036854775807))
Edge(490245,320593,(1,9223372036854775807))
Edge(490869,236568,(3,9223372036854775807))
Edge(491217,97318,(3,9223372036854775807))
Edge(491517,312629,(1,9223372036854775807))
Edge(491722,403651,(3,9223372036854775807))
Edge(492195,363335,(3,9223372036854775807))
Edge(492302,169556,(3,9223372036854775807))
Edge(492770,220839,(3,9223372036854775807))
Edge(493215,485659,(3,9223372036854775807))
Edge(493253,321686,(3,9223372036854775807))
Edge(493586,402910,(3,9223372036854775807))
Edge(494196,215118,(3,9223372036854775807))
Edge(494269,430536,(1,9223372036854775807))
Edge(494324,412970,(3,9223372036854775807))
Edge(494363,103064,(3,9223372036854775807))
Edge(494748,496557,(3,9223372036854775807))
Edge(495970,40092,(3,9223372036854775807))
Edge(496100,204561,(3,9223372036854775807))
Edge(496518,106976,(3,9223372036854775807))
Edge(496645,445751,(1,9223372036854775807))
Edge(496746,23993,(3,9223372036854775807))
Edge(497075,226203,(1,9223372036854775807))
Edge(497353,128201,(3,9223372036854775807))
Edge(497464,225916,(3,9223372036854775807))
Edge(497611,295290,(1,3))
Edge(497788,23749,(3,9223372036854775807))
Edge(498083,418159,(3,9223372036854775807))
Edge(498411,393285,(3,9223372036854775807))
Edge(499000,460025,(3,9223372036854775807))
Edge(499178,431902,(3,9223372036854775807))
Edge(499464,322249,(3,9223372036854775807))
