Edge(130,54505,(3,9223372036854775807))
Edge(188,35698,(1,9223372036854775807))
Edge(802,12807,(3,9223372036854775807))
Edge(1080,183084,(3,9223372036854775807))
Edge(1113,372424,(3,9223372036854775807))
Edge(1129,303692,(3,9223372036854775807))
Edge(1262,459806,(3,9223372036854775807))
Edge(1688,432707,(3,9223372036854775807))
Edge(1788,183147,(3,9223372036854775807))
Edge(1814,475482,(3,9223372036854775807))
Edge(1984,327831,(3,9223372036854775807))
Edge(2438,48071,(3,9223372036854775807))
Edge(2762,153720,(3,9223372036854775807))
Edge(3134,109363,(3,9223372036854775807))
Edge(3171,320201,(1,9223372036854775807))
Edge(4053,95697,(3,9223372036854775807))
Edge(4071,252090,(3,9223372036854775807))
Edge(4271,272451,(1,3))
Edge(5144,496461,(1,9223372036854775807))
Edge(5480,107282,(3,9223372036854775807))
Edge(5610,247895,(3,9223372036854775807))
Edge(5627,151035,(3,9223372036854775807))
Edge(6398,77525,(3,9223372036854775807))
Edge(6905,344378,(3,9223372036854775807))
Edge(6919,372955,(3,9223372036854775807))
Edge(7609,491954,(3,9223372036854775807))
Edge(7651,147538,(3,9223372036854775807))
Edge(8050,200655,(3,9223372036854775807))
Edge(8738,355180,(3,9223372036854775807))
Edge(8774,381795,(3,4))
Edge(9049,200424,(3,9223372036854775807))
Edge(10247,296255,(3,9223372036854775807))
Edge(10305,202597,(3,9223372036854775807))
Edge(10732,177540,(3,9223372036854775807))
Edge(10836,110347,(1,9223372036854775807))
Edge(11023,429938,(3,9223372036854775807))
Edge(11331,336409,(3,9223372036854775807))
Edge(12259,104643,(3,9223372036854775807))
Edge(12787,143389,(3,9223372036854775807))
Edge(12940,492103,(3,9223372036854775807))
Edge(13023,127480,(3,9223372036854775807))
Edge(13114,269825,(1,3))
Edge(13396,345282,(3,9223372036854775807))
Edge(13554,328578,(3,9223372036854775807))
Edge(13554,464703,(3,9223372036854775807))
Edge(14015,14926,(3,9223372036854775807))
Edge(14229,407978,(3,9223372036854775807))
Edge(14556,311118,(3,9223372036854775807))
Edge(14850,403708,(3,9223372036854775807))
Edge(15014,414351,(3,9223372036854775807))
Edge(15163,29282,(3,9223372036854775807))
Edge(15470,337770,(1,9223372036854775807))
Edge(15680,7133,(3,9223372036854775807))
Edge(16254,80168,(3,9223372036854775807))
Edge(16472,258434,(3,9223372036854775807))
Edge(16612,158054,(1,9223372036854775807))
Edge(16704,41941,(3,9223372036854775807))
Edge(16841,129149,(3,9223372036854775807))
Edge(16996,243028,(1,3))
Edge(17232,323059,(3,9223372036854775807))
Edge(17272,207726,(3,9223372036854775807))
Edge(17398,255146,(3,9223372036854775807))
Edge(18081,449689,(1,3))
Edge(18635,419404,(3,9223372036854775807))
Edge(18687,412164,(3,9223372036854775807))
Edge(18817,294707,(3,9223372036854775807))
Edge(18925,392553,(3,9223372036854775807))
Edge(18998,352532,(1,9223372036854775807))
Edge(19268,165828,(3,9223372036854775807))
Edge(19354,323657,(3,9223372036854775807))
Edge(20276,226262,(3,9223372036854775807))
Edge(20792,169445,(3,9223372036854775807))
Edge(20848,185312,(3,9223372036854775807))
Edge(20852,489226,(1,9223372036854775807))
Edge(21251,394812,(3,9223372036854775807))
Edge(21888,458059,(3,9223372036854775807))
Edge(22074,447121,(1,9223372036854775807))
Edge(22102,391886,(1,9223372036854775807))
Edge(22906,78552,(3,9223372036854775807))
Edge(22926,215866,(1,9223372036854775807))
Edge(23823,70017,(1,9223372036854775807))
Edge(24087,164297,(3,9223372036854775807))
Edge(24162,175521,(3,9223372036854775807))
Edge(25349,226028,(3,9223372036854775807))
Edge(26568,154903,(1,3))
Edge(26747,309380,(1,3))
Edge(27393,79230,(3,9223372036854775807))
Edge(27551,221367,(3,9223372036854775807))
Edge(27569,219084,(3,9223372036854775807))
Edge(27721,388368,(3,9223372036854775807))
Edge(27953,77326,(3,9223372036854775807))
Edge(28423,211946,(3,9223372036854775807))
Edge(28673,15100,(3,9223372036854775807))
Edge(28758,407318,(3,9223372036854775807))
Edge(28909,233886,(3,9223372036854775807))
Edge(29041,24035,(3,9223372036854775807))
Edge(29347,157615,(1,9223372036854775807))
Edge(29476,216161,(3,9223372036854775807))
Edge(29483,288517,(3,9223372036854775807))
Edge(29518,313178,(3,9223372036854775807))
Edge(29532,53437,(1,3))
Edge(29704,17498,(1,9223372036854775807))
Edge(29776,277395,(3,9223372036854775807))
Edge(29815,7516,(3,9223372036854775807))
Edge(29892,401209,(1,9223372036854775807))
Edge(30735,226783,(3,9223372036854775807))
Edge(30969,279647,(3,9223372036854775807))
Edge(31140,152118,(3,9223372036854775807))
Edge(31166,481957,(3,9223372036854775807))
Edge(31555,70493,(3,9223372036854775807))
Edge(31568,136152,(3,9223372036854775807))
Edge(31654,163827,(1,3))
Edge(31812,430717,(3,9223372036854775807))
Edge(32079,429819,(3,9223372036854775807))
Edge(33312,26673,(1,9223372036854775807))
Edge(33573,458231,(3,9223372036854775807))
Edge(33682,36427,(1,9223372036854775807))
Edge(33784,401879,(3,9223372036854775807))
Edge(33831,457936,(3,9223372036854775807))
Edge(34544,390891,(3,9223372036854775807))
Edge(34644,65974,(3,9223372036854775807))
Edge(34759,495303,(3,9223372036854775807))
Edge(35031,126183,(1,9223372036854775807))
Edge(35306,462056,(3,9223372036854775807))
Edge(35646,81291,(3,9223372036854775807))
Edge(35688,45923,(3,9223372036854775807))
Edge(35776,324233,(3,9223372036854775807))
Edge(35786,120457,(3,9223372036854775807))
Edge(36153,314897,(3,9223372036854775807))
Edge(36169,67506,(1,3))
Edge(36316,357731,(3,9223372036854775807))
Edge(36469,425541,(3,9223372036854775807))
Edge(36542,96654,(1,3))
Edge(36775,192619,(3,9223372036854775807))
Edge(37069,216510,(3,9223372036854775807))
Edge(37136,117986,(3,9223372036854775807))
Edge(37269,457693,(3,9223372036854775807))
Edge(37871,465274,(3,9223372036854775807))
Edge(38033,472338,(3,9223372036854775807))
Edge(38340,147591,(1,9223372036854775807))
Edge(38766,270342,(1,9223372036854775807))
Edge(39331,99455,(1,9223372036854775807))
Edge(39462,392249,(3,9223372036854775807))
Edge(39691,257753,(3,9223372036854775807))
Edge(40476,88883,(3,9223372036854775807))
Edge(40635,212013,(3,9223372036854775807))
Edge(40700,134538,(1,9223372036854775807))
Edge(41281,472280,(3,9223372036854775807))
Edge(41350,85952,(3,9223372036854775807))
Edge(41732,108084,(3,9223372036854775807))
Edge(42232,328301,(3,9223372036854775807))
Edge(42787,451530,(1,3))
Edge(42918,24096,(3,9223372036854775807))
Edge(42943,201086,(1,9223372036854775807))
Edge(43010,185868,(3,9223372036854775807))
Edge(43206,166933,(1,9223372036854775807))
Edge(43264,378872,(3,9223372036854775807))
Edge(43497,110092,(1,3))
Edge(43730,252854,(3,9223372036854775807))
Edge(43843,188148,(1,9223372036854775807))
Edge(43848,73807,(3,9223372036854775807))
Edge(43945,433958,(3,9223372036854775807))
Edge(44187,99108,(3,9223372036854775807))
Edge(44445,429305,(1,9223372036854775807))
Edge(44491,284687,(1,9223372036854775807))
Edge(44827,216157,(3,9223372036854775807))
Edge(44917,201156,(3,9223372036854775807))
Edge(44971,287288,(3,9223372036854775807))
Edge(45075,490868,(1,3))
Edge(45141,436328,(3,9223372036854775807))
Edge(45378,158260,(3,9223372036854775807))
Edge(45571,405800,(3,9223372036854775807))
Edge(46237,197998,(3,9223372036854775807))
Edge(46297,219670,(3,9223372036854775807))
Edge(46301,397455,(3,9223372036854775807))
Edge(46494,75950,(3,9223372036854775807))
Edge(47928,458227,(3,9223372036854775807))
Edge(48087,197413,(3,9223372036854775807))
Edge(48453,244395,(3,9223372036854775807))
Edge(48557,272793,(1,9223372036854775807))
Edge(48585,95253,(1,3))
Edge(48833,250394,(3,9223372036854775807))
Edge(48869,158964,(1,3))
Edge(48986,270478,(3,9223372036854775807))
Edge(49103,423216,(3,9223372036854775807))
Edge(49134,476423,(3,9223372036854775807))
Edge(49154,319631,(3,9223372036854775807))
Edge(49523,100184,(1,9223372036854775807))
Edge(49883,287055,(3,9223372036854775807))
Edge(50384,93691,(3,9223372036854775807))
Edge(50537,109162,(3,9223372036854775807))
Edge(51095,250115,(3,9223372036854775807))
Edge(51202,414982,(3,9223372036854775807))
Edge(51385,312554,(3,9223372036854775807))
Edge(51686,222309,(3,9223372036854775807))
Edge(52049,187492,(3,9223372036854775807))
Edge(52539,408087,(3,9223372036854775807))
Edge(53037,135972,(1,9223372036854775807))
Edge(53472,180981,(3,9223372036854775807))
Edge(53932,2685,(3,9223372036854775807))
Edge(54314,397917,(3,9223372036854775807))
Edge(54560,377922,(3,9223372036854775807))
Edge(54963,473073,(3,9223372036854775807))
Edge(55367,169916,(3,9223372036854775807))
Edge(55721,129896,(1,9223372036854775807))
Edge(56414,296738,(1,9223372036854775807))
Edge(56481,181897,(3,9223372036854775807))
Edge(56762,36139,(3,9223372036854775807))
Edge(56974,444699,(3,9223372036854775807))
Edge(57729,67541,(3,9223372036854775807))
Edge(58121,438494,(3,9223372036854775807))
Edge(58193,44267,(3,9223372036854775807))
Edge(58403,267510,(3,9223372036854775807))
Edge(58676,26949,(3,9223372036854775807))
Edge(59460,475839,(3,9223372036854775807))
Edge(59605,456765,(3,9223372036854775807))
Edge(59773,370071,(3,9223372036854775807))
Edge(59885,494289,(3,9223372036854775807))
Edge(61875,14326,(3,9223372036854775807))
Edge(62328,481488,(3,9223372036854775807))
Edge(62654,234240,(3,9223372036854775807))
Edge(62948,465549,(3,9223372036854775807))
Edge(63125,156956,(1,9223372036854775807))
Edge(63338,479597,(3,9223372036854775807))
Edge(63437,138920,(3,9223372036854775807))
Edge(64126,291832,(3,9223372036854775807))
Edge(64469,162232,(3,9223372036854775807))
Edge(64808,314276,(3,9223372036854775807))
Edge(64994,391113,(3,9223372036854775807))
Edge(65529,444391,(3,9223372036854775807))
Edge(65547,482730,(1,9223372036854775807))
Edge(65810,453963,(3,9223372036854775807))
Edge(65943,236044,(1,3))
Edge(65963,158507,(3,9223372036854775807))
Edge(66270,44879,(1,3))
Edge(67818,298893,(3,9223372036854775807))
Edge(67913,143945,(3,9223372036854775807))
Edge(68232,56655,(3,9223372036854775807))
Edge(68716,174123,(3,9223372036854775807))
Edge(68867,97301,(3,9223372036854775807))
Edge(68892,207033,(1,9223372036854775807))
Edge(69369,446244,(3,9223372036854775807))
Edge(69776,208476,(3,9223372036854775807))
Edge(70030,106731,(3,9223372036854775807))
Edge(70031,106364,(3,9223372036854775807))
Edge(70075,29972,(3,9223372036854775807))
Edge(70363,6645,(3,9223372036854775807))
Edge(70623,136248,(3,9223372036854775807))
Edge(71298,111070,(3,9223372036854775807))
Edge(72096,412305,(3,9223372036854775807))
Edge(72635,480619,(3,9223372036854775807))
Edge(73060,320947,(1,9223372036854775807))
Edge(73761,78541,(3,9223372036854775807))
Edge(74068,196527,(3,9223372036854775807))
Edge(74364,375670,(3,9223372036854775807))
Edge(74696,263534,(3,9223372036854775807))
Edge(74987,76197,(3,9223372036854775807))
Edge(75095,47064,(3,9223372036854775807))
Edge(75573,29998,(1,9223372036854775807))
Edge(76291,405418,(3,9223372036854775807))
Edge(76385,34935,(3,9223372036854775807))
Edge(76511,361250,(1,9223372036854775807))
Edge(76544,291027,(3,9223372036854775807))
Edge(76781,202052,(3,9223372036854775807))
Edge(77106,408895,(3,9223372036854775807))
Edge(77292,225655,(3,9223372036854775807))
Edge(77760,309928,(3,9223372036854775807))
Edge(77869,457744,(3,9223372036854775807))
Edge(78520,336965,(3,9223372036854775807))
Edge(78759,167042,(3,9223372036854775807))
Edge(78874,285223,(3,9223372036854775807))
Edge(78989,461106,(1,9223372036854775807))
Edge(78997,440274,(1,9223372036854775807))
Edge(79161,399747,(3,9223372036854775807))
Edge(79231,227954,(3,9223372036854775807))
Edge(79262,182266,(4,9223372036854775807))
Edge(79679,459718,(3,9223372036854775807))
Edge(79700,438419,(1,3))
Edge(79733,267543,(3,9223372036854775807))
Edge(79949,31943,(3,9223372036854775807))
Edge(80136,276167,(3,9223372036854775807))
Edge(80261,391789,(3,9223372036854775807))
Edge(80281,331228,(1,9223372036854775807))
Edge(80730,242429,(3,9223372036854775807))
Edge(81080,377158,(1,9223372036854775807))
Edge(81358,405550,(3,9223372036854775807))
Edge(81499,401384,(3,9223372036854775807))
Edge(81630,141520,(3,9223372036854775807))
Edge(81988,176034,(3,9223372036854775807))
Edge(82239,209133,(3,9223372036854775807))
Edge(82280,2781,(4,9223372036854775807))
Edge(82659,68730,(3,9223372036854775807))
Edge(82718,87681,(3,9223372036854775807))
Edge(83449,353890,(3,9223372036854775807))
Edge(83695,34375,(3,9223372036854775807))
Edge(83760,451014,(3,9223372036854775807))
Edge(85059,342013,(1,3))
Edge(85473,205523,(3,9223372036854775807))
Edge(85838,240420,(3,9223372036854775807))
Edge(85893,249141,(3,9223372036854775807))
Edge(86356,157791,(3,9223372036854775807))
Edge(86461,385732,(3,9223372036854775807))
Edge(86802,327548,(1,9223372036854775807))
Edge(87208,144369,(3,9223372036854775807))
Edge(87354,406158,(3,9223372036854775807))
Edge(87550,475795,(3,9223372036854775807))
Edge(87856,429069,(3,9223372036854775807))
Edge(88162,84776,(1,9223372036854775807))
Edge(88186,403910,(3,9223372036854775807))
Edge(88228,269345,(3,9223372036854775807))
Edge(88240,215389,(3,9223372036854775807))
Edge(88498,407368,(3,9223372036854775807))
Edge(88682,162940,(3,9223372036854775807))
Edge(88826,322133,(3,9223372036854775807))
Edge(88926,28869,(3,9223372036854775807))
Edge(88958,478644,(3,9223372036854775807))
Edge(89379,111485,(3,9223372036854775807))
Edge(89583,286831,(3,9223372036854775807))
Edge(89780,327702,(3,9223372036854775807))
Edge(89793,50435,(3,9223372036854775807))
Edge(89929,112135,(3,9223372036854775807))
Edge(89953,287024,(3,9223372036854775807))
Edge(90323,393442,(3,9223372036854775807))
Edge(90663,455088,(3,9223372036854775807))
Edge(91346,52715,(3,9223372036854775807))
Edge(91416,107581,(1,3))
Edge(91481,293862,(1,9223372036854775807))
Edge(92857,462054,(3,9223372036854775807))
Edge(92920,156583,(3,9223372036854775807))
Edge(93144,47104,(3,9223372036854775807))
Edge(93798,174880,(3,9223372036854775807))
Edge(94595,389362,(1,3))
Edge(94841,221267,(3,9223372036854775807))
Edge(96703,252091,(1,9223372036854775807))
Edge(96749,368170,(3,9223372036854775807))
Edge(96863,93267,(3,9223372036854775807))
Edge(97137,18080,(3,9223372036854775807))
Edge(97326,469126,(3,9223372036854775807))
Edge(97480,367134,(3,9223372036854775807))
Edge(97639,480892,(3,9223372036854775807))
Edge(98251,420434,(3,9223372036854775807))
Edge(98394,388723,(3,9223372036854775807))
Edge(98947,274475,(3,9223372036854775807))
Edge(99202,282091,(3,9223372036854775807))
Edge(99292,18429,(3,9223372036854775807))
Edge(99384,492101,(3,9223372036854775807))
Edge(100555,70335,(3,9223372036854775807))
Edge(100879,439994,(3,9223372036854775807))
Edge(102337,175164,(1,3))
Edge(102494,458999,(3,9223372036854775807))
Edge(102839,494584,(3,9223372036854775807))
Edge(102949,248086,(1,9223372036854775807))
Edge(103711,386839,(3,9223372036854775807))
Edge(103854,201769,(1,3))
Edge(104269,266459,(3,9223372036854775807))
Edge(104536,490917,(1,3))
Edge(104932,64248,(3,9223372036854775807))
Edge(105515,313584,(3,9223372036854775807))
Edge(105846,223228,(3,9223372036854775807))
Edge(105875,354521,(3,9223372036854775807))
Edge(105977,367560,(1,9223372036854775807))
Edge(106012,368443,(3,9223372036854775807))
Edge(106246,150629,(3,9223372036854775807))
Edge(107050,344057,(1,3))
Edge(107127,464998,(3,9223372036854775807))
Edge(107354,97262,(3,9223372036854775807))
Edge(107710,330452,(3,9223372036854775807))
Edge(107831,271947,(3,9223372036854775807))
Edge(107939,497128,(3,9223372036854775807))
Edge(108311,143990,(3,9223372036854775807))
Edge(108517,480558,(3,9223372036854775807))
Edge(109139,450940,(3,9223372036854775807))
Edge(109178,281275,(3,9223372036854775807))
Edge(109982,351754,(1,9223372036854775807))
Edge(110147,437577,(3,9223372036854775807))
Edge(110715,378534,(1,9223372036854775807))
Edge(110824,267387,(3,9223372036854775807))
Edge(110855,84135,(3,9223372036854775807))
Edge(111139,495334,(3,9223372036854775807))
Edge(111408,308491,(3,9223372036854775807))
Edge(111459,307125,(1,9223372036854775807))
Edge(112104,69980,(3,9223372036854775807))
Edge(112169,334511,(1,9223372036854775807))
Edge(112186,301221,(3,9223372036854775807))
Edge(112440,17710,(3,9223372036854775807))
Edge(112654,218492,(3,9223372036854775807))
Edge(113119,207713,(3,9223372036854775807))
Edge(113208,308345,(3,9223372036854775807))
Edge(113433,381671,(3,9223372036854775807))
Edge(113435,332198,(1,3))
Edge(113780,120995,(1,9223372036854775807))
Edge(113918,287242,(3,9223372036854775807))
Edge(114070,385030,(3,9223372036854775807))
Edge(114309,233032,(3,9223372036854775807))
Edge(114754,440353,(3,9223372036854775807))
Edge(114780,183036,(3,9223372036854775807))
Edge(115110,354056,(1,9223372036854775807))
Edge(115112,95478,(3,9223372036854775807))
Edge(115156,77867,(3,9223372036854775807))
Edge(115166,410935,(1,9223372036854775807))
Edge(115463,167406,(3,9223372036854775807))
Edge(116049,376215,(3,9223372036854775807))
Edge(116478,12315,(3,9223372036854775807))
Edge(116687,169837,(3,9223372036854775807))
Edge(116749,460797,(3,9223372036854775807))
Edge(117061,473138,(3,9223372036854775807))
Edge(117444,135084,(3,9223372036854775807))
Edge(118076,283507,(3,9223372036854775807))
Edge(118369,414878,(1,9223372036854775807))
Edge(118428,25083,(1,9223372036854775807))
Edge(118459,388788,(1,3))
Edge(118694,494743,(3,9223372036854775807))
Edge(118856,254466,(3,9223372036854775807))
Edge(119162,62585,(1,9223372036854775807))
Edge(119261,348784,(3,9223372036854775807))
Edge(119703,197054,(1,9223372036854775807))
Edge(120044,396352,(1,3))
Edge(120195,247509,(3,9223372036854775807))
Edge(120277,489937,(3,9223372036854775807))
Edge(120623,107414,(3,9223372036854775807))
Edge(120664,297264,(3,9223372036854775807))
Edge(120958,15524,(1,9223372036854775807))
Edge(121069,292249,(3,9223372036854775807))
Edge(121397,283263,(3,9223372036854775807))
Edge(121646,221531,(3,9223372036854775807))
Edge(122100,151985,(1,9223372036854775807))
Edge(122250,476807,(3,9223372036854775807))
Edge(122555,76905,(3,9223372036854775807))
Edge(122562,200897,(1,9223372036854775807))
Edge(122594,400762,(3,9223372036854775807))
Edge(122689,210089,(3,9223372036854775807))
Edge(123157,189866,(3,9223372036854775807))
Edge(123214,42344,(3,9223372036854775807))
Edge(123645,473845,(1,9223372036854775807))
Edge(123774,243620,(3,9223372036854775807))
Edge(123989,241854,(3,9223372036854775807))
Edge(124049,181786,(3,9223372036854775807))
Edge(124642,212875,(1,3))
Edge(124924,386227,(3,9223372036854775807))
Edge(125171,458568,(3,9223372036854775807))
Edge(125240,406303,(3,9223372036854775807))
Edge(125280,81668,(1,9223372036854775807))
Edge(125285,267413,(3,9223372036854775807))
Edge(125459,212026,(3,9223372036854775807))
Edge(125478,329848,(1,9223372036854775807))
Edge(125895,262905,(3,9223372036854775807))
Edge(125973,487800,(3,9223372036854775807))
Edge(126261,407976,(3,9223372036854775807))
Edge(126422,388292,(3,9223372036854775807))
Edge(126751,405119,(3,9223372036854775807))
Edge(127025,289466,(3,9223372036854775807))
Edge(127244,30298,(3,9223372036854775807))
Edge(127583,85453,(3,9223372036854775807))
Edge(127594,619,(1,3))
Edge(127747,25346,(3,9223372036854775807))
Edge(127765,203961,(3,9223372036854775807))
Edge(127940,110040,(3,9223372036854775807))
Edge(128655,122981,(3,9223372036854775807))
Edge(129276,360098,(1,9223372036854775807))
Edge(129479,497148,(3,9223372036854775807))
Edge(130239,331793,(3,9223372036854775807))
Edge(130254,429641,(3,9223372036854775807))
Edge(130404,468329,(3,9223372036854775807))
Edge(130421,38395,(3,9223372036854775807))
Edge(130473,374668,(3,9223372036854775807))
Edge(130497,82746,(3,9223372036854775807))
Edge(130916,492230,(3,9223372036854775807))
Edge(131155,367744,(3,9223372036854775807))
Edge(132242,295932,(3,9223372036854775807))
Edge(132339,430141,(3,9223372036854775807))
Edge(133057,129659,(3,9223372036854775807))
Edge(133140,123878,(1,9223372036854775807))
Edge(133225,327755,(1,9223372036854775807))
Edge(133544,116309,(3,9223372036854775807))
Edge(133875,35524,(3,9223372036854775807))
Edge(134045,466311,(3,9223372036854775807))
Edge(134102,327628,(3,9223372036854775807))
Edge(134258,75095,(1,9223372036854775807))
Edge(134510,418109,(3,9223372036854775807))
Edge(134547,409346,(3,9223372036854775807))
Edge(134699,285701,(3,9223372036854775807))
Edge(134843,448809,(3,9223372036854775807))
Edge(135014,136828,(3,9223372036854775807))
Edge(135069,18747,(3,9223372036854775807))
Edge(135270,367601,(3,9223372036854775807))
Edge(135500,446362,(1,9223372036854775807))
Edge(135615,308054,(3,9223372036854775807))
Edge(135947,183047,(3,9223372036854775807))
Edge(136123,137772,(3,9223372036854775807))
Edge(136800,479932,(1,9223372036854775807))
Edge(136983,109462,(3,9223372036854775807))
Edge(137090,429025,(3,9223372036854775807))
Edge(137375,484631,(3,9223372036854775807))
Edge(137469,496867,(3,9223372036854775807))
Edge(137669,442837,(1,9223372036854775807))
Edge(138203,115215,(3,9223372036854775807))
Edge(139061,415887,(3,9223372036854775807))
Edge(139078,285813,(3,9223372036854775807))
Edge(139134,357061,(3,9223372036854775807))
Edge(139213,327475,(3,9223372036854775807))
Edge(139365,21414,(3,9223372036854775807))
Edge(139776,460535,(3,9223372036854775807))
Edge(140825,110768,(3,9223372036854775807))
Edge(141405,106024,(1,3))
Edge(141556,179265,(3,9223372036854775807))
Edge(141687,32332,(3,9223372036854775807))
Edge(141743,370840,(3,9223372036854775807))
Edge(142271,286184,(3,9223372036854775807))
Edge(142446,403483,(3,9223372036854775807))
Edge(142846,438237,(1,9223372036854775807))
Edge(143207,468148,(1,9223372036854775807))
Edge(143386,280373,(3,9223372036854775807))
Edge(143546,470497,(3,9223372036854775807))
Edge(143772,72620,(3,9223372036854775807))
Edge(144260,58796,(1,9223372036854775807))
Edge(145100,411197,(3,9223372036854775807))
Edge(145290,443429,(1,9223372036854775807))
Edge(145602,6473,(3,9223372036854775807))
Edge(146983,373075,(3,9223372036854775807))
Edge(147995,81538,(3,9223372036854775807))
Edge(148201,362311,(1,9223372036854775807))
Edge(148561,343942,(1,9223372036854775807))
Edge(148658,205103,(3,9223372036854775807))
Edge(149120,168224,(1,3))
Edge(149218,153593,(3,9223372036854775807))
Edge(149512,57405,(1,3))
Edge(150183,261117,(3,9223372036854775807))
Edge(150236,251750,(3,9223372036854775807))
Edge(150802,309815,(3,9223372036854775807))
Edge(151103,125160,(1,9223372036854775807))
Edge(151289,423881,(3,9223372036854775807))
Edge(151334,415607,(3,9223372036854775807))
Edge(152067,231875,(3,9223372036854775807))
Edge(152312,98349,(3,9223372036854775807))
Edge(152545,248379,(3,9223372036854775807))
Edge(152554,197086,(3,9223372036854775807))
Edge(152848,63905,(3,9223372036854775807))
Edge(153546,221273,(1,9223372036854775807))
Edge(153837,141733,(3,9223372036854775807))
Edge(153915,298753,(1,3))
Edge(154210,443779,(3,9223372036854775807))
Edge(154679,68070,(1,9223372036854775807))
Edge(154857,209083,(1,3))
Edge(155642,43138,(1,9223372036854775807))
Edge(155777,305669,(3,9223372036854775807))
Edge(156393,146964,(3,9223372036854775807))
Edge(156539,57843,(3,9223372036854775807))
Edge(156824,94324,(3,9223372036854775807))
Edge(157166,97002,(3,9223372036854775807))
Edge(157212,397614,(3,9223372036854775807))
Edge(157380,147878,(1,9223372036854775807))
Edge(157887,211063,(3,9223372036854775807))
Edge(158376,239090,(1,9223372036854775807))
Edge(158517,345713,(3,9223372036854775807))
Edge(158725,173148,(3,9223372036854775807))
Edge(158858,123188,(3,9223372036854775807))
Edge(159038,443139,(3,9223372036854775807))
Edge(159126,31318,(3,9223372036854775807))
Edge(159141,171946,(3,9223372036854775807))
Edge(159184,95106,(3,9223372036854775807))
Edge(159237,149896,(3,9223372036854775807))
Edge(159512,127877,(3,9223372036854775807))
Edge(160090,281025,(3,9223372036854775807))
Edge(160123,415093,(3,9223372036854775807))
Edge(160812,405444,(3,9223372036854775807))
Edge(160950,49719,(1,9223372036854775807))
Edge(161546,193975,(1,3))
Edge(162562,121277,(3,9223372036854775807))
Edge(162949,292704,(3,9223372036854775807))
Edge(163070,90459,(1,9223372036854775807))
Edge(163974,407217,(1,9223372036854775807))
Edge(164781,424268,(3,9223372036854775807))
Edge(165135,307099,(1,9223372036854775807))
Edge(165164,234652,(3,9223372036854775807))
Edge(165300,39859,(3,9223372036854775807))
Edge(165411,6523,(3,9223372036854775807))
Edge(165550,325621,(3,9223372036854775807))
Edge(165627,357133,(3,9223372036854775807))
Edge(165777,226975,(3,9223372036854775807))
Edge(165818,215464,(3,9223372036854775807))
Edge(166289,181075,(3,9223372036854775807))
Edge(166842,19505,(3,9223372036854775807))
Edge(167505,42561,(3,9223372036854775807))
Edge(167585,71493,(3,9223372036854775807))
Edge(167710,128498,(3,9223372036854775807))
Edge(167964,411786,(3,9223372036854775807))
Edge(168019,306014,(3,9223372036854775807))
Edge(168033,171355,(3,9223372036854775807))
Edge(168163,305970,(3,9223372036854775807))
Edge(168186,298287,(1,9223372036854775807))
Edge(168670,165930,(3,9223372036854775807))
Edge(168839,82638,(3,9223372036854775807))
Edge(168861,403697,(3,9223372036854775807))
Edge(169096,190589,(3,9223372036854775807))
Edge(169105,39220,(3,9223372036854775807))
Edge(169588,144321,(3,9223372036854775807))
Edge(169647,493009,(1,9223372036854775807))
Edge(169688,347996,(3,9223372036854775807))
Edge(170218,138632,(3,9223372036854775807))
Edge(170399,486743,(3,9223372036854775807))
Edge(170471,319499,(1,9223372036854775807))
Edge(170833,445448,(3,9223372036854775807))
Edge(171003,7398,(3,9223372036854775807))
Edge(171061,465148,(3,9223372036854775807))
Edge(171290,313543,(3,9223372036854775807))
Edge(171498,271093,(3,9223372036854775807))
Edge(171796,357730,(3,9223372036854775807))
Edge(171850,104475,(1,9223372036854775807))
Edge(171889,221865,(3,9223372036854775807))
Edge(172725,329610,(3,9223372036854775807))
Edge(172822,476911,(3,9223372036854775807))
Edge(173016,203075,(3,9223372036854775807))
Edge(173231,158668,(3,9223372036854775807))
Edge(173512,485692,(3,9223372036854775807))
Edge(173719,23274,(3,9223372036854775807))
Edge(173984,481204,(1,9223372036854775807))
Edge(174115,147547,(3,9223372036854775807))
Edge(174159,22006,(3,9223372036854775807))
Edge(174311,252329,(1,9223372036854775807))
Edge(174772,361658,(3,9223372036854775807))
Edge(174818,256464,(1,9223372036854775807))
Edge(174898,329289,(3,9223372036854775807))
Edge(174974,440158,(3,9223372036854775807))
Edge(175761,216282,(1,9223372036854775807))
Edge(175908,72552,(3,9223372036854775807))
Edge(176358,167229,(3,9223372036854775807))
Edge(176494,101289,(3,9223372036854775807))
Edge(177057,112252,(3,9223372036854775807))
Edge(178335,446085,(1,3))
Edge(178534,126481,(3,9223372036854775807))
Edge(178793,109366,(3,9223372036854775807))
Edge(178922,463596,(3,9223372036854775807))
Edge(179142,15679,(3,9223372036854775807))
Edge(179261,381856,(3,9223372036854775807))
Edge(179415,437145,(3,9223372036854775807))
Edge(179627,345105,(1,9223372036854775807))
Edge(179767,181068,(1,3))
Edge(180041,317087,(1,9223372036854775807))
Edge(180420,213574,(1,9223372036854775807))
Edge(180553,204983,(3,9223372036854775807))
Edge(180963,273530,(3,9223372036854775807))
Edge(181028,381822,(1,3))
Edge(181216,80260,(3,9223372036854775807))
Edge(181296,267826,(3,9223372036854775807))
Edge(182046,294701,(3,9223372036854775807))
Edge(182472,776,(1,3))
Edge(182487,214667,(1,9223372036854775807))
Edge(182529,418108,(3,9223372036854775807))
Edge(183316,204992,(1,9223372036854775807))
Edge(183432,411429,(1,9223372036854775807))
Edge(183475,449549,(3,9223372036854775807))
Edge(184004,116113,(3,9223372036854775807))
Edge(184083,467017,(3,9223372036854775807))
Edge(184164,234823,(1,3))
Edge(184748,461376,(3,9223372036854775807))
Edge(184814,353941,(3,9223372036854775807))
Edge(184818,342176,(3,9223372036854775807))
Edge(185088,64580,(3,9223372036854775807))
Edge(186177,241965,(3,9223372036854775807))
Edge(186321,366107,(3,9223372036854775807))
Edge(186425,450736,(1,3))
Edge(186444,486833,(3,9223372036854775807))
Edge(186511,239560,(3,9223372036854775807))
Edge(186667,157677,(3,9223372036854775807))
Edge(186928,91893,(3,9223372036854775807))
Edge(187143,116148,(3,9223372036854775807))
Edge(187856,123807,(1,9223372036854775807))
Edge(188382,121142,(3,9223372036854775807))
Edge(188533,110422,(3,9223372036854775807))
Edge(188629,458760,(3,9223372036854775807))
Edge(189214,349641,(3,9223372036854775807))
Edge(189548,895,(1,9223372036854775807))
Edge(189724,216185,(1,9223372036854775807))
Edge(190504,393597,(1,3))
Edge(190691,320680,(3,9223372036854775807))
Edge(190776,98387,(3,9223372036854775807))
Edge(191053,57078,(1,9223372036854775807))
Edge(191102,163077,(3,9223372036854775807))
Edge(191288,313675,(1,9223372036854775807))
Edge(191352,223328,(1,9223372036854775807))
Edge(191445,478132,(1,3))
Edge(191532,459666,(1,3))
Edge(191847,283848,(3,9223372036854775807))
Edge(192196,485655,(3,9223372036854775807))
Edge(192256,417708,(1,9223372036854775807))
Edge(192308,334764,(3,9223372036854775807))
Edge(193609,392970,(3,9223372036854775807))
Edge(193663,235932,(3,9223372036854775807))
Edge(193870,392393,(3,9223372036854775807))
Edge(194148,160904,(3,9223372036854775807))
Edge(194629,133292,(3,9223372036854775807))
Edge(194710,196615,(3,9223372036854775807))
Edge(195129,228583,(3,9223372036854775807))
Edge(195198,188175,(3,9223372036854775807))
Edge(196013,324384,(3,9223372036854775807))
Edge(196029,317685,(3,9223372036854775807))
Edge(196115,28580,(1,3))
Edge(196586,240771,(3,9223372036854775807))
Edge(196920,498800,(3,9223372036854775807))
Edge(196969,462100,(3,9223372036854775807))
Edge(197023,474961,(3,9223372036854775807))
Edge(197747,139780,(3,9223372036854775807))
Edge(198087,147446,(3,9223372036854775807))
Edge(198185,189011,(3,9223372036854775807))
Edge(198404,406874,(3,9223372036854775807))
Edge(198465,103789,(3,9223372036854775807))
Edge(198715,340898,(3,9223372036854775807))
Edge(198941,374879,(1,3))
Edge(199605,296507,(3,9223372036854775807))
Edge(199666,409962,(3,9223372036854775807))
Edge(199686,357436,(3,9223372036854775807))
Edge(200000,154021,(3,9223372036854775807))
Edge(200155,180186,(3,9223372036854775807))
Edge(200286,209777,(3,9223372036854775807))
Edge(200466,404112,(1,3))
Edge(200558,414216,(3,9223372036854775807))
Edge(200950,202989,(3,9223372036854775807))
Edge(201074,168705,(3,9223372036854775807))
Edge(201274,417533,(3,9223372036854775807))
Edge(201559,270186,(3,9223372036854775807))
Edge(201939,154856,(3,9223372036854775807))
Edge(202110,249474,(3,9223372036854775807))
Edge(202234,88394,(3,9223372036854775807))
Edge(202339,70732,(3,9223372036854775807))
Edge(203384,432652,(3,9223372036854775807))
Edge(203401,494462,(3,9223372036854775807))
Edge(203446,218479,(3,9223372036854775807))
Edge(203945,328545,(1,3))
Edge(204254,447553,(3,9223372036854775807))
Edge(204388,428654,(3,9223372036854775807))
Edge(204602,323824,(3,9223372036854775807))
Edge(204765,241522,(3,9223372036854775807))
Edge(204842,190979,(3,9223372036854775807))
Edge(205063,93993,(3,9223372036854775807))
Edge(205225,441999,(3,9223372036854775807))
Edge(205332,346015,(3,9223372036854775807))
Edge(205489,366065,(3,9223372036854775807))
Edge(205573,306382,(1,3))
Edge(206396,92168,(3,9223372036854775807))
Edge(206807,120601,(1,3))
Edge(206942,432855,(3,9223372036854775807))
Edge(207281,320993,(3,9223372036854775807))
Edge(207560,419814,(3,9223372036854775807))
Edge(207702,222891,(3,9223372036854775807))
Edge(207895,97354,(3,9223372036854775807))
Edge(207924,176545,(1,9223372036854775807))
Edge(208000,496714,(3,9223372036854775807))
Edge(208157,33941,(3,9223372036854775807))
Edge(208449,257722,(3,9223372036854775807))
Edge(209571,462524,(3,9223372036854775807))
Edge(210051,414141,(3,9223372036854775807))
Edge(210129,444476,(3,9223372036854775807))
Edge(210135,267160,(3,9223372036854775807))
Edge(210149,324872,(3,9223372036854775807))
Edge(210378,249280,(3,9223372036854775807))
Edge(210539,357812,(3,9223372036854775807))
Edge(210740,136006,(3,9223372036854775807))
Edge(210845,4542,(3,9223372036854775807))
Edge(211078,38559,(1,3))
Edge(211166,46176,(3,9223372036854775807))
Edge(211480,189661,(1,9223372036854775807))
Edge(211736,88079,(3,9223372036854775807))
Edge(211839,130689,(3,9223372036854775807))
Edge(212032,466538,(3,9223372036854775807))
Edge(212282,143876,(3,9223372036854775807))
Edge(212484,25989,(3,9223372036854775807))
Edge(212968,479220,(3,9223372036854775807))
Edge(212971,143966,(1,9223372036854775807))
Edge(213185,137124,(3,9223372036854775807))
Edge(213296,288174,(3,9223372036854775807))
Edge(213407,180680,(3,9223372036854775807))
Edge(213462,347054,(1,3))
Edge(213665,444947,(3,9223372036854775807))
Edge(213799,429083,(3,9223372036854775807))
Edge(213915,344618,(3,9223372036854775807))
Edge(213953,259642,(3,9223372036854775807))
Edge(214290,88532,(3,9223372036854775807))
Edge(214481,102811,(3,9223372036854775807))
Edge(214791,208820,(3,9223372036854775807))
Edge(214983,307390,(3,9223372036854775807))
Edge(215027,61200,(3,9223372036854775807))
Edge(215119,400984,(3,9223372036854775807))
Edge(215467,256677,(3,9223372036854775807))
Edge(217164,470034,(3,9223372036854775807))
Edge(217783,206107,(3,9223372036854775807))
Edge(217919,417550,(1,9223372036854775807))
Edge(218103,258171,(3,9223372036854775807))
Edge(218351,258678,(3,9223372036854775807))
Edge(218857,12472,(1,9223372036854775807))
Edge(219398,355798,(1,3))
Edge(219593,187050,(3,9223372036854775807))
Edge(219795,267536,(1,9223372036854775807))
Edge(219822,235456,(1,9223372036854775807))
Edge(219836,351817,(3,9223372036854775807))
Edge(220334,188512,(3,9223372036854775807))
Edge(220348,318154,(3,9223372036854775807))
Edge(220566,306952,(3,9223372036854775807))
Edge(220698,218774,(1,9223372036854775807))
Edge(220951,118464,(1,9223372036854775807))
Edge(220970,155155,(3,9223372036854775807))
Edge(221080,466075,(1,9223372036854775807))
Edge(221473,345060,(1,9223372036854775807))
Edge(221764,303062,(3,9223372036854775807))
Edge(221966,290794,(3,9223372036854775807))
Edge(221974,71655,(3,9223372036854775807))
Edge(222522,300350,(1,3))
Edge(223068,142346,(1,9223372036854775807))
Edge(223088,95058,(3,9223372036854775807))
Edge(223859,112447,(3,9223372036854775807))
Edge(224040,135338,(3,9223372036854775807))
Edge(224271,95843,(3,9223372036854775807))
Edge(225138,423609,(3,9223372036854775807))
Edge(225224,137189,(3,9223372036854775807))
Edge(225617,468215,(3,9223372036854775807))
Edge(227025,192190,(3,9223372036854775807))
Edge(227421,308392,(3,9223372036854775807))
Edge(227720,406406,(3,9223372036854775807))
Edge(228025,474177,(3,9223372036854775807))
Edge(228725,321614,(3,9223372036854775807))
Edge(229365,266529,(1,9223372036854775807))
Edge(229608,227151,(3,9223372036854775807))
Edge(229922,12656,(3,9223372036854775807))
Edge(230017,336273,(1,9223372036854775807))
Edge(230432,172323,(3,9223372036854775807))
Edge(230574,37516,(3,9223372036854775807))
Edge(230700,31911,(3,9223372036854775807))
Edge(230707,313466,(1,9223372036854775807))
Edge(231029,440497,(3,9223372036854775807))
Edge(231776,39071,(3,9223372036854775807))
Edge(232052,246835,(3,9223372036854775807))
Edge(232377,349571,(3,9223372036854775807))
Edge(232460,130196,(3,9223372036854775807))
Edge(233089,337747,(1,9223372036854775807))
Edge(233229,264031,(3,9223372036854775807))
Edge(233377,41515,(3,9223372036854775807))
Edge(233401,351133,(1,3))
Edge(233407,364368,(3,9223372036854775807))
Edge(234101,460721,(3,9223372036854775807))
Edge(234428,486376,(3,9223372036854775807))
Edge(235348,950,(1,9223372036854775807))
Edge(235415,236778,(3,9223372036854775807))
Edge(235604,229680,(1,9223372036854775807))
Edge(235820,198893,(3,9223372036854775807))
Edge(236142,137072,(1,3))
Edge(236233,258073,(3,9223372036854775807))
Edge(236541,226206,(1,9223372036854775807))
Edge(236667,426215,(4,9223372036854775807))
Edge(236905,55481,(3,9223372036854775807))
Edge(236920,492961,(3,9223372036854775807))
Edge(237208,346587,(1,9223372036854775807))
Edge(237918,111351,(3,9223372036854775807))
Edge(238008,70563,(1,3))
Edge(238403,407504,(3,9223372036854775807))
Edge(238767,466348,(3,9223372036854775807))
Edge(238787,95551,(3,9223372036854775807))
Edge(239120,130710,(1,9223372036854775807))
Edge(239606,184991,(3,9223372036854775807))
Edge(239651,458290,(3,9223372036854775807))
Edge(239774,182527,(3,9223372036854775807))
Edge(239800,452751,(3,9223372036854775807))
Edge(240614,75143,(3,9223372036854775807))
Edge(240824,385528,(1,3))
Edge(240909,487967,(3,9223372036854775807))
Edge(240958,391866,(3,9223372036854775807))
Edge(241032,160614,(3,9223372036854775807))
Edge(241076,434406,(3,9223372036854775807))
Edge(241183,202610,(3,9223372036854775807))
Edge(241606,314973,(3,9223372036854775807))
Edge(241865,432023,(3,9223372036854775807))
Edge(242252,119328,(3,9223372036854775807))
Edge(242795,207794,(3,9223372036854775807))
Edge(242799,246586,(3,9223372036854775807))
Edge(242859,179060,(3,9223372036854775807))
Edge(242943,346859,(3,9223372036854775807))
Edge(243073,206651,(3,9223372036854775807))
Edge(243076,143755,(3,9223372036854775807))
Edge(243403,267197,(3,9223372036854775807))
Edge(243643,32498,(1,9223372036854775807))
Edge(243794,438296,(3,9223372036854775807))
Edge(244152,424852,(3,9223372036854775807))
Edge(244257,432712,(3,9223372036854775807))
Edge(245211,272634,(3,9223372036854775807))
Edge(245757,459284,(3,9223372036854775807))
Edge(246090,264267,(3,9223372036854775807))
Edge(246146,153311,(3,9223372036854775807))
Edge(246425,368593,(3,9223372036854775807))
Edge(246882,443502,(3,9223372036854775807))
Edge(247724,159959,(3,9223372036854775807))
Edge(248045,22533,(3,9223372036854775807))
Edge(248100,138513,(3,9223372036854775807))
Edge(249061,54089,(1,3))
Edge(249123,158144,(3,9223372036854775807))
Edge(249128,171897,(3,9223372036854775807))
Edge(249364,263194,(3,9223372036854775807))
Edge(249607,82072,(1,3))
Edge(249710,95609,(3,9223372036854775807))
Edge(249983,96000,(3,9223372036854775807))
Edge(250438,438417,(1,9223372036854775807))
Edge(250528,17919,(3,9223372036854775807))
Edge(250673,151716,(3,9223372036854775807))
Edge(250964,88223,(3,9223372036854775807))
Edge(251198,308759,(3,9223372036854775807))
Edge(251585,143143,(1,9223372036854775807))
Edge(252599,379265,(3,9223372036854775807))
Edge(252733,92916,(3,9223372036854775807))
Edge(252807,496135,(3,9223372036854775807))
Edge(252847,350611,(3,9223372036854775807))
Edge(252923,220536,(3,9223372036854775807))
Edge(253332,497493,(3,9223372036854775807))
Edge(253764,107217,(1,3))
Edge(255099,13862,(3,9223372036854775807))
Edge(255692,72421,(3,9223372036854775807))
Edge(255751,633,(1,3))
Edge(256189,37257,(3,9223372036854775807))
Edge(256534,434210,(3,9223372036854775807))
Edge(256922,466604,(3,9223372036854775807))
Edge(257031,496425,(3,9223372036854775807))
Edge(257619,236799,(3,9223372036854775807))
Edge(258039,445088,(3,9223372036854775807))
Edge(258066,307623,(3,9223372036854775807))
Edge(258637,50077,(3,9223372036854775807))
Edge(258710,177947,(3,9223372036854775807))
Edge(259625,498455,(3,9223372036854775807))
Edge(260047,30937,(3,9223372036854775807))
Edge(260297,323347,(1,9223372036854775807))
Edge(260323,480339,(3,9223372036854775807))
Edge(260564,322852,(3,9223372036854775807))
Edge(260933,426704,(1,9223372036854775807))
Edge(262139,479826,(3,9223372036854775807))
Edge(262331,419059,(3,9223372036854775807))
Edge(262690,367958,(1,9223372036854775807))
Edge(263499,476274,(3,9223372036854775807))
Edge(263608,429486,(3,9223372036854775807))
Edge(263748,284818,(3,9223372036854775807))
Edge(263902,371110,(3,9223372036854775807))
Edge(263943,259317,(3,9223372036854775807))
Edge(263965,408152,(3,9223372036854775807))
Edge(264074,392475,(3,9223372036854775807))
Edge(264092,362707,(3,9223372036854775807))
Edge(264298,23208,(1,9223372036854775807))
Edge(264401,255204,(3,9223372036854775807))
Edge(264923,99089,(3,9223372036854775807))
Edge(264987,298477,(3,9223372036854775807))
Edge(265677,446395,(3,9223372036854775807))
Edge(266075,219341,(3,9223372036854775807))
Edge(266557,177426,(3,9223372036854775807))
Edge(267002,436505,(3,9223372036854775807))
Edge(267162,273683,(3,9223372036854775807))
Edge(268391,161693,(3,9223372036854775807))
Edge(268632,201879,(3,9223372036854775807))
Edge(268762,147899,(3,9223372036854775807))
Edge(269409,492875,(3,9223372036854775807))
Edge(269507,403940,(3,9223372036854775807))
Edge(269787,59366,(3,9223372036854775807))
Edge(269833,316676,(3,9223372036854775807))
Edge(270051,334522,(3,9223372036854775807))
Edge(270863,245020,(3,9223372036854775807))
Edge(271115,161550,(1,3))
Edge(271118,232113,(3,9223372036854775807))
Edge(271370,171544,(3,9223372036854775807))
Edge(271395,456147,(3,9223372036854775807))
Edge(271919,159110,(3,9223372036854775807))
Edge(272459,351824,(3,9223372036854775807))
Edge(272468,159787,(3,9223372036854775807))
Edge(272468,402081,(3,9223372036854775807))
Edge(272894,495691,(1,3))
Edge(272947,143457,(1,3))
Edge(273012,150670,(1,9223372036854775807))
Edge(273014,270032,(3,9223372036854775807))
Edge(273384,97279,(3,9223372036854775807))
Edge(273987,47145,(3,9223372036854775807))
Edge(274030,397205,(1,9223372036854775807))
Edge(274404,199850,(3,9223372036854775807))
Edge(274875,398095,(3,9223372036854775807))
Edge(275696,435879,(3,9223372036854775807))
Edge(275866,82426,(3,9223372036854775807))
Edge(275970,102032,(3,9223372036854775807))
Edge(276102,28718,(3,9223372036854775807))
Edge(276168,206052,(3,9223372036854775807))
Edge(276528,76917,(3,9223372036854775807))
Edge(276697,444234,(1,3))
Edge(276744,34642,(3,9223372036854775807))
Edge(277340,199625,(3,9223372036854775807))
Edge(277472,9129,(1,9223372036854775807))
Edge(277570,198042,(3,9223372036854775807))
Edge(278639,413257,(3,9223372036854775807))
Edge(278769,281642,(3,9223372036854775807))
Edge(278993,322409,(4,9223372036854775807))
Edge(279262,367173,(3,9223372036854775807))
Edge(279854,120422,(1,9223372036854775807))
Edge(279937,439040,(3,9223372036854775807))
Edge(280370,342319,(3,9223372036854775807))
Edge(280822,77296,(1,9223372036854775807))
Edge(280960,199250,(3,9223372036854775807))
Edge(281245,50076,(3,9223372036854775807))
Edge(281967,389651,(3,9223372036854775807))
Edge(282643,192576,(3,9223372036854775807))
Edge(282677,166112,(3,9223372036854775807))
Edge(283354,62727,(3,9223372036854775807))
Edge(283440,150171,(1,9223372036854775807))
Edge(283453,327784,(3,9223372036854775807))
Edge(283594,21894,(3,9223372036854775807))
Edge(284051,90118,(1,3))
Edge(284198,167959,(3,9223372036854775807))
Edge(284233,302574,(3,9223372036854775807))
Edge(284538,281192,(3,9223372036854775807))
Edge(284755,92672,(3,9223372036854775807))
Edge(285021,310057,(3,9223372036854775807))
Edge(285241,111697,(1,9223372036854775807))
Edge(285356,492342,(3,9223372036854775807))
Edge(285739,185873,(1,9223372036854775807))
Edge(285990,420760,(1,3))
Edge(286039,224370,(1,9223372036854775807))
Edge(286075,62030,(1,9223372036854775807))
Edge(286272,475695,(1,9223372036854775807))
Edge(286469,82854,(3,9223372036854775807))
Edge(286518,417910,(1,9223372036854775807))
Edge(286670,428794,(3,9223372036854775807))
Edge(287026,242487,(3,9223372036854775807))
Edge(287467,29681,(3,9223372036854775807))
Edge(287597,290193,(3,9223372036854775807))
Edge(288776,72254,(3,9223372036854775807))
Edge(288974,327911,(3,9223372036854775807))
Edge(289188,85776,(3,9223372036854775807))
Edge(289661,438099,(1,9223372036854775807))
Edge(289710,175105,(1,9223372036854775807))
Edge(289719,428779,(3,9223372036854775807))
Edge(290276,289616,(3,9223372036854775807))
Edge(290543,284952,(3,9223372036854775807))
Edge(290727,86736,(3,9223372036854775807))
Edge(290784,453345,(1,9223372036854775807))
Edge(291160,279862,(3,9223372036854775807))
Edge(291342,114468,(3,9223372036854775807))
Edge(291522,273612,(3,9223372036854775807))
Edge(291552,494944,(3,9223372036854775807))
Edge(291793,344375,(3,9223372036854775807))
Edge(292291,296484,(1,9223372036854775807))
Edge(292406,143242,(1,3))
Edge(292573,259566,(1,9223372036854775807))
Edge(294593,202469,(3,9223372036854775807))
Edge(295291,220243,(3,9223372036854775807))
Edge(296028,66771,(3,9223372036854775807))
Edge(296169,48509,(3,9223372036854775807))
Edge(296593,24675,(1,9223372036854775807))
Edge(296675,17048,(1,9223372036854775807))
Edge(297362,225235,(1,9223372036854775807))
Edge(297448,248118,(1,9223372036854775807))
Edge(297557,155257,(3,9223372036854775807))
Edge(297557,203997,(1,3))
Edge(297876,333141,(3,9223372036854775807))
Edge(298426,136877,(1,9223372036854775807))
Edge(298602,426393,(3,9223372036854775807))
Edge(298818,57748,(3,9223372036854775807))
Edge(298919,268076,(3,9223372036854775807))
Edge(299135,479526,(3,9223372036854775807))
Edge(300048,437958,(3,9223372036854775807))
Edge(300240,114772,(1,3))
Edge(300611,479117,(3,9223372036854775807))
Edge(300986,450755,(3,9223372036854775807))
Edge(301047,423280,(3,9223372036854775807))
Edge(301712,59323,(1,9223372036854775807))
Edge(301769,264716,(3,9223372036854775807))
Edge(302018,262244,(3,9223372036854775807))
Edge(302287,201573,(3,9223372036854775807))
Edge(302434,236212,(1,3))
Edge(302465,419239,(1,9223372036854775807))
Edge(302989,62380,(3,9223372036854775807))
Edge(303144,444842,(3,9223372036854775807))
Edge(303791,192850,(3,9223372036854775807))
Edge(304355,274909,(3,9223372036854775807))
Edge(304499,248087,(3,9223372036854775807))
Edge(304651,472080,(1,9223372036854775807))
Edge(304928,185318,(3,9223372036854775807))
Edge(305129,264062,(3,9223372036854775807))
Edge(305519,37187,(3,9223372036854775807))
Edge(306277,353835,(3,9223372036854775807))
Edge(306310,430758,(3,9223372036854775807))
Edge(306409,69679,(3,9223372036854775807))
Edge(306519,429719,(1,9223372036854775807))
Edge(306579,79977,(3,9223372036854775807))
Edge(306884,229119,(4,9223372036854775807))
Edge(306952,154941,(3,9223372036854775807))
Edge(307316,84089,(1,9223372036854775807))
Edge(307958,319088,(3,9223372036854775807))
Edge(308087,239687,(3,9223372036854775807))
Edge(308286,297556,(3,9223372036854775807))
Edge(308289,428671,(3,9223372036854775807))
Edge(308447,222936,(3,9223372036854775807))
Edge(308637,474027,(3,9223372036854775807))
Edge(308675,465805,(3,9223372036854775807))
Edge(308779,263923,(3,9223372036854775807))
Edge(308955,367638,(3,9223372036854775807))
Edge(308962,234423,(3,9223372036854775807))
Edge(309037,207328,(3,9223372036854775807))
Edge(309204,208961,(3,9223372036854775807))
Edge(309572,470978,(3,9223372036854775807))
Edge(310702,291117,(3,9223372036854775807))
Edge(310731,478932,(1,9223372036854775807))
Edge(311030,348146,(3,9223372036854775807))
Edge(311951,232819,(3,9223372036854775807))
Edge(312161,328470,(4,9223372036854775807))
Edge(312390,73764,(3,9223372036854775807))
Edge(312754,84622,(3,9223372036854775807))
Edge(312774,307362,(3,9223372036854775807))
Edge(312793,469977,(3,9223372036854775807))
Edge(312902,11696,(1,9223372036854775807))
Edge(312971,66646,(3,9223372036854775807))
Edge(313195,260121,(3,9223372036854775807))
Edge(313304,196240,(3,9223372036854775807))
Edge(314175,337448,(3,9223372036854775807))
Edge(314987,201232,(3,9223372036854775807))
Edge(315375,57430,(1,9223372036854775807))
Edge(315520,99606,(3,9223372036854775807))
Edge(315957,337704,(3,9223372036854775807))
Edge(315975,236710,(3,9223372036854775807))
Edge(316015,414199,(1,9223372036854775807))
Edge(317754,273993,(3,9223372036854775807))
Edge(318023,285503,(3,9223372036854775807))
Edge(318328,312773,(3,9223372036854775807))
Edge(318636,367359,(1,9223372036854775807))
Edge(318733,475759,(1,9223372036854775807))
Edge(319370,443028,(3,9223372036854775807))
Edge(319541,394646,(3,9223372036854775807))
Edge(319568,21167,(1,3))
Edge(319908,213029,(3,9223372036854775807))
Edge(320270,455543,(1,9223372036854775807))
Edge(320372,93890,(3,9223372036854775807))
Edge(320532,122553,(1,9223372036854775807))
Edge(320968,187955,(3,9223372036854775807))
Edge(321040,218641,(3,9223372036854775807))
Edge(322114,347833,(3,9223372036854775807))
Edge(322265,442267,(1,9223372036854775807))
Edge(322967,24970,(3,9223372036854775807))
Edge(323086,469545,(1,9223372036854775807))
Edge(323518,71182,(3,9223372036854775807))
Edge(323722,329271,(3,9223372036854775807))
Edge(324413,13871,(3,9223372036854775807))
Edge(325069,332274,(3,9223372036854775807))
Edge(325312,398488,(1,9223372036854775807))
Edge(325496,262848,(3,9223372036854775807))
Edge(325580,372430,(1,3))
Edge(325905,386546,(3,9223372036854775807))
Edge(326457,362630,(3,9223372036854775807))
Edge(326572,77351,(1,9223372036854775807))
Edge(326683,94291,(3,9223372036854775807))
Edge(326850,46610,(3,9223372036854775807))
Edge(326960,230515,(3,9223372036854775807))
Edge(327052,258503,(1,3))
Edge(327077,82176,(1,9223372036854775807))
Edge(327852,434571,(3,9223372036854775807))
Edge(328039,78106,(1,9223372036854775807))
Edge(328129,132741,(1,9223372036854775807))
Edge(328144,255282,(3,9223372036854775807))
Edge(328512,228414,(3,9223372036854775807))
Edge(329170,455151,(3,9223372036854775807))
Edge(329227,491833,(3,9223372036854775807))
Edge(329302,488049,(1,9223372036854775807))
Edge(329508,461964,(3,9223372036854775807))
Edge(329971,252446,(1,9223372036854775807))
Edge(330328,283462,(1,3))
Edge(330328,399238,(3,9223372036854775807))
Edge(330593,204308,(3,9223372036854775807))
Edge(330897,138923,(1,9223372036854775807))
Edge(331055,91881,(1,9223372036854775807))
Edge(331716,395555,(3,9223372036854775807))
Edge(331793,399898,(3,9223372036854775807))
Edge(332211,313710,(1,9223372036854775807))
Edge(332723,33741,(3,9223372036854775807))
Edge(332986,453593,(1,9223372036854775807))
Edge(333454,158695,(3,9223372036854775807))
Edge(333457,58353,(3,9223372036854775807))
Edge(333587,339528,(3,9223372036854775807))
Edge(334067,120065,(3,9223372036854775807))
Edge(334230,375768,(3,9223372036854775807))
Edge(334263,209329,(3,9223372036854775807))
Edge(334313,359313,(3,9223372036854775807))
Edge(334512,351653,(3,9223372036854775807))
Edge(334585,360918,(3,9223372036854775807))
Edge(334628,65171,(3,9223372036854775807))
Edge(335439,295823,(3,9223372036854775807))
Edge(335610,197502,(3,9223372036854775807))
Edge(335675,7033,(3,9223372036854775807))
Edge(335729,80758,(3,9223372036854775807))
Edge(335751,187441,(3,9223372036854775807))
Edge(336531,228779,(3,9223372036854775807))
Edge(336555,55683,(3,9223372036854775807))
Edge(336825,35732,(3,9223372036854775807))
Edge(337017,16551,(3,9223372036854775807))
Edge(337059,177911,(1,9223372036854775807))
Edge(337196,248777,(3,9223372036854775807))
Edge(337705,332113,(3,9223372036854775807))
Edge(337771,353995,(3,9223372036854775807))
Edge(338001,276087,(3,9223372036854775807))
Edge(338198,32999,(3,9223372036854775807))
Edge(338278,227147,(3,9223372036854775807))
Edge(338496,7533,(3,9223372036854775807))
Edge(338791,121106,(3,9223372036854775807))
Edge(339459,33193,(3,9223372036854775807))
Edge(339506,151422,(1,3))
Edge(339990,144224,(3,9223372036854775807))
Edge(340420,118102,(3,9223372036854775807))
Edge(340736,270217,(1,9223372036854775807))
Edge(341218,176897,(3,9223372036854775807))
Edge(341274,13815,(3,9223372036854775807))
Edge(341387,133997,(3,9223372036854775807))
Edge(341619,222409,(3,9223372036854775807))
Edge(342009,410539,(3,9223372036854775807))
Edge(342158,260226,(3,9223372036854775807))
Edge(342162,111914,(3,9223372036854775807))
Edge(342226,453852,(3,9223372036854775807))
Edge(342633,400879,(1,9223372036854775807))
Edge(342718,70714,(3,9223372036854775807))
Edge(342920,407389,(3,9223372036854775807))
Edge(343009,100367,(1,9223372036854775807))
Edge(343239,68428,(1,3))
Edge(344318,25836,(3,9223372036854775807))
Edge(344659,214802,(3,9223372036854775807))
Edge(344690,440574,(3,9223372036854775807))
Edge(344722,218538,(3,9223372036854775807))
Edge(344745,466117,(3,9223372036854775807))
Edge(345006,57177,(3,9223372036854775807))
Edge(345467,305606,(3,9223372036854775807))
Edge(345579,70418,(3,9223372036854775807))
Edge(345583,393324,(3,9223372036854775807))
Edge(346592,280217,(3,9223372036854775807))
Edge(346654,44615,(1,3))
Edge(346790,157994,(1,3))
Edge(347114,180284,(3,9223372036854775807))
Edge(347735,345402,(3,9223372036854775807))
Edge(347739,336637,(3,9223372036854775807))
Edge(348011,40811,(3,9223372036854775807))
Edge(348512,73009,(3,9223372036854775807))
Edge(348957,375923,(3,9223372036854775807))
Edge(349245,437198,(3,9223372036854775807))
Edge(349438,180286,(3,9223372036854775807))
Edge(349619,165534,(3,9223372036854775807))
Edge(350201,268443,(1,9223372036854775807))
Edge(350345,299430,(3,9223372036854775807))
Edge(350453,422669,(3,9223372036854775807))
Edge(350615,106741,(1,9223372036854775807))
Edge(351007,395860,(3,9223372036854775807))
Edge(351218,217155,(3,9223372036854775807))
Edge(351403,435101,(3,9223372036854775807))
Edge(352066,228562,(3,9223372036854775807))
Edge(352275,472404,(3,9223372036854775807))
Edge(352436,51461,(3,9223372036854775807))
Edge(352672,189521,(3,9223372036854775807))
Edge(352773,403127,(1,9223372036854775807))
Edge(352822,142658,(1,3))
Edge(353298,107196,(1,9223372036854775807))
Edge(353449,97355,(1,3))
Edge(353509,85747,(1,9223372036854775807))
Edge(353775,108736,(3,9223372036854775807))
Edge(353879,185046,(3,9223372036854775807))
Edge(353881,65022,(3,9223372036854775807))
Edge(354151,265163,(3,9223372036854775807))
Edge(354328,468942,(1,9223372036854775807))
Edge(354395,366734,(3,9223372036854775807))
Edge(354496,451373,(3,9223372036854775807))
Edge(354501,478992,(1,9223372036854775807))
Edge(354618,61952,(3,9223372036854775807))
Edge(354848,383424,(3,9223372036854775807))
Edge(355098,475277,(3,9223372036854775807))
Edge(355100,418477,(3,9223372036854775807))
Edge(355128,444049,(3,9223372036854775807))
Edge(355277,281574,(3,9223372036854775807))
Edge(355360,428019,(3,9223372036854775807))
Edge(355528,105388,(3,9223372036854775807))
Edge(355736,256210,(3,9223372036854775807))
Edge(356001,465064,(3,9223372036854775807))
Edge(356568,114921,(3,9223372036854775807))
Edge(356621,118399,(3,9223372036854775807))
Edge(356644,472815,(3,9223372036854775807))
Edge(357016,233733,(3,9223372036854775807))
Edge(357136,55642,(3,9223372036854775807))
Edge(357443,10484,(3,9223372036854775807))
Edge(358245,324365,(1,3))
Edge(358403,107556,(3,9223372036854775807))
Edge(358571,479606,(3,9223372036854775807))
Edge(358595,203252,(1,9223372036854775807))
Edge(358764,49231,(1,9223372036854775807))
Edge(358904,402481,(1,9223372036854775807))
Edge(359233,351292,(1,3))
Edge(359977,445767,(3,9223372036854775807))
Edge(360103,137952,(3,9223372036854775807))
Edge(360153,340694,(1,9223372036854775807))
Edge(360217,204097,(3,9223372036854775807))
Edge(360888,373380,(3,9223372036854775807))
Edge(360897,82987,(1,3))
Edge(361292,263821,(1,9223372036854775807))
Edge(361352,383883,(3,9223372036854775807))
Edge(361506,489033,(1,9223372036854775807))
Edge(361619,117213,(3,9223372036854775807))
Edge(362308,68841,(3,9223372036854775807))
Edge(362513,491281,(3,9223372036854775807))
Edge(362547,149074,(3,9223372036854775807))
Edge(362640,193849,(3,9223372036854775807))
Edge(362976,28082,(3,9223372036854775807))
Edge(363091,271420,(3,9223372036854775807))
Edge(363390,480233,(3,9223372036854775807))
Edge(363621,121340,(3,9223372036854775807))
Edge(363670,267621,(3,9223372036854775807))
Edge(363738,99195,(3,9223372036854775807))
Edge(364321,209911,(3,9223372036854775807))
Edge(364575,435639,(3,9223372036854775807))
Edge(364891,32743,(1,9223372036854775807))
Edge(365454,195672,(3,9223372036854775807))
Edge(365673,26897,(3,9223372036854775807))
Edge(366188,17569,(3,9223372036854775807))
Edge(366335,81774,(3,9223372036854775807))
Edge(367061,47705,(1,9223372036854775807))
Edge(367213,88862,(3,9223372036854775807))
Edge(367306,336655,(1,9223372036854775807))
Edge(367356,327107,(3,9223372036854775807))
Edge(367630,205072,(3,9223372036854775807))
Edge(367879,187187,(3,9223372036854775807))
Edge(367888,221677,(3,9223372036854775807))
Edge(367959,327477,(3,9223372036854775807))
Edge(368050,356430,(3,9223372036854775807))
Edge(368074,266564,(3,9223372036854775807))
Edge(368412,202014,(3,9223372036854775807))
Edge(368693,234642,(3,9223372036854775807))
Edge(368887,438650,(3,9223372036854775807))
Edge(369134,183603,(3,9223372036854775807))
Edge(369256,363259,(3,9223372036854775807))
Edge(369996,43001,(3,9223372036854775807))
Edge(370322,144291,(3,9223372036854775807))
Edge(370930,145277,(1,9223372036854775807))
Edge(370986,405432,(3,9223372036854775807))
Edge(371335,272174,(3,9223372036854775807))
Edge(371425,39100,(3,9223372036854775807))
Edge(371554,407836,(3,9223372036854775807))
Edge(371710,201271,(3,9223372036854775807))
Edge(371896,50814,(1,9223372036854775807))
Edge(371913,491391,(1,9223372036854775807))
Edge(372143,222073,(3,9223372036854775807))
Edge(372542,257931,(3,9223372036854775807))
Edge(372597,230201,(3,9223372036854775807))
Edge(373193,239021,(3,9223372036854775807))
Edge(373258,425275,(3,9223372036854775807))
Edge(373279,280478,(3,9223372036854775807))
Edge(373308,476070,(3,9223372036854775807))
Edge(373365,248810,(3,9223372036854775807))
Edge(373471,360886,(3,9223372036854775807))
Edge(373509,60590,(3,9223372036854775807))
Edge(373569,85459,(3,9223372036854775807))
Edge(374120,335834,(3,9223372036854775807))
Edge(374576,460624,(3,9223372036854775807))
Edge(375147,329556,(1,9223372036854775807))
Edge(375547,153055,(3,9223372036854775807))
Edge(375753,1117,(3,9223372036854775807))
Edge(375761,365708,(3,9223372036854775807))
Edge(376155,401965,(1,3))
Edge(376369,304373,(3,9223372036854775807))
Edge(377104,493316,(3,9223372036854775807))
Edge(377756,285578,(3,9223372036854775807))
Edge(378370,262013,(3,9223372036854775807))
Edge(378483,259626,(1,3))
Edge(378566,360477,(1,3))
Edge(378727,392763,(3,9223372036854775807))
Edge(378876,8006,(3,9223372036854775807))
Edge(378910,261,(3,9223372036854775807))
Edge(378912,62022,(3,9223372036854775807))
Edge(380510,367795,(3,9223372036854775807))
Edge(380583,220992,(3,9223372036854775807))
Edge(380591,152570,(1,9223372036854775807))
Edge(380955,43810,(3,9223372036854775807))
Edge(381107,469071,(3,9223372036854775807))
Edge(381604,76230,(1,3))
Edge(381646,327029,(3,9223372036854775807))
Edge(382116,324549,(3,9223372036854775807))
Edge(382247,162391,(3,9223372036854775807))
Edge(382272,115268,(1,9223372036854775807))
Edge(382292,196509,(3,9223372036854775807))
Edge(382698,427683,(3,9223372036854775807))
Edge(382919,398696,(3,9223372036854775807))
Edge(383246,280491,(3,9223372036854775807))
Edge(383498,315912,(3,9223372036854775807))
Edge(384067,126297,(1,9223372036854775807))
Edge(384158,460482,(4,9223372036854775807))
Edge(384216,60751,(3,9223372036854775807))
Edge(384285,245173,(3,9223372036854775807))
Edge(384291,363765,(3,9223372036854775807))
Edge(384474,388706,(1,9223372036854775807))
Edge(384578,256163,(3,9223372036854775807))
Edge(384603,368390,(3,9223372036854775807))
Edge(384700,41163,(3,9223372036854775807))
Edge(384716,155332,(1,3))
Edge(385620,259160,(3,9223372036854775807))
Edge(385649,148385,(4,9223372036854775807))
Edge(385720,114380,(3,9223372036854775807))
Edge(385814,103898,(3,9223372036854775807))
Edge(386069,278832,(3,9223372036854775807))
Edge(386265,138251,(3,9223372036854775807))
Edge(386835,419785,(3,9223372036854775807))
Edge(387194,398106,(3,9223372036854775807))
Edge(387359,42310,(3,9223372036854775807))
Edge(387463,102006,(3,9223372036854775807))
Edge(388144,282238,(1,9223372036854775807))
Edge(388180,375257,(1,9223372036854775807))
Edge(389203,173797,(3,9223372036854775807))
Edge(389355,92034,(3,9223372036854775807))
Edge(389528,221299,(3,9223372036854775807))
Edge(390061,226760,(1,3))
Edge(390445,223002,(1,9223372036854775807))
Edge(390504,216486,(1,3))
Edge(390774,349855,(3,9223372036854775807))
Edge(390836,245585,(3,9223372036854775807))
Edge(391490,143977,(3,9223372036854775807))
Edge(392127,358230,(1,3))
Edge(392324,136767,(3,9223372036854775807))
Edge(392391,288540,(1,3))
Edge(392504,427921,(3,9223372036854775807))
Edge(392702,257594,(3,9223372036854775807))
Edge(392751,39013,(3,9223372036854775807))
Edge(392866,478114,(3,9223372036854775807))
Edge(393036,243434,(3,9223372036854775807))
Edge(393156,270093,(3,9223372036854775807))
Edge(393671,446845,(4,9223372036854775807))
Edge(393983,421557,(3,9223372036854775807))
Edge(394119,404486,(3,9223372036854775807))
Edge(394208,421821,(1,9223372036854775807))
Edge(394386,192338,(3,9223372036854775807))
Edge(394657,237202,(1,3))
Edge(394970,114090,(3,9223372036854775807))
Edge(395328,152328,(3,9223372036854775807))
Edge(395373,134900,(3,9223372036854775807))
Edge(395614,327918,(3,9223372036854775807))
Edge(395830,94635,(3,9223372036854775807))
Edge(395845,354308,(3,9223372036854775807))
Edge(396102,335225,(3,9223372036854775807))
Edge(396145,491351,(3,9223372036854775807))
Edge(396420,448489,(3,9223372036854775807))
Edge(396498,271957,(3,9223372036854775807))
Edge(396512,64110,(3,9223372036854775807))
Edge(396938,167330,(3,9223372036854775807))
Edge(397019,342463,(3,9223372036854775807))
Edge(397829,491062,(3,9223372036854775807))
Edge(398043,117504,(3,9223372036854775807))
Edge(398303,423210,(1,9223372036854775807))
Edge(398422,497857,(1,9223372036854775807))
Edge(398434,306190,(3,9223372036854775807))
Edge(398467,271373,(3,9223372036854775807))
Edge(398650,253684,(3,9223372036854775807))
Edge(399611,321683,(3,9223372036854775807))
Edge(399898,247878,(3,9223372036854775807))
Edge(400035,327700,(3,9223372036854775807))
Edge(400608,486244,(3,9223372036854775807))
Edge(400722,494801,(3,9223372036854775807))
Edge(400833,277579,(1,9223372036854775807))
Edge(401516,231985,(1,9223372036854775807))
Edge(401827,253330,(3,9223372036854775807))
Edge(401979,353305,(3,9223372036854775807))
Edge(402220,68241,(1,9223372036854775807))
Edge(402436,478674,(1,9223372036854775807))
Edge(402454,40066,(1,3))
Edge(403921,318188,(1,9223372036854775807))
Edge(404134,481722,(3,9223372036854775807))
Edge(404203,164588,(1,3))
Edge(404507,391631,(3,9223372036854775807))
Edge(404526,288959,(3,9223372036854775807))
Edge(404926,356103,(3,9223372036854775807))
Edge(405008,92493,(3,9223372036854775807))
Edge(405217,231763,(1,9223372036854775807))
Edge(405697,424896,(3,9223372036854775807))
Edge(405958,412544,(3,9223372036854775807))
Edge(406051,404397,(3,9223372036854775807))
Edge(406082,21456,(3,9223372036854775807))
Edge(406098,262257,(1,3))
Edge(406650,143908,(3,9223372036854775807))
Edge(406702,112596,(1,9223372036854775807))
Edge(406979,140054,(3,9223372036854775807))
Edge(406981,200009,(1,9223372036854775807))
Edge(407099,110054,(1,9223372036854775807))
Edge(407220,383999,(1,9223372036854775807))
Edge(407455,174619,(1,9223372036854775807))
Edge(407665,399560,(3,9223372036854775807))
Edge(407978,41266,(3,9223372036854775807))
Edge(408011,19994,(3,9223372036854775807))
Edge(408211,24800,(3,9223372036854775807))
Edge(408397,86688,(3,9223372036854775807))
Edge(408510,364008,(3,9223372036854775807))
Edge(408802,148180,(3,9223372036854775807))
Edge(409133,348169,(3,9223372036854775807))
Edge(409420,185817,(1,9223372036854775807))
Edge(409670,200433,(3,9223372036854775807))
Edge(409829,469446,(3,9223372036854775807))
Edge(409946,435158,(3,9223372036854775807))
Edge(410229,276818,(3,9223372036854775807))
Edge(410601,23718,(3,9223372036854775807))
Edge(410625,345839,(3,9223372036854775807))
Edge(410687,148306,(3,9223372036854775807))
Edge(410803,271797,(1,3))
Edge(410908,251636,(3,9223372036854775807))
Edge(410988,21916,(3,9223372036854775807))
Edge(411554,47949,(1,3))
Edge(411608,150285,(3,9223372036854775807))
Edge(412220,359155,(3,9223372036854775807))
Edge(412600,187383,(3,9223372036854775807))
Edge(412781,325521,(3,9223372036854775807))
Edge(413137,143538,(3,9223372036854775807))
Edge(413137,467304,(3,9223372036854775807))
Edge(413284,221516,(1,3))
Edge(413517,244920,(3,9223372036854775807))
Edge(414035,305790,(3,9223372036854775807))
Edge(414548,487568,(3,9223372036854775807))
Edge(414876,205071,(3,9223372036854775807))
Edge(415654,269325,(3,9223372036854775807))
Edge(415960,20244,(3,9223372036854775807))
Edge(416003,237677,(3,9223372036854775807))
Edge(416414,473708,(1,9223372036854775807))
Edge(416504,454524,(3,9223372036854775807))
Edge(416590,382689,(3,9223372036854775807))
Edge(416646,461937,(1,9223372036854775807))
Edge(417510,497506,(3,9223372036854775807))
Edge(417682,154063,(1,9223372036854775807))
Edge(418206,24334,(3,9223372036854775807))
Edge(418433,31364,(3,9223372036854775807))
Edge(418791,247413,(1,3))
Edge(418937,435068,(3,9223372036854775807))
Edge(419374,455045,(1,3))
Edge(419486,462625,(1,9223372036854775807))
Edge(419798,343102,(3,9223372036854775807))
Edge(419981,332974,(3,9223372036854775807))
Edge(419998,313787,(1,9223372036854775807))
Edge(420954,119750,(3,9223372036854775807))
Edge(421066,308270,(3,9223372036854775807))
Edge(421222,413904,(1,9223372036854775807))
Edge(421280,226137,(3,9223372036854775807))
Edge(421376,334103,(3,9223372036854775807))
Edge(421444,490953,(3,9223372036854775807))
Edge(421911,487426,(1,9223372036854775807))
Edge(423100,412109,(3,9223372036854775807))
Edge(423476,398844,(3,9223372036854775807))
Edge(424107,31316,(3,9223372036854775807))
Edge(424317,408210,(3,9223372036854775807))
Edge(424343,313380,(3,9223372036854775807))
Edge(424471,179840,(3,9223372036854775807))
Edge(424944,21959,(3,9223372036854775807))
Edge(425172,428939,(1,9223372036854775807))
Edge(425250,62767,(3,9223372036854775807))
Edge(425493,173819,(3,9223372036854775807))
Edge(425623,202745,(3,9223372036854775807))
Edge(425629,482622,(3,9223372036854775807))
Edge(425847,362494,(1,9223372036854775807))
Edge(426357,451272,(3,9223372036854775807))
Edge(427894,395872,(1,9223372036854775807))
Edge(428350,102927,(1,3))
Edge(429441,159715,(3,9223372036854775807))
Edge(429554,247684,(3,9223372036854775807))
Edge(429829,75029,(3,9223372036854775807))
Edge(429903,475019,(3,9223372036854775807))
Edge(430179,398881,(3,9223372036854775807))
Edge(430310,478692,(3,9223372036854775807))
Edge(430353,339600,(3,9223372036854775807))
Edge(430862,499060,(3,9223372036854775807))
Edge(430928,199558,(3,9223372036854775807))
Edge(431176,42650,(3,9223372036854775807))
Edge(431189,163943,(3,9223372036854775807))
Edge(431384,172818,(1,9223372036854775807))
Edge(431489,65859,(3,9223372036854775807))
Edge(431506,190031,(1,3))
Edge(432245,251349,(1,9223372036854775807))
Edge(432260,313286,(3,9223372036854775807))
Edge(432339,409919,(3,9223372036854775807))
Edge(432560,346225,(1,3))
Edge(433880,183800,(1,3))
Edge(434110,3633,(3,9223372036854775807))
Edge(434123,296735,(3,9223372036854775807))
Edge(434236,393236,(3,9223372036854775807))
Edge(434658,298975,(3,9223372036854775807))
Edge(434789,345555,(3,9223372036854775807))
Edge(434796,360759,(1,3))
Edge(434820,383220,(3,9223372036854775807))
Edge(435104,224140,(3,9223372036854775807))
Edge(435147,17225,(3,9223372036854775807))
Edge(435309,461613,(3,9223372036854775807))
Edge(435780,144319,(3,9223372036854775807))
Edge(435842,145292,(3,9223372036854775807))
Edge(435891,303623,(3,9223372036854775807))
Edge(436256,367758,(3,9223372036854775807))
Edge(436660,446583,(3,9223372036854775807))
Edge(436932,58483,(3,9223372036854775807))
Edge(436998,11397,(3,9223372036854775807))
Edge(437260,202084,(3,9223372036854775807))
Edge(437551,67352,(3,9223372036854775807))
Edge(437561,40861,(3,9223372036854775807))
Edge(437651,477337,(3,9223372036854775807))
Edge(437708,499737,(3,9223372036854775807))
Edge(437754,407152,(3,9223372036854775807))
Edge(437858,420638,(3,9223372036854775807))
Edge(438116,55161,(1,9223372036854775807))
Edge(438201,75562,(3,9223372036854775807))
Edge(438209,462607,(3,9223372036854775807))
Edge(438828,152345,(3,9223372036854775807))
Edge(438974,381298,(1,9223372036854775807))
Edge(439108,439473,(3,9223372036854775807))
Edge(439169,109568,(3,9223372036854775807))
Edge(439836,297393,(3,4))
Edge(440712,391563,(3,9223372036854775807))
Edge(440968,44086,(3,9223372036854775807))
Edge(441356,122306,(3,9223372036854775807))
Edge(441364,19923,(1,9223372036854775807))
Edge(441676,319021,(1,3))
Edge(441844,2621,(3,9223372036854775807))
Edge(442555,467807,(1,9223372036854775807))
Edge(442612,287081,(3,9223372036854775807))
Edge(442874,101162,(1,9223372036854775807))
Edge(442884,160800,(1,3))
Edge(442932,478416,(3,9223372036854775807))
Edge(444628,448503,(3,9223372036854775807))
Edge(444700,357165,(3,9223372036854775807))
Edge(444791,26078,(3,9223372036854775807))
Edge(444836,392009,(3,9223372036854775807))
Edge(445268,255246,(3,9223372036854775807))
Edge(446179,211626,(3,9223372036854775807))
Edge(446485,440563,(1,9223372036854775807))
Edge(447541,252748,(3,9223372036854775807))
Edge(447655,227507,(3,9223372036854775807))
Edge(447678,42874,(4,9223372036854775807))
Edge(447942,233911,(3,9223372036854775807))
Edge(448013,349261,(3,9223372036854775807))
Edge(448178,457406,(3,9223372036854775807))
Edge(448266,62665,(3,9223372036854775807))
Edge(448384,212112,(3,9223372036854775807))
Edge(448386,103939,(3,9223372036854775807))
Edge(449020,274972,(3,9223372036854775807))
Edge(451682,338494,(3,9223372036854775807))
Edge(451923,478777,(3,9223372036854775807))
Edge(452040,158712,(3,9223372036854775807))
Edge(452478,155069,(3,9223372036854775807))
Edge(452495,353399,(3,9223372036854775807))
Edge(452506,240032,(3,9223372036854775807))
Edge(452940,282404,(1,9223372036854775807))
Edge(453515,430735,(3,9223372036854775807))
Edge(453858,159159,(1,9223372036854775807))
Edge(454025,74591,(1,3))
Edge(454587,301710,(3,9223372036854775807))
Edge(455105,215286,(3,9223372036854775807))
Edge(455485,431402,(1,9223372036854775807))
Edge(455635,215818,(1,3))
Edge(455648,358437,(1,9223372036854775807))
Edge(456357,71703,(1,3))
Edge(456732,229149,(3,9223372036854775807))
Edge(457211,249505,(3,9223372036854775807))
Edge(457491,44654,(3,9223372036854775807))
Edge(457743,71861,(3,9223372036854775807))
Edge(457936,9956,(1,9223372036854775807))
Edge(458228,406900,(3,9223372036854775807))
Edge(458734,424236,(3,9223372036854775807))
Edge(458932,139301,(3,9223372036854775807))
Edge(459234,286540,(3,9223372036854775807))
Edge(459308,480731,(3,9223372036854775807))
Edge(460285,294982,(3,9223372036854775807))
Edge(460972,337489,(3,9223372036854775807))
Edge(461367,77257,(3,9223372036854775807))
Edge(461425,101776,(3,9223372036854775807))
Edge(461565,304765,(3,9223372036854775807))
Edge(461862,482833,(1,3))
Edge(462644,431758,(3,9223372036854775807))
Edge(462848,133897,(1,9223372036854775807))
Edge(462875,450689,(3,9223372036854775807))
Edge(463554,44042,(3,9223372036854775807))
Edge(463718,338752,(3,9223372036854775807))
Edge(463792,114347,(3,9223372036854775807))
Edge(463924,204321,(3,9223372036854775807))
Edge(463964,383346,(3,9223372036854775807))
Edge(464506,80423,(3,9223372036854775807))
Edge(464566,107665,(1,9223372036854775807))
Edge(464660,361044,(3,9223372036854775807))
Edge(464671,164885,(1,3))
Edge(464715,10269,(3,9223372036854775807))
Edge(465085,193791,(3,9223372036854775807))
Edge(465125,236031,(3,9223372036854775807))
Edge(465308,1099,(3,9223372036854775807))
Edge(465421,416980,(3,9223372036854775807))
Edge(466165,340907,(3,9223372036854775807))
Edge(466784,106448,(3,9223372036854775807))
Edge(466974,221651,(3,9223372036854775807))
Edge(467740,343350,(3,9223372036854775807))
Edge(468228,346856,(1,3))
Edge(469379,174929,(3,9223372036854775807))
Edge(469562,164777,(3,9223372036854775807))
Edge(469713,387484,(3,9223372036854775807))
Edge(469785,427964,(1,9223372036854775807))
Edge(469935,362440,(1,9223372036854775807))
Edge(470202,86883,(3,9223372036854775807))
Edge(470377,185196,(3,9223372036854775807))
Edge(470501,372864,(3,9223372036854775807))
Edge(470553,400798,(3,9223372036854775807))
Edge(470777,478358,(3,9223372036854775807))
Edge(471009,326251,(3,9223372036854775807))
Edge(471755,216972,(1,9223372036854775807))
Edge(471887,89338,(3,9223372036854775807))
Edge(471920,304537,(3,9223372036854775807))
Edge(471962,44956,(3,9223372036854775807))
Edge(472121,109855,(3,9223372036854775807))
Edge(472510,341843,(3,9223372036854775807))
Edge(472724,156265,(1,3))
Edge(472862,27756,(3,9223372036854775807))
Edge(474209,73890,(1,9223372036854775807))
Edge(474294,194701,(1,9223372036854775807))
Edge(474386,271457,(3,9223372036854775807))
Edge(474488,445140,(3,9223372036854775807))
Edge(474542,132590,(3,9223372036854775807))
Edge(474567,58205,(3,9223372036854775807))
Edge(475073,79205,(3,9223372036854775807))
Edge(475175,394261,(3,9223372036854775807))
Edge(475177,121244,(3,9223372036854775807))
Edge(475367,326825,(3,9223372036854775807))
Edge(475596,446509,(3,9223372036854775807))
Edge(475730,487268,(3,9223372036854775807))
Edge(476024,115768,(3,9223372036854775807))
Edge(476186,34297,(3,9223372036854775807))
Edge(476325,233700,(3,9223372036854775807))
Edge(476519,93070,(3,9223372036854775807))
Edge(477691,288925,(1,9223372036854775807))
Edge(477742,101487,(3,9223372036854775807))
Edge(477798,194685,(3,9223372036854775807))
Edge(477885,66221,(3,9223372036854775807))
Edge(477917,131832,(3,9223372036854775807))
Edge(478296,417567,(3,9223372036854775807))
Edge(478678,485077,(3,9223372036854775807))
Edge(479388,416086,(3,9223372036854775807))
Edge(479479,44961,(3,9223372036854775807))
Edge(479557,333020,(3,9223372036854775807))
Edge(479680,320418,(3,9223372036854775807))
Edge(479683,136909,(3,9223372036854775807))
Edge(479748,200163,(3,9223372036854775807))
Edge(479810,142694,(3,9223372036854775807))
Edge(480161,128594,(3,9223372036854775807))
Edge(480185,109738,(3,9223372036854775807))
Edge(480287,337285,(1,9223372036854775807))
Edge(481451,173749,(3,9223372036854775807))
Edge(481696,249155,(3,9223372036854775807))
Edge(482324,344796,(1,9223372036854775807))
Edge(482602,163921,(3,9223372036854775807))
Edge(482630,1438,(3,9223372036854775807))
Edge(483260,308020,(1,3))
Edge(483303,164095,(1,9223372036854775807))
Edge(483636,264459,(3,9223372036854775807))
Edge(483865,364496,(1,3))
Edge(484670,3094,(3,9223372036854775807))
Edge(484806,60977,(3,9223372036854775807))
Edge(485307,289239,(3,9223372036854775807))
Edge(485592,69013,(3,9223372036854775807))
Edge(485658,387612,(1,3))
Edge(487024,411830,(3,9223372036854775807))
Edge(487839,309037,(1,3))
Edge(488475,345536,(1,9223372036854775807))
Edge(489058,69431,(3,9223372036854775807))
Edge(489084,497259,(3,9223372036854775807))
Edge(490025,377397,(1,9223372036854775807))
Edge(490320,499869,(1,9223372036854775807))
Edge(490349,489389,(3,9223372036854775807))
Edge(491062,102185,(3,9223372036854775807))
Edge(491168,231689,(3,9223372036854775807))
Edge(491856,54191,(3,9223372036854775807))
Edge(492635,323104,(3,9223372036854775807))
Edge(493342,282802,(3,9223372036854775807))
Edge(493434,265642,(3,9223372036854775807))
Edge(493565,40103,(3,9223372036854775807))
Edge(493855,323379,(3,9223372036854775807))
Edge(493996,953,(1,3))
Edge(494151,278288,(3,9223372036854775807))
Edge(494543,420350,(3,9223372036854775807))
Edge(494679,310480,(3,9223372036854775807))
Edge(494729,414057,(3,9223372036854775807))
Edge(494734,328456,(3,9223372036854775807))
Edge(495118,262894,(3,9223372036854775807))
Edge(495260,243330,(1,3))
Edge(495357,459528,(1,9223372036854775807))
Edge(495968,104837,(3,9223372036854775807))
Edge(496609,270800,(1,9223372036854775807))
Edge(496970,355020,(1,9223372036854775807))
Edge(497655,83249,(3,9223372036854775807))
Edge(498281,392924,(3,9223372036854775807))
Edge(498329,333973,(3,9223372036854775807))
Edge(498331,66628,(3,9223372036854775807))
Edge(498465,473671,(3,9223372036854775807))
Edge(498599,379215,(3,9223372036854775807))
Edge(498627,100703,(3,9223372036854775807))
Edge(498985,214267,(3,9223372036854775807))
Edge(499034,433644,(3,9223372036854775807))
Edge(499203,123081,(1,3))
Edge(499541,92046,(3,9223372036854775807))
Edge(499670,148830,(1,9223372036854775807))
