Edge(726,443256,(3,9223372036854775807))
Edge(759,105078,(3,9223372036854775807))
Edge(1079,288146,(3,9223372036854775807))
Edge(1084,388819,(3,9223372036854775807))
Edge(1115,258561,(1,3))
Edge(1579,126526,(3,9223372036854775807))
Edge(1660,25432,(1,3))
Edge(2176,118145,(3,9223372036854775807))
Edge(2302,435747,(3,9223372036854775807))
Edge(2323,168366,(1,9223372036854775807))
Edge(2375,143,(3,9223372036854775807))
Edge(2397,412809,(3,9223372036854775807))
Edge(2538,360069,(3,9223372036854775807))
Edge(2768,183069,(3,9223372036854775807))
Edge(2821,27724,(3,9223372036854775807))
Edge(2880,201312,(1,9223372036854775807))
Edge(3099,487658,(3,9223372036854775807))
Edge(3289,497415,(3,9223372036854775807))
Edge(3365,73335,(3,9223372036854775807))
Edge(3459,371554,(3,9223372036854775807))
Edge(3594,201401,(3,9223372036854775807))
Edge(3780,219520,(1,3))
Edge(3826,31357,(3,9223372036854775807))
Edge(3832,129677,(3,9223372036854775807))
Edge(3963,284295,(3,9223372036854775807))
Edge(4885,175233,(3,9223372036854775807))
Edge(5021,480431,(3,9223372036854775807))
Edge(5159,384086,(3,9223372036854775807))
Edge(5453,254445,(3,9223372036854775807))
Edge(5691,277060,(1,9223372036854775807))
Edge(6211,22971,(1,9223372036854775807))
Edge(6305,297712,(3,9223372036854775807))
Edge(7337,154932,(3,9223372036854775807))
Edge(8000,90096,(3,9223372036854775807))
Edge(8857,81640,(3,9223372036854775807))
Edge(8883,114773,(3,9223372036854775807))
Edge(9064,301936,(3,9223372036854775807))
Edge(9332,468168,(3,9223372036854775807))
Edge(9753,68731,(3,9223372036854775807))
Edge(9931,271485,(3,9223372036854775807))
Edge(10300,28452,(3,9223372036854775807))
Edge(10301,487831,(3,9223372036854775807))
Edge(10305,245007,(3,9223372036854775807))
Edge(10566,80257,(1,9223372036854775807))
Edge(10566,493402,(3,9223372036854775807))
Edge(10737,48875,(3,9223372036854775807))
Edge(10750,134730,(1,9223372036854775807))
Edge(12496,139581,(3,9223372036854775807))
Edge(12988,466364,(3,9223372036854775807))
Edge(13002,436026,(3,9223372036854775807))
Edge(13345,198923,(3,9223372036854775807))
Edge(13698,400407,(3,9223372036854775807))
Edge(13852,256889,(1,9223372036854775807))
Edge(14162,213492,(3,9223372036854775807))
Edge(14586,21954,(3,9223372036854775807))
Edge(15212,160009,(3,9223372036854775807))
Edge(15580,16061,(1,9223372036854775807))
Edge(15609,251205,(3,9223372036854775807))
Edge(16193,113091,(3,9223372036854775807))
Edge(16522,227775,(3,9223372036854775807))
Edge(16594,446437,(3,9223372036854775807))
Edge(16595,218261,(3,9223372036854775807))
Edge(17124,1583,(3,9223372036854775807))
Edge(17149,208849,(3,9223372036854775807))
Edge(17366,226820,(3,9223372036854775807))
Edge(17897,269036,(1,9223372036854775807))
Edge(18306,360520,(3,9223372036854775807))
Edge(18498,169515,(3,9223372036854775807))
Edge(18569,379943,(3,9223372036854775807))
Edge(18778,272145,(3,9223372036854775807))
Edge(18819,415593,(3,9223372036854775807))
Edge(18858,416431,(3,9223372036854775807))
Edge(19338,256465,(3,9223372036854775807))
Edge(19520,471383,(3,9223372036854775807))
Edge(19736,158979,(1,9223372036854775807))
Edge(20436,455871,(3,9223372036854775807))
Edge(20479,79957,(3,9223372036854775807))
Edge(20710,34774,(3,9223372036854775807))
Edge(21097,39132,(3,9223372036854775807))
Edge(21375,155547,(3,9223372036854775807))
Edge(21456,311846,(3,9223372036854775807))
Edge(22398,457759,(3,9223372036854775807))
Edge(22523,487662,(1,9223372036854775807))
Edge(23079,54957,(3,9223372036854775807))
Edge(23216,350097,(3,9223372036854775807))
Edge(23259,219908,(3,9223372036854775807))
Edge(23359,23625,(3,9223372036854775807))
Edge(23480,409356,(3,9223372036854775807))
Edge(23594,415674,(3,9223372036854775807))
Edge(23805,473250,(3,9223372036854775807))
Edge(24201,437809,(3,9223372036854775807))
Edge(24354,299523,(3,9223372036854775807))
Edge(24603,376822,(3,9223372036854775807))
Edge(25006,98291,(3,9223372036854775807))
Edge(25269,50851,(3,9223372036854775807))
Edge(25437,248694,(1,9223372036854775807))
Edge(25602,429556,(1,9223372036854775807))
Edge(25810,299050,(3,9223372036854775807))
Edge(26220,186426,(3,9223372036854775807))
Edge(26339,421894,(3,9223372036854775807))
Edge(26427,30592,(3,9223372036854775807))
Edge(27070,409889,(3,9223372036854775807))
Edge(27354,154001,(1,9223372036854775807))
Edge(27807,440865,(3,9223372036854775807))
Edge(27871,395007,(3,9223372036854775807))
Edge(28144,445080,(3,9223372036854775807))
Edge(28423,326621,(3,9223372036854775807))
Edge(28702,474232,(3,9223372036854775807))
Edge(28999,228868,(3,9223372036854775807))
Edge(29016,200071,(3,9223372036854775807))
Edge(29054,493454,(1,9223372036854775807))
Edge(29689,192685,(3,9223372036854775807))
Edge(29689,198871,(1,9223372036854775807))
Edge(29820,241751,(3,9223372036854775807))
Edge(30089,114638,(3,9223372036854775807))
Edge(30125,365881,(3,9223372036854775807))
Edge(30138,147636,(3,9223372036854775807))
Edge(31103,167261,(3,9223372036854775807))
Edge(31237,478121,(1,3))
Edge(31495,21571,(3,9223372036854775807))
Edge(32183,342692,(3,9223372036854775807))
Edge(32451,483692,(3,9223372036854775807))
Edge(32494,483640,(3,9223372036854775807))
Edge(32560,1821,(1,3))
Edge(32893,149630,(1,9223372036854775807))
Edge(32968,58493,(3,9223372036854775807))
Edge(33448,235442,(3,9223372036854775807))
Edge(33745,403734,(3,9223372036854775807))
Edge(33803,440618,(3,9223372036854775807))
Edge(34204,94905,(3,9223372036854775807))
Edge(34972,445847,(3,9223372036854775807))
Edge(35257,472515,(1,9223372036854775807))
Edge(36460,159131,(3,9223372036854775807))
Edge(37227,436869,(3,9223372036854775807))
Edge(37341,402670,(3,9223372036854775807))
Edge(38564,435739,(3,9223372036854775807))
Edge(38629,498883,(3,9223372036854775807))
Edge(38680,432297,(1,9223372036854775807))
Edge(38741,46672,(3,9223372036854775807))
Edge(38871,212593,(3,9223372036854775807))
Edge(39181,139268,(3,9223372036854775807))
Edge(39806,124483,(3,9223372036854775807))
Edge(39806,260477,(3,9223372036854775807))
Edge(40055,140075,(1,3))
Edge(40217,378566,(1,3))
Edge(40378,175490,(3,9223372036854775807))
Edge(40412,371508,(3,9223372036854775807))
Edge(40527,181111,(3,9223372036854775807))
Edge(41212,273764,(3,9223372036854775807))
Edge(41216,23047,(1,3))
Edge(41219,72791,(3,9223372036854775807))
Edge(41525,123005,(3,9223372036854775807))
Edge(41527,353567,(1,9223372036854775807))
Edge(41616,371137,(1,3))
Edge(42064,480462,(1,9223372036854775807))
Edge(42491,166940,(1,9223372036854775807))
Edge(42763,42188,(1,3))
Edge(42782,58245,(3,9223372036854775807))
Edge(42829,3560,(3,9223372036854775807))
Edge(43377,50054,(3,9223372036854775807))
Edge(43848,126425,(3,9223372036854775807))
Edge(44062,10929,(3,9223372036854775807))
Edge(44068,105537,(3,9223372036854775807))
Edge(44231,26978,(3,9223372036854775807))
Edge(44339,156558,(3,9223372036854775807))
Edge(44521,382737,(3,9223372036854775807))
Edge(44676,380428,(3,9223372036854775807))
Edge(44835,328367,(3,9223372036854775807))
Edge(44893,429791,(1,9223372036854775807))
Edge(44933,377267,(1,3))
Edge(44961,244198,(3,9223372036854775807))
Edge(45083,344029,(3,9223372036854775807))
Edge(46321,340817,(3,9223372036854775807))
Edge(46525,4040,(3,9223372036854775807))
Edge(46635,411896,(1,3))
Edge(47110,247313,(3,9223372036854775807))
Edge(47620,139657,(3,9223372036854775807))
Edge(47938,464398,(3,9223372036854775807))
Edge(47939,182847,(3,9223372036854775807))
Edge(47958,393714,(3,9223372036854775807))
Edge(48263,14156,(3,9223372036854775807))
Edge(49058,164302,(3,9223372036854775807))
Edge(49107,312491,(3,9223372036854775807))
Edge(49841,187403,(3,9223372036854775807))
Edge(50000,293264,(3,9223372036854775807))
Edge(50000,365136,(3,9223372036854775807))
Edge(50335,394043,(3,9223372036854775807))
Edge(51136,213975,(3,9223372036854775807))
Edge(51235,33360,(3,9223372036854775807))
Edge(51249,59701,(1,9223372036854775807))
Edge(51853,433839,(3,9223372036854775807))
Edge(52244,139872,(3,9223372036854775807))
Edge(52388,466128,(1,3))
Edge(52640,257219,(3,9223372036854775807))
Edge(53366,39998,(3,9223372036854775807))
Edge(53474,266535,(3,9223372036854775807))
Edge(53616,351196,(3,9223372036854775807))
Edge(53917,390982,(4,9223372036854775807))
Edge(54424,4445,(3,9223372036854775807))
Edge(55428,62422,(3,9223372036854775807))
Edge(55549,328252,(1,3))
Edge(55605,249628,(3,9223372036854775807))
Edge(55652,476589,(3,9223372036854775807))
Edge(55817,61574,(3,9223372036854775807))
Edge(55904,103894,(3,9223372036854775807))
Edge(56020,461294,(3,9223372036854775807))
Edge(56426,51950,(3,9223372036854775807))
Edge(56625,65126,(3,9223372036854775807))
Edge(57183,437211,(1,9223372036854775807))
Edge(57490,492053,(3,9223372036854775807))
Edge(57751,178440,(3,9223372036854775807))
Edge(57845,154606,(3,9223372036854775807))
Edge(57939,301993,(3,9223372036854775807))
Edge(57981,395815,(3,9223372036854775807))
Edge(58328,84699,(3,9223372036854775807))
Edge(58384,404778,(3,9223372036854775807))
Edge(58629,244351,(1,9223372036854775807))
Edge(58714,112446,(1,9223372036854775807))
Edge(59049,496653,(3,9223372036854775807))
Edge(59936,440298,(3,9223372036854775807))
Edge(60175,474992,(3,9223372036854775807))
Edge(60695,487480,(3,9223372036854775807))
Edge(60844,477441,(3,9223372036854775807))
Edge(60885,331315,(3,9223372036854775807))
Edge(61179,143382,(1,9223372036854775807))
Edge(61447,220401,(3,9223372036854775807))
Edge(61512,261607,(3,9223372036854775807))
Edge(62372,1968,(3,9223372036854775807))
Edge(62465,469240,(3,9223372036854775807))
Edge(62655,172910,(3,9223372036854775807))
Edge(62795,30234,(1,9223372036854775807))
Edge(63268,247354,(3,9223372036854775807))
Edge(63406,179915,(3,9223372036854775807))
Edge(63477,70119,(3,9223372036854775807))
Edge(63529,319219,(3,9223372036854775807))
Edge(63856,127732,(3,9223372036854775807))
Edge(64340,431101,(3,9223372036854775807))
Edge(64634,435085,(3,9223372036854775807))
Edge(65268,345503,(1,3))
Edge(65434,421815,(3,9223372036854775807))
Edge(65649,168027,(3,9223372036854775807))
Edge(66267,268481,(1,9223372036854775807))
Edge(66369,47414,(3,9223372036854775807))
Edge(66596,291780,(3,9223372036854775807))
Edge(67389,232694,(3,9223372036854775807))
Edge(68312,207457,(3,9223372036854775807))
Edge(68416,330148,(1,9223372036854775807))
Edge(68675,119783,(1,9223372036854775807))
Edge(68687,497882,(1,3))
Edge(68786,404676,(3,9223372036854775807))
Edge(68963,267677,(3,9223372036854775807))
Edge(69021,115532,(3,9223372036854775807))
Edge(69125,175798,(3,9223372036854775807))
Edge(69430,80203,(3,9223372036854775807))
Edge(69603,42328,(3,9223372036854775807))
Edge(71543,414349,(3,9223372036854775807))
Edge(71672,317735,(1,3))
Edge(71932,113522,(3,9223372036854775807))
Edge(72329,326480,(3,9223372036854775807))
Edge(72469,356864,(1,9223372036854775807))
Edge(72759,20389,(3,9223372036854775807))
Edge(72814,499425,(3,9223372036854775807))
Edge(72884,84053,(3,9223372036854775807))
Edge(73701,395822,(1,9223372036854775807))
Edge(74152,274982,(3,9223372036854775807))
Edge(74704,28924,(3,9223372036854775807))
Edge(74771,52086,(3,9223372036854775807))
Edge(74868,116694,(3,9223372036854775807))
Edge(75439,95083,(1,3))
Edge(76048,187747,(3,9223372036854775807))
Edge(76187,223374,(3,9223372036854775807))
Edge(76292,441326,(3,9223372036854775807))
Edge(76299,230475,(1,9223372036854775807))
Edge(76386,418234,(3,9223372036854775807))
Edge(76732,223649,(3,9223372036854775807))
Edge(76781,357739,(3,9223372036854775807))
Edge(76801,57355,(3,9223372036854775807))
Edge(76897,272860,(1,9223372036854775807))
Edge(77038,462795,(3,9223372036854775807))
Edge(77603,274631,(1,9223372036854775807))
Edge(77673,426681,(3,9223372036854775807))
Edge(77837,329442,(3,9223372036854775807))
Edge(77945,213135,(3,9223372036854775807))
Edge(78085,486409,(3,9223372036854775807))
Edge(78992,147488,(1,9223372036854775807))
Edge(79702,468768,(3,9223372036854775807))
Edge(79756,32289,(3,9223372036854775807))
Edge(79810,11199,(1,3))
Edge(80535,370890,(3,9223372036854775807))
Edge(80570,43798,(3,9223372036854775807))
Edge(81314,464255,(3,9223372036854775807))
Edge(81388,304456,(3,9223372036854775807))
Edge(81682,320502,(3,9223372036854775807))
Edge(82051,81012,(3,9223372036854775807))
Edge(82369,216232,(3,9223372036854775807))
Edge(82897,159795,(3,9223372036854775807))
Edge(83127,350712,(3,9223372036854775807))
Edge(83150,70220,(3,9223372036854775807))
Edge(83239,163666,(3,9223372036854775807))
Edge(83468,271666,(3,9223372036854775807))
Edge(83662,344604,(3,9223372036854775807))
Edge(83880,132362,(3,9223372036854775807))
Edge(83919,309070,(1,9223372036854775807))
Edge(84901,499409,(3,9223372036854775807))
Edge(85262,326728,(3,9223372036854775807))
Edge(85688,468694,(3,9223372036854775807))
Edge(86078,227442,(3,9223372036854775807))
Edge(86278,208761,(3,9223372036854775807))
Edge(86392,312979,(3,9223372036854775807))
Edge(86578,89820,(3,9223372036854775807))
Edge(86791,438406,(3,9223372036854775807))
Edge(87399,459078,(3,9223372036854775807))
Edge(87477,34176,(3,9223372036854775807))
Edge(87672,89684,(3,9223372036854775807))
Edge(88001,150660,(3,9223372036854775807))
Edge(88088,419372,(3,9223372036854775807))
Edge(88414,124135,(3,9223372036854775807))
Edge(88487,417127,(3,9223372036854775807))
Edge(89030,10350,(3,9223372036854775807))
Edge(89349,121216,(3,9223372036854775807))
Edge(89726,399850,(3,9223372036854775807))
Edge(89776,294256,(3,9223372036854775807))
Edge(90464,485976,(3,9223372036854775807))
Edge(90480,346901,(3,9223372036854775807))
Edge(90738,322543,(3,9223372036854775807))
Edge(91122,92064,(3,9223372036854775807))
Edge(91266,138326,(3,9223372036854775807))
Edge(91651,50001,(3,9223372036854775807))
Edge(91668,6053,(3,9223372036854775807))
Edge(91846,52478,(3,9223372036854775807))
Edge(92255,309329,(1,9223372036854775807))
Edge(92924,393918,(3,9223372036854775807))
Edge(92963,282673,(1,9223372036854775807))
Edge(92981,69529,(1,9223372036854775807))
Edge(93096,170237,(3,9223372036854775807))
Edge(93420,427303,(3,9223372036854775807))
Edge(93504,382415,(1,9223372036854775807))
Edge(93691,18362,(3,9223372036854775807))
Edge(94252,363603,(3,9223372036854775807))
Edge(94700,272414,(1,3))
Edge(94764,66240,(3,9223372036854775807))
Edge(95021,364090,(1,3))
Edge(95532,105442,(3,9223372036854775807))
Edge(95906,5241,(3,9223372036854775807))
Edge(95971,382613,(3,9223372036854775807))
Edge(96190,310995,(3,9223372036854775807))
Edge(96317,441269,(3,9223372036854775807))
Edge(96609,113907,(3,9223372036854775807))
Edge(96677,49099,(3,9223372036854775807))
Edge(96722,48741,(3,9223372036854775807))
Edge(97495,177432,(3,9223372036854775807))
Edge(97596,164328,(1,9223372036854775807))
Edge(97672,328529,(1,9223372036854775807))
Edge(97850,401750,(3,9223372036854775807))
Edge(97983,143321,(3,9223372036854775807))
Edge(98361,352910,(3,9223372036854775807))
Edge(98636,210948,(3,9223372036854775807))
Edge(98693,28974,(3,9223372036854775807))
Edge(99476,12555,(3,9223372036854775807))
Edge(99552,32627,(3,9223372036854775807))
Edge(99570,135754,(3,9223372036854775807))
Edge(100788,290516,(3,9223372036854775807))
Edge(101406,412791,(3,9223372036854775807))
Edge(101503,278980,(3,9223372036854775807))
Edge(101624,379572,(1,3))
Edge(102536,415693,(1,9223372036854775807))
Edge(102556,146231,(3,9223372036854775807))
Edge(103030,303975,(4,9223372036854775807))
Edge(103336,267624,(3,9223372036854775807))
Edge(104313,98265,(1,3))
Edge(104410,235913,(1,9223372036854775807))
Edge(104664,94295,(3,9223372036854775807))
Edge(104944,268941,(3,9223372036854775807))
Edge(104997,44994,(3,9223372036854775807))
Edge(105050,420410,(3,9223372036854775807))
Edge(105485,139495,(3,9223372036854775807))
Edge(105802,411745,(3,9223372036854775807))
Edge(106721,427687,(3,9223372036854775807))
Edge(106870,166026,(3,9223372036854775807))
Edge(106895,120883,(3,9223372036854775807))
Edge(107252,88633,(3,9223372036854775807))
Edge(107352,413194,(3,9223372036854775807))
Edge(107808,263323,(3,9223372036854775807))
Edge(108195,426278,(3,9223372036854775807))
Edge(108355,299142,(3,9223372036854775807))
Edge(108483,73308,(3,9223372036854775807))
Edge(108968,391298,(3,9223372036854775807))
Edge(108993,251688,(3,9223372036854775807))
Edge(109669,458446,(3,9223372036854775807))
Edge(110071,222674,(3,9223372036854775807))
Edge(110075,448468,(3,9223372036854775807))
Edge(110232,196988,(3,9223372036854775807))
Edge(110395,486934,(3,9223372036854775807))
Edge(111059,297595,(3,9223372036854775807))
Edge(111142,61942,(3,9223372036854775807))
Edge(111686,313577,(3,9223372036854775807))
Edge(111795,95873,(3,9223372036854775807))
Edge(112198,371095,(3,9223372036854775807))
Edge(112400,155559,(3,9223372036854775807))
Edge(112943,150358,(3,9223372036854775807))
Edge(113842,279905,(1,9223372036854775807))
Edge(113882,154695,(3,9223372036854775807))
Edge(114191,383821,(3,9223372036854775807))
Edge(114217,211224,(3,9223372036854775807))
Edge(114218,42559,(3,9223372036854775807))
Edge(114439,277512,(3,9223372036854775807))
Edge(114538,462699,(3,9223372036854775807))
Edge(115500,242388,(3,9223372036854775807))
Edge(115563,228932,(3,9223372036854775807))
Edge(115579,324741,(3,9223372036854775807))
Edge(115643,473121,(1,9223372036854775807))
Edge(116427,209729,(3,9223372036854775807))
Edge(116565,250976,(1,9223372036854775807))
Edge(116573,311528,(1,3))
Edge(116795,387996,(3,9223372036854775807))
Edge(117715,473574,(1,9223372036854775807))
Edge(117841,246639,(3,9223372036854775807))
Edge(118282,447264,(3,9223372036854775807))
Edge(118455,226381,(3,9223372036854775807))
Edge(118629,458345,(3,9223372036854775807))
Edge(118788,373332,(3,9223372036854775807))
Edge(118971,16602,(1,9223372036854775807))
Edge(119058,76296,(3,9223372036854775807))
Edge(119328,142921,(3,9223372036854775807))
Edge(119994,75470,(3,9223372036854775807))
Edge(120587,92408,(3,9223372036854775807))
Edge(121136,311798,(1,9223372036854775807))
Edge(121711,312750,(3,9223372036854775807))
Edge(121740,156170,(3,9223372036854775807))
Edge(121772,457581,(3,9223372036854775807))
Edge(121901,379578,(3,9223372036854775807))
Edge(122299,398188,(3,9223372036854775807))
Edge(122316,433678,(3,9223372036854775807))
Edge(122511,357525,(3,9223372036854775807))
Edge(123304,185164,(1,9223372036854775807))
Edge(123949,147508,(1,3))
Edge(124287,460494,(1,9223372036854775807))
Edge(124304,299928,(3,9223372036854775807))
Edge(124426,116171,(3,9223372036854775807))
Edge(124485,451062,(3,9223372036854775807))
Edge(124617,399018,(3,9223372036854775807))
Edge(124845,283979,(3,9223372036854775807))
Edge(125397,73133,(3,9223372036854775807))
Edge(126791,422189,(1,9223372036854775807))
Edge(127320,77800,(1,9223372036854775807))
Edge(127478,29928,(3,9223372036854775807))
Edge(128896,25572,(3,9223372036854775807))
Edge(129093,337534,(1,9223372036854775807))
Edge(129547,266154,(3,9223372036854775807))
Edge(129879,390238,(3,9223372036854775807))
Edge(130091,12714,(3,9223372036854775807))
Edge(130261,180867,(3,9223372036854775807))
Edge(130330,251103,(3,9223372036854775807))
Edge(130477,470041,(3,9223372036854775807))
Edge(130762,306685,(1,9223372036854775807))
Edge(130929,140703,(3,9223372036854775807))
Edge(131076,251764,(3,9223372036854775807))
Edge(131651,499957,(3,9223372036854775807))
Edge(131708,443973,(4,9223372036854775807))
Edge(131725,294382,(3,9223372036854775807))
Edge(131730,320590,(3,9223372036854775807))
Edge(131858,311292,(3,9223372036854775807))
Edge(132232,485579,(1,3))
Edge(132341,3739,(3,9223372036854775807))
Edge(132390,118024,(1,9223372036854775807))
Edge(132477,233057,(3,9223372036854775807))
Edge(132582,31275,(3,9223372036854775807))
Edge(133495,380398,(3,9223372036854775807))
Edge(133710,165743,(3,9223372036854775807))
Edge(133953,9292,(3,9223372036854775807))
Edge(134397,442221,(3,9223372036854775807))
Edge(134742,86345,(3,9223372036854775807))
Edge(134873,321294,(3,9223372036854775807))
Edge(135182,140155,(3,9223372036854775807))
Edge(135522,42397,(3,9223372036854775807))
Edge(135807,33460,(3,9223372036854775807))
Edge(135896,93810,(3,9223372036854775807))
Edge(136373,374660,(1,3))
Edge(136479,115849,(3,9223372036854775807))
Edge(136762,186294,(3,9223372036854775807))
Edge(137136,218016,(3,9223372036854775807))
Edge(137397,64673,(3,9223372036854775807))
Edge(138323,187352,(1,3))
Edge(138792,27379,(1,9223372036854775807))
Edge(138958,190020,(3,9223372036854775807))
Edge(139342,89062,(3,9223372036854775807))
Edge(139804,306730,(1,9223372036854775807))
Edge(140034,111910,(3,9223372036854775807))
Edge(140086,197287,(3,9223372036854775807))
Edge(140208,114724,(3,9223372036854775807))
Edge(140668,42774,(3,9223372036854775807))
Edge(140720,343583,(3,9223372036854775807))
Edge(141398,367548,(3,9223372036854775807))
Edge(142439,310273,(1,3))
Edge(142770,36314,(3,9223372036854775807))
Edge(143104,389396,(3,9223372036854775807))
Edge(143244,425663,(3,9223372036854775807))
Edge(143502,291652,(3,9223372036854775807))
Edge(143572,84126,(3,9223372036854775807))
Edge(143690,172625,(3,9223372036854775807))
Edge(143742,74133,(1,9223372036854775807))
Edge(144075,185474,(3,9223372036854775807))
Edge(144270,401098,(3,9223372036854775807))
Edge(144358,231907,(3,9223372036854775807))
Edge(144790,102309,(3,9223372036854775807))
Edge(146075,57130,(3,9223372036854775807))
Edge(146281,278096,(3,9223372036854775807))
Edge(146693,43957,(3,9223372036854775807))
Edge(146931,268561,(3,9223372036854775807))
Edge(147092,86440,(3,9223372036854775807))
Edge(147783,94183,(3,9223372036854775807))
Edge(147973,162276,(3,9223372036854775807))
Edge(148090,146488,(1,9223372036854775807))
Edge(148109,399930,(3,9223372036854775807))
Edge(148412,87138,(3,9223372036854775807))
Edge(148435,329910,(1,9223372036854775807))
Edge(148502,297670,(3,9223372036854775807))
Edge(148543,141542,(3,9223372036854775807))
Edge(148803,250718,(3,9223372036854775807))
Edge(149037,462841,(1,3))
Edge(149046,120562,(3,9223372036854775807))
Edge(149107,474015,(1,3))
Edge(149494,439190,(3,9223372036854775807))
Edge(149692,97576,(3,9223372036854775807))
Edge(149930,316989,(3,9223372036854775807))
Edge(150087,385551,(3,9223372036854775807))
Edge(150342,213039,(3,9223372036854775807))
Edge(150400,464122,(3,9223372036854775807))
Edge(150870,433472,(3,9223372036854775807))
Edge(150959,83361,(3,9223372036854775807))
Edge(151195,419276,(3,9223372036854775807))
Edge(151346,292826,(3,9223372036854775807))
Edge(151538,366292,(3,9223372036854775807))
Edge(151868,22959,(3,9223372036854775807))
Edge(151979,461126,(3,9223372036854775807))
Edge(152017,215313,(3,9223372036854775807))
Edge(153168,225325,(1,3))
Edge(153472,242026,(3,9223372036854775807))
Edge(153732,344233,(3,9223372036854775807))
Edge(153735,402518,(3,9223372036854775807))
Edge(154156,224707,(3,9223372036854775807))
Edge(154536,294573,(3,9223372036854775807))
Edge(154854,434363,(3,9223372036854775807))
Edge(154874,420738,(3,9223372036854775807))
Edge(155060,383643,(3,9223372036854775807))
Edge(156079,223083,(3,9223372036854775807))
Edge(156334,284677,(3,9223372036854775807))
Edge(156338,206387,(3,9223372036854775807))
Edge(156532,64417,(3,9223372036854775807))
Edge(157641,43612,(1,9223372036854775807))
Edge(157704,77609,(3,9223372036854775807))
Edge(157705,97145,(3,9223372036854775807))
Edge(157981,93244,(3,9223372036854775807))
Edge(158072,95547,(3,9223372036854775807))
Edge(158362,44052,(3,9223372036854775807))
Edge(158615,395902,(1,9223372036854775807))
Edge(158718,149088,(3,9223372036854775807))
Edge(158776,287844,(3,9223372036854775807))
Edge(158859,311088,(3,9223372036854775807))
Edge(158896,167353,(3,9223372036854775807))
Edge(158967,408945,(3,9223372036854775807))
Edge(159138,201797,(3,9223372036854775807))
Edge(159553,368056,(3,9223372036854775807))
Edge(159806,77109,(3,9223372036854775807))
Edge(160142,279854,(3,9223372036854775807))
Edge(160345,498138,(1,3))
Edge(160751,467619,(3,9223372036854775807))
Edge(161020,411611,(3,9223372036854775807))
Edge(161107,299597,(1,3))
Edge(161533,39032,(3,9223372036854775807))
Edge(161561,222220,(3,9223372036854775807))
Edge(161976,404321,(3,9223372036854775807))
Edge(161982,120072,(3,9223372036854775807))
Edge(162113,255396,(1,9223372036854775807))
Edge(162288,81060,(3,9223372036854775807))
Edge(162759,255141,(3,9223372036854775807))
Edge(162923,313550,(3,9223372036854775807))
Edge(163038,60573,(3,9223372036854775807))
Edge(163493,381776,(1,3))
Edge(163855,380734,(3,9223372036854775807))
Edge(164200,101361,(3,9223372036854775807))
Edge(164672,257383,(3,9223372036854775807))
Edge(164827,28293,(1,9223372036854775807))
Edge(165265,450431,(3,9223372036854775807))
Edge(165424,372110,(3,9223372036854775807))
Edge(165826,349621,(3,9223372036854775807))
Edge(166134,114396,(3,9223372036854775807))
Edge(166233,375168,(3,9223372036854775807))
Edge(166612,452447,(3,9223372036854775807))
Edge(167212,195273,(3,9223372036854775807))
Edge(167255,323095,(3,9223372036854775807))
Edge(168079,449009,(3,9223372036854775807))
Edge(168157,168159,(3,9223372036854775807))
Edge(169047,46799,(3,9223372036854775807))
Edge(169826,363829,(3,9223372036854775807))
Edge(169953,483326,(3,9223372036854775807))
Edge(170047,405633,(3,9223372036854775807))
Edge(170396,172930,(1,9223372036854775807))
Edge(170805,124623,(3,9223372036854775807))
Edge(171052,317089,(1,3))
Edge(171063,13656,(3,9223372036854775807))
Edge(171135,391248,(3,9223372036854775807))
Edge(171338,164210,(3,9223372036854775807))
Edge(171654,52472,(1,3))
Edge(171941,374497,(3,9223372036854775807))
Edge(172699,442976,(3,9223372036854775807))
Edge(173020,57475,(1,9223372036854775807))
Edge(173608,269150,(3,9223372036854775807))
Edge(173740,22950,(3,9223372036854775807))
Edge(173841,343287,(3,9223372036854775807))
Edge(173961,396281,(3,9223372036854775807))
Edge(174253,174785,(1,3))
Edge(174272,438473,(1,9223372036854775807))
Edge(174783,51019,(3,9223372036854775807))
Edge(175079,473273,(3,9223372036854775807))
Edge(175640,449268,(3,9223372036854775807))
Edge(175818,56830,(3,9223372036854775807))
Edge(176704,455758,(3,9223372036854775807))
Edge(177009,173977,(3,9223372036854775807))
Edge(177373,258147,(3,9223372036854775807))
Edge(177749,214554,(3,9223372036854775807))
Edge(177925,369209,(3,9223372036854775807))
Edge(177928,293978,(3,9223372036854775807))
Edge(178562,244608,(3,9223372036854775807))
Edge(178616,284069,(1,9223372036854775807))
Edge(179459,191225,(3,9223372036854775807))
Edge(179488,57654,(1,9223372036854775807))
Edge(179805,81956,(3,9223372036854775807))
Edge(180054,388136,(3,9223372036854775807))
Edge(180454,432871,(3,9223372036854775807))
Edge(180953,448900,(3,9223372036854775807))
Edge(180958,375457,(1,3))
Edge(180967,218438,(3,9223372036854775807))
Edge(181039,454434,(3,9223372036854775807))
Edge(181152,205872,(1,9223372036854775807))
Edge(181286,23074,(1,9223372036854775807))
Edge(181696,147582,(3,9223372036854775807))
Edge(182624,333010,(3,9223372036854775807))
Edge(183037,161453,(3,9223372036854775807))
Edge(183363,375018,(3,9223372036854775807))
Edge(183629,192947,(3,9223372036854775807))
Edge(183652,9994,(3,9223372036854775807))
Edge(184522,379868,(3,9223372036854775807))
Edge(184695,217627,(3,9223372036854775807))
Edge(185048,238038,(3,9223372036854775807))
Edge(185740,308414,(3,9223372036854775807))
Edge(185898,434464,(3,9223372036854775807))
Edge(187662,363681,(3,9223372036854775807))
Edge(187887,265333,(1,9223372036854775807))
Edge(188058,296875,(3,9223372036854775807))
Edge(188160,215973,(3,9223372036854775807))
Edge(188458,87866,(1,9223372036854775807))
Edge(189314,142992,(3,9223372036854775807))
Edge(190033,266641,(3,9223372036854775807))
Edge(190281,408756,(1,9223372036854775807))
Edge(190312,111982,(3,9223372036854775807))
Edge(190511,440002,(3,9223372036854775807))
Edge(190786,266190,(3,9223372036854775807))
Edge(191027,249894,(3,9223372036854775807))
Edge(191205,206497,(3,9223372036854775807))
Edge(191217,118212,(3,9223372036854775807))
Edge(191288,69280,(3,9223372036854775807))
Edge(191326,454354,(3,9223372036854775807))
Edge(191583,321587,(3,9223372036854775807))
Edge(191925,127399,(3,9223372036854775807))
Edge(192274,274032,(3,9223372036854775807))
Edge(192377,25292,(3,9223372036854775807))
Edge(192951,212568,(3,9223372036854775807))
Edge(193759,255854,(3,9223372036854775807))
Edge(194177,285395,(1,9223372036854775807))
Edge(194289,81127,(3,9223372036854775807))
Edge(194324,196046,(3,9223372036854775807))
Edge(194619,400649,(1,9223372036854775807))
Edge(194676,376371,(3,9223372036854775807))
Edge(194778,242318,(1,9223372036854775807))
Edge(194791,382681,(3,9223372036854775807))
Edge(194907,466344,(3,9223372036854775807))
Edge(194942,455789,(1,9223372036854775807))
Edge(195117,121651,(3,9223372036854775807))
Edge(195262,381890,(3,9223372036854775807))
Edge(196041,175391,(3,9223372036854775807))
Edge(196102,93935,(3,9223372036854775807))
Edge(196395,448959,(3,9223372036854775807))
Edge(197236,265220,(4,9223372036854775807))
Edge(197308,67988,(3,9223372036854775807))
Edge(197601,255398,(3,9223372036854775807))
Edge(198271,32039,(3,9223372036854775807))
Edge(198431,73773,(3,9223372036854775807))
Edge(199205,246920,(3,9223372036854775807))
Edge(199284,336463,(3,9223372036854775807))
Edge(199531,20217,(3,9223372036854775807))
Edge(199932,52361,(3,9223372036854775807))
Edge(200009,470093,(3,9223372036854775807))
Edge(200832,180619,(3,9223372036854775807))
Edge(202179,99729,(3,9223372036854775807))
Edge(202550,211078,(3,9223372036854775807))
Edge(202654,485551,(3,9223372036854775807))
Edge(202694,43925,(3,9223372036854775807))
Edge(202704,7731,(3,9223372036854775807))
Edge(202888,2996,(1,9223372036854775807))
Edge(203398,11649,(3,9223372036854775807))
Edge(204245,370955,(1,9223372036854775807))
Edge(204366,236937,(3,9223372036854775807))
Edge(204456,322447,(3,9223372036854775807))
Edge(204571,63341,(3,9223372036854775807))
Edge(204675,261317,(3,9223372036854775807))
Edge(205155,205483,(3,9223372036854775807))
Edge(205225,236155,(1,9223372036854775807))
Edge(205320,291670,(3,9223372036854775807))
Edge(205464,214888,(3,9223372036854775807))
Edge(205982,371895,(3,9223372036854775807))
Edge(206463,32319,(1,9223372036854775807))
Edge(206687,296840,(3,9223372036854775807))
Edge(206723,109110,(3,9223372036854775807))
Edge(207009,14213,(1,9223372036854775807))
Edge(207184,60924,(3,9223372036854775807))
Edge(207523,444702,(3,9223372036854775807))
Edge(207721,205596,(3,9223372036854775807))
Edge(207805,235815,(3,9223372036854775807))
Edge(208312,256009,(3,9223372036854775807))
Edge(208524,175956,(3,9223372036854775807))
Edge(209047,303312,(3,9223372036854775807))
Edge(209379,148389,(3,9223372036854775807))
Edge(209558,141622,(3,9223372036854775807))
Edge(209739,120577,(3,9223372036854775807))
Edge(210163,192305,(3,9223372036854775807))
Edge(210175,147028,(3,9223372036854775807))
Edge(210203,157664,(3,9223372036854775807))
Edge(210283,167200,(1,9223372036854775807))
Edge(210409,486019,(3,9223372036854775807))
Edge(210529,316888,(3,9223372036854775807))
Edge(210762,251350,(1,9223372036854775807))
Edge(211254,445129,(3,9223372036854775807))
Edge(211471,89364,(3,9223372036854775807))
Edge(211682,294084,(3,9223372036854775807))
Edge(211707,260440,(3,9223372036854775807))
Edge(211738,419373,(3,9223372036854775807))
Edge(211885,37096,(3,9223372036854775807))
Edge(212002,14664,(3,9223372036854775807))
Edge(212089,319860,(3,9223372036854775807))
Edge(212601,433168,(3,9223372036854775807))
Edge(212661,460632,(3,9223372036854775807))
Edge(212924,163507,(3,9223372036854775807))
Edge(212934,403465,(3,9223372036854775807))
Edge(213010,95279,(3,9223372036854775807))
Edge(213335,183476,(3,9223372036854775807))
Edge(213392,255716,(3,9223372036854775807))
Edge(213902,88674,(1,3))
Edge(214017,277752,(3,9223372036854775807))
Edge(214083,154313,(3,9223372036854775807))
Edge(214127,407467,(3,9223372036854775807))
Edge(214593,305286,(3,9223372036854775807))
Edge(214714,164691,(3,9223372036854775807))
Edge(215144,363853,(3,9223372036854775807))
Edge(215413,275169,(3,9223372036854775807))
Edge(215423,322711,(3,9223372036854775807))
Edge(215653,182055,(1,3))
Edge(215750,417568,(1,9223372036854775807))
Edge(215763,35458,(1,9223372036854775807))
Edge(215771,288585,(3,9223372036854775807))
Edge(215782,283402,(3,9223372036854775807))
Edge(216047,374794,(3,9223372036854775807))
Edge(216483,131214,(3,9223372036854775807))
Edge(216527,188967,(1,3))
Edge(217465,395965,(3,9223372036854775807))
Edge(217842,180141,(3,9223372036854775807))
Edge(217955,281512,(3,9223372036854775807))
Edge(218016,268281,(1,3))
Edge(218106,328496,(3,9223372036854775807))
Edge(218276,373121,(3,9223372036854775807))
Edge(218812,101108,(3,9223372036854775807))
Edge(218896,257144,(1,9223372036854775807))
Edge(219086,30723,(3,9223372036854775807))
Edge(219179,166545,(3,9223372036854775807))
Edge(219194,59393,(3,9223372036854775807))
Edge(219277,43120,(1,9223372036854775807))
Edge(219496,308793,(3,9223372036854775807))
Edge(219499,141321,(1,9223372036854775807))
Edge(219758,206334,(3,9223372036854775807))
Edge(219896,67977,(3,9223372036854775807))
Edge(220429,262236,(1,3))
Edge(220475,121087,(3,9223372036854775807))
Edge(221175,290788,(3,9223372036854775807))
Edge(221238,202415,(1,9223372036854775807))
Edge(221996,449954,(3,9223372036854775807))
Edge(222060,93782,(3,9223372036854775807))
Edge(222366,497373,(3,9223372036854775807))
Edge(222636,17745,(3,9223372036854775807))
Edge(223182,426726,(3,9223372036854775807))
Edge(223453,149003,(3,9223372036854775807))
Edge(223957,179832,(3,9223372036854775807))
Edge(224201,381093,(1,3))
Edge(224334,168700,(3,9223372036854775807))
Edge(224574,499572,(3,9223372036854775807))
Edge(225350,394106,(3,9223372036854775807))
Edge(225450,321812,(3,9223372036854775807))
Edge(225635,135468,(3,9223372036854775807))
Edge(225644,92418,(3,9223372036854775807))
Edge(225958,50975,(3,9223372036854775807))
Edge(226366,322960,(3,9223372036854775807))
Edge(226737,323092,(3,9223372036854775807))
Edge(227034,402257,(3,9223372036854775807))
Edge(227507,33523,(3,9223372036854775807))
Edge(227564,153930,(3,9223372036854775807))
Edge(228158,304011,(1,9223372036854775807))
Edge(228384,423496,(1,3))
Edge(228930,14912,(3,9223372036854775807))
Edge(229263,401230,(3,9223372036854775807))
Edge(229469,70471,(3,9223372036854775807))
Edge(229480,284392,(3,9223372036854775807))
Edge(229527,464074,(3,9223372036854775807))
Edge(229653,474760,(3,9223372036854775807))
Edge(229860,4738,(3,9223372036854775807))
Edge(230009,95060,(1,9223372036854775807))
Edge(230196,381031,(1,3))
Edge(231425,337808,(3,9223372036854775807))
Edge(231520,225305,(3,9223372036854775807))
Edge(231902,312226,(1,3))
Edge(232121,455512,(3,9223372036854775807))
Edge(232258,477129,(3,9223372036854775807))
Edge(232411,273337,(3,9223372036854775807))
Edge(232546,219159,(3,9223372036854775807))
Edge(233185,385109,(3,9223372036854775807))
Edge(233602,177878,(3,9223372036854775807))
Edge(233859,163869,(3,9223372036854775807))
Edge(233951,129798,(3,9223372036854775807))
Edge(234237,148846,(3,9223372036854775807))
Edge(234485,162826,(1,9223372036854775807))
Edge(234763,222860,(1,9223372036854775807))
Edge(234789,82891,(1,3))
Edge(235391,122266,(3,9223372036854775807))
Edge(235777,10125,(3,9223372036854775807))
Edge(236107,461352,(1,9223372036854775807))
Edge(236222,158060,(3,9223372036854775807))
Edge(236498,162004,(3,9223372036854775807))
Edge(236569,238016,(3,9223372036854775807))
Edge(236658,289138,(3,9223372036854775807))
Edge(236811,262867,(3,9223372036854775807))
Edge(237180,105295,(3,9223372036854775807))
Edge(237239,347737,(3,9223372036854775807))
Edge(237350,440054,(3,9223372036854775807))
Edge(237618,414711,(3,9223372036854775807))
Edge(238009,1318,(1,9223372036854775807))
Edge(238757,375883,(1,9223372036854775807))
Edge(238940,473206,(3,9223372036854775807))
Edge(239193,462944,(3,9223372036854775807))
Edge(239195,162916,(3,9223372036854775807))
Edge(239274,302343,(1,9223372036854775807))
Edge(239435,79500,(3,9223372036854775807))
Edge(239960,415922,(3,9223372036854775807))
Edge(239969,449366,(3,9223372036854775807))
Edge(239982,399030,(3,9223372036854775807))
Edge(240374,87869,(3,9223372036854775807))
Edge(241170,355885,(3,9223372036854775807))
Edge(242091,211636,(3,9223372036854775807))
Edge(242722,459091,(3,9223372036854775807))
Edge(242831,264979,(1,9223372036854775807))
Edge(242833,202445,(3,9223372036854775807))
Edge(242886,397154,(1,9223372036854775807))
Edge(243102,119632,(3,9223372036854775807))
Edge(243273,250807,(3,9223372036854775807))
Edge(243396,283504,(3,9223372036854775807))
Edge(244075,324265,(3,9223372036854775807))
Edge(244087,423672,(3,9223372036854775807))
Edge(244521,140107,(3,9223372036854775807))
Edge(244739,325699,(3,9223372036854775807))
Edge(244839,102894,(3,9223372036854775807))
Edge(245301,460302,(3,9223372036854775807))
Edge(245438,16388,(1,3))
Edge(245522,177814,(1,3))
Edge(245552,442490,(3,9223372036854775807))
Edge(246035,56790,(3,9223372036854775807))
Edge(246525,330940,(3,9223372036854775807))
Edge(246526,486473,(3,9223372036854775807))
Edge(246868,325077,(3,9223372036854775807))
Edge(246992,205004,(3,9223372036854775807))
Edge(247055,199956,(1,9223372036854775807))
Edge(247165,374934,(3,9223372036854775807))
Edge(247850,399830,(3,9223372036854775807))
Edge(248021,2931,(3,9223372036854775807))
Edge(248136,233946,(3,9223372036854775807))
Edge(248162,335316,(3,9223372036854775807))
Edge(248777,99202,(3,9223372036854775807))
Edge(248791,163031,(3,9223372036854775807))
Edge(249140,143092,(3,9223372036854775807))
Edge(249336,210247,(3,9223372036854775807))
Edge(250868,104298,(3,9223372036854775807))
Edge(250960,129419,(1,9223372036854775807))
Edge(251354,136908,(1,3))
Edge(251357,246891,(1,9223372036854775807))
Edge(251909,152840,(3,9223372036854775807))
Edge(252049,131358,(3,9223372036854775807))
Edge(252205,193380,(3,9223372036854775807))
Edge(252234,333708,(3,9223372036854775807))
Edge(252481,211082,(3,9223372036854775807))
Edge(252628,432436,(3,9223372036854775807))
Edge(253353,429598,(1,9223372036854775807))
Edge(254615,45395,(3,9223372036854775807))
Edge(254818,457192,(3,9223372036854775807))
Edge(255399,178984,(3,9223372036854775807))
Edge(255557,121564,(3,9223372036854775807))
Edge(256885,352022,(1,9223372036854775807))
Edge(257001,130671,(1,9223372036854775807))
Edge(257219,85659,(3,9223372036854775807))
Edge(257305,322945,(3,9223372036854775807))
Edge(258310,482044,(3,9223372036854775807))
Edge(258464,84068,(3,9223372036854775807))
Edge(258694,61489,(3,9223372036854775807))
Edge(258780,425736,(1,9223372036854775807))
Edge(258923,284612,(3,9223372036854775807))
Edge(259047,34395,(3,9223372036854775807))
Edge(259639,257566,(3,9223372036854775807))
Edge(260004,39839,(3,9223372036854775807))
Edge(260439,229333,(3,9223372036854775807))
Edge(260561,104066,(3,9223372036854775807))
Edge(260612,222895,(3,9223372036854775807))
Edge(260993,16479,(3,9223372036854775807))
Edge(261319,299984,(3,9223372036854775807))
Edge(261513,55760,(3,9223372036854775807))
Edge(261578,218823,(3,9223372036854775807))
Edge(261814,19788,(3,9223372036854775807))
Edge(262079,216043,(3,9223372036854775807))
Edge(262181,19919,(3,9223372036854775807))
Edge(262446,209231,(3,9223372036854775807))
Edge(262452,364151,(1,9223372036854775807))
Edge(263081,229036,(1,3))
Edge(263105,29256,(4,9223372036854775807))
Edge(263297,302530,(3,9223372036854775807))
Edge(263309,47400,(3,9223372036854775807))
Edge(263507,291927,(1,9223372036854775807))
Edge(264042,410642,(3,9223372036854775807))
Edge(264119,382709,(3,9223372036854775807))
Edge(264164,235063,(1,9223372036854775807))
Edge(264254,35857,(3,9223372036854775807))
Edge(264482,60070,(3,9223372036854775807))
Edge(264531,266436,(3,9223372036854775807))
Edge(264542,495357,(3,9223372036854775807))
Edge(264633,433191,(1,3))
Edge(264925,188963,(3,9223372036854775807))
Edge(265144,389066,(3,9223372036854775807))
Edge(265175,231781,(3,9223372036854775807))
Edge(265355,84957,(1,9223372036854775807))
Edge(265541,470522,(3,9223372036854775807))
Edge(265745,311261,(3,9223372036854775807))
Edge(265829,391638,(1,9223372036854775807))
Edge(266624,337494,(3,9223372036854775807))
Edge(266670,434532,(3,9223372036854775807))
Edge(266989,39469,(3,9223372036854775807))
Edge(267005,215811,(3,9223372036854775807))
Edge(267409,167080,(3,9223372036854775807))
Edge(267602,322498,(1,3))
Edge(267661,87356,(1,9223372036854775807))
Edge(268163,117730,(3,9223372036854775807))
Edge(268192,50562,(1,9223372036854775807))
Edge(268529,215827,(3,9223372036854775807))
Edge(268577,199976,(3,9223372036854775807))
Edge(268592,479694,(3,9223372036854775807))
Edge(268896,429656,(3,9223372036854775807))
Edge(269466,425387,(3,9223372036854775807))
Edge(269667,32670,(3,9223372036854775807))
Edge(270278,96663,(3,9223372036854775807))
Edge(270937,292006,(3,9223372036854775807))
Edge(271185,347223,(3,9223372036854775807))
Edge(271741,487582,(3,9223372036854775807))
Edge(271942,250035,(1,3))
Edge(271989,246718,(3,9223372036854775807))
Edge(272201,262803,(3,9223372036854775807))
Edge(272630,344698,(1,3))
Edge(272681,73395,(1,9223372036854775807))
Edge(273094,55571,(1,9223372036854775807))
Edge(273134,286022,(1,9223372036854775807))
Edge(273649,131890,(1,9223372036854775807))
Edge(273650,481330,(3,9223372036854775807))
Edge(274135,20045,(3,9223372036854775807))
Edge(274258,242999,(1,9223372036854775807))
Edge(274550,93092,(3,9223372036854775807))
Edge(274991,60386,(3,9223372036854775807))
Edge(275393,498346,(3,9223372036854775807))
Edge(275704,327668,(3,9223372036854775807))
Edge(275921,139274,(3,9223372036854775807))
Edge(276549,484384,(3,9223372036854775807))
Edge(276613,304630,(1,3))
Edge(276866,371221,(3,9223372036854775807))
Edge(277008,9614,(1,3))
Edge(277185,307253,(3,9223372036854775807))
Edge(277376,5573,(3,9223372036854775807))
Edge(277575,218813,(3,9223372036854775807))
Edge(278041,411972,(1,9223372036854775807))
Edge(278412,90782,(1,3))
Edge(278696,106430,(1,3))
Edge(278704,62946,(1,9223372036854775807))
Edge(279263,291398,(3,9223372036854775807))
Edge(280419,426218,(3,9223372036854775807))
Edge(280440,92230,(1,9223372036854775807))
Edge(281399,119383,(3,9223372036854775807))
Edge(281893,339589,(3,9223372036854775807))
Edge(281967,235169,(3,9223372036854775807))
Edge(282375,238826,(3,9223372036854775807))
Edge(282582,313791,(3,9223372036854775807))
Edge(282600,45260,(3,9223372036854775807))
Edge(282762,115943,(3,9223372036854775807))
Edge(283504,341254,(3,9223372036854775807))
Edge(283539,444924,(3,9223372036854775807))
Edge(283742,497959,(3,9223372036854775807))
Edge(283921,391268,(3,9223372036854775807))
Edge(283931,188172,(3,9223372036854775807))
Edge(285089,349708,(3,9223372036854775807))
Edge(285290,30802,(3,9223372036854775807))
Edge(285374,66101,(3,9223372036854775807))
Edge(285631,9002,(3,9223372036854775807))
Edge(285779,41285,(3,9223372036854775807))
Edge(285991,285755,(1,3))
Edge(286332,194032,(3,9223372036854775807))
Edge(287176,11055,(3,9223372036854775807))
Edge(287564,161856,(1,9223372036854775807))
Edge(287606,327747,(3,9223372036854775807))
Edge(287665,497845,(3,9223372036854775807))
Edge(287750,142359,(3,9223372036854775807))
Edge(288114,4377,(3,9223372036854775807))
Edge(288664,147536,(3,9223372036854775807))
Edge(288888,14381,(3,9223372036854775807))
Edge(289301,41999,(1,9223372036854775807))
Edge(289798,301900,(3,9223372036854775807))
Edge(289875,233185,(3,9223372036854775807))
Edge(289881,78643,(3,9223372036854775807))
Edge(290122,291064,(3,9223372036854775807))
Edge(290493,409720,(3,9223372036854775807))
Edge(290800,261043,(3,9223372036854775807))
Edge(291740,429425,(3,9223372036854775807))
Edge(291889,495919,(3,9223372036854775807))
Edge(292083,209815,(3,9223372036854775807))
Edge(292158,437568,(3,9223372036854775807))
Edge(292381,211411,(3,9223372036854775807))
Edge(292490,282342,(1,9223372036854775807))
Edge(292552,239714,(3,9223372036854775807))
Edge(292696,111685,(1,3))
Edge(293250,35546,(3,9223372036854775807))
Edge(294449,310500,(3,9223372036854775807))
Edge(294570,295229,(3,9223372036854775807))
Edge(294573,283408,(1,3))
Edge(294828,369759,(3,9223372036854775807))
Edge(294973,477479,(3,9223372036854775807))
Edge(295028,235557,(4,9223372036854775807))
Edge(295066,4846,(3,9223372036854775807))
Edge(295082,135748,(3,9223372036854775807))
Edge(295111,278716,(1,9223372036854775807))
Edge(295638,334916,(3,9223372036854775807))
Edge(295961,54526,(3,9223372036854775807))
Edge(296132,327151,(1,3))
Edge(296294,122043,(3,9223372036854775807))
Edge(296342,391100,(1,9223372036854775807))
Edge(296810,264640,(3,9223372036854775807))
Edge(297196,276831,(3,9223372036854775807))
Edge(297205,146583,(3,9223372036854775807))
Edge(297578,116445,(3,9223372036854775807))
Edge(297631,430925,(3,9223372036854775807))
Edge(298009,186886,(1,9223372036854775807))
Edge(298192,367715,(3,9223372036854775807))
Edge(298353,36473,(3,9223372036854775807))
Edge(298528,196853,(3,9223372036854775807))
Edge(298716,369644,(3,9223372036854775807))
Edge(298798,127656,(3,9223372036854775807))
Edge(299424,471440,(3,9223372036854775807))
Edge(299541,421488,(3,9223372036854775807))
Edge(299576,23377,(1,9223372036854775807))
Edge(299578,199206,(3,9223372036854775807))
Edge(299624,54210,(3,9223372036854775807))
Edge(299645,379521,(1,9223372036854775807))
Edge(299707,411054,(3,9223372036854775807))
Edge(299928,328515,(1,9223372036854775807))
Edge(300140,328349,(3,9223372036854775807))
Edge(300744,475581,(3,9223372036854775807))
Edge(301502,227988,(3,9223372036854775807))
Edge(301826,12292,(1,3))
Edge(302603,317162,(3,9223372036854775807))
Edge(302652,486584,(3,9223372036854775807))
Edge(302756,437722,(3,9223372036854775807))
Edge(302805,302039,(1,9223372036854775807))
Edge(303245,24703,(3,9223372036854775807))
Edge(303416,415669,(3,9223372036854775807))
Edge(303591,380330,(3,9223372036854775807))
Edge(303619,314997,(3,9223372036854775807))
Edge(303900,43677,(1,9223372036854775807))
Edge(304191,487205,(3,9223372036854775807))
Edge(304201,356804,(1,3))
Edge(304628,88006,(3,9223372036854775807))
Edge(305107,133318,(3,9223372036854775807))
Edge(305912,49493,(3,9223372036854775807))
Edge(306076,288152,(3,9223372036854775807))
Edge(306209,386477,(1,9223372036854775807))
Edge(306390,400397,(1,3))
Edge(307150,341926,(3,9223372036854775807))
Edge(307569,467939,(1,9223372036854775807))
Edge(307608,133323,(3,9223372036854775807))
Edge(307725,80087,(3,9223372036854775807))
Edge(307834,185263,(3,9223372036854775807))
Edge(308238,432690,(1,3))
Edge(308296,165019,(3,9223372036854775807))
Edge(308438,223762,(3,9223372036854775807))
Edge(308878,424055,(1,9223372036854775807))
Edge(309173,199753,(3,9223372036854775807))
Edge(309453,318956,(3,9223372036854775807))
Edge(309821,99371,(3,9223372036854775807))
Edge(309992,91642,(3,9223372036854775807))
Edge(310271,82544,(3,9223372036854775807))
Edge(310724,188404,(3,9223372036854775807))
Edge(310798,161417,(1,3))
Edge(310943,48479,(3,9223372036854775807))
Edge(311020,115429,(3,9223372036854775807))
Edge(311074,114841,(1,3))
Edge(311183,424133,(3,9223372036854775807))
Edge(311364,76844,(3,9223372036854775807))
Edge(311688,161982,(3,9223372036854775807))
Edge(311801,419359,(1,9223372036854775807))
Edge(311949,246925,(3,9223372036854775807))
Edge(312036,111734,(3,9223372036854775807))
Edge(312107,460897,(3,9223372036854775807))
Edge(312302,330527,(3,9223372036854775807))
Edge(312307,479632,(1,3))
Edge(312848,322909,(3,9223372036854775807))
Edge(312859,485361,(3,9223372036854775807))
Edge(312860,80478,(3,9223372036854775807))
Edge(312893,433988,(3,9223372036854775807))
Edge(313238,162632,(1,9223372036854775807))
Edge(313374,451128,(3,9223372036854775807))
Edge(313546,263633,(3,9223372036854775807))
Edge(313686,157180,(1,9223372036854775807))
Edge(313780,2913,(3,9223372036854775807))
Edge(314041,19681,(1,9223372036854775807))
Edge(314181,433585,(1,9223372036854775807))
Edge(314185,145732,(3,9223372036854775807))
Edge(314844,426484,(3,9223372036854775807))
Edge(314854,97013,(3,9223372036854775807))
Edge(315155,351272,(1,9223372036854775807))
Edge(315266,468860,(1,9223372036854775807))
Edge(315354,39727,(3,9223372036854775807))
Edge(316048,83373,(3,9223372036854775807))
Edge(316236,84007,(3,9223372036854775807))
Edge(316441,162042,(3,9223372036854775807))
Edge(316606,340673,(3,9223372036854775807))
Edge(317011,231977,(3,9223372036854775807))
Edge(318380,173817,(3,9223372036854775807))
Edge(318639,429686,(3,9223372036854775807))
Edge(318917,320796,(3,9223372036854775807))
Edge(319257,333853,(3,9223372036854775807))
Edge(319289,286810,(3,9223372036854775807))
Edge(319295,69042,(3,9223372036854775807))
Edge(319683,209802,(3,9223372036854775807))
Edge(320002,1306,(3,9223372036854775807))
Edge(320198,439695,(3,9223372036854775807))
Edge(320410,199726,(3,9223372036854775807))
Edge(320520,36098,(3,9223372036854775807))
Edge(320982,287150,(3,9223372036854775807))
Edge(321254,357294,(3,9223372036854775807))
Edge(321557,364798,(3,9223372036854775807))
Edge(321770,347367,(3,9223372036854775807))
Edge(322112,29730,(3,9223372036854775807))
Edge(322546,393479,(3,9223372036854775807))
Edge(322555,214590,(1,9223372036854775807))
Edge(322973,22556,(1,3))
Edge(323056,411866,(3,9223372036854775807))
Edge(323222,244555,(3,9223372036854775807))
Edge(323661,345278,(3,9223372036854775807))
Edge(324280,124368,(3,9223372036854775807))
Edge(324761,399650,(3,9223372036854775807))
Edge(324897,380401,(3,9223372036854775807))
Edge(324925,321095,(3,9223372036854775807))
Edge(325428,472169,(1,9223372036854775807))
Edge(325456,222547,(3,9223372036854775807))
Edge(326017,113444,(3,9223372036854775807))
Edge(326150,97043,(3,9223372036854775807))
Edge(326182,206837,(3,9223372036854775807))
Edge(326344,464323,(1,9223372036854775807))
Edge(326401,33919,(1,9223372036854775807))
Edge(326428,214911,(3,9223372036854775807))
Edge(326728,494454,(3,9223372036854775807))
Edge(326784,238089,(1,9223372036854775807))
Edge(326962,338950,(1,3))
Edge(327291,335818,(1,9223372036854775807))
Edge(327453,5585,(3,9223372036854775807))
Edge(328357,153777,(1,9223372036854775807))
Edge(328629,479304,(3,9223372036854775807))
Edge(328803,326236,(1,3))
Edge(329107,30638,(3,9223372036854775807))
Edge(329753,216601,(3,9223372036854775807))
Edge(329867,333357,(1,9223372036854775807))
Edge(330046,438624,(3,9223372036854775807))
Edge(330074,227573,(3,9223372036854775807))
Edge(330471,55912,(3,9223372036854775807))
Edge(330676,323367,(3,9223372036854775807))
Edge(330715,199986,(1,3))
Edge(330812,334478,(3,9223372036854775807))
Edge(330933,388937,(3,9223372036854775807))
Edge(331105,347221,(3,9223372036854775807))
Edge(331175,19282,(3,9223372036854775807))
Edge(331202,86942,(1,9223372036854775807))
Edge(331859,49900,(1,9223372036854775807))
Edge(331880,474588,(3,9223372036854775807))
Edge(332097,5933,(3,9223372036854775807))
Edge(332117,49672,(3,9223372036854775807))
Edge(332616,65492,(1,3))
Edge(332745,46318,(1,9223372036854775807))
Edge(332908,399602,(3,9223372036854775807))
Edge(333147,352095,(3,9223372036854775807))
Edge(333203,294843,(3,9223372036854775807))
Edge(333752,98454,(1,9223372036854775807))
Edge(333942,333727,(3,9223372036854775807))
Edge(334030,67650,(3,9223372036854775807))
Edge(334052,365267,(3,9223372036854775807))
Edge(334531,58445,(3,9223372036854775807))
Edge(335123,435585,(3,9223372036854775807))
Edge(335459,403306,(3,9223372036854775807))
Edge(335675,400393,(3,9223372036854775807))
Edge(336139,404438,(3,9223372036854775807))
Edge(337034,461069,(1,9223372036854775807))
Edge(337058,365415,(3,9223372036854775807))
Edge(337196,282997,(3,9223372036854775807))
Edge(337634,11680,(3,9223372036854775807))
Edge(337977,36740,(3,9223372036854775807))
Edge(337999,297092,(3,9223372036854775807))
Edge(338181,408048,(3,9223372036854775807))
Edge(338377,379328,(3,9223372036854775807))
Edge(338702,16504,(3,9223372036854775807))
Edge(339091,407856,(3,9223372036854775807))
Edge(339095,312602,(3,9223372036854775807))
Edge(339438,91647,(3,9223372036854775807))
Edge(340214,345961,(1,3))
Edge(340237,7615,(1,9223372036854775807))
Edge(340297,310830,(3,9223372036854775807))
Edge(340608,450970,(1,3))
Edge(340845,74137,(3,9223372036854775807))
Edge(341031,399357,(3,9223372036854775807))
Edge(341258,488907,(3,9223372036854775807))
Edge(341294,444301,(1,3))
Edge(342024,300929,(3,9223372036854775807))
Edge(342232,194461,(1,9223372036854775807))
Edge(342444,47839,(3,9223372036854775807))
Edge(342493,72719,(3,9223372036854775807))
Edge(342555,397904,(3,9223372036854775807))
Edge(342722,438961,(3,9223372036854775807))
Edge(342931,437164,(1,9223372036854775807))
Edge(343022,436233,(3,9223372036854775807))
Edge(343190,248783,(3,9223372036854775807))
Edge(343582,207134,(3,9223372036854775807))
Edge(343765,448129,(3,9223372036854775807))
Edge(344502,103161,(1,3))
Edge(345097,88617,(3,9223372036854775807))
Edge(345159,209158,(1,9223372036854775807))
Edge(345788,77710,(3,9223372036854775807))
Edge(346199,364796,(1,3))
Edge(346586,284883,(3,9223372036854775807))
Edge(346808,142308,(3,9223372036854775807))
Edge(346849,411464,(3,9223372036854775807))
Edge(347053,255244,(3,9223372036854775807))
Edge(347313,333454,(3,9223372036854775807))
Edge(347359,389565,(3,9223372036854775807))
Edge(347534,288521,(3,9223372036854775807))
Edge(347950,446771,(1,9223372036854775807))
Edge(348007,493,(3,9223372036854775807))
Edge(348631,218711,(4,9223372036854775807))
Edge(348858,88530,(3,9223372036854775807))
Edge(348931,92616,(3,9223372036854775807))
Edge(349225,69716,(3,9223372036854775807))
Edge(349308,127042,(3,9223372036854775807))
Edge(349518,233691,(3,9223372036854775807))
Edge(349539,160086,(1,9223372036854775807))
Edge(349699,158930,(1,9223372036854775807))
Edge(349706,329172,(3,9223372036854775807))
Edge(350039,148822,(3,9223372036854775807))
Edge(350213,150045,(1,9223372036854775807))
Edge(350623,171620,(1,9223372036854775807))
Edge(350864,468214,(1,9223372036854775807))
Edge(351943,235247,(3,9223372036854775807))
Edge(352232,11944,(3,9223372036854775807))
Edge(352297,345210,(1,9223372036854775807))
Edge(352798,475365,(1,3))
Edge(352922,371780,(3,9223372036854775807))
Edge(353196,373479,(3,9223372036854775807))
Edge(353389,53278,(3,9223372036854775807))
Edge(353447,438520,(3,9223372036854775807))
Edge(353582,380449,(3,9223372036854775807))
Edge(354843,395228,(3,9223372036854775807))
Edge(355107,172318,(3,9223372036854775807))
Edge(355123,23121,(3,9223372036854775807))
Edge(355382,198760,(3,9223372036854775807))
Edge(355464,170344,(3,9223372036854775807))
Edge(355664,427057,(1,9223372036854775807))
Edge(355858,13019,(3,9223372036854775807))
Edge(355999,265292,(1,3))
Edge(356026,397045,(3,9223372036854775807))
Edge(356378,371552,(1,9223372036854775807))
Edge(356857,351799,(3,9223372036854775807))
Edge(357444,461167,(1,9223372036854775807))
Edge(357505,107342,(3,9223372036854775807))
Edge(358023,47052,(3,9223372036854775807))
Edge(358046,347395,(3,9223372036854775807))
Edge(358238,381295,(3,9223372036854775807))
Edge(358414,70271,(1,9223372036854775807))
Edge(358460,447542,(3,9223372036854775807))
Edge(358498,299445,(1,9223372036854775807))
Edge(358833,344789,(3,9223372036854775807))
Edge(358957,439487,(3,9223372036854775807))
Edge(359463,122710,(3,9223372036854775807))
Edge(360171,207202,(3,9223372036854775807))
Edge(360691,222147,(3,9223372036854775807))
Edge(361271,155782,(3,9223372036854775807))
Edge(361585,49048,(3,9223372036854775807))
Edge(361995,463169,(1,9223372036854775807))
Edge(361997,220836,(1,9223372036854775807))
Edge(362397,348269,(1,9223372036854775807))
Edge(362581,106646,(1,9223372036854775807))
Edge(362731,415225,(3,9223372036854775807))
Edge(362889,496882,(1,9223372036854775807))
Edge(363838,60633,(3,9223372036854775807))
Edge(363952,163674,(3,9223372036854775807))
Edge(363964,7625,(3,9223372036854775807))
Edge(364435,151071,(1,9223372036854775807))
Edge(364928,18292,(3,9223372036854775807))
Edge(365088,336501,(1,3))
Edge(365361,173563,(3,9223372036854775807))
Edge(365546,52794,(3,9223372036854775807))
Edge(365584,461554,(3,9223372036854775807))
Edge(366067,128174,(1,3))
Edge(366467,153366,(3,9223372036854775807))
Edge(366624,413112,(3,9223372036854775807))
Edge(366844,39830,(3,9223372036854775807))
Edge(366927,84181,(3,9223372036854775807))
Edge(367146,109186,(3,9223372036854775807))
Edge(368076,143810,(3,9223372036854775807))
Edge(368657,494448,(3,9223372036854775807))
Edge(368989,188605,(3,9223372036854775807))
Edge(369050,465448,(3,9223372036854775807))
Edge(369559,433943,(3,9223372036854775807))
Edge(369605,34080,(3,9223372036854775807))
Edge(369684,74426,(3,9223372036854775807))
Edge(369845,96343,(1,3))
Edge(370427,71903,(3,9223372036854775807))
Edge(370971,152780,(3,9223372036854775807))
Edge(370991,420031,(3,9223372036854775807))
Edge(371038,130510,(3,9223372036854775807))
Edge(371046,278773,(3,9223372036854775807))
Edge(371121,72769,(1,9223372036854775807))
Edge(371306,249458,(1,9223372036854775807))
Edge(371728,282310,(3,9223372036854775807))
Edge(372006,185506,(3,9223372036854775807))
Edge(372215,77274,(1,9223372036854775807))
Edge(372348,260844,(1,9223372036854775807))
Edge(372380,44751,(3,9223372036854775807))
Edge(373079,431835,(3,9223372036854775807))
Edge(373307,212995,(3,9223372036854775807))
Edge(373739,247863,(1,9223372036854775807))
Edge(373800,487066,(1,9223372036854775807))
Edge(373825,79588,(1,9223372036854775807))
Edge(374140,443576,(1,3))
Edge(374275,381643,(3,9223372036854775807))
Edge(374627,454545,(3,9223372036854775807))
Edge(374722,408844,(3,9223372036854775807))
Edge(374742,1539,(1,3))
Edge(374847,329970,(3,9223372036854775807))
Edge(375162,283913,(3,9223372036854775807))
Edge(375389,177716,(3,9223372036854775807))
Edge(375737,97645,(3,9223372036854775807))
Edge(375960,302706,(3,9223372036854775807))
Edge(375968,351522,(3,9223372036854775807))
Edge(376073,209976,(3,9223372036854775807))
Edge(376151,46441,(3,9223372036854775807))
Edge(376215,435578,(1,9223372036854775807))
Edge(376596,489839,(3,9223372036854775807))
Edge(376679,24034,(3,9223372036854775807))
Edge(376964,322034,(3,9223372036854775807))
Edge(377412,63238,(3,9223372036854775807))
Edge(377712,416714,(3,9223372036854775807))
Edge(377744,347922,(3,9223372036854775807))
Edge(377874,150029,(3,9223372036854775807))
Edge(378228,402177,(3,9223372036854775807))
Edge(378241,457605,(3,9223372036854775807))
Edge(378268,79108,(3,9223372036854775807))
Edge(378743,172611,(3,9223372036854775807))
Edge(379125,489675,(1,3))
Edge(379349,208585,(3,9223372036854775807))
Edge(379649,143196,(3,9223372036854775807))
Edge(379793,352289,(3,9223372036854775807))
Edge(379806,388407,(3,9223372036854775807))
Edge(379919,74131,(3,9223372036854775807))
Edge(380052,70792,(3,9223372036854775807))
Edge(380326,441577,(3,9223372036854775807))
Edge(380674,390525,(3,9223372036854775807))
Edge(380796,151198,(3,9223372036854775807))
Edge(381307,327024,(3,9223372036854775807))
Edge(381528,414153,(1,9223372036854775807))
Edge(381799,362572,(3,9223372036854775807))
Edge(381950,261855,(3,9223372036854775807))
Edge(382253,3757,(3,9223372036854775807))
Edge(382668,428071,(3,9223372036854775807))
Edge(383717,47960,(1,9223372036854775807))
Edge(383781,260510,(3,9223372036854775807))
Edge(384364,489930,(3,9223372036854775807))
Edge(384916,121994,(3,9223372036854775807))
Edge(385353,318651,(1,9223372036854775807))
Edge(386304,456872,(3,9223372036854775807))
Edge(386497,231076,(3,9223372036854775807))
Edge(386759,76154,(3,9223372036854775807))
Edge(386905,210735,(1,9223372036854775807))
Edge(386976,34203,(3,9223372036854775807))
Edge(387013,295853,(3,9223372036854775807))
Edge(387046,488712,(3,9223372036854775807))
Edge(387723,365190,(3,9223372036854775807))
Edge(388262,24678,(3,9223372036854775807))
Edge(388307,88824,(1,3))
Edge(388876,214508,(1,9223372036854775807))
Edge(388930,72135,(1,3))
Edge(389575,168732,(3,9223372036854775807))
Edge(390916,475250,(3,9223372036854775807))
Edge(391519,150867,(3,9223372036854775807))
Edge(391645,420372,(3,9223372036854775807))
Edge(391728,29058,(1,3))
Edge(391876,337352,(3,9223372036854775807))
Edge(392171,345326,(3,9223372036854775807))
Edge(392468,452456,(3,9223372036854775807))
Edge(393339,114344,(3,9223372036854775807))
Edge(393441,206502,(3,9223372036854775807))
Edge(394233,88008,(3,9223372036854775807))
Edge(394299,192346,(3,9223372036854775807))
Edge(394345,246673,(1,9223372036854775807))
Edge(394457,53311,(3,9223372036854775807))
Edge(394535,230041,(3,9223372036854775807))
Edge(395052,323128,(3,9223372036854775807))
Edge(395064,148369,(3,9223372036854775807))
Edge(395806,164033,(3,9223372036854775807))
Edge(395953,363262,(3,9223372036854775807))
Edge(395977,470571,(3,9223372036854775807))
Edge(396259,460169,(1,9223372036854775807))
Edge(396631,11423,(3,9223372036854775807))
Edge(396778,154309,(3,9223372036854775807))
Edge(397556,25926,(3,9223372036854775807))
Edge(397751,75780,(3,9223372036854775807))
Edge(398410,52342,(3,9223372036854775807))
Edge(398712,58664,(3,9223372036854775807))
Edge(398777,347168,(3,9223372036854775807))
Edge(399148,474796,(3,9223372036854775807))
Edge(400130,424627,(1,9223372036854775807))
Edge(401413,422008,(3,9223372036854775807))
Edge(401456,455530,(3,9223372036854775807))
Edge(401473,28567,(3,9223372036854775807))
Edge(401610,367418,(3,9223372036854775807))
Edge(402195,59228,(3,9223372036854775807))
Edge(402385,133275,(3,9223372036854775807))
Edge(402653,202992,(3,9223372036854775807))
Edge(402860,311480,(3,9223372036854775807))
Edge(403104,107028,(1,9223372036854775807))
Edge(403207,343281,(3,9223372036854775807))
Edge(403540,437904,(3,9223372036854775807))
Edge(403691,314387,(3,9223372036854775807))
Edge(403902,138020,(3,9223372036854775807))
Edge(404165,363517,(3,9223372036854775807))
Edge(404365,310869,(1,3))
Edge(404437,334116,(1,9223372036854775807))
Edge(404494,203127,(3,9223372036854775807))
Edge(404923,420590,(3,9223372036854775807))
Edge(405549,343750,(3,9223372036854775807))
Edge(405562,81549,(3,9223372036854775807))
Edge(405649,364914,(3,9223372036854775807))
Edge(405766,114555,(3,9223372036854775807))
Edge(405863,53505,(3,9223372036854775807))
Edge(406034,439529,(3,9223372036854775807))
Edge(406122,276947,(3,9223372036854775807))
Edge(406138,14419,(3,9223372036854775807))
Edge(406144,40751,(1,9223372036854775807))
Edge(406460,366910,(1,3))
Edge(406710,396392,(3,9223372036854775807))
Edge(406994,162963,(1,9223372036854775807))
Edge(407756,117612,(3,9223372036854775807))
Edge(407844,97458,(3,9223372036854775807))
Edge(407889,148327,(3,9223372036854775807))
Edge(409359,35402,(3,9223372036854775807))
Edge(409443,441703,(3,9223372036854775807))
Edge(409680,226811,(3,9223372036854775807))
Edge(410204,410975,(1,3))
Edge(410284,197777,(3,9223372036854775807))
Edge(410455,377636,(3,9223372036854775807))
Edge(410726,45544,(3,9223372036854775807))
Edge(410988,384578,(3,9223372036854775807))
Edge(411465,363225,(3,9223372036854775807))
Edge(412191,288639,(3,9223372036854775807))
Edge(412226,338974,(3,9223372036854775807))
Edge(412364,283241,(3,9223372036854775807))
Edge(413068,347853,(3,9223372036854775807))
Edge(413605,429800,(3,9223372036854775807))
Edge(414167,105411,(3,9223372036854775807))
Edge(414856,100715,(1,9223372036854775807))
Edge(414882,47383,(3,9223372036854775807))
Edge(415345,39884,(3,9223372036854775807))
Edge(415420,255670,(3,9223372036854775807))
Edge(415723,254268,(1,9223372036854775807))
Edge(416022,200792,(3,9223372036854775807))
Edge(416459,200857,(1,9223372036854775807))
Edge(416706,219155,(3,9223372036854775807))
Edge(416965,346866,(3,9223372036854775807))
Edge(417287,207260,(3,9223372036854775807))
Edge(417707,447068,(3,9223372036854775807))
Edge(418082,56364,(1,9223372036854775807))
Edge(418426,261509,(3,9223372036854775807))
Edge(418525,199900,(3,9223372036854775807))
Edge(418692,161846,(3,9223372036854775807))
Edge(418699,148942,(3,9223372036854775807))
Edge(418718,95438,(3,9223372036854775807))
Edge(419198,7723,(3,9223372036854775807))
Edge(419385,3926,(3,9223372036854775807))
Edge(420083,290446,(3,9223372036854775807))
Edge(420413,417588,(3,9223372036854775807))
Edge(420710,192825,(3,9223372036854775807))
Edge(420809,402603,(3,9223372036854775807))
Edge(421122,191317,(1,3))
Edge(421276,75260,(3,9223372036854775807))
Edge(421711,62263,(1,9223372036854775807))
Edge(421906,418997,(3,9223372036854775807))
Edge(422274,51630,(3,9223372036854775807))
Edge(422714,375002,(3,9223372036854775807))
Edge(422732,468729,(1,9223372036854775807))
Edge(422868,51358,(3,9223372036854775807))
Edge(423389,455957,(3,9223372036854775807))
Edge(423424,302985,(1,9223372036854775807))
Edge(423939,457627,(3,9223372036854775807))
Edge(424094,54658,(3,9223372036854775807))
Edge(424488,305349,(3,9223372036854775807))
Edge(424665,426070,(3,9223372036854775807))
Edge(424758,331505,(3,9223372036854775807))
Edge(424855,99034,(1,9223372036854775807))
Edge(424991,301794,(3,9223372036854775807))
Edge(426276,142696,(3,9223372036854775807))
Edge(426454,406407,(3,9223372036854775807))
Edge(426592,215896,(3,9223372036854775807))
Edge(426769,5986,(1,9223372036854775807))
Edge(426935,329771,(1,3))
Edge(427056,134003,(1,3))
Edge(427228,153073,(3,9223372036854775807))
Edge(427774,165725,(3,9223372036854775807))
Edge(428123,113114,(1,9223372036854775807))
Edge(428962,267439,(1,9223372036854775807))
Edge(428966,137127,(3,9223372036854775807))
Edge(429537,394508,(1,3))
Edge(429853,491626,(3,9223372036854775807))
Edge(430553,146467,(3,9223372036854775807))
Edge(430588,342709,(3,9223372036854775807))
Edge(431025,320542,(3,9223372036854775807))
Edge(431378,480323,(3,9223372036854775807))
Edge(431934,339056,(3,9223372036854775807))
Edge(431978,145616,(3,9223372036854775807))
Edge(432248,275803,(3,9223372036854775807))
Edge(432458,280094,(3,9223372036854775807))
Edge(432658,123997,(3,9223372036854775807))
Edge(433698,32632,(1,9223372036854775807))
Edge(433720,438600,(1,9223372036854775807))
Edge(434239,280285,(1,9223372036854775807))
Edge(434493,362232,(1,9223372036854775807))
Edge(435348,237586,(3,9223372036854775807))
Edge(435441,305951,(3,9223372036854775807))
Edge(436201,95223,(3,9223372036854775807))
Edge(436568,353935,(3,9223372036854775807))
Edge(436838,304177,(3,9223372036854775807))
Edge(436846,495092,(1,9223372036854775807))
Edge(437209,479391,(3,9223372036854775807))
Edge(437478,20455,(3,9223372036854775807))
Edge(438179,354867,(3,9223372036854775807))
Edge(438269,366946,(1,3))
Edge(438634,236468,(3,9223372036854775807))
Edge(438796,304803,(1,9223372036854775807))
Edge(438967,394155,(3,9223372036854775807))
Edge(439145,262591,(3,9223372036854775807))
Edge(439534,200361,(3,9223372036854775807))
Edge(440003,285014,(3,9223372036854775807))
Edge(440286,311298,(1,9223372036854775807))
Edge(440349,415619,(3,9223372036854775807))
Edge(440367,480889,(1,9223372036854775807))
Edge(440899,343809,(3,9223372036854775807))
Edge(440975,109490,(3,9223372036854775807))
Edge(441224,323159,(3,9223372036854775807))
Edge(442702,360941,(3,9223372036854775807))
Edge(443191,312065,(1,9223372036854775807))
Edge(443281,335882,(3,9223372036854775807))
Edge(443775,123763,(3,9223372036854775807))
Edge(444399,47135,(3,9223372036854775807))
Edge(444599,214859,(3,9223372036854775807))
Edge(444728,381787,(3,9223372036854775807))
Edge(444730,20879,(3,9223372036854775807))
Edge(444835,472027,(3,9223372036854775807))
Edge(445351,331499,(3,9223372036854775807))
Edge(445354,31863,(3,9223372036854775807))
Edge(445647,462807,(3,9223372036854775807))
Edge(445741,211120,(3,9223372036854775807))
Edge(445802,357847,(3,9223372036854775807))
Edge(445887,384746,(1,9223372036854775807))
Edge(446182,170614,(1,3))
Edge(446765,51291,(3,9223372036854775807))
Edge(446807,497879,(3,9223372036854775807))
Edge(447023,29555,(3,9223372036854775807))
Edge(447241,277731,(1,9223372036854775807))
Edge(447274,424987,(3,9223372036854775807))
Edge(448646,147096,(3,9223372036854775807))
Edge(448719,178587,(3,9223372036854775807))
Edge(448931,407864,(3,9223372036854775807))
Edge(449544,362152,(3,9223372036854775807))
Edge(449798,78024,(3,9223372036854775807))
Edge(449988,383568,(1,9223372036854775807))
Edge(450215,262430,(3,9223372036854775807))
Edge(450316,301790,(3,9223372036854775807))
Edge(450432,183799,(3,9223372036854775807))
Edge(450513,394035,(3,9223372036854775807))
Edge(450585,117125,(3,9223372036854775807))
Edge(450723,214169,(3,9223372036854775807))
Edge(450839,323833,(3,9223372036854775807))
Edge(451067,408748,(3,9223372036854775807))
Edge(451547,457355,(3,9223372036854775807))
Edge(453385,445761,(1,3))
Edge(453510,419280,(3,9223372036854775807))
Edge(453658,396099,(3,9223372036854775807))
Edge(453660,404639,(3,9223372036854775807))
Edge(453742,236160,(1,9223372036854775807))
Edge(453841,210466,(3,9223372036854775807))
Edge(454613,85583,(3,9223372036854775807))
Edge(454790,468970,(3,9223372036854775807))
Edge(455012,127090,(1,3))
Edge(455401,186987,(3,9223372036854775807))
Edge(455509,203930,(1,9223372036854775807))
Edge(455617,70033,(3,9223372036854775807))
Edge(455653,293085,(1,3))
Edge(455937,326190,(3,9223372036854775807))
Edge(455965,131510,(3,9223372036854775807))
Edge(456118,170327,(3,9223372036854775807))
Edge(456146,132878,(3,9223372036854775807))
Edge(456567,20272,(1,9223372036854775807))
Edge(456585,80621,(1,3))
Edge(456636,373277,(1,9223372036854775807))
Edge(457022,249209,(3,9223372036854775807))
Edge(457055,13668,(3,9223372036854775807))
Edge(457317,315354,(3,9223372036854775807))
Edge(457508,275865,(3,9223372036854775807))
Edge(457552,219326,(1,9223372036854775807))
Edge(457998,328760,(3,9223372036854775807))
Edge(458017,136170,(3,9223372036854775807))
Edge(458227,410507,(3,9223372036854775807))
Edge(458536,485242,(3,9223372036854775807))
Edge(458801,332845,(3,9223372036854775807))
Edge(458850,6202,(3,9223372036854775807))
Edge(459184,68546,(3,9223372036854775807))
Edge(459531,418635,(3,9223372036854775807))
Edge(459612,52696,(3,9223372036854775807))
Edge(459956,93778,(3,9223372036854775807))
Edge(460698,247748,(3,9223372036854775807))
Edge(461212,417053,(3,9223372036854775807))
Edge(461358,293908,(3,9223372036854775807))
Edge(461388,463471,(3,9223372036854775807))
Edge(461562,4649,(3,9223372036854775807))
Edge(461566,364450,(3,9223372036854775807))
Edge(461754,44055,(3,9223372036854775807))
Edge(462248,50750,(3,9223372036854775807))
Edge(462737,408122,(3,9223372036854775807))
Edge(463204,44445,(3,9223372036854775807))
Edge(463216,184872,(3,9223372036854775807))
Edge(463475,368753,(3,9223372036854775807))
Edge(463880,379275,(3,9223372036854775807))
Edge(464074,392735,(3,9223372036854775807))
Edge(464077,91148,(1,9223372036854775807))
Edge(464179,148548,(3,9223372036854775807))
Edge(464222,475292,(3,9223372036854775807))
Edge(464376,206578,(3,9223372036854775807))
Edge(464778,378975,(3,9223372036854775807))
Edge(465199,393870,(3,9223372036854775807))
Edge(465232,30860,(3,9223372036854775807))
Edge(465554,265805,(1,3))
Edge(465694,480014,(3,9223372036854775807))
Edge(465890,145636,(3,9223372036854775807))
Edge(465914,175598,(3,9223372036854775807))
Edge(465976,207853,(3,9223372036854775807))
Edge(466072,231050,(3,9223372036854775807))
Edge(466376,44280,(3,9223372036854775807))
Edge(466386,259422,(1,9223372036854775807))
Edge(466402,166040,(3,9223372036854775807))
Edge(466532,152280,(3,9223372036854775807))
Edge(467243,438695,(3,9223372036854775807))
Edge(467260,3051,(1,9223372036854775807))
Edge(467291,423173,(3,9223372036854775807))
Edge(467669,223058,(3,9223372036854775807))
Edge(468005,78452,(1,9223372036854775807))
Edge(468341,193726,(1,9223372036854775807))
Edge(468710,51278,(3,9223372036854775807))
Edge(468927,462530,(3,9223372036854775807))
Edge(469139,359305,(3,9223372036854775807))
Edge(469926,146055,(1,3))
Edge(469977,209341,(3,9223372036854775807))
Edge(470034,190815,(1,9223372036854775807))
Edge(470255,401511,(3,9223372036854775807))
Edge(471632,74566,(3,9223372036854775807))
Edge(471646,170702,(3,9223372036854775807))
Edge(471777,238545,(3,9223372036854775807))
Edge(472223,167738,(3,9223372036854775807))
Edge(472365,313673,(3,9223372036854775807))
Edge(472863,98204,(1,9223372036854775807))
Edge(472921,319330,(3,9223372036854775807))
Edge(473156,182385,(3,9223372036854775807))
Edge(473216,374109,(3,9223372036854775807))
Edge(473492,113538,(3,9223372036854775807))
Edge(473567,170768,(1,9223372036854775807))
Edge(473621,16251,(3,9223372036854775807))
Edge(474102,11673,(3,9223372036854775807))
Edge(474127,273992,(1,3))
Edge(474697,291418,(3,9223372036854775807))
Edge(474754,71388,(3,9223372036854775807))
Edge(475009,278644,(1,9223372036854775807))
Edge(475075,420078,(3,9223372036854775807))
Edge(475304,419108,(3,9223372036854775807))
Edge(475348,272539,(1,3))
Edge(475517,132394,(3,9223372036854775807))
Edge(475523,440900,(1,3))
Edge(475604,272664,(3,9223372036854775807))
Edge(475629,420569,(1,9223372036854775807))
Edge(475817,406223,(1,3))
Edge(476060,17420,(3,9223372036854775807))
Edge(476329,125522,(1,9223372036854775807))
Edge(476340,97624,(3,9223372036854775807))
Edge(477576,114541,(3,9223372036854775807))
Edge(477758,185189,(3,9223372036854775807))
Edge(478252,402814,(3,9223372036854775807))
Edge(478629,468490,(3,9223372036854775807))
Edge(478974,336257,(3,9223372036854775807))
Edge(479270,26605,(3,9223372036854775807))
Edge(479559,264199,(3,9223372036854775807))
Edge(479823,340284,(3,9223372036854775807))
Edge(479856,30233,(1,9223372036854775807))
Edge(479910,428352,(3,9223372036854775807))
Edge(479978,20954,(1,3))
Edge(480116,318399,(3,9223372036854775807))
Edge(480187,41545,(1,3))
Edge(480931,154249,(3,9223372036854775807))
Edge(481241,225217,(3,9223372036854775807))
Edge(482074,9545,(3,9223372036854775807))
Edge(482201,189179,(3,9223372036854775807))
Edge(482664,280808,(3,9223372036854775807))
Edge(482773,284280,(3,9223372036854775807))
Edge(482800,158232,(3,9223372036854775807))
Edge(483003,60936,(3,9223372036854775807))
Edge(484469,94385,(3,9223372036854775807))
Edge(484797,35882,(3,9223372036854775807))
Edge(484972,459719,(3,9223372036854775807))
Edge(485073,258123,(3,9223372036854775807))
Edge(485417,171313,(3,9223372036854775807))
Edge(485689,148246,(1,9223372036854775807))
Edge(485931,149378,(3,9223372036854775807))
Edge(486049,33876,(3,9223372036854775807))
Edge(486329,467268,(3,9223372036854775807))
Edge(486383,57551,(3,9223372036854775807))
Edge(486426,166258,(3,9223372036854775807))
Edge(486612,346366,(3,9223372036854775807))
Edge(486661,380107,(1,3))
Edge(486837,284749,(3,9223372036854775807))
Edge(487069,235209,(3,9223372036854775807))
Edge(487515,440152,(3,9223372036854775807))
Edge(487518,254096,(3,9223372036854775807))
Edge(487566,189833,(3,9223372036854775807))
Edge(487856,317953,(3,9223372036854775807))
Edge(487934,186305,(1,9223372036854775807))
Edge(487973,319468,(1,9223372036854775807))
Edge(487987,136315,(3,9223372036854775807))
Edge(488085,370175,(3,9223372036854775807))
Edge(488611,451468,(3,9223372036854775807))
Edge(488643,274772,(1,3))
Edge(488744,133255,(3,9223372036854775807))
Edge(488751,482413,(1,9223372036854775807))
Edge(488841,108312,(3,9223372036854775807))
Edge(488988,168454,(1,9223372036854775807))
Edge(489556,334955,(3,9223372036854775807))
Edge(489586,83492,(3,9223372036854775807))
Edge(489842,487206,(3,9223372036854775807))
Edge(489969,120600,(1,3))
Edge(490084,284053,(3,9223372036854775807))
Edge(490199,193523,(3,9223372036854775807))
Edge(490483,289360,(3,9223372036854775807))
Edge(490485,376891,(3,9223372036854775807))
Edge(490523,391616,(3,9223372036854775807))
Edge(491070,304885,(3,9223372036854775807))
Edge(491476,374770,(3,9223372036854775807))
Edge(491494,209674,(3,9223372036854775807))
Edge(491513,414322,(3,9223372036854775807))
Edge(491561,99589,(3,9223372036854775807))
Edge(492175,214283,(1,3))
Edge(492387,416449,(3,9223372036854775807))
Edge(492672,63201,(3,9223372036854775807))
Edge(492818,98909,(3,9223372036854775807))
Edge(492997,200019,(1,9223372036854775807))
Edge(494062,197424,(3,9223372036854775807))
Edge(494426,443395,(3,9223372036854775807))
Edge(494503,24181,(1,9223372036854775807))
Edge(494551,223904,(3,9223372036854775807))
Edge(494938,394568,(3,9223372036854775807))
Edge(495327,453841,(3,9223372036854775807))
Edge(495676,350470,(3,9223372036854775807))
Edge(495706,399957,(1,3))
Edge(496202,189931,(3,9223372036854775807))
Edge(496233,462518,(3,9223372036854775807))
Edge(497172,201204,(3,9223372036854775807))
Edge(497189,458287,(3,9223372036854775807))
Edge(497190,406269,(3,9223372036854775807))
Edge(497439,10759,(3,9223372036854775807))
Edge(497603,486858,(3,9223372036854775807))
Edge(497671,63761,(3,9223372036854775807))
Edge(497695,295552,(3,9223372036854775807))
Edge(497980,442811,(1,9223372036854775807))
Edge(498135,27957,(3,9223372036854775807))
Edge(499719,307734,(3,9223372036854775807))
Edge(499883,256195,(3,9223372036854775807))
Edge(499939,328043,(3,9223372036854775807))
Edge(499943,146287,(3,9223372036854775807))
