Edge(952,189875,(3,9223372036854775807))
Edge(1193,106473,(3,9223372036854775807))
Edge(1222,264589,(3,9223372036854775807))
Edge(1480,499845,(3,9223372036854775807))
Edge(1706,138412,(3,9223372036854775807))
Edge(1781,275723,(1,3))
Edge(1823,225875,(3,9223372036854775807))
Edge(2626,377708,(3,9223372036854775807))
Edge(2692,145893,(1,9223372036854775807))
Edge(3113,131261,(1,3))
Edge(3438,217795,(3,9223372036854775807))
Edge(3743,293073,(3,9223372036854775807))
Edge(4168,383564,(3,9223372036854775807))
Edge(4445,22938,(3,9223372036854775807))
Edge(4634,288484,(1,9223372036854775807))
Edge(4884,54282,(1,9223372036854775807))
Edge(5280,250918,(3,9223372036854775807))
Edge(5285,236448,(3,9223372036854775807))
Edge(5508,36912,(1,9223372036854775807))
Edge(5585,344462,(3,9223372036854775807))
Edge(5786,135629,(1,3))
Edge(5955,375605,(3,9223372036854775807))
Edge(6115,466266,(3,9223372036854775807))
Edge(6803,322279,(3,9223372036854775807))
Edge(7419,346167,(3,9223372036854775807))
Edge(7745,295289,(3,9223372036854775807))
Edge(8050,40812,(3,9223372036854775807))
Edge(8105,159779,(3,9223372036854775807))
Edge(8659,477606,(1,9223372036854775807))
Edge(8910,278168,(1,9223372036854775807))
Edge(9051,125145,(3,9223372036854775807))
Edge(9231,262596,(3,9223372036854775807))
Edge(9941,67059,(3,9223372036854775807))
Edge(9963,294624,(1,3))
Edge(10163,415121,(3,9223372036854775807))
Edge(10568,357110,(1,9223372036854775807))
Edge(11113,480929,(3,9223372036854775807))
Edge(11347,84473,(3,9223372036854775807))
Edge(11520,23432,(3,9223372036854775807))
Edge(11967,213198,(3,9223372036854775807))
Edge(12016,429061,(3,9223372036854775807))
Edge(12889,443514,(1,9223372036854775807))
Edge(13159,196770,(3,9223372036854775807))
Edge(13200,274629,(3,9223372036854775807))
Edge(13311,15056,(3,9223372036854775807))
Edge(13331,448280,(2,3))
Edge(13385,91530,(3,9223372036854775807))
Edge(13724,427539,(3,9223372036854775807))
Edge(13756,142983,(3,9223372036854775807))
Edge(13823,182128,(3,9223372036854775807))
Edge(14016,450024,(3,9223372036854775807))
Edge(14207,263989,(1,9223372036854775807))
Edge(14347,172291,(3,9223372036854775807))
Edge(14359,202707,(3,9223372036854775807))
Edge(14801,445696,(1,9223372036854775807))
Edge(15012,390994,(1,9223372036854775807))
Edge(15083,438045,(1,3))
Edge(15349,61473,(3,9223372036854775807))
Edge(15449,421359,(1,3))
Edge(16030,475259,(3,9223372036854775807))
Edge(16136,98959,(1,9223372036854775807))
Edge(17103,268505,(3,9223372036854775807))
Edge(17398,206710,(1,9223372036854775807))
Edge(17492,100793,(3,9223372036854775807))
Edge(17718,440056,(3,9223372036854775807))
Edge(17987,435137,(3,9223372036854775807))
Edge(18359,196206,(3,9223372036854775807))
Edge(19747,302892,(3,9223372036854775807))
Edge(19794,437483,(3,9223372036854775807))
Edge(19927,116286,(3,9223372036854775807))
Edge(20156,206974,(3,9223372036854775807))
Edge(20453,233595,(3,9223372036854775807))
Edge(20989,291967,(3,9223372036854775807))
Edge(21056,481378,(3,9223372036854775807))
Edge(21220,112499,(1,9223372036854775807))
Edge(21250,320241,(3,9223372036854775807))
Edge(21759,86183,(1,9223372036854775807))
Edge(21905,455482,(4,9223372036854775807))
Edge(22564,314232,(1,3))
Edge(22991,427347,(1,9223372036854775807))
Edge(23205,122424,(3,9223372036854775807))
Edge(23349,76893,(1,9223372036854775807))
Edge(23946,464023,(3,9223372036854775807))
Edge(24011,487119,(3,9223372036854775807))
Edge(25141,163777,(3,9223372036854775807))
Edge(25533,204057,(3,9223372036854775807))
Edge(25739,78724,(3,9223372036854775807))
Edge(26273,468253,(3,9223372036854775807))
Edge(26591,160567,(3,9223372036854775807))
Edge(26600,215170,(3,9223372036854775807))
Edge(26763,233393,(3,9223372036854775807))
Edge(27164,116608,(1,9223372036854775807))
Edge(27314,304742,(1,3))
Edge(27781,425209,(3,9223372036854775807))
Edge(28023,275178,(1,3))
Edge(28786,419830,(3,9223372036854775807))
Edge(29587,104522,(1,9223372036854775807))
Edge(30052,30626,(3,9223372036854775807))
Edge(30062,115109,(3,9223372036854775807))
Edge(30413,7489,(1,3))
Edge(30696,22781,(1,9223372036854775807))
Edge(30730,66940,(3,9223372036854775807))
Edge(30742,84382,(1,3))
Edge(31158,217223,(3,9223372036854775807))
Edge(31243,228405,(1,9223372036854775807))
Edge(31526,20531,(3,9223372036854775807))
Edge(31801,136535,(1,9223372036854775807))
Edge(31815,423109,(3,9223372036854775807))
Edge(31837,261158,(3,9223372036854775807))
Edge(32565,255479,(3,9223372036854775807))
Edge(32625,219409,(3,9223372036854775807))
Edge(32728,77110,(1,9223372036854775807))
Edge(33048,337432,(1,3))
Edge(33461,368399,(3,9223372036854775807))
Edge(33499,419647,(3,9223372036854775807))
Edge(34024,175506,(4,9223372036854775807))
Edge(34481,359656,(3,9223372036854775807))
Edge(34562,125150,(3,9223372036854775807))
Edge(35384,363893,(1,9223372036854775807))
Edge(35405,19407,(1,9223372036854775807))
Edge(35937,151509,(3,9223372036854775807))
Edge(35995,177002,(3,9223372036854775807))
Edge(36837,367321,(3,9223372036854775807))
Edge(37039,193180,(1,9223372036854775807))
Edge(37151,185486,(3,9223372036854775807))
Edge(37432,306393,(3,9223372036854775807))
Edge(38264,107978,(3,9223372036854775807))
Edge(38308,449960,(3,9223372036854775807))
Edge(38462,486242,(3,9223372036854775807))
Edge(38861,68766,(3,9223372036854775807))
Edge(40012,207542,(3,9223372036854775807))
Edge(40598,76003,(1,9223372036854775807))
Edge(40792,167692,(3,9223372036854775807))
Edge(40831,299121,(1,9223372036854775807))
Edge(40943,187123,(3,9223372036854775807))
Edge(41096,68744,(1,9223372036854775807))
Edge(41372,245391,(3,9223372036854775807))
Edge(41695,81494,(1,9223372036854775807))
Edge(42338,475067,(3,9223372036854775807))
Edge(42781,407657,(1,3))
Edge(42827,255363,(3,9223372036854775807))
Edge(42977,287385,(3,9223372036854775807))
Edge(43364,439501,(3,9223372036854775807))
Edge(43465,330946,(3,9223372036854775807))
Edge(44073,448698,(3,9223372036854775807))
Edge(44227,206923,(3,9223372036854775807))
Edge(44287,356822,(3,9223372036854775807))
Edge(44333,287356,(1,3))
Edge(44689,221579,(3,9223372036854775807))
Edge(44711,355691,(3,9223372036854775807))
Edge(44821,34147,(1,9223372036854775807))
Edge(44883,71151,(3,9223372036854775807))
Edge(45221,439710,(3,9223372036854775807))
Edge(45426,107727,(3,9223372036854775807))
Edge(45695,236422,(3,9223372036854775807))
Edge(46138,114513,(3,9223372036854775807))
Edge(46246,73044,(3,9223372036854775807))
Edge(46257,254249,(3,9223372036854775807))
Edge(46258,152898,(3,9223372036854775807))
Edge(46606,220127,(3,9223372036854775807))
Edge(46817,163,(1,9223372036854775807))
Edge(46945,443987,(3,9223372036854775807))
Edge(47173,361134,(3,9223372036854775807))
Edge(47341,89104,(3,9223372036854775807))
Edge(47376,478716,(3,9223372036854775807))
Edge(47537,386464,(3,9223372036854775807))
Edge(47623,421630,(3,9223372036854775807))
Edge(47625,216636,(3,9223372036854775807))
Edge(48342,393263,(3,9223372036854775807))
Edge(49115,304413,(3,9223372036854775807))
Edge(50071,162848,(1,9223372036854775807))
Edge(50142,462202,(1,9223372036854775807))
Edge(50682,368223,(3,9223372036854775807))
Edge(50825,273972,(3,9223372036854775807))
Edge(50922,27924,(3,9223372036854775807))
Edge(51030,209014,(3,9223372036854775807))
Edge(51206,46994,(3,9223372036854775807))
Edge(52170,231685,(3,9223372036854775807))
Edge(53146,309992,(3,9223372036854775807))
Edge(53263,445264,(3,9223372036854775807))
Edge(53312,285142,(3,9223372036854775807))
Edge(53565,99347,(3,9223372036854775807))
Edge(53580,124542,(1,9223372036854775807))
Edge(53654,317175,(3,9223372036854775807))
Edge(54555,47796,(3,9223372036854775807))
Edge(55600,75081,(3,9223372036854775807))
Edge(55726,343912,(3,9223372036854775807))
Edge(55972,178962,(3,9223372036854775807))
Edge(56154,83575,(3,9223372036854775807))
Edge(56396,482996,(3,9223372036854775807))
Edge(56796,209394,(3,9223372036854775807))
Edge(57007,343523,(3,9223372036854775807))
Edge(57311,298593,(3,9223372036854775807))
Edge(58040,459964,(3,9223372036854775807))
Edge(58129,434801,(3,9223372036854775807))
Edge(58132,225597,(3,9223372036854775807))
Edge(58206,189147,(1,9223372036854775807))
Edge(58534,144238,(1,3))
Edge(58799,23604,(3,9223372036854775807))
Edge(59133,330195,(3,9223372036854775807))
Edge(59522,8582,(3,9223372036854775807))
Edge(59562,174819,(3,9223372036854775807))
Edge(59757,33309,(1,9223372036854775807))
Edge(60008,364894,(1,3))
Edge(60082,67413,(3,9223372036854775807))
Edge(60361,347411,(3,9223372036854775807))
Edge(60512,254860,(1,9223372036854775807))
Edge(60779,10561,(3,9223372036854775807))
Edge(61354,228765,(3,9223372036854775807))
Edge(61534,139175,(3,9223372036854775807))
Edge(61864,447592,(3,9223372036854775807))
Edge(61973,186945,(1,3))
Edge(62000,12883,(3,9223372036854775807))
Edge(62248,213196,(3,9223372036854775807))
Edge(62266,288448,(3,9223372036854775807))
Edge(62604,303799,(3,9223372036854775807))
Edge(62736,248431,(3,9223372036854775807))
Edge(62771,479771,(3,9223372036854775807))
Edge(63443,52783,(3,9223372036854775807))
Edge(63683,65858,(1,9223372036854775807))
Edge(63825,328453,(3,9223372036854775807))
Edge(64252,430745,(3,9223372036854775807))
Edge(65281,383945,(3,9223372036854775807))
Edge(65343,93885,(3,9223372036854775807))
Edge(65968,142854,(3,9223372036854775807))
Edge(65968,362473,(3,9223372036854775807))
Edge(66993,491080,(3,9223372036854775807))
Edge(67269,355074,(3,9223372036854775807))
Edge(67457,319347,(3,9223372036854775807))
Edge(68044,127259,(3,9223372036854775807))
Edge(68742,57704,(1,9223372036854775807))
Edge(68985,402576,(3,9223372036854775807))
Edge(69345,418822,(3,9223372036854775807))
Edge(69518,278552,(3,9223372036854775807))
Edge(69965,454134,(3,9223372036854775807))
Edge(70282,287280,(3,9223372036854775807))
Edge(70389,202260,(3,9223372036854775807))
Edge(70678,223631,(3,9223372036854775807))
Edge(71431,226249,(1,3))
Edge(71584,369473,(1,3))
Edge(72521,299103,(3,9223372036854775807))
Edge(72727,225439,(3,9223372036854775807))
Edge(73067,465009,(3,9223372036854775807))
Edge(74147,398653,(3,9223372036854775807))
Edge(75348,310345,(3,9223372036854775807))
Edge(75967,352058,(3,9223372036854775807))
Edge(76139,58217,(3,9223372036854775807))
Edge(76776,40942,(3,9223372036854775807))
Edge(76858,282246,(3,9223372036854775807))
Edge(78077,185437,(3,9223372036854775807))
Edge(78126,25779,(3,9223372036854775807))
Edge(78195,112382,(3,9223372036854775807))
Edge(78518,212611,(3,9223372036854775807))
Edge(78524,270057,(3,9223372036854775807))
Edge(78915,351331,(3,9223372036854775807))
Edge(78961,459975,(3,9223372036854775807))
Edge(79520,446024,(3,9223372036854775807))
Edge(79881,231518,(3,9223372036854775807))
Edge(79947,241012,(3,9223372036854775807))
Edge(80339,355155,(3,9223372036854775807))
Edge(80342,103298,(3,9223372036854775807))
Edge(80423,413355,(3,9223372036854775807))
Edge(80659,320080,(3,9223372036854775807))
Edge(80770,37211,(3,9223372036854775807))
Edge(80977,331322,(3,9223372036854775807))
Edge(81028,85334,(1,9223372036854775807))
Edge(81272,187425,(3,9223372036854775807))
Edge(81629,457991,(1,9223372036854775807))
Edge(82027,424402,(1,3))
Edge(82199,470686,(3,9223372036854775807))
Edge(82237,151543,(1,9223372036854775807))
Edge(82872,450439,(3,9223372036854775807))
Edge(83789,15192,(3,9223372036854775807))
Edge(83850,213355,(3,9223372036854775807))
Edge(84145,91832,(3,9223372036854775807))
Edge(84166,81499,(3,9223372036854775807))
Edge(84234,290203,(3,9223372036854775807))
Edge(84321,113187,(3,9223372036854775807))
Edge(84554,316414,(3,9223372036854775807))
Edge(84764,135506,(3,9223372036854775807))
Edge(85040,243246,(1,3))
Edge(85296,398839,(3,9223372036854775807))
Edge(85877,412063,(1,9223372036854775807))
Edge(85989,406260,(3,9223372036854775807))
Edge(86154,465782,(3,9223372036854775807))
Edge(86699,306732,(3,9223372036854775807))
Edge(86782,53217,(3,9223372036854775807))
Edge(86825,6166,(3,9223372036854775807))
Edge(86842,355001,(3,9223372036854775807))
Edge(87588,264862,(3,9223372036854775807))
Edge(87680,332701,(3,9223372036854775807))
Edge(88027,433539,(3,9223372036854775807))
Edge(88301,18638,(3,9223372036854775807))
Edge(88970,343665,(3,9223372036854775807))
Edge(89018,42628,(1,9223372036854775807))
Edge(89663,61231,(1,9223372036854775807))
Edge(89716,91646,(1,3))
Edge(89835,497350,(3,9223372036854775807))
Edge(89950,424830,(3,9223372036854775807))
Edge(90657,126491,(3,9223372036854775807))
Edge(91273,28893,(3,9223372036854775807))
Edge(91455,73963,(3,9223372036854775807))
Edge(91630,324436,(1,9223372036854775807))
Edge(91697,252640,(3,9223372036854775807))
Edge(91808,311674,(3,9223372036854775807))
Edge(91894,418405,(1,9223372036854775807))
Edge(92378,262875,(3,9223372036854775807))
Edge(93034,44641,(1,9223372036854775807))
Edge(93386,91668,(3,9223372036854775807))
Edge(93543,143060,(1,9223372036854775807))
Edge(93678,151255,(3,9223372036854775807))
Edge(93705,433455,(3,9223372036854775807))
Edge(93825,252847,(3,9223372036854775807))
Edge(93844,151414,(3,9223372036854775807))
Edge(93873,277270,(3,9223372036854775807))
Edge(94335,172113,(3,9223372036854775807))
Edge(94395,353453,(1,9223372036854775807))
Edge(94496,447575,(3,9223372036854775807))
Edge(94501,483883,(3,9223372036854775807))
Edge(94706,296879,(3,9223372036854775807))
Edge(95121,273955,(3,9223372036854775807))
Edge(95123,226948,(3,9223372036854775807))
Edge(95263,166851,(3,9223372036854775807))
Edge(95571,207305,(3,9223372036854775807))
Edge(95584,161833,(1,9223372036854775807))
Edge(96115,203713,(3,9223372036854775807))
Edge(96154,289029,(3,9223372036854775807))
Edge(96431,258064,(3,9223372036854775807))
Edge(96754,139482,(3,9223372036854775807))
Edge(96842,281279,(3,9223372036854775807))
Edge(96965,255662,(3,9223372036854775807))
Edge(97118,259570,(3,9223372036854775807))
Edge(97253,435650,(3,9223372036854775807))
Edge(97376,233530,(3,9223372036854775807))
Edge(97404,39543,(3,9223372036854775807))
Edge(97725,219137,(3,9223372036854775807))
Edge(97728,313305,(3,9223372036854775807))
Edge(98016,293917,(3,9223372036854775807))
Edge(98070,323510,(3,9223372036854775807))
Edge(98103,91791,(3,9223372036854775807))
Edge(98270,141142,(3,9223372036854775807))
Edge(98893,33528,(1,9223372036854775807))
Edge(98979,69173,(3,9223372036854775807))
Edge(99415,414823,(3,9223372036854775807))
Edge(99835,431556,(3,9223372036854775807))
Edge(99982,167589,(3,9223372036854775807))
Edge(100481,100092,(3,9223372036854775807))
Edge(100499,370706,(3,9223372036854775807))
Edge(100519,110004,(3,9223372036854775807))
Edge(100920,322456,(3,9223372036854775807))
Edge(100935,185690,(3,9223372036854775807))
Edge(101062,468113,(1,9223372036854775807))
Edge(101107,157068,(3,9223372036854775807))
Edge(101119,353808,(3,9223372036854775807))
Edge(101413,449179,(3,9223372036854775807))
Edge(101446,334611,(3,9223372036854775807))
Edge(101914,42624,(3,9223372036854775807))
Edge(101991,103632,(3,9223372036854775807))
Edge(102012,246290,(3,9223372036854775807))
Edge(102234,404109,(3,9223372036854775807))
Edge(102390,366458,(1,3))
Edge(102416,205822,(1,9223372036854775807))
Edge(102767,3248,(3,9223372036854775807))
Edge(102832,7254,(3,9223372036854775807))
Edge(102977,8483,(3,9223372036854775807))
Edge(103107,360206,(3,9223372036854775807))
Edge(103290,188259,(3,9223372036854775807))
Edge(103545,180780,(3,9223372036854775807))
Edge(103705,468458,(3,9223372036854775807))
Edge(103839,7408,(3,9223372036854775807))
Edge(104159,335457,(1,3))
Edge(104614,467850,(3,9223372036854775807))
Edge(104621,433977,(3,9223372036854775807))
Edge(104891,186226,(3,9223372036854775807))
Edge(105215,237947,(3,9223372036854775807))
Edge(105692,218082,(3,9223372036854775807))
Edge(106023,493362,(3,9223372036854775807))
Edge(106024,456092,(1,9223372036854775807))
Edge(106046,151462,(3,9223372036854775807))
Edge(106448,379135,(3,9223372036854775807))
Edge(106618,383461,(3,9223372036854775807))
Edge(107069,65127,(3,9223372036854775807))
Edge(107233,362083,(1,9223372036854775807))
Edge(107407,349252,(3,9223372036854775807))
Edge(107828,482303,(3,9223372036854775807))
Edge(107940,473411,(3,9223372036854775807))
Edge(109351,415302,(3,9223372036854775807))
Edge(109384,265117,(1,9223372036854775807))
Edge(109802,286051,(3,9223372036854775807))
Edge(110009,265471,(3,9223372036854775807))
Edge(110294,309098,(1,3))
Edge(110737,190822,(3,9223372036854775807))
Edge(111036,183116,(3,9223372036854775807))
Edge(111197,51507,(1,9223372036854775807))
Edge(111292,230001,(3,9223372036854775807))
Edge(112084,378403,(4,9223372036854775807))
Edge(112590,176195,(3,9223372036854775807))
Edge(112610,115493,(3,9223372036854775807))
Edge(112764,486005,(3,9223372036854775807))
Edge(112854,34059,(3,9223372036854775807))
Edge(113168,152748,(3,9223372036854775807))
Edge(113390,34482,(3,9223372036854775807))
Edge(113725,101868,(3,9223372036854775807))
Edge(113783,444143,(3,9223372036854775807))
Edge(113871,158207,(3,9223372036854775807))
Edge(114022,458602,(3,9223372036854775807))
Edge(114280,483169,(3,9223372036854775807))
Edge(114844,100456,(3,9223372036854775807))
Edge(115069,88099,(3,9223372036854775807))
Edge(115116,200326,(3,9223372036854775807))
Edge(115248,15238,(3,9223372036854775807))
Edge(115311,62785,(3,9223372036854775807))
Edge(115409,356623,(3,9223372036854775807))
Edge(115540,114132,(3,9223372036854775807))
Edge(115561,341029,(3,9223372036854775807))
Edge(116289,4641,(3,9223372036854775807))
Edge(116617,432760,(3,9223372036854775807))
Edge(116725,59578,(1,9223372036854775807))
Edge(116762,209602,(1,9223372036854775807))
Edge(116940,92593,(3,9223372036854775807))
Edge(117262,346442,(3,9223372036854775807))
Edge(117308,184416,(1,9223372036854775807))
Edge(117321,153694,(3,9223372036854775807))
Edge(117484,269764,(3,9223372036854775807))
Edge(117810,375889,(1,9223372036854775807))
Edge(118029,472121,(3,9223372036854775807))
Edge(118518,389162,(3,9223372036854775807))
Edge(118956,164871,(3,9223372036854775807))
Edge(118995,300897,(3,9223372036854775807))
Edge(119003,276451,(3,9223372036854775807))
Edge(119266,58471,(3,9223372036854775807))
Edge(119786,452217,(3,9223372036854775807))
Edge(120062,442850,(3,9223372036854775807))
Edge(120065,413895,(3,9223372036854775807))
Edge(120285,366321,(1,9223372036854775807))
Edge(120490,203860,(3,9223372036854775807))
Edge(120866,14480,(3,9223372036854775807))
Edge(120943,119470,(3,9223372036854775807))
Edge(121552,406463,(3,9223372036854775807))
Edge(122003,436825,(3,9223372036854775807))
Edge(122146,497200,(3,9223372036854775807))
Edge(122235,179144,(3,9223372036854775807))
Edge(122236,407796,(1,3))
Edge(122282,252605,(3,9223372036854775807))
Edge(122713,288835,(3,9223372036854775807))
Edge(122788,266381,(1,9223372036854775807))
Edge(123527,48658,(3,9223372036854775807))
Edge(123596,13194,(3,9223372036854775807))
Edge(123604,46066,(1,9223372036854775807))
Edge(123634,100245,(1,9223372036854775807))
Edge(123761,282882,(3,9223372036854775807))
Edge(123817,361749,(3,9223372036854775807))
Edge(124162,237583,(3,9223372036854775807))
Edge(124773,60793,(3,9223372036854775807))
Edge(124895,108148,(3,9223372036854775807))
Edge(124897,131411,(3,9223372036854775807))
Edge(125032,209533,(3,9223372036854775807))
Edge(125039,48533,(3,9223372036854775807))
Edge(125157,10728,(3,9223372036854775807))
Edge(125312,152966,(3,9223372036854775807))
Edge(125360,449676,(3,9223372036854775807))
Edge(125687,83357,(1,9223372036854775807))
Edge(125971,124676,(3,9223372036854775807))
Edge(126016,365886,(3,9223372036854775807))
Edge(126285,99339,(3,9223372036854775807))
Edge(126483,184338,(4,9223372036854775807))
Edge(126634,138583,(3,9223372036854775807))
Edge(127056,122158,(3,9223372036854775807))
Edge(128170,212948,(3,9223372036854775807))
Edge(128317,352373,(3,9223372036854775807))
Edge(128827,466542,(3,9223372036854775807))
Edge(129053,73741,(3,9223372036854775807))
Edge(129843,494361,(3,9223372036854775807))
Edge(130013,207742,(3,9223372036854775807))
Edge(130546,140737,(3,9223372036854775807))
Edge(130594,10584,(3,9223372036854775807))
Edge(130695,124624,(3,9223372036854775807))
Edge(130796,265160,(3,9223372036854775807))
Edge(131019,458395,(3,9223372036854775807))
Edge(131308,193307,(3,9223372036854775807))
Edge(131490,244953,(3,9223372036854775807))
Edge(131964,377353,(3,9223372036854775807))
Edge(131977,294092,(3,9223372036854775807))
Edge(132172,311804,(1,3))
Edge(132383,416482,(3,9223372036854775807))
Edge(134034,342726,(3,9223372036854775807))
Edge(134048,339683,(3,9223372036854775807))
Edge(134049,317137,(3,9223372036854775807))
Edge(134070,242583,(3,9223372036854775807))
Edge(134463,352291,(3,9223372036854775807))
Edge(134846,73844,(4,9223372036854775807))
Edge(134891,57437,(4,9223372036854775807))
Edge(134906,236607,(1,9223372036854775807))
Edge(135003,458235,(3,9223372036854775807))
Edge(135635,446613,(1,9223372036854775807))
Edge(135738,253207,(3,9223372036854775807))
Edge(135755,130740,(4,9223372036854775807))
Edge(136114,477350,(3,9223372036854775807))
Edge(136258,77080,(3,9223372036854775807))
Edge(136345,245395,(1,3))
Edge(136734,189197,(3,9223372036854775807))
Edge(136837,252478,(3,9223372036854775807))
Edge(137104,200285,(3,9223372036854775807))
Edge(137814,221922,(1,9223372036854775807))
Edge(138036,248342,(3,9223372036854775807))
Edge(138175,449,(3,9223372036854775807))
Edge(138215,438500,(3,9223372036854775807))
Edge(138383,374362,(3,9223372036854775807))
Edge(139005,255425,(3,9223372036854775807))
Edge(139082,384028,(1,9223372036854775807))
Edge(140017,405928,(3,9223372036854775807))
Edge(140137,46306,(1,9223372036854775807))
Edge(140364,231901,(3,9223372036854775807))
Edge(140749,130356,(3,9223372036854775807))
Edge(140766,90444,(1,3))
Edge(141142,409158,(3,9223372036854775807))
Edge(142786,384992,(3,9223372036854775807))
Edge(143189,457801,(3,9223372036854775807))
Edge(143208,6888,(3,9223372036854775807))
Edge(143304,460695,(3,9223372036854775807))
Edge(143328,102595,(3,9223372036854775807))
Edge(143351,104854,(1,9223372036854775807))
Edge(143398,12172,(3,9223372036854775807))
Edge(143581,247566,(3,9223372036854775807))
Edge(143791,470055,(3,9223372036854775807))
Edge(143969,80713,(3,9223372036854775807))
Edge(144362,178000,(3,9223372036854775807))
Edge(144987,190094,(3,9223372036854775807))
Edge(145059,121505,(3,9223372036854775807))
Edge(145276,190239,(3,9223372036854775807))
Edge(146156,177767,(3,9223372036854775807))
Edge(146377,327325,(3,9223372036854775807))
Edge(146551,461644,(3,9223372036854775807))
Edge(146557,472039,(1,3))
Edge(146558,131007,(3,9223372036854775807))
Edge(147224,279088,(3,9223372036854775807))
Edge(147427,369680,(3,9223372036854775807))
Edge(147701,203312,(3,9223372036854775807))
Edge(147735,399074,(1,9223372036854775807))
Edge(147976,128455,(3,9223372036854775807))
Edge(148302,44508,(4,9223372036854775807))
Edge(148383,308501,(3,9223372036854775807))
Edge(148389,110580,(3,9223372036854775807))
Edge(148517,49544,(3,9223372036854775807))
Edge(148626,285657,(3,9223372036854775807))
Edge(148724,437597,(3,9223372036854775807))
Edge(148726,399949,(3,9223372036854775807))
Edge(149417,175556,(3,9223372036854775807))
Edge(149442,163453,(3,9223372036854775807))
Edge(149720,362222,(3,9223372036854775807))
Edge(149949,427002,(3,9223372036854775807))
Edge(149950,309038,(3,9223372036854775807))
Edge(150491,208518,(3,9223372036854775807))
Edge(150563,22888,(3,9223372036854775807))
Edge(150877,19300,(3,9223372036854775807))
Edge(151290,488231,(1,9223372036854775807))
Edge(152354,194613,(3,9223372036854775807))
Edge(152463,274577,(1,9223372036854775807))
Edge(152496,195903,(3,9223372036854775807))
Edge(152611,170215,(1,9223372036854775807))
Edge(152849,476321,(3,9223372036854775807))
Edge(152899,281503,(3,9223372036854775807))
Edge(153378,209120,(3,9223372036854775807))
Edge(153518,89707,(1,3))
Edge(153519,371691,(3,9223372036854775807))
Edge(153578,472808,(3,9223372036854775807))
Edge(154784,253284,(3,9223372036854775807))
Edge(155074,433174,(3,9223372036854775807))
Edge(155488,147072,(3,9223372036854775807))
Edge(155655,420648,(3,9223372036854775807))
Edge(156236,321592,(3,9223372036854775807))
Edge(156563,101339,(3,9223372036854775807))
Edge(156848,160824,(3,9223372036854775807))
Edge(157119,197659,(3,9223372036854775807))
Edge(157173,51854,(1,3))
Edge(157881,483502,(3,9223372036854775807))
Edge(158223,471899,(3,9223372036854775807))
Edge(158282,231635,(1,9223372036854775807))
Edge(158379,128999,(3,9223372036854775807))
Edge(158416,125863,(3,9223372036854775807))
Edge(158450,157938,(3,9223372036854775807))
Edge(158464,357200,(3,9223372036854775807))
Edge(158633,284915,(1,9223372036854775807))
Edge(158698,308962,(3,9223372036854775807))
Edge(158709,106212,(3,9223372036854775807))
Edge(158847,13035,(1,9223372036854775807))
Edge(159166,343632,(1,9223372036854775807))
Edge(159289,58739,(3,9223372036854775807))
Edge(159435,88587,(3,9223372036854775807))
Edge(159555,331810,(3,9223372036854775807))
Edge(159581,416134,(1,9223372036854775807))
Edge(159970,417479,(3,9223372036854775807))
Edge(160545,100242,(3,9223372036854775807))
Edge(161445,484109,(1,9223372036854775807))
Edge(161573,271246,(3,9223372036854775807))
Edge(161719,243682,(3,9223372036854775807))
Edge(161745,143678,(3,9223372036854775807))
Edge(162386,277638,(1,9223372036854775807))
Edge(162593,232505,(3,9223372036854775807))
Edge(162705,329193,(3,9223372036854775807))
Edge(163466,253952,(3,9223372036854775807))
Edge(163823,385244,(3,9223372036854775807))
Edge(163837,181363,(1,9223372036854775807))
Edge(164310,402341,(3,9223372036854775807))
Edge(164432,296623,(3,9223372036854775807))
Edge(164569,66359,(3,9223372036854775807))
Edge(164790,429621,(3,9223372036854775807))
Edge(165160,277792,(3,9223372036854775807))
Edge(165379,161596,(3,9223372036854775807))
Edge(165418,141669,(3,9223372036854775807))
Edge(165981,434193,(4,9223372036854775807))
Edge(166055,285761,(3,9223372036854775807))
Edge(166059,376425,(3,9223372036854775807))
Edge(166217,250021,(3,9223372036854775807))
Edge(166535,226627,(3,9223372036854775807))
Edge(167937,45771,(3,9223372036854775807))
Edge(168204,266149,(3,9223372036854775807))
Edge(168499,419889,(1,3))
Edge(168637,41741,(3,9223372036854775807))
Edge(168995,481036,(3,9223372036854775807))
Edge(169107,436268,(1,3))
Edge(169185,255212,(3,9223372036854775807))
Edge(169405,385346,(3,9223372036854775807))
Edge(169427,374123,(3,9223372036854775807))
Edge(169555,345303,(3,9223372036854775807))
Edge(169601,76447,(1,9223372036854775807))
Edge(169783,321241,(3,9223372036854775807))
Edge(169786,312277,(3,9223372036854775807))
Edge(170134,209708,(1,9223372036854775807))
Edge(170398,197749,(3,9223372036854775807))
Edge(170842,162122,(1,9223372036854775807))
Edge(171244,53745,(1,9223372036854775807))
Edge(171389,268643,(3,9223372036854775807))
Edge(171581,194343,(3,9223372036854775807))
Edge(171828,213285,(3,9223372036854775807))
Edge(172000,463162,(3,9223372036854775807))
Edge(172046,24898,(3,9223372036854775807))
Edge(172143,357947,(3,9223372036854775807))
Edge(172312,439453,(3,9223372036854775807))
Edge(172606,27865,(3,9223372036854775807))
Edge(172680,318535,(3,9223372036854775807))
Edge(172694,197980,(3,9223372036854775807))
Edge(173331,292005,(1,9223372036854775807))
Edge(173648,80375,(3,9223372036854775807))
Edge(173877,203908,(3,9223372036854775807))
Edge(174680,364767,(3,9223372036854775807))
Edge(174751,99543,(1,9223372036854775807))
Edge(174791,14654,(3,9223372036854775807))
Edge(174960,476625,(1,9223372036854775807))
Edge(174967,291763,(3,9223372036854775807))
Edge(175106,242384,(3,9223372036854775807))
Edge(175825,489143,(3,9223372036854775807))
Edge(175903,87220,(3,9223372036854775807))
Edge(177486,354240,(1,9223372036854775807))
Edge(177545,304827,(3,9223372036854775807))
Edge(177756,203605,(3,9223372036854775807))
Edge(177911,181587,(1,3))
Edge(178103,230324,(3,9223372036854775807))
Edge(178264,62721,(3,9223372036854775807))
Edge(178348,157970,(3,9223372036854775807))
Edge(178963,298226,(1,9223372036854775807))
Edge(179007,449038,(3,9223372036854775807))
Edge(179698,256033,(3,9223372036854775807))
Edge(180022,140031,(3,9223372036854775807))
Edge(180250,266704,(3,9223372036854775807))
Edge(180938,99044,(3,9223372036854775807))
Edge(181521,476272,(3,9223372036854775807))
Edge(181620,293480,(3,9223372036854775807))
Edge(181758,99869,(3,9223372036854775807))
Edge(181836,498701,(3,9223372036854775807))
Edge(181971,461036,(1,9223372036854775807))
Edge(181980,118048,(3,9223372036854775807))
Edge(182853,170647,(3,9223372036854775807))
Edge(182969,472468,(3,9223372036854775807))
Edge(183339,103900,(3,9223372036854775807))
Edge(183516,110294,(3,9223372036854775807))
Edge(183786,246406,(3,9223372036854775807))
Edge(183927,121223,(3,9223372036854775807))
Edge(184149,369449,(1,9223372036854775807))
Edge(184316,297016,(3,9223372036854775807))
Edge(184997,443834,(3,9223372036854775807))
Edge(185469,26182,(1,3))
Edge(185669,212140,(3,9223372036854775807))
Edge(185898,285199,(3,9223372036854775807))
Edge(185956,456713,(3,9223372036854775807))
Edge(186943,235232,(3,9223372036854775807))
Edge(187001,48328,(3,9223372036854775807))
Edge(187334,97988,(3,9223372036854775807))
Edge(187974,434220,(3,9223372036854775807))
Edge(188166,236918,(3,9223372036854775807))
Edge(188288,11626,(3,9223372036854775807))
Edge(189861,2042,(3,9223372036854775807))
Edge(190126,51899,(3,9223372036854775807))
Edge(190787,399486,(3,9223372036854775807))
Edge(191052,227451,(3,9223372036854775807))
Edge(191065,204047,(3,9223372036854775807))
Edge(191200,29189,(3,9223372036854775807))
Edge(191291,371615,(3,9223372036854775807))
Edge(191929,112774,(3,9223372036854775807))
Edge(192061,98119,(3,9223372036854775807))
Edge(192142,343227,(3,9223372036854775807))
Edge(192450,48896,(3,9223372036854775807))
Edge(192947,119488,(1,9223372036854775807))
Edge(193000,65421,(3,9223372036854775807))
Edge(193680,81882,(3,9223372036854775807))
Edge(193801,16467,(1,9223372036854775807))
Edge(193805,129638,(3,9223372036854775807))
Edge(193858,299734,(3,9223372036854775807))
Edge(194156,490657,(3,9223372036854775807))
Edge(194420,42022,(3,9223372036854775807))
Edge(194553,352041,(3,9223372036854775807))
Edge(194625,168497,(3,9223372036854775807))
Edge(194679,173316,(3,9223372036854775807))
Edge(194848,489626,(3,9223372036854775807))
Edge(195201,196748,(3,9223372036854775807))
Edge(195681,225891,(1,9223372036854775807))
Edge(195903,220095,(1,9223372036854775807))
Edge(195994,112105,(3,9223372036854775807))
Edge(196430,166640,(3,9223372036854775807))
Edge(196559,396599,(3,9223372036854775807))
Edge(196680,211390,(3,9223372036854775807))
Edge(196773,252620,(1,3))
Edge(197102,45321,(3,9223372036854775807))
Edge(197172,499562,(3,9223372036854775807))
Edge(197304,47326,(3,9223372036854775807))
Edge(197483,484246,(1,9223372036854775807))
Edge(197498,154228,(3,9223372036854775807))
Edge(197811,208664,(3,9223372036854775807))
Edge(197914,483611,(1,9223372036854775807))
Edge(198045,30727,(3,9223372036854775807))
Edge(198515,418629,(3,9223372036854775807))
Edge(198968,492790,(3,9223372036854775807))
Edge(199023,392321,(1,9223372036854775807))
Edge(199093,217205,(3,9223372036854775807))
Edge(199119,455637,(3,9223372036854775807))
Edge(199173,278651,(3,9223372036854775807))
Edge(199205,200550,(1,9223372036854775807))
Edge(199366,423480,(3,9223372036854775807))
Edge(199425,289537,(3,9223372036854775807))
Edge(199704,205960,(3,9223372036854775807))
Edge(200250,161256,(3,9223372036854775807))
Edge(200549,159555,(1,9223372036854775807))
Edge(200573,282009,(3,9223372036854775807))
Edge(200603,124988,(3,9223372036854775807))
Edge(200841,249321,(3,9223372036854775807))
Edge(201407,396414,(1,9223372036854775807))
Edge(201561,198384,(1,9223372036854775807))
Edge(201613,172971,(3,9223372036854775807))
Edge(202057,320700,(3,9223372036854775807))
Edge(202192,356373,(3,9223372036854775807))
Edge(202826,411047,(3,9223372036854775807))
Edge(203138,396546,(1,3))
Edge(203187,102685,(3,9223372036854775807))
Edge(203539,176560,(3,9223372036854775807))
Edge(203702,76758,(3,9223372036854775807))
Edge(203984,173803,(1,9223372036854775807))
Edge(204286,304999,(3,9223372036854775807))
Edge(204402,436325,(1,9223372036854775807))
Edge(204457,481318,(1,9223372036854775807))
Edge(204791,383229,(3,9223372036854775807))
Edge(205062,343032,(3,9223372036854775807))
Edge(205454,341154,(3,9223372036854775807))
Edge(205774,70073,(1,9223372036854775807))
Edge(205832,132053,(1,9223372036854775807))
Edge(206036,222685,(3,9223372036854775807))
Edge(206181,274209,(3,9223372036854775807))
Edge(206294,365477,(3,9223372036854775807))
Edge(206311,277528,(3,9223372036854775807))
Edge(206448,381568,(1,9223372036854775807))
Edge(206799,336260,(3,9223372036854775807))
Edge(207004,144193,(1,9223372036854775807))
Edge(207040,267656,(3,9223372036854775807))
Edge(207332,496440,(3,9223372036854775807))
Edge(208210,166364,(3,9223372036854775807))
Edge(208439,226579,(3,9223372036854775807))
Edge(208979,275578,(3,9223372036854775807))
Edge(209225,98293,(1,3))
Edge(209462,35383,(3,9223372036854775807))
Edge(209575,301023,(3,9223372036854775807))
Edge(209769,365275,(3,9223372036854775807))
Edge(210383,290734,(3,9223372036854775807))
Edge(210457,26246,(1,9223372036854775807))
Edge(211304,292805,(3,9223372036854775807))
Edge(211510,121890,(1,9223372036854775807))
Edge(211801,298675,(3,9223372036854775807))
Edge(212002,202643,(1,3))
Edge(212144,428471,(1,9223372036854775807))
Edge(212650,406448,(3,9223372036854775807))
Edge(212705,478269,(1,3))
Edge(212740,32889,(3,9223372036854775807))
Edge(213116,232283,(3,9223372036854775807))
Edge(213214,294558,(3,9223372036854775807))
Edge(213360,325651,(3,9223372036854775807))
Edge(213640,446441,(3,9223372036854775807))
Edge(214058,162215,(3,9223372036854775807))
Edge(214429,307773,(3,9223372036854775807))
Edge(214955,389449,(3,9223372036854775807))
Edge(215148,423264,(1,3))
Edge(215271,230684,(3,9223372036854775807))
Edge(215610,91403,(3,9223372036854775807))
Edge(215672,401773,(3,9223372036854775807))
Edge(215800,45810,(3,9223372036854775807))
Edge(215819,165643,(1,9223372036854775807))
Edge(215887,236227,(3,9223372036854775807))
Edge(216203,469123,(3,9223372036854775807))
Edge(216630,37466,(3,9223372036854775807))
Edge(216721,281528,(3,9223372036854775807))
Edge(216848,343840,(3,9223372036854775807))
Edge(217191,176013,(1,9223372036854775807))
Edge(217312,40544,(1,9223372036854775807))
Edge(217565,211779,(3,9223372036854775807))
Edge(217994,339578,(3,9223372036854775807))
Edge(218394,452547,(3,9223372036854775807))
Edge(218840,359675,(3,9223372036854775807))
Edge(219134,288087,(3,9223372036854775807))
Edge(219447,326646,(3,9223372036854775807))
Edge(219846,288079,(3,9223372036854775807))
Edge(219891,299821,(3,9223372036854775807))
Edge(220376,85019,(3,9223372036854775807))
Edge(220694,348055,(3,9223372036854775807))
Edge(220948,185044,(3,9223372036854775807))
Edge(220954,149622,(1,9223372036854775807))
Edge(221428,200134,(3,9223372036854775807))
Edge(221609,466953,(1,9223372036854775807))
Edge(221641,264034,(3,9223372036854775807))
Edge(222416,397125,(1,9223372036854775807))
Edge(222459,224384,(3,9223372036854775807))
Edge(222586,1598,(1,9223372036854775807))
Edge(222783,438768,(3,9223372036854775807))
Edge(222784,167783,(3,9223372036854775807))
Edge(222912,21026,(3,9223372036854775807))
Edge(223136,388623,(3,9223372036854775807))
Edge(223259,253222,(3,9223372036854775807))
Edge(223522,379974,(3,9223372036854775807))
Edge(223751,422883,(3,9223372036854775807))
Edge(223879,402809,(3,9223372036854775807))
Edge(223919,70456,(3,9223372036854775807))
Edge(225742,207266,(3,9223372036854775807))
Edge(226117,166813,(3,9223372036854775807))
Edge(226436,75962,(3,9223372036854775807))
Edge(226941,329553,(3,9223372036854775807))
Edge(226943,118840,(3,9223372036854775807))
Edge(227475,368171,(3,9223372036854775807))
Edge(227691,106882,(3,9223372036854775807))
Edge(228650,302274,(3,9223372036854775807))
Edge(228942,250294,(3,9223372036854775807))
Edge(229043,57458,(3,9223372036854775807))
Edge(229294,116850,(3,9223372036854775807))
Edge(229313,291935,(3,9223372036854775807))
Edge(229390,348033,(3,9223372036854775807))
Edge(229433,312968,(3,9223372036854775807))
Edge(229551,237953,(3,9223372036854775807))
Edge(229868,49676,(3,9223372036854775807))
Edge(230023,354035,(3,9223372036854775807))
Edge(230432,493795,(3,9223372036854775807))
Edge(230592,205715,(1,9223372036854775807))
Edge(230796,449452,(3,9223372036854775807))
Edge(231093,452585,(3,9223372036854775807))
Edge(232113,214015,(3,9223372036854775807))
Edge(232290,208922,(1,9223372036854775807))
Edge(232339,280691,(3,9223372036854775807))
Edge(232377,406429,(3,9223372036854775807))
Edge(232463,319967,(3,9223372036854775807))
Edge(233267,162476,(3,9223372036854775807))
Edge(233605,179560,(3,9223372036854775807))
Edge(233641,136277,(3,9223372036854775807))
Edge(233651,364053,(3,9223372036854775807))
Edge(233690,288219,(3,9223372036854775807))
Edge(233916,2233,(3,9223372036854775807))
Edge(234023,265816,(3,9223372036854775807))
Edge(234748,38544,(1,9223372036854775807))
Edge(234915,164840,(3,9223372036854775807))
Edge(234998,76590,(1,9223372036854775807))
Edge(235301,380321,(4,9223372036854775807))
Edge(235755,219926,(3,9223372036854775807))
Edge(235775,481840,(3,9223372036854775807))
Edge(235813,146186,(3,9223372036854775807))
Edge(236617,286181,(3,9223372036854775807))
Edge(236759,97150,(1,9223372036854775807))
Edge(237682,221802,(3,9223372036854775807))
Edge(237934,5792,(3,9223372036854775807))
Edge(238393,123038,(1,3))
Edge(238447,109034,(3,9223372036854775807))
Edge(238925,496656,(3,9223372036854775807))
Edge(239322,59880,(3,9223372036854775807))
Edge(239435,78217,(3,9223372036854775807))
Edge(239530,164324,(4,9223372036854775807))
Edge(239556,41309,(3,9223372036854775807))
Edge(239750,435003,(3,9223372036854775807))
Edge(240349,159290,(3,9223372036854775807))
Edge(240575,206112,(3,9223372036854775807))
Edge(240671,265083,(3,9223372036854775807))
Edge(241412,362860,(1,3))
Edge(242092,221198,(1,9223372036854775807))
Edge(242790,408991,(3,9223372036854775807))
Edge(242801,119630,(3,9223372036854775807))
Edge(243034,179937,(3,9223372036854775807))
Edge(243207,442603,(3,9223372036854775807))
Edge(243287,448527,(3,9223372036854775807))
Edge(243318,63907,(3,9223372036854775807))
Edge(243411,225379,(3,9223372036854775807))
Edge(243677,325623,(3,9223372036854775807))
Edge(243734,304911,(3,9223372036854775807))
Edge(244312,219446,(3,9223372036854775807))
Edge(244374,127458,(3,9223372036854775807))
Edge(245034,435810,(3,9223372036854775807))
Edge(245083,424958,(3,9223372036854775807))
Edge(245428,446030,(1,9223372036854775807))
Edge(245714,251472,(3,9223372036854775807))
Edge(245960,241994,(3,9223372036854775807))
Edge(246223,360320,(3,9223372036854775807))
Edge(246634,239895,(3,9223372036854775807))
Edge(246833,359088,(3,9223372036854775807))
Edge(246941,8550,(1,3))
Edge(247433,85239,(1,9223372036854775807))
Edge(247793,203757,(1,9223372036854775807))
Edge(247829,286621,(3,9223372036854775807))
Edge(247916,197141,(3,9223372036854775807))
Edge(247963,88107,(3,9223372036854775807))
Edge(248421,451217,(3,9223372036854775807))
Edge(248714,312522,(3,9223372036854775807))
Edge(248764,287512,(3,9223372036854775807))
Edge(249292,148867,(3,9223372036854775807))
Edge(249562,399873,(3,9223372036854775807))
Edge(249706,54845,(3,9223372036854775807))
Edge(250246,299667,(1,9223372036854775807))
Edge(250498,464735,(3,9223372036854775807))
Edge(250660,141131,(3,9223372036854775807))
Edge(251631,64092,(3,9223372036854775807))
Edge(252287,102097,(3,9223372036854775807))
Edge(252918,326747,(1,9223372036854775807))
Edge(253123,488110,(3,9223372036854775807))
Edge(253139,469576,(3,9223372036854775807))
Edge(253590,172740,(3,9223372036854775807))
Edge(253641,476437,(3,9223372036854775807))
Edge(255145,272121,(3,9223372036854775807))
Edge(255151,234017,(3,9223372036854775807))
Edge(255216,234260,(3,9223372036854775807))
Edge(255326,430027,(3,9223372036854775807))
Edge(255545,424508,(3,9223372036854775807))
Edge(255803,11299,(3,9223372036854775807))
Edge(256287,44470,(3,9223372036854775807))
Edge(256965,347404,(3,9223372036854775807))
Edge(257100,15586,(3,9223372036854775807))
Edge(257363,29788,(3,9223372036854775807))
Edge(257564,80240,(3,9223372036854775807))
Edge(257726,223951,(3,9223372036854775807))
Edge(258851,26442,(3,9223372036854775807))
Edge(258996,204414,(3,9223372036854775807))
Edge(259228,487488,(3,9223372036854775807))
Edge(259799,146965,(3,9223372036854775807))
Edge(260578,219389,(3,9223372036854775807))
Edge(260584,127489,(3,9223372036854775807))
Edge(260847,14182,(3,9223372036854775807))
Edge(260962,381479,(3,9223372036854775807))
Edge(261016,401134,(3,9223372036854775807))
Edge(261592,356919,(3,9223372036854775807))
Edge(261881,366503,(1,9223372036854775807))
Edge(261995,372501,(3,9223372036854775807))
Edge(262157,438493,(3,9223372036854775807))
Edge(262371,291185,(1,9223372036854775807))
Edge(262816,18857,(3,9223372036854775807))
Edge(263084,488819,(3,9223372036854775807))
Edge(263503,324320,(3,9223372036854775807))
Edge(263508,274386,(3,9223372036854775807))
Edge(263528,243951,(1,3))
Edge(264020,758,(3,9223372036854775807))
Edge(264269,394967,(3,9223372036854775807))
Edge(264335,333143,(3,9223372036854775807))
Edge(264601,346547,(3,9223372036854775807))
Edge(264612,221982,(1,9223372036854775807))
Edge(264880,352637,(3,9223372036854775807))
Edge(264909,152822,(1,9223372036854775807))
Edge(265001,358097,(3,9223372036854775807))
Edge(265107,242521,(3,9223372036854775807))
Edge(265296,162186,(1,9223372036854775807))
Edge(265549,159430,(3,9223372036854775807))
Edge(265826,465328,(3,9223372036854775807))
Edge(265884,262069,(1,3))
Edge(266293,227617,(3,9223372036854775807))
Edge(266622,410410,(1,9223372036854775807))
Edge(266791,362542,(1,9223372036854775807))
Edge(266959,351056,(3,9223372036854775807))
Edge(267748,18096,(1,3))
Edge(267888,31557,(3,9223372036854775807))
Edge(268591,9044,(3,9223372036854775807))
Edge(268608,301479,(3,9223372036854775807))
Edge(268647,125153,(3,9223372036854775807))
Edge(268917,25689,(3,9223372036854775807))
Edge(269674,99893,(3,9223372036854775807))
Edge(269760,219455,(3,9223372036854775807))
Edge(269838,210447,(3,9223372036854775807))
Edge(270765,282533,(3,9223372036854775807))
Edge(271603,388945,(3,9223372036854775807))
Edge(272252,162562,(3,9223372036854775807))
Edge(272286,2674,(3,9223372036854775807))
Edge(272465,330462,(3,9223372036854775807))
Edge(272889,372186,(3,9223372036854775807))
Edge(274013,94780,(3,9223372036854775807))
Edge(274370,398939,(1,9223372036854775807))
Edge(274452,432340,(3,9223372036854775807))
Edge(274777,265724,(1,3))
Edge(275172,49711,(3,9223372036854775807))
Edge(275264,287049,(3,9223372036854775807))
Edge(276101,475095,(3,9223372036854775807))
Edge(276118,469087,(3,9223372036854775807))
Edge(276214,282715,(3,9223372036854775807))
Edge(276218,118539,(3,9223372036854775807))
Edge(276662,128650,(3,9223372036854775807))
Edge(278020,430852,(3,9223372036854775807))
Edge(278149,16337,(3,9223372036854775807))
Edge(278685,77436,(3,9223372036854775807))
Edge(278821,466500,(3,9223372036854775807))
Edge(279059,302112,(3,9223372036854775807))
Edge(279775,440682,(1,9223372036854775807))
Edge(279882,343161,(3,9223372036854775807))
Edge(280246,117391,(1,9223372036854775807))
Edge(280943,247558,(1,9223372036854775807))
Edge(281273,327388,(3,9223372036854775807))
Edge(281571,475853,(1,9223372036854775807))
Edge(282006,36793,(3,9223372036854775807))
Edge(282071,401647,(3,9223372036854775807))
Edge(282674,33550,(3,9223372036854775807))
Edge(283405,449715,(3,9223372036854775807))
Edge(283468,491966,(3,9223372036854775807))
Edge(283521,121732,(3,9223372036854775807))
Edge(283577,209469,(3,9223372036854775807))
Edge(284198,289124,(3,9223372036854775807))
Edge(284843,63029,(3,9223372036854775807))
Edge(284883,213995,(1,3))
Edge(285253,50871,(1,3))
Edge(285293,97506,(3,9223372036854775807))
Edge(285406,226722,(3,9223372036854775807))
Edge(285497,234983,(3,9223372036854775807))
Edge(285564,295286,(3,9223372036854775807))
Edge(286246,1622,(3,9223372036854775807))
Edge(287827,73827,(1,3))
Edge(288005,181581,(3,9223372036854775807))
Edge(288037,438132,(3,9223372036854775807))
Edge(288140,5926,(3,9223372036854775807))
Edge(288246,19721,(3,9223372036854775807))
Edge(288283,111423,(1,9223372036854775807))
Edge(289509,84307,(1,3))
Edge(289603,410384,(1,3))
Edge(289628,175497,(3,9223372036854775807))
Edge(289646,492314,(3,9223372036854775807))
Edge(290179,324730,(3,9223372036854775807))
Edge(290229,414976,(3,9223372036854775807))
Edge(290535,398794,(3,9223372036854775807))
Edge(290883,388679,(3,9223372036854775807))
Edge(291039,149018,(1,9223372036854775807))
Edge(291755,443497,(3,9223372036854775807))
Edge(291757,455853,(3,9223372036854775807))
Edge(291899,7147,(3,9223372036854775807))
Edge(291973,217387,(3,9223372036854775807))
Edge(292225,380094,(3,9223372036854775807))
Edge(292284,416683,(3,9223372036854775807))
Edge(293252,188501,(3,9223372036854775807))
Edge(293528,324780,(3,9223372036854775807))
Edge(293713,292574,(3,9223372036854775807))
Edge(294230,230529,(1,9223372036854775807))
Edge(294623,226960,(3,9223372036854775807))
Edge(294853,262699,(3,9223372036854775807))
Edge(295118,497330,(3,9223372036854775807))
Edge(295120,405679,(3,9223372036854775807))
Edge(295127,370707,(1,9223372036854775807))
Edge(295591,25445,(1,9223372036854775807))
Edge(295786,385864,(1,9223372036854775807))
Edge(295878,182614,(1,9223372036854775807))
Edge(295934,73113,(3,9223372036854775807))
Edge(297293,289504,(3,9223372036854775807))
Edge(297470,324424,(1,9223372036854775807))
Edge(297482,80426,(3,9223372036854775807))
Edge(297816,327076,(3,9223372036854775807))
Edge(297820,162242,(3,9223372036854775807))
Edge(298186,256206,(3,9223372036854775807))
Edge(298768,419209,(3,9223372036854775807))
Edge(299111,364133,(3,9223372036854775807))
Edge(299593,110451,(3,9223372036854775807))
Edge(299804,304117,(3,9223372036854775807))
Edge(299873,67158,(3,9223372036854775807))
Edge(299889,345319,(3,9223372036854775807))
Edge(299920,447146,(1,9223372036854775807))
Edge(300092,93589,(3,9223372036854775807))
Edge(301204,76587,(3,9223372036854775807))
Edge(301412,336823,(1,3))
Edge(301463,186359,(3,9223372036854775807))
Edge(301478,74,(1,3))
Edge(302300,22442,(1,9223372036854775807))
Edge(302681,412354,(3,9223372036854775807))
Edge(303112,385806,(3,9223372036854775807))
Edge(303854,488380,(3,9223372036854775807))
Edge(304371,384949,(3,9223372036854775807))
Edge(304692,258313,(3,9223372036854775807))
Edge(304882,386201,(3,9223372036854775807))
Edge(304952,481839,(1,9223372036854775807))
Edge(305107,213461,(3,9223372036854775807))
Edge(305443,465943,(3,9223372036854775807))
Edge(305451,168276,(3,9223372036854775807))
Edge(306588,354977,(3,9223372036854775807))
Edge(306692,60166,(3,9223372036854775807))
Edge(306843,277300,(3,9223372036854775807))
Edge(307139,239647,(3,9223372036854775807))
Edge(307417,148877,(3,9223372036854775807))
Edge(307451,122483,(3,9223372036854775807))
Edge(307601,161887,(3,9223372036854775807))
Edge(307661,430164,(3,9223372036854775807))
Edge(308109,365186,(3,9223372036854775807))
Edge(308278,176569,(3,9223372036854775807))
Edge(308450,315211,(3,9223372036854775807))
Edge(308523,273829,(3,9223372036854775807))
Edge(308668,432565,(1,9223372036854775807))
Edge(309130,131927,(3,9223372036854775807))
Edge(309271,45304,(3,9223372036854775807))
Edge(309408,249914,(3,9223372036854775807))
Edge(309471,153952,(3,9223372036854775807))
Edge(309487,352876,(3,9223372036854775807))
Edge(309678,126182,(3,9223372036854775807))
Edge(309954,192309,(3,9223372036854775807))
Edge(310008,322327,(3,9223372036854775807))
Edge(310069,291881,(3,9223372036854775807))
Edge(310071,360198,(1,9223372036854775807))
Edge(310204,256104,(3,9223372036854775807))
Edge(310716,405137,(1,3))
Edge(311059,424229,(3,9223372036854775807))
Edge(311232,397874,(1,9223372036854775807))
Edge(311242,31424,(3,9223372036854775807))
Edge(311278,158646,(3,9223372036854775807))
Edge(311346,332679,(3,9223372036854775807))
Edge(311652,29858,(3,9223372036854775807))
Edge(312228,342165,(3,9223372036854775807))
Edge(312245,87800,(3,9223372036854775807))
Edge(312453,342347,(1,3))
Edge(312612,58549,(3,9223372036854775807))
Edge(313020,332277,(3,9223372036854775807))
Edge(313248,297547,(3,9223372036854775807))
Edge(313315,74983,(3,9223372036854775807))
Edge(313462,258871,(3,9223372036854775807))
Edge(313507,126762,(3,9223372036854775807))
Edge(313712,322138,(3,9223372036854775807))
Edge(313780,6684,(3,9223372036854775807))
Edge(314378,92711,(3,9223372036854775807))
Edge(315179,494224,(3,9223372036854775807))
Edge(315799,284018,(3,9223372036854775807))
Edge(316242,156427,(3,9223372036854775807))
Edge(317393,204784,(3,9223372036854775807))
Edge(317588,174879,(3,9223372036854775807))
Edge(317676,382832,(3,9223372036854775807))
Edge(318199,132323,(3,9223372036854775807))
Edge(318586,34470,(3,9223372036854775807))
Edge(318825,45077,(3,9223372036854775807))
Edge(318852,184760,(3,9223372036854775807))
Edge(318852,419039,(3,9223372036854775807))
Edge(319092,422704,(3,9223372036854775807))
Edge(319121,296506,(3,9223372036854775807))
Edge(319548,12140,(3,9223372036854775807))
Edge(319811,244999,(3,9223372036854775807))
Edge(319840,282847,(3,9223372036854775807))
Edge(320042,89572,(3,9223372036854775807))
Edge(320519,159879,(1,9223372036854775807))
Edge(321126,490435,(1,3))
Edge(321831,202666,(3,9223372036854775807))
Edge(322541,96680,(1,9223372036854775807))
Edge(322591,303903,(3,9223372036854775807))
Edge(323160,1576,(3,9223372036854775807))
Edge(323319,340560,(3,9223372036854775807))
Edge(323615,263828,(1,9223372036854775807))
Edge(323946,36084,(3,9223372036854775807))
Edge(324054,312295,(1,3))
Edge(324221,18355,(3,9223372036854775807))
Edge(324253,84872,(3,9223372036854775807))
Edge(324541,452531,(1,3))
Edge(325259,309781,(3,9223372036854775807))
Edge(325713,377498,(3,9223372036854775807))
Edge(326174,297713,(3,9223372036854775807))
Edge(326562,198959,(3,9223372036854775807))
Edge(326617,302611,(3,9223372036854775807))
Edge(326907,57778,(3,9223372036854775807))
Edge(327212,86480,(1,9223372036854775807))
Edge(327353,57617,(3,9223372036854775807))
Edge(327357,98835,(3,9223372036854775807))
Edge(328302,110482,(3,9223372036854775807))
Edge(328699,348675,(3,9223372036854775807))
Edge(328737,349047,(3,9223372036854775807))
Edge(328913,62722,(3,9223372036854775807))
Edge(329103,424337,(3,9223372036854775807))
Edge(329384,44670,(3,9223372036854775807))
Edge(329744,305097,(3,9223372036854775807))
Edge(329882,318773,(1,9223372036854775807))
Edge(330067,147243,(3,9223372036854775807))
Edge(330361,461778,(3,9223372036854775807))
Edge(330906,332119,(3,9223372036854775807))
Edge(331107,157858,(3,9223372036854775807))
Edge(331182,354732,(3,9223372036854775807))
Edge(331217,283273,(3,9223372036854775807))
Edge(331478,46079,(3,9223372036854775807))
Edge(331659,435513,(1,9223372036854775807))
Edge(331666,35718,(3,9223372036854775807))
Edge(331854,127479,(1,9223372036854775807))
Edge(331856,158194,(3,9223372036854775807))
Edge(332443,17088,(1,3))
Edge(332674,460979,(3,9223372036854775807))
Edge(332812,399152,(3,9223372036854775807))
Edge(332987,295338,(3,9223372036854775807))
Edge(333363,102118,(1,9223372036854775807))
Edge(333511,162036,(3,9223372036854775807))
Edge(333605,170942,(1,9223372036854775807))
Edge(334889,68562,(3,9223372036854775807))
Edge(334889,484923,(3,9223372036854775807))
Edge(334908,83409,(3,9223372036854775807))
Edge(335259,159516,(3,9223372036854775807))
Edge(336210,375541,(3,9223372036854775807))
Edge(336211,368530,(3,9223372036854775807))
Edge(337131,479652,(1,3))
Edge(337187,58948,(1,3))
Edge(337340,446,(4,9223372036854775807))
Edge(337343,263475,(3,9223372036854775807))
Edge(337495,399332,(3,9223372036854775807))
Edge(337740,16309,(3,9223372036854775807))
Edge(338064,29876,(3,9223372036854775807))
Edge(338155,443325,(3,9223372036854775807))
Edge(338272,492449,(3,9223372036854775807))
Edge(338333,15187,(3,9223372036854775807))
Edge(338364,485348,(3,9223372036854775807))
Edge(338667,496389,(3,9223372036854775807))
Edge(339016,350489,(3,9223372036854775807))
Edge(339434,247749,(1,9223372036854775807))
Edge(339713,47609,(3,9223372036854775807))
Edge(340581,111688,(3,9223372036854775807))
Edge(340738,497050,(1,9223372036854775807))
Edge(341342,366012,(3,9223372036854775807))
Edge(341570,294609,(3,9223372036854775807))
Edge(342629,412957,(3,9223372036854775807))
Edge(343092,218693,(3,9223372036854775807))
Edge(343189,375609,(3,9223372036854775807))
Edge(343231,117591,(3,9223372036854775807))
Edge(343343,112265,(3,9223372036854775807))
Edge(343507,235531,(3,9223372036854775807))
Edge(344143,283032,(3,9223372036854775807))
Edge(344704,264033,(3,9223372036854775807))
Edge(344704,327842,(3,9223372036854775807))
Edge(344833,79993,(3,9223372036854775807))
Edge(344870,396119,(3,9223372036854775807))
Edge(345023,216517,(3,9223372036854775807))
Edge(345620,91498,(3,9223372036854775807))
Edge(346277,282779,(3,9223372036854775807))
Edge(346740,264378,(3,9223372036854775807))
Edge(347878,401729,(3,9223372036854775807))
Edge(348022,331164,(3,9223372036854775807))
Edge(350208,132104,(3,9223372036854775807))
Edge(351107,126222,(3,9223372036854775807))
Edge(351124,455852,(1,3))
Edge(351159,222806,(3,9223372036854775807))
Edge(351553,436291,(3,9223372036854775807))
Edge(351694,39111,(3,9223372036854775807))
Edge(351713,424030,(3,9223372036854775807))
Edge(351952,283743,(3,9223372036854775807))
Edge(352045,23673,(3,9223372036854775807))
Edge(352103,420673,(1,9223372036854775807))
Edge(352312,253577,(3,9223372036854775807))
Edge(352652,45674,(3,9223372036854775807))
Edge(352789,5601,(3,9223372036854775807))
Edge(352984,269649,(3,9223372036854775807))
Edge(353017,64306,(3,9223372036854775807))
Edge(353093,157807,(3,9223372036854775807))
Edge(353262,343950,(3,9223372036854775807))
Edge(353363,201578,(1,9223372036854775807))
Edge(353653,250925,(3,9223372036854775807))
Edge(353969,245071,(3,9223372036854775807))
Edge(354544,17703,(1,9223372036854775807))
Edge(354978,496692,(3,9223372036854775807))
Edge(355214,19140,(3,9223372036854775807))
Edge(355332,86003,(3,9223372036854775807))
Edge(355371,476245,(1,9223372036854775807))
Edge(355778,443940,(1,9223372036854775807))
Edge(357179,432610,(3,9223372036854775807))
Edge(357416,16135,(1,3))
Edge(357430,415824,(3,9223372036854775807))
Edge(358022,64598,(3,9223372036854775807))
Edge(358145,107643,(1,3))
Edge(358235,91783,(3,9223372036854775807))
Edge(358351,143578,(3,9223372036854775807))
Edge(358612,193867,(3,9223372036854775807))
Edge(358806,405172,(3,9223372036854775807))
Edge(359146,422297,(3,9223372036854775807))
Edge(359221,4472,(3,9223372036854775807))
Edge(359353,152609,(1,9223372036854775807))
Edge(359678,425149,(3,9223372036854775807))
Edge(360252,419687,(3,9223372036854775807))
Edge(360353,36713,(1,9223372036854775807))
Edge(360640,346253,(3,9223372036854775807))
Edge(360680,343467,(3,9223372036854775807))
Edge(361186,361998,(3,9223372036854775807))
Edge(361609,498840,(3,9223372036854775807))
Edge(361638,133402,(1,9223372036854775807))
Edge(361678,376494,(3,9223372036854775807))
Edge(362119,187371,(3,9223372036854775807))
Edge(362124,491901,(3,9223372036854775807))
Edge(362516,375928,(3,9223372036854775807))
Edge(362621,277371,(3,9223372036854775807))
Edge(362937,464062,(3,9223372036854775807))
Edge(364311,9156,(3,9223372036854775807))
Edge(364919,405479,(3,9223372036854775807))
Edge(365490,343449,(3,9223372036854775807))
Edge(365539,150641,(3,9223372036854775807))
Edge(365770,103879,(3,9223372036854775807))
Edge(365889,410016,(3,9223372036854775807))
Edge(365969,350897,(3,9223372036854775807))
Edge(366404,459241,(3,9223372036854775807))
Edge(366485,421199,(3,9223372036854775807))
Edge(366875,32662,(1,3))
Edge(366926,23139,(3,9223372036854775807))
Edge(366978,145233,(3,9223372036854775807))
Edge(367126,427028,(3,9223372036854775807))
Edge(367437,315592,(3,9223372036854775807))
Edge(367805,412650,(3,9223372036854775807))
Edge(368068,473877,(3,9223372036854775807))
Edge(368255,119253,(1,9223372036854775807))
Edge(368669,249046,(1,9223372036854775807))
Edge(368885,11691,(1,9223372036854775807))
Edge(369061,189038,(3,9223372036854775807))
Edge(369248,274457,(3,9223372036854775807))
Edge(369480,257113,(3,9223372036854775807))
Edge(369495,444282,(3,9223372036854775807))
Edge(370108,107286,(3,9223372036854775807))
Edge(370404,401333,(3,9223372036854775807))
Edge(370438,43102,(1,9223372036854775807))
Edge(370545,44126,(1,3))
Edge(370986,337800,(3,9223372036854775807))
Edge(371071,233727,(3,9223372036854775807))
Edge(371119,386567,(3,9223372036854775807))
Edge(371274,262725,(3,9223372036854775807))
Edge(371369,78676,(3,9223372036854775807))
Edge(371831,82658,(3,9223372036854775807))
Edge(372162,414591,(1,9223372036854775807))
Edge(372292,307717,(3,9223372036854775807))
Edge(372304,462927,(3,9223372036854775807))
Edge(372646,252954,(3,9223372036854775807))
Edge(372697,456749,(1,9223372036854775807))
Edge(373517,360175,(3,9223372036854775807))
Edge(373576,335375,(3,9223372036854775807))
Edge(373597,235804,(3,9223372036854775807))
Edge(373776,130487,(3,9223372036854775807))
Edge(374002,177617,(1,9223372036854775807))
Edge(374183,155549,(3,9223372036854775807))
Edge(374347,359350,(3,9223372036854775807))
Edge(374711,302263,(3,9223372036854775807))
Edge(375057,403838,(1,9223372036854775807))
Edge(375503,79927,(3,9223372036854775807))
Edge(375525,226398,(1,3))
Edge(375661,162398,(1,9223372036854775807))
Edge(376219,305157,(3,9223372036854775807))
Edge(376222,383902,(3,9223372036854775807))
Edge(376602,401196,(1,9223372036854775807))
Edge(376905,428936,(3,9223372036854775807))
Edge(376933,85237,(1,9223372036854775807))
Edge(377007,426515,(3,9223372036854775807))
Edge(377348,40121,(3,9223372036854775807))
Edge(378971,198350,(3,9223372036854775807))
Edge(379213,368252,(3,9223372036854775807))
Edge(379326,60753,(3,9223372036854775807))
Edge(380067,396581,(3,9223372036854775807))
Edge(380347,102084,(1,3))
Edge(380511,19898,(1,9223372036854775807))
Edge(380605,248447,(3,9223372036854775807))
Edge(380664,347747,(3,9223372036854775807))
Edge(380749,193142,(3,9223372036854775807))
Edge(380770,248299,(3,9223372036854775807))
Edge(381470,9100,(1,9223372036854775807))
Edge(381923,469959,(3,9223372036854775807))
Edge(382472,480544,(3,9223372036854775807))
Edge(383416,284339,(3,9223372036854775807))
Edge(383453,465661,(3,9223372036854775807))
Edge(383500,354217,(3,9223372036854775807))
Edge(383688,287870,(3,9223372036854775807))
Edge(383827,37128,(3,9223372036854775807))
Edge(384185,281679,(1,3))
Edge(384194,413613,(1,9223372036854775807))
Edge(384290,26768,(3,9223372036854775807))
Edge(384707,438641,(3,9223372036854775807))
Edge(384866,122683,(3,9223372036854775807))
Edge(385119,210307,(3,9223372036854775807))
Edge(385216,210823,(3,9223372036854775807))
Edge(385695,421191,(3,9223372036854775807))
Edge(385872,187139,(3,9223372036854775807))
Edge(386079,65965,(4,9223372036854775807))
Edge(386112,263258,(3,9223372036854775807))
Edge(386325,368341,(3,9223372036854775807))
Edge(387073,236390,(3,9223372036854775807))
Edge(387247,479658,(3,9223372036854775807))
Edge(387593,144908,(1,9223372036854775807))
Edge(387624,443661,(3,9223372036854775807))
Edge(388705,249108,(3,9223372036854775807))
Edge(388963,140671,(3,9223372036854775807))
Edge(389445,230637,(1,3))
Edge(390075,30293,(3,9223372036854775807))
Edge(390094,331223,(1,3))
Edge(390138,367190,(3,9223372036854775807))
Edge(390689,367563,(3,9223372036854775807))
Edge(390694,459280,(3,9223372036854775807))
Edge(390712,276030,(1,3))
Edge(391211,102943,(3,9223372036854775807))
Edge(391302,200701,(3,9223372036854775807))
Edge(391698,468909,(1,9223372036854775807))
Edge(391759,29188,(3,9223372036854775807))
Edge(391830,194134,(3,9223372036854775807))
Edge(391848,403530,(3,9223372036854775807))
Edge(392895,107438,(3,9223372036854775807))
Edge(393016,104776,(3,9223372036854775807))
Edge(393067,28548,(3,9223372036854775807))
Edge(393323,148085,(1,9223372036854775807))
Edge(393871,475598,(3,9223372036854775807))
Edge(393880,322728,(1,9223372036854775807))
Edge(394455,383458,(3,9223372036854775807))
Edge(394712,51867,(3,9223372036854775807))
Edge(394945,335653,(3,9223372036854775807))
Edge(395257,34570,(3,9223372036854775807))
Edge(395401,456155,(3,9223372036854775807))
Edge(395915,494993,(3,9223372036854775807))
Edge(396054,489375,(3,9223372036854775807))
Edge(396176,215016,(3,9223372036854775807))
Edge(396238,156364,(3,9223372036854775807))
Edge(396257,465157,(3,9223372036854775807))
Edge(396599,25103,(3,9223372036854775807))
Edge(396716,343889,(3,9223372036854775807))
Edge(396816,120291,(3,9223372036854775807))
Edge(397511,498206,(3,9223372036854775807))
Edge(397965,403691,(3,9223372036854775807))
Edge(399001,433257,(3,9223372036854775807))
Edge(399024,161836,(1,9223372036854775807))
Edge(399035,204601,(1,9223372036854775807))
Edge(399047,60382,(3,9223372036854775807))
Edge(399577,460184,(1,3))
Edge(399581,364766,(3,9223372036854775807))
Edge(400352,292452,(3,9223372036854775807))
Edge(400551,205742,(3,9223372036854775807))
Edge(400889,379886,(3,9223372036854775807))
Edge(401123,357689,(3,9223372036854775807))
Edge(401241,207445,(3,9223372036854775807))
Edge(401409,149184,(3,9223372036854775807))
Edge(401477,211159,(3,9223372036854775807))
Edge(401952,202020,(3,9223372036854775807))
Edge(402130,230539,(3,9223372036854775807))
Edge(402221,270622,(1,9223372036854775807))
Edge(403233,162610,(3,9223372036854775807))
Edge(403595,83802,(1,3))
Edge(403769,266785,(3,9223372036854775807))
Edge(404109,347742,(3,9223372036854775807))
Edge(404372,214451,(3,9223372036854775807))
Edge(405321,282351,(1,9223372036854775807))
Edge(405343,97767,(3,9223372036854775807))
Edge(405771,61954,(3,9223372036854775807))
Edge(406235,346042,(3,9223372036854775807))
Edge(406866,106894,(3,9223372036854775807))
Edge(406909,184367,(1,9223372036854775807))
Edge(407029,109554,(3,9223372036854775807))
Edge(407176,164379,(1,3))
Edge(407185,99576,(1,3))
Edge(407318,400099,(3,9223372036854775807))
Edge(407527,24642,(3,9223372036854775807))
Edge(407641,184971,(3,9223372036854775807))
Edge(408166,218195,(3,9223372036854775807))
Edge(408535,75669,(3,9223372036854775807))
Edge(408917,417894,(4,9223372036854775807))
Edge(408973,265616,(3,9223372036854775807))
Edge(409192,439882,(1,9223372036854775807))
Edge(409214,241166,(3,9223372036854775807))
Edge(409667,157394,(3,9223372036854775807))
Edge(410664,398771,(3,9223372036854775807))
Edge(410802,121847,(3,9223372036854775807))
Edge(410826,302387,(3,9223372036854775807))
Edge(410901,279297,(3,9223372036854775807))
Edge(410907,449842,(3,9223372036854775807))
Edge(411148,255905,(3,9223372036854775807))
Edge(411496,167641,(3,9223372036854775807))
Edge(411548,256829,(3,9223372036854775807))
Edge(412273,45361,(3,9223372036854775807))
Edge(412808,375770,(3,9223372036854775807))
Edge(412882,433717,(1,3))
Edge(413128,80336,(3,9223372036854775807))
Edge(413345,484190,(1,9223372036854775807))
Edge(413455,203326,(3,9223372036854775807))
Edge(414256,170375,(1,3))
Edge(414272,114512,(3,9223372036854775807))
Edge(414749,18375,(1,9223372036854775807))
Edge(414811,195773,(1,9223372036854775807))
Edge(414909,322045,(3,9223372036854775807))
Edge(415817,201309,(3,9223372036854775807))
Edge(415966,101614,(3,9223372036854775807))
Edge(415978,352450,(3,9223372036854775807))
Edge(416041,344065,(3,9223372036854775807))
Edge(416515,354196,(3,9223372036854775807))
Edge(416553,64636,(3,9223372036854775807))
Edge(417407,347013,(3,9223372036854775807))
Edge(417618,251185,(1,9223372036854775807))
Edge(417785,381390,(3,9223372036854775807))
Edge(417968,212148,(3,9223372036854775807))
Edge(417982,383536,(3,9223372036854775807))
Edge(418192,149578,(3,9223372036854775807))
Edge(418348,317121,(3,9223372036854775807))
Edge(418505,250208,(3,9223372036854775807))
Edge(418582,463234,(3,9223372036854775807))
Edge(418829,103059,(3,9223372036854775807))
Edge(419298,71964,(3,9223372036854775807))
Edge(419342,447085,(3,9223372036854775807))
Edge(419360,316478,(3,9223372036854775807))
Edge(419423,413091,(3,9223372036854775807))
Edge(419477,292708,(3,9223372036854775807))
Edge(420808,170099,(3,9223372036854775807))
Edge(420861,300751,(3,9223372036854775807))
Edge(421264,474461,(3,9223372036854775807))
Edge(421270,167541,(1,9223372036854775807))
Edge(421464,227325,(3,9223372036854775807))
Edge(421643,477402,(3,9223372036854775807))
Edge(421675,55272,(1,9223372036854775807))
Edge(422137,395829,(3,9223372036854775807))
Edge(422218,494157,(1,3))
Edge(422314,485889,(3,9223372036854775807))
Edge(422433,352979,(3,9223372036854775807))
Edge(422953,180272,(3,9223372036854775807))
Edge(423249,434952,(3,9223372036854775807))
Edge(423339,265058,(3,9223372036854775807))
Edge(423586,122870,(3,9223372036854775807))
Edge(423766,129713,(1,9223372036854775807))
Edge(423766,339124,(3,9223372036854775807))
Edge(423871,458700,(4,9223372036854775807))
Edge(424366,282166,(1,3))
Edge(424510,113910,(3,9223372036854775807))
Edge(424566,96515,(3,9223372036854775807))
Edge(424920,7988,(1,3))
Edge(425008,173450,(3,9223372036854775807))
Edge(425054,376590,(1,3))
Edge(425700,401014,(3,9223372036854775807))
Edge(426360,79007,(3,9223372036854775807))
Edge(427510,330318,(3,9223372036854775807))
Edge(427607,120640,(3,9223372036854775807))
Edge(427704,145009,(4,9223372036854775807))
Edge(427750,157717,(1,9223372036854775807))
Edge(427911,59534,(3,9223372036854775807))
Edge(428250,271379,(1,3))
Edge(429883,45542,(3,9223372036854775807))
Edge(429989,52581,(1,9223372036854775807))
Edge(430381,125619,(3,9223372036854775807))
Edge(431032,481441,(3,9223372036854775807))
Edge(431166,440364,(3,9223372036854775807))
Edge(431747,251031,(1,9223372036854775807))
Edge(431853,384899,(3,9223372036854775807))
Edge(431932,460135,(3,9223372036854775807))
Edge(432093,144232,(3,9223372036854775807))
Edge(432162,482385,(3,9223372036854775807))
Edge(432298,78515,(3,9223372036854775807))
Edge(432899,371972,(3,9223372036854775807))
Edge(433938,170523,(3,9223372036854775807))
Edge(433972,43969,(1,3))
Edge(434350,417132,(1,9223372036854775807))
Edge(434492,365065,(3,9223372036854775807))
Edge(434560,209982,(3,9223372036854775807))
Edge(434598,484635,(3,9223372036854775807))
Edge(434799,435575,(3,9223372036854775807))
Edge(434980,56676,(3,9223372036854775807))
Edge(435144,396367,(3,9223372036854775807))
Edge(435321,10588,(3,9223372036854775807))
Edge(435398,338509,(3,9223372036854775807))
Edge(435503,155165,(3,9223372036854775807))
Edge(435726,481698,(3,9223372036854775807))
Edge(436175,425372,(3,9223372036854775807))
Edge(436891,273662,(3,9223372036854775807))
Edge(436907,87401,(3,9223372036854775807))
Edge(437196,139321,(3,9223372036854775807))
Edge(437208,121641,(3,9223372036854775807))
Edge(437717,141731,(3,9223372036854775807))
Edge(437939,370080,(3,9223372036854775807))
Edge(438306,154103,(3,9223372036854775807))
Edge(438481,288819,(3,9223372036854775807))
Edge(438853,267307,(3,9223372036854775807))
Edge(438870,277200,(3,9223372036854775807))
Edge(438951,43055,(1,9223372036854775807))
Edge(438961,94725,(3,9223372036854775807))
Edge(439190,353057,(3,9223372036854775807))
Edge(439302,295452,(3,9223372036854775807))
Edge(439356,359121,(3,9223372036854775807))
Edge(439708,133781,(1,9223372036854775807))
Edge(439843,319126,(1,9223372036854775807))
Edge(440016,97405,(1,3))
Edge(440042,296358,(3,9223372036854775807))
Edge(440398,434753,(3,9223372036854775807))
Edge(440423,432729,(3,9223372036854775807))
Edge(440932,379879,(1,9223372036854775807))
Edge(442176,177457,(3,9223372036854775807))
Edge(442553,355910,(3,9223372036854775807))
Edge(442615,16407,(3,9223372036854775807))
Edge(442982,391213,(3,9223372036854775807))
Edge(443003,385685,(3,9223372036854775807))
Edge(443228,345111,(3,9223372036854775807))
Edge(443398,153643,(3,9223372036854775807))
Edge(443899,91969,(3,9223372036854775807))
Edge(443930,231499,(3,9223372036854775807))
Edge(444311,411120,(3,9223372036854775807))
Edge(444456,36987,(3,9223372036854775807))
Edge(444523,416640,(3,9223372036854775807))
Edge(444627,125642,(3,9223372036854775807))
Edge(444648,219077,(3,9223372036854775807))
Edge(444785,430672,(3,9223372036854775807))
Edge(444883,350389,(3,9223372036854775807))
Edge(445275,133297,(1,3))
Edge(445594,316434,(3,9223372036854775807))
Edge(445699,370306,(3,9223372036854775807))
Edge(445976,465285,(3,9223372036854775807))
Edge(446397,73423,(3,9223372036854775807))
Edge(446498,484449,(3,9223372036854775807))
Edge(446518,350276,(3,9223372036854775807))
Edge(446955,468727,(3,9223372036854775807))
Edge(447018,430397,(1,9223372036854775807))
Edge(447330,461645,(3,9223372036854775807))
Edge(448026,423834,(3,9223372036854775807))
Edge(448274,252264,(3,9223372036854775807))
Edge(448360,371077,(1,9223372036854775807))
Edge(448486,485041,(1,3))
Edge(448672,193664,(3,9223372036854775807))
Edge(449408,460774,(3,9223372036854775807))
Edge(449483,173701,(3,9223372036854775807))
Edge(449652,419614,(1,9223372036854775807))
Edge(449989,317818,(3,9223372036854775807))
Edge(450311,146040,(3,9223372036854775807))
Edge(451201,174638,(3,9223372036854775807))
Edge(451421,434173,(3,9223372036854775807))
Edge(451519,354670,(3,9223372036854775807))
Edge(452699,162855,(3,9223372036854775807))
Edge(452804,193762,(3,9223372036854775807))
Edge(452887,251488,(3,9223372036854775807))
Edge(452893,218024,(3,9223372036854775807))
Edge(453618,460172,(3,9223372036854775807))
Edge(453809,422252,(3,9223372036854775807))
Edge(453917,467088,(3,9223372036854775807))
Edge(453924,153700,(1,9223372036854775807))
Edge(454301,109215,(1,9223372036854775807))
Edge(454516,276548,(3,9223372036854775807))
Edge(454777,125820,(3,9223372036854775807))
Edge(455031,493544,(3,9223372036854775807))
Edge(455069,311287,(1,9223372036854775807))
Edge(455188,198107,(3,9223372036854775807))
Edge(455333,19507,(3,9223372036854775807))
Edge(455761,325733,(3,9223372036854775807))
Edge(455784,266084,(3,9223372036854775807))
Edge(456041,335553,(3,9223372036854775807))
Edge(456094,293386,(1,9223372036854775807))
Edge(456733,183305,(3,9223372036854775807))
Edge(456962,3272,(3,9223372036854775807))
Edge(457107,405645,(3,9223372036854775807))
Edge(457110,392030,(3,9223372036854775807))
Edge(457123,118772,(3,9223372036854775807))
Edge(457235,93872,(3,9223372036854775807))
Edge(457310,40844,(3,9223372036854775807))
Edge(457679,378034,(3,9223372036854775807))
Edge(457923,219127,(3,9223372036854775807))
Edge(459039,140180,(3,9223372036854775807))
Edge(459063,448030,(3,9223372036854775807))
Edge(459278,279801,(3,9223372036854775807))
Edge(459596,52666,(3,9223372036854775807))
Edge(459765,15337,(3,9223372036854775807))
Edge(460329,176503,(1,3))
Edge(460538,428056,(3,9223372036854775807))
Edge(460543,142963,(3,9223372036854775807))
Edge(460612,446407,(1,9223372036854775807))
Edge(460699,1646,(3,9223372036854775807))
Edge(460734,368040,(3,9223372036854775807))
Edge(460833,235306,(3,9223372036854775807))
Edge(461048,352252,(3,9223372036854775807))
Edge(461833,108104,(1,9223372036854775807))
Edge(461878,352015,(3,9223372036854775807))
Edge(463100,466818,(3,9223372036854775807))
Edge(463223,408260,(3,9223372036854775807))
Edge(463319,176018,(3,9223372036854775807))
Edge(463665,309720,(1,9223372036854775807))
Edge(464214,379402,(3,9223372036854775807))
Edge(464557,407535,(3,9223372036854775807))
Edge(464614,186004,(3,9223372036854775807))
Edge(464904,492157,(3,9223372036854775807))
Edge(465054,270774,(3,9223372036854775807))
Edge(465296,216894,(1,9223372036854775807))
Edge(465672,173498,(3,9223372036854775807))
Edge(465817,371529,(3,9223372036854775807))
Edge(465897,65155,(3,9223372036854775807))
Edge(465907,43771,(3,9223372036854775807))
Edge(466225,180648,(3,9223372036854775807))
Edge(466300,243646,(3,9223372036854775807))
Edge(466354,237292,(3,9223372036854775807))
Edge(466390,353028,(3,9223372036854775807))
Edge(466543,73558,(3,9223372036854775807))
Edge(467754,479252,(3,9223372036854775807))
Edge(467795,80847,(3,9223372036854775807))
Edge(468067,410662,(3,9223372036854775807))
Edge(468280,181065,(3,9223372036854775807))
Edge(468506,58645,(3,9223372036854775807))
Edge(469405,213982,(3,9223372036854775807))
Edge(469413,434996,(1,3))
Edge(469651,366967,(3,9223372036854775807))
Edge(469688,230901,(3,9223372036854775807))
Edge(469711,370836,(3,9223372036854775807))
Edge(469796,321777,(3,9223372036854775807))
Edge(469877,154845,(3,9223372036854775807))
Edge(469931,216289,(1,3))
Edge(470019,89962,(3,9223372036854775807))
Edge(470306,174478,(3,9223372036854775807))
Edge(470425,141807,(3,9223372036854775807))
Edge(470648,151768,(3,9223372036854775807))
Edge(470691,230480,(3,9223372036854775807))
Edge(471042,100705,(3,9223372036854775807))
Edge(471237,477208,(3,9223372036854775807))
Edge(471326,271847,(3,9223372036854775807))
Edge(471399,191744,(3,9223372036854775807))
Edge(471842,163232,(3,9223372036854775807))
Edge(472090,296330,(3,9223372036854775807))
Edge(472303,163283,(3,9223372036854775807))
Edge(472719,315546,(3,9223372036854775807))
Edge(473155,343011,(1,9223372036854775807))
Edge(473406,35856,(3,9223372036854775807))
Edge(473451,380891,(3,9223372036854775807))
Edge(474054,159268,(3,9223372036854775807))
Edge(474421,445504,(3,9223372036854775807))
Edge(474525,395421,(3,9223372036854775807))
Edge(474758,417349,(3,9223372036854775807))
Edge(474869,478488,(1,3))
Edge(474892,267569,(3,9223372036854775807))
Edge(475277,393728,(3,9223372036854775807))
Edge(475544,220366,(3,9223372036854775807))
Edge(475832,303391,(3,9223372036854775807))
Edge(476096,55700,(3,9223372036854775807))
Edge(476424,439284,(1,9223372036854775807))
Edge(477111,13097,(3,9223372036854775807))
Edge(477118,306186,(3,9223372036854775807))
Edge(477329,286684,(1,9223372036854775807))
Edge(477643,40758,(3,9223372036854775807))
Edge(477678,293769,(3,9223372036854775807))
Edge(477693,257638,(1,3))
Edge(477860,259645,(1,3))
Edge(477863,350878,(1,9223372036854775807))
Edge(477937,422434,(3,9223372036854775807))
Edge(478069,260656,(3,9223372036854775807))
Edge(478288,499475,(1,9223372036854775807))
Edge(478520,356708,(3,9223372036854775807))
Edge(478573,482860,(1,3))
Edge(478840,353552,(1,3))
Edge(478922,136056,(3,9223372036854775807))
Edge(478950,439936,(3,9223372036854775807))
Edge(478956,193927,(3,9223372036854775807))
Edge(479439,7979,(3,9223372036854775807))
Edge(479490,387902,(1,9223372036854775807))
Edge(479840,226173,(3,9223372036854775807))
Edge(480032,295377,(3,9223372036854775807))
Edge(480047,232835,(3,9223372036854775807))
Edge(480125,375983,(1,9223372036854775807))
Edge(480368,11113,(3,9223372036854775807))
Edge(480905,371642,(3,9223372036854775807))
Edge(481502,194825,(3,9223372036854775807))
Edge(481717,159570,(1,3))
Edge(482000,333091,(3,9223372036854775807))
Edge(482586,18453,(3,9223372036854775807))
Edge(482824,471335,(1,9223372036854775807))
Edge(483142,322577,(3,9223372036854775807))
Edge(483464,392248,(1,3))
Edge(483630,272278,(3,9223372036854775807))
Edge(483685,269821,(1,3))
Edge(483925,228418,(3,9223372036854775807))
Edge(484413,35809,(3,9223372036854775807))
Edge(485114,231108,(1,9223372036854775807))
Edge(485143,439118,(1,9223372036854775807))
Edge(485821,116301,(1,9223372036854775807))
Edge(485838,140546,(3,9223372036854775807))
Edge(485867,389649,(1,9223372036854775807))
Edge(486134,237490,(3,9223372036854775807))
Edge(486415,494659,(3,9223372036854775807))
Edge(486504,480238,(1,3))
Edge(486988,237557,(3,9223372036854775807))
Edge(487463,368819,(3,9223372036854775807))
Edge(487622,247310,(3,9223372036854775807))
Edge(487637,125071,(3,9223372036854775807))
Edge(488413,460024,(3,9223372036854775807))
Edge(488496,377595,(1,3))
Edge(488586,426323,(3,9223372036854775807))
Edge(488915,255224,(3,9223372036854775807))
Edge(490289,410855,(3,9223372036854775807))
Edge(490409,436573,(3,9223372036854775807))
Edge(490455,81438,(3,9223372036854775807))
Edge(490579,12626,(3,9223372036854775807))
Edge(490698,267084,(3,9223372036854775807))
Edge(491302,91616,(3,9223372036854775807))
Edge(491440,193066,(3,9223372036854775807))
Edge(491593,167585,(3,9223372036854775807))
Edge(491594,451076,(3,9223372036854775807))
Edge(491912,292194,(3,9223372036854775807))
Edge(492132,206782,(3,9223372036854775807))
Edge(492149,8793,(3,9223372036854775807))
Edge(492683,390588,(1,9223372036854775807))
Edge(493571,344162,(3,9223372036854775807))
Edge(493716,348137,(3,9223372036854775807))
Edge(493729,346873,(3,9223372036854775807))
Edge(494092,395825,(1,3))
Edge(494100,246491,(1,9223372036854775807))
Edge(494112,256212,(3,9223372036854775807))
Edge(494323,113344,(1,9223372036854775807))
Edge(494476,452516,(3,9223372036854775807))
Edge(495221,188714,(3,9223372036854775807))
Edge(495231,485517,(3,9223372036854775807))
Edge(495531,115808,(1,9223372036854775807))
Edge(495543,425799,(1,3))
Edge(495629,187574,(3,9223372036854775807))
Edge(496214,452753,(3,9223372036854775807))
Edge(496439,373248,(1,3))
Edge(496847,258377,(3,9223372036854775807))
Edge(496940,82533,(1,9223372036854775807))
Edge(496949,336838,(3,9223372036854775807))
Edge(497884,138063,(1,9223372036854775807))
Edge(498209,78346,(3,9223372036854775807))
Edge(498570,477249,(3,9223372036854775807))
Edge(498764,333347,(3,9223372036854775807))
Edge(498859,356175,(3,9223372036854775807))
Edge(499324,147760,(3,9223372036854775807))
Edge(499772,398596,(1,9223372036854775807))
