Edge(22,446704,(1,9223372036854775807))
Edge(69,170155,(3,9223372036854775807))
Edge(125,185267,(3,9223372036854775807))
Edge(312,475153,(3,9223372036854775807))
Edge(1058,348458,(1,3))
Edge(1540,457625,(3,9223372036854775807))
Edge(1982,112236,(3,9223372036854775807))
Edge(2340,28805,(3,9223372036854775807))
Edge(2502,133411,(3,9223372036854775807))
Edge(2640,309601,(3,9223372036854775807))
Edge(2672,84438,(3,9223372036854775807))
Edge(2978,36668,(3,9223372036854775807))
Edge(3209,163738,(1,9223372036854775807))
Edge(3358,293683,(3,9223372036854775807))
Edge(3706,191655,(3,9223372036854775807))
Edge(4109,11445,(3,9223372036854775807))
Edge(4206,399218,(3,9223372036854775807))
Edge(4370,129087,(3,9223372036854775807))
Edge(4570,446487,(3,9223372036854775807))
Edge(4987,35609,(1,9223372036854775807))
Edge(5196,432835,(3,9223372036854775807))
Edge(5792,336213,(3,9223372036854775807))
Edge(5856,39422,(1,3))
Edge(6109,304342,(3,9223372036854775807))
Edge(6159,106645,(3,9223372036854775807))
Edge(6245,247520,(1,9223372036854775807))
Edge(6309,377647,(1,9223372036854775807))
Edge(6716,114524,(1,9223372036854775807))
Edge(7235,380581,(1,3))
Edge(7609,7496,(1,9223372036854775807))
Edge(8386,103685,(3,9223372036854775807))
Edge(8420,224188,(3,9223372036854775807))
Edge(8513,98419,(1,9223372036854775807))
Edge(8561,332562,(3,9223372036854775807))
Edge(8813,398437,(3,9223372036854775807))
Edge(9189,372522,(3,9223372036854775807))
Edge(9427,481445,(1,3))
Edge(9438,78891,(3,9223372036854775807))
Edge(9464,452236,(3,9223372036854775807))
Edge(9564,270466,(3,9223372036854775807))
Edge(9585,131873,(3,9223372036854775807))
Edge(9937,495531,(1,3))
Edge(10119,453590,(3,9223372036854775807))
Edge(10213,77329,(3,9223372036854775807))
Edge(10603,396191,(1,9223372036854775807))
Edge(10746,13884,(3,9223372036854775807))
Edge(10876,362983,(3,9223372036854775807))
Edge(11326,369766,(1,9223372036854775807))
Edge(11366,452288,(1,9223372036854775807))
Edge(11421,246296,(3,9223372036854775807))
Edge(11840,125612,(3,9223372036854775807))
Edge(11924,465303,(3,9223372036854775807))
Edge(12214,191769,(3,9223372036854775807))
Edge(12493,291768,(3,9223372036854775807))
Edge(12699,487103,(1,9223372036854775807))
Edge(12728,380423,(3,9223372036854775807))
Edge(12871,322303,(3,9223372036854775807))
Edge(13240,7206,(3,9223372036854775807))
Edge(13803,390304,(1,9223372036854775807))
Edge(14025,274984,(1,3))
Edge(14066,47990,(3,9223372036854775807))
Edge(14412,498213,(3,9223372036854775807))
Edge(14589,213393,(3,9223372036854775807))
Edge(14789,427343,(3,9223372036854775807))
Edge(15096,129752,(3,9223372036854775807))
Edge(15223,442727,(3,9223372036854775807))
Edge(15401,460426,(3,9223372036854775807))
Edge(15453,421287,(3,9223372036854775807))
Edge(15479,410164,(3,9223372036854775807))
Edge(15664,35473,(1,9223372036854775807))
Edge(15774,156445,(3,9223372036854775807))
Edge(15960,418900,(3,9223372036854775807))
Edge(16457,253359,(3,9223372036854775807))
Edge(17258,162158,(3,9223372036854775807))
Edge(17501,105094,(3,9223372036854775807))
Edge(18008,131884,(3,9223372036854775807))
Edge(18358,167013,(3,9223372036854775807))
Edge(18555,489419,(3,9223372036854775807))
Edge(18578,454292,(3,9223372036854775807))
Edge(18896,366765,(3,9223372036854775807))
Edge(18989,76138,(3,9223372036854775807))
Edge(19706,477898,(3,9223372036854775807))
Edge(19893,234655,(1,3))
Edge(20668,396939,(3,9223372036854775807))
Edge(21033,497476,(3,9223372036854775807))
Edge(21098,447800,(3,9223372036854775807))
Edge(21535,421659,(3,9223372036854775807))
Edge(21549,475916,(3,9223372036854775807))
Edge(21718,208974,(3,9223372036854775807))
Edge(22013,439826,(3,9223372036854775807))
Edge(22337,114846,(3,9223372036854775807))
Edge(22418,280464,(1,3))
Edge(22817,296862,(3,9223372036854775807))
Edge(23406,106040,(3,9223372036854775807))
Edge(23544,44367,(3,9223372036854775807))
Edge(23643,429509,(3,9223372036854775807))
Edge(23899,11625,(3,9223372036854775807))
Edge(23931,215748,(3,9223372036854775807))
Edge(24008,209295,(3,9223372036854775807))
Edge(24058,171893,(1,3))
Edge(24278,401353,(3,9223372036854775807))
Edge(24547,75399,(3,9223372036854775807))
Edge(24754,60783,(3,9223372036854775807))
Edge(24825,405810,(1,3))
Edge(25166,444142,(1,9223372036854775807))
Edge(25522,293976,(3,9223372036854775807))
Edge(26080,85543,(3,9223372036854775807))
Edge(26127,88810,(3,9223372036854775807))
Edge(26380,395692,(3,9223372036854775807))
Edge(26676,287286,(3,9223372036854775807))
Edge(27146,307121,(3,9223372036854775807))
Edge(27414,116633,(3,9223372036854775807))
Edge(27815,79784,(3,9223372036854775807))
Edge(27880,21001,(3,9223372036854775807))
Edge(28341,51254,(3,9223372036854775807))
Edge(28355,135459,(3,9223372036854775807))
Edge(28419,307354,(3,9223372036854775807))
Edge(28641,19441,(3,9223372036854775807))
Edge(29346,187526,(1,9223372036854775807))
Edge(29997,249135,(1,3))
Edge(30065,483217,(3,9223372036854775807))
Edge(30141,432354,(3,9223372036854775807))
Edge(30207,100388,(3,9223372036854775807))
Edge(30273,476136,(3,9223372036854775807))
Edge(30563,139437,(3,9223372036854775807))
Edge(31015,110879,(3,9223372036854775807))
Edge(31246,77544,(3,9223372036854775807))
Edge(31799,173265,(3,9223372036854775807))
Edge(31914,283956,(3,9223372036854775807))
Edge(32349,487634,(3,9223372036854775807))
Edge(32468,93119,(3,9223372036854775807))
Edge(33289,472188,(3,9223372036854775807))
Edge(33360,121232,(3,9223372036854775807))
Edge(33388,495143,(3,9223372036854775807))
Edge(33604,429681,(3,9223372036854775807))
Edge(33751,250885,(1,3))
Edge(33860,87050,(3,9223372036854775807))
Edge(34101,153804,(3,9223372036854775807))
Edge(34194,248233,(3,9223372036854775807))
Edge(34440,424696,(3,9223372036854775807))
Edge(34866,54986,(3,9223372036854775807))
Edge(35024,336719,(1,9223372036854775807))
Edge(35116,116446,(3,9223372036854775807))
Edge(35552,305450,(1,3))
Edge(35615,182324,(1,9223372036854775807))
Edge(35692,283324,(3,9223372036854775807))
Edge(35750,251227,(3,9223372036854775807))
Edge(36179,36244,(3,9223372036854775807))
Edge(36511,315046,(3,9223372036854775807))
Edge(36547,160925,(3,9223372036854775807))
Edge(36776,426655,(1,9223372036854775807))
Edge(37265,384639,(3,9223372036854775807))
Edge(37513,139231,(3,9223372036854775807))
Edge(37711,497864,(3,9223372036854775807))
Edge(37793,49126,(3,9223372036854775807))
Edge(37995,384128,(1,3))
Edge(38113,420129,(3,9223372036854775807))
Edge(38455,110888,(3,9223372036854775807))
Edge(39085,262180,(1,3))
Edge(39267,439261,(3,9223372036854775807))
Edge(39290,289587,(1,9223372036854775807))
Edge(39584,188905,(3,9223372036854775807))
Edge(39947,333955,(3,9223372036854775807))
Edge(40042,472196,(3,9223372036854775807))
Edge(40048,266820,(1,9223372036854775807))
Edge(40103,387613,(3,9223372036854775807))
Edge(40275,195087,(3,9223372036854775807))
Edge(40485,199315,(1,9223372036854775807))
Edge(40663,129407,(3,9223372036854775807))
Edge(41362,444566,(1,9223372036854775807))
Edge(41472,51695,(1,9223372036854775807))
Edge(41798,180948,(1,3))
Edge(41913,36124,(3,9223372036854775807))
Edge(42131,128441,(3,9223372036854775807))
Edge(42715,429709,(1,9223372036854775807))
Edge(43074,166719,(1,9223372036854775807))
Edge(43120,55873,(3,9223372036854775807))
Edge(43292,422559,(3,9223372036854775807))
Edge(43679,455214,(3,9223372036854775807))
Edge(44274,47954,(3,9223372036854775807))
Edge(44323,179282,(1,9223372036854775807))
Edge(44486,168645,(3,9223372036854775807))
Edge(45064,160085,(3,9223372036854775807))
Edge(45098,368689,(3,9223372036854775807))
Edge(45195,240863,(3,9223372036854775807))
Edge(45263,343699,(3,9223372036854775807))
Edge(46107,347835,(1,9223372036854775807))
Edge(46189,89636,(3,9223372036854775807))
Edge(46402,205902,(3,9223372036854775807))
Edge(47103,309812,(3,9223372036854775807))
Edge(47524,459444,(3,9223372036854775807))
Edge(47569,210909,(1,9223372036854775807))
Edge(47769,19736,(3,9223372036854775807))
Edge(47826,231124,(3,9223372036854775807))
Edge(48005,432205,(3,9223372036854775807))
Edge(48266,43426,(3,9223372036854775807))
Edge(48914,321671,(3,9223372036854775807))
Edge(48937,336931,(3,9223372036854775807))
Edge(49669,326044,(3,9223372036854775807))
Edge(49682,456631,(3,9223372036854775807))
Edge(49919,428280,(1,9223372036854775807))
Edge(49986,114174,(3,9223372036854775807))
Edge(50132,7667,(3,9223372036854775807))
Edge(50188,298306,(3,9223372036854775807))
Edge(50343,465391,(1,9223372036854775807))
Edge(51034,140372,(3,9223372036854775807))
Edge(51159,221582,(1,9223372036854775807))
Edge(51486,418086,(3,9223372036854775807))
Edge(51505,409304,(3,9223372036854775807))
Edge(51602,251192,(3,9223372036854775807))
Edge(51852,1418,(3,9223372036854775807))
Edge(52106,52457,(3,9223372036854775807))
Edge(52626,177365,(1,3))
Edge(53274,415104,(3,9223372036854775807))
Edge(53521,312744,(3,9223372036854775807))
Edge(53569,136057,(3,9223372036854775807))
Edge(53593,31571,(3,9223372036854775807))
Edge(54071,434504,(1,9223372036854775807))
Edge(54132,317208,(3,9223372036854775807))
Edge(54881,53897,(3,9223372036854775807))
Edge(54970,149769,(3,9223372036854775807))
Edge(55180,273030,(3,9223372036854775807))
Edge(55201,214701,(3,9223372036854775807))
Edge(55211,381471,(1,9223372036854775807))
Edge(55821,475606,(3,9223372036854775807))
Edge(56078,446538,(3,9223372036854775807))
Edge(56173,340960,(3,9223372036854775807))
Edge(56190,463765,(3,9223372036854775807))
Edge(56364,443905,(1,9223372036854775807))
Edge(56380,192250,(3,9223372036854775807))
Edge(56521,478699,(3,9223372036854775807))
Edge(56784,413044,(3,9223372036854775807))
Edge(56818,299637,(1,9223372036854775807))
Edge(58190,41212,(3,9223372036854775807))
Edge(58197,328791,(3,9223372036854775807))
Edge(58262,370061,(3,9223372036854775807))
Edge(58575,385129,(3,9223372036854775807))
Edge(58732,425855,(3,9223372036854775807))
Edge(59228,190938,(1,3))
Edge(59383,364265,(3,9223372036854775807))
Edge(59434,458896,(3,9223372036854775807))
Edge(59585,177939,(3,9223372036854775807))
Edge(59805,379479,(3,9223372036854775807))
Edge(60158,443376,(3,9223372036854775807))
Edge(60171,118866,(1,9223372036854775807))
Edge(60675,416742,(3,9223372036854775807))
Edge(60815,84056,(3,9223372036854775807))
Edge(61298,408545,(3,9223372036854775807))
Edge(61321,170953,(1,9223372036854775807))
Edge(61480,172212,(1,3))
Edge(61593,339972,(3,9223372036854775807))
Edge(61648,151403,(3,9223372036854775807))
Edge(61984,398918,(3,9223372036854775807))
Edge(63321,221543,(3,9223372036854775807))
Edge(63422,86246,(3,9223372036854775807))
Edge(63665,422347,(3,9223372036854775807))
Edge(63671,267691,(3,9223372036854775807))
Edge(63672,171177,(3,9223372036854775807))
Edge(64238,13392,(1,9223372036854775807))
Edge(64378,436469,(3,9223372036854775807))
Edge(64420,441263,(3,9223372036854775807))
Edge(64915,324973,(3,9223372036854775807))
Edge(65452,15257,(3,9223372036854775807))
Edge(65715,80775,(3,9223372036854775807))
Edge(66422,72561,(3,9223372036854775807))
Edge(66798,233141,(3,9223372036854775807))
Edge(66799,421607,(1,9223372036854775807))
Edge(67057,382069,(3,9223372036854775807))
Edge(67791,67302,(3,9223372036854775807))
Edge(67839,479449,(3,9223372036854775807))
Edge(67999,192927,(3,9223372036854775807))
Edge(68695,425697,(1,3))
Edge(68756,492034,(3,9223372036854775807))
Edge(68938,458333,(3,9223372036854775807))
Edge(68993,43897,(3,9223372036854775807))
Edge(69082,170513,(1,9223372036854775807))
Edge(69209,458575,(3,9223372036854775807))
Edge(69492,211364,(1,9223372036854775807))
Edge(69656,361259,(3,9223372036854775807))
Edge(69732,82098,(3,9223372036854775807))
Edge(70115,382864,(1,9223372036854775807))
Edge(70138,419949,(1,3))
Edge(70196,145040,(3,9223372036854775807))
Edge(70341,318669,(3,9223372036854775807))
Edge(70553,231200,(1,3))
Edge(70562,426910,(3,9223372036854775807))
Edge(70768,409560,(3,9223372036854775807))
Edge(70922,35639,(3,9223372036854775807))
Edge(70942,495860,(3,9223372036854775807))
Edge(71066,30403,(3,9223372036854775807))
Edge(71351,5869,(3,9223372036854775807))
Edge(71994,166688,(3,9223372036854775807))
Edge(72278,360170,(3,9223372036854775807))
Edge(72362,153142,(3,9223372036854775807))
Edge(72370,924,(3,9223372036854775807))
Edge(72717,265968,(3,9223372036854775807))
Edge(72942,229535,(3,9223372036854775807))
Edge(73882,185194,(3,9223372036854775807))
Edge(74007,367946,(3,9223372036854775807))
Edge(74371,362058,(3,9223372036854775807))
Edge(74710,351662,(3,9223372036854775807))
Edge(75130,47339,(3,9223372036854775807))
Edge(75631,67299,(3,9223372036854775807))
Edge(75888,452540,(3,9223372036854775807))
Edge(76756,172918,(1,9223372036854775807))
Edge(76920,483977,(3,9223372036854775807))
Edge(77682,58761,(3,9223372036854775807))
Edge(78016,118315,(3,9223372036854775807))
Edge(78498,65602,(1,9223372036854775807))
Edge(78543,132210,(3,9223372036854775807))
Edge(78907,217013,(3,9223372036854775807))
Edge(79173,336683,(3,9223372036854775807))
Edge(79358,329336,(3,9223372036854775807))
Edge(79923,345227,(3,9223372036854775807))
Edge(80026,26620,(3,9223372036854775807))
Edge(80101,67281,(3,9223372036854775807))
Edge(80213,106879,(1,9223372036854775807))
Edge(80319,49192,(3,9223372036854775807))
Edge(80533,133403,(3,9223372036854775807))
Edge(81092,310678,(3,9223372036854775807))
Edge(81344,138575,(3,9223372036854775807))
Edge(81678,492690,(3,9223372036854775807))
Edge(82138,471602,(3,9223372036854775807))
Edge(82187,436437,(3,9223372036854775807))
Edge(83029,490398,(3,9223372036854775807))
Edge(83129,298683,(1,9223372036854775807))
Edge(83222,238216,(3,9223372036854775807))
Edge(83255,377700,(3,9223372036854775807))
Edge(83546,495729,(1,9223372036854775807))
Edge(83896,89245,(3,9223372036854775807))
Edge(84541,7331,(3,9223372036854775807))
Edge(84929,368078,(3,9223372036854775807))
Edge(85127,130634,(3,9223372036854775807))
Edge(85426,23329,(3,9223372036854775807))
Edge(86045,115193,(3,9223372036854775807))
Edge(86075,33922,(3,9223372036854775807))
Edge(86400,197702,(1,3))
Edge(86691,9206,(1,9223372036854775807))
Edge(86833,5966,(3,9223372036854775807))
Edge(86940,332489,(3,9223372036854775807))
Edge(87589,416139,(3,9223372036854775807))
Edge(87851,479785,(3,9223372036854775807))
Edge(88048,48756,(3,9223372036854775807))
Edge(88094,184685,(3,9223372036854775807))
Edge(88748,69624,(3,9223372036854775807))
Edge(89290,354826,(3,9223372036854775807))
Edge(89371,88767,(1,9223372036854775807))
Edge(89428,74190,(3,9223372036854775807))
Edge(89614,11264,(4,9223372036854775807))
Edge(89921,339629,(3,9223372036854775807))
Edge(89957,109267,(1,9223372036854775807))
Edge(90040,365331,(1,3))
Edge(90055,20028,(3,9223372036854775807))
Edge(90180,110675,(3,9223372036854775807))
Edge(90325,427226,(3,9223372036854775807))
Edge(90602,448827,(3,9223372036854775807))
Edge(90662,235396,(3,9223372036854775807))
Edge(90681,402530,(1,9223372036854775807))
Edge(90836,138259,(3,9223372036854775807))
Edge(90838,32262,(3,9223372036854775807))
Edge(91118,395502,(3,9223372036854775807))
Edge(91963,339579,(1,9223372036854775807))
Edge(92133,175990,(3,9223372036854775807))
Edge(92422,354010,(3,9223372036854775807))
Edge(92621,344993,(3,9223372036854775807))
Edge(92761,281352,(1,3))
Edge(92917,496328,(3,9223372036854775807))
Edge(93253,45983,(3,9223372036854775807))
Edge(93285,46392,(1,3))
Edge(94204,111552,(3,9223372036854775807))
Edge(94216,38428,(3,9223372036854775807))
Edge(94799,378650,(3,9223372036854775807))
Edge(95468,218484,(3,9223372036854775807))
Edge(95705,429040,(1,9223372036854775807))
Edge(95760,480658,(3,9223372036854775807))
Edge(95904,187817,(3,9223372036854775807))
Edge(96220,412438,(3,9223372036854775807))
Edge(96398,160197,(3,9223372036854775807))
Edge(96409,465552,(3,9223372036854775807))
Edge(96454,272871,(3,9223372036854775807))
Edge(96491,310350,(3,9223372036854775807))
Edge(96634,407989,(3,9223372036854775807))
Edge(96842,464485,(3,9223372036854775807))
Edge(96881,474108,(3,9223372036854775807))
Edge(97120,36167,(3,9223372036854775807))
Edge(97462,99080,(1,9223372036854775807))
Edge(98241,363567,(1,9223372036854775807))
Edge(98254,20326,(3,9223372036854775807))
Edge(98520,469397,(3,9223372036854775807))
Edge(98796,196902,(3,9223372036854775807))
Edge(98938,113010,(3,9223372036854775807))
Edge(99417,33946,(1,9223372036854775807))
Edge(99887,43730,(3,9223372036854775807))
Edge(100046,59033,(3,9223372036854775807))
Edge(100532,346545,(1,9223372036854775807))
Edge(100622,82330,(3,9223372036854775807))
Edge(100699,330200,(3,9223372036854775807))
Edge(101112,118241,(3,9223372036854775807))
Edge(101877,37485,(3,9223372036854775807))
Edge(102080,275569,(3,9223372036854775807))
Edge(102419,195733,(3,9223372036854775807))
Edge(103063,229905,(3,9223372036854775807))
Edge(103157,145136,(3,9223372036854775807))
Edge(103400,223605,(3,9223372036854775807))
Edge(103428,15005,(3,9223372036854775807))
Edge(103471,201036,(3,9223372036854775807))
Edge(103900,400350,(1,9223372036854775807))
Edge(104027,430467,(3,9223372036854775807))
Edge(104132,112192,(3,9223372036854775807))
Edge(104314,205239,(3,9223372036854775807))
Edge(104365,323851,(3,9223372036854775807))
Edge(104833,416277,(3,9223372036854775807))
Edge(105182,51627,(3,9223372036854775807))
Edge(105494,475414,(3,9223372036854775807))
Edge(105636,236874,(3,9223372036854775807))
Edge(105664,31504,(3,9223372036854775807))
Edge(106219,201478,(3,9223372036854775807))
Edge(106275,139960,(3,9223372036854775807))
Edge(106307,108629,(3,9223372036854775807))
Edge(106380,251113,(3,9223372036854775807))
Edge(106549,220980,(3,9223372036854775807))
Edge(106752,368763,(1,9223372036854775807))
Edge(107041,73813,(3,9223372036854775807))
Edge(107380,211288,(1,9223372036854775807))
Edge(107524,290481,(3,9223372036854775807))
Edge(107828,9416,(1,9223372036854775807))
Edge(107830,479684,(3,9223372036854775807))
Edge(108031,21637,(3,9223372036854775807))
Edge(108085,308275,(3,9223372036854775807))
Edge(108479,264341,(3,9223372036854775807))
Edge(108583,69721,(3,9223372036854775807))
Edge(108593,421736,(3,9223372036854775807))
Edge(108651,128742,(3,9223372036854775807))
Edge(108933,306326,(3,9223372036854775807))
Edge(109150,315472,(3,9223372036854775807))
Edge(109431,131609,(3,9223372036854775807))
Edge(109646,487352,(1,3))
Edge(109698,424184,(3,9223372036854775807))
Edge(109768,458325,(3,9223372036854775807))
Edge(110036,178422,(3,9223372036854775807))
Edge(111289,266753,(3,9223372036854775807))
Edge(111535,411432,(3,9223372036854775807))
Edge(111676,232351,(3,9223372036854775807))
Edge(112383,261520,(3,9223372036854775807))
Edge(112744,53022,(1,9223372036854775807))
Edge(112979,344165,(3,9223372036854775807))
Edge(113236,55791,(3,9223372036854775807))
Edge(113367,109528,(1,9223372036854775807))
Edge(113395,450133,(3,9223372036854775807))
Edge(113410,441739,(1,9223372036854775807))
Edge(113867,355090,(3,9223372036854775807))
Edge(113924,490646,(3,9223372036854775807))
Edge(114475,184702,(3,9223372036854775807))
Edge(114620,39120,(3,9223372036854775807))
Edge(114896,55588,(3,9223372036854775807))
Edge(115310,255226,(3,9223372036854775807))
Edge(115413,358540,(3,9223372036854775807))
Edge(115550,152469,(3,9223372036854775807))
Edge(115705,155613,(3,9223372036854775807))
Edge(115883,194020,(1,9223372036854775807))
Edge(116256,415992,(3,9223372036854775807))
Edge(116422,18187,(3,9223372036854775807))
Edge(116760,287536,(3,9223372036854775807))
Edge(116877,410869,(3,9223372036854775807))
Edge(116885,231475,(3,9223372036854775807))
Edge(116905,375527,(3,9223372036854775807))
Edge(117763,44691,(3,9223372036854775807))
Edge(118053,486658,(1,3))
Edge(118336,81736,(3,9223372036854775807))
Edge(119129,384376,(3,9223372036854775807))
Edge(119194,91351,(3,9223372036854775807))
Edge(119400,469213,(1,9223372036854775807))
Edge(119671,212135,(3,9223372036854775807))
Edge(120300,296684,(3,9223372036854775807))
Edge(120373,193461,(3,9223372036854775807))
Edge(120648,454944,(3,9223372036854775807))
Edge(120657,179172,(3,9223372036854775807))
Edge(120893,251269,(1,9223372036854775807))
Edge(121025,397376,(3,9223372036854775807))
Edge(121162,289831,(3,9223372036854775807))
Edge(121286,101652,(3,9223372036854775807))
Edge(121543,77167,(3,9223372036854775807))
Edge(121673,70125,(3,9223372036854775807))
Edge(121687,468650,(3,9223372036854775807))
Edge(121717,81434,(3,9223372036854775807))
Edge(121801,308743,(1,9223372036854775807))
Edge(121832,446678,(1,3))
Edge(122105,136673,(1,9223372036854775807))
Edge(122405,275243,(3,9223372036854775807))
Edge(122599,416157,(3,9223372036854775807))
Edge(122816,265464,(3,9223372036854775807))
Edge(123812,108228,(3,9223372036854775807))
Edge(124085,432250,(3,9223372036854775807))
Edge(124218,357185,(3,9223372036854775807))
Edge(124649,295114,(1,9223372036854775807))
Edge(124763,358448,(3,9223372036854775807))
Edge(124854,325568,(3,9223372036854775807))
Edge(124903,270412,(1,9223372036854775807))
Edge(124912,308439,(1,9223372036854775807))
Edge(125924,388362,(3,9223372036854775807))
Edge(126288,45569,(3,9223372036854775807))
Edge(126446,346361,(3,9223372036854775807))
Edge(126539,52743,(3,9223372036854775807))
Edge(126715,445930,(1,9223372036854775807))
Edge(126904,239843,(3,9223372036854775807))
Edge(126928,40921,(3,9223372036854775807))
Edge(127347,3458,(3,9223372036854775807))
Edge(127440,339355,(1,3))
Edge(128125,497569,(3,9223372036854775807))
Edge(128164,463995,(3,9223372036854775807))
Edge(128411,277872,(3,9223372036854775807))
Edge(128878,84288,(1,9223372036854775807))
Edge(129573,257812,(3,9223372036854775807))
Edge(129916,64509,(3,9223372036854775807))
Edge(130808,187108,(1,9223372036854775807))
Edge(130858,195392,(3,9223372036854775807))
Edge(132060,487511,(3,9223372036854775807))
Edge(132268,91082,(1,9223372036854775807))
Edge(133325,409988,(1,3))
Edge(133430,404011,(3,9223372036854775807))
Edge(133573,156576,(3,9223372036854775807))
Edge(133847,291619,(3,9223372036854775807))
Edge(134085,76283,(3,9223372036854775807))
Edge(134241,55097,(3,9223372036854775807))
Edge(134287,422653,(3,9223372036854775807))
Edge(134522,341874,(3,9223372036854775807))
Edge(135198,177398,(3,9223372036854775807))
Edge(135304,410352,(3,9223372036854775807))
Edge(135321,243443,(3,9223372036854775807))
Edge(135443,155476,(3,9223372036854775807))
Edge(136334,250215,(3,9223372036854775807))
Edge(137041,131429,(3,9223372036854775807))
Edge(137443,178532,(3,9223372036854775807))
Edge(137887,297087,(3,9223372036854775807))
Edge(138015,380780,(3,9223372036854775807))
Edge(138061,407129,(3,9223372036854775807))
Edge(138234,215673,(3,9223372036854775807))
Edge(139034,421235,(3,9223372036854775807))
Edge(139267,101554,(3,9223372036854775807))
Edge(139770,7716,(3,9223372036854775807))
Edge(140846,469343,(3,9223372036854775807))
Edge(140999,256147,(3,9223372036854775807))
Edge(141128,449696,(3,9223372036854775807))
Edge(141505,127913,(3,9223372036854775807))
Edge(141723,492271,(3,9223372036854775807))
Edge(142190,426758,(3,9223372036854775807))
Edge(142404,31335,(3,9223372036854775807))
Edge(142517,438537,(3,9223372036854775807))
Edge(142777,478826,(1,3))
Edge(142831,379346,(3,9223372036854775807))
Edge(142983,433126,(3,9223372036854775807))
Edge(143414,497337,(3,9223372036854775807))
Edge(144149,157086,(1,9223372036854775807))
Edge(144157,282707,(3,9223372036854775807))
Edge(144505,156636,(3,9223372036854775807))
Edge(144689,268314,(3,9223372036854775807))
Edge(144722,150431,(3,9223372036854775807))
Edge(144855,170780,(3,9223372036854775807))
Edge(145702,460208,(1,3))
Edge(145804,468523,(1,9223372036854775807))
Edge(146177,11517,(3,9223372036854775807))
Edge(146360,299102,(3,9223372036854775807))
Edge(146474,63109,(3,9223372036854775807))
Edge(146840,228719,(3,9223372036854775807))
Edge(147147,375621,(1,9223372036854775807))
Edge(147189,207436,(3,9223372036854775807))
Edge(147319,468412,(3,9223372036854775807))
Edge(147413,3520,(3,9223372036854775807))
Edge(147798,457177,(3,9223372036854775807))
Edge(147927,472770,(3,9223372036854775807))
Edge(148022,498987,(3,9223372036854775807))
Edge(148369,163044,(3,9223372036854775807))
Edge(148785,139224,(3,9223372036854775807))
Edge(148815,240359,(3,9223372036854775807))
Edge(148855,310203,(3,9223372036854775807))
Edge(148943,260087,(1,9223372036854775807))
Edge(148996,472261,(3,9223372036854775807))
Edge(149171,489151,(1,9223372036854775807))
Edge(149325,387360,(3,9223372036854775807))
Edge(149602,455197,(3,9223372036854775807))
Edge(149772,35438,(3,9223372036854775807))
Edge(150031,132757,(1,9223372036854775807))
Edge(150852,465376,(3,9223372036854775807))
Edge(150975,21843,(1,9223372036854775807))
Edge(151413,366191,(3,9223372036854775807))
Edge(151481,241617,(1,3))
Edge(151576,350312,(3,9223372036854775807))
Edge(151662,288837,(1,3))
Edge(151730,283686,(3,9223372036854775807))
Edge(151731,358259,(3,9223372036854775807))
Edge(151840,205671,(3,9223372036854775807))
Edge(151883,256643,(3,9223372036854775807))
Edge(152489,269195,(3,9223372036854775807))
Edge(152795,461555,(3,9223372036854775807))
Edge(153040,498194,(3,9223372036854775807))
Edge(153093,39119,(3,9223372036854775807))
Edge(153122,150153,(1,3))
Edge(153207,214310,(3,9223372036854775807))
Edge(153349,435005,(3,9223372036854775807))
Edge(153372,244487,(3,9223372036854775807))
Edge(153419,303922,(1,3))
Edge(153468,457441,(3,9223372036854775807))
Edge(153524,212543,(3,9223372036854775807))
Edge(153657,489354,(3,9223372036854775807))
Edge(153799,59154,(3,9223372036854775807))
Edge(154604,415756,(3,9223372036854775807))
Edge(154924,302013,(3,9223372036854775807))
Edge(156144,357489,(3,9223372036854775807))
Edge(156171,144684,(3,9223372036854775807))
Edge(156533,296981,(3,9223372036854775807))
Edge(156559,2268,(1,9223372036854775807))
Edge(156931,251823,(3,9223372036854775807))
Edge(156949,100024,(3,9223372036854775807))
Edge(156955,265928,(3,9223372036854775807))
Edge(157764,385032,(3,9223372036854775807))
Edge(158475,424208,(3,9223372036854775807))
Edge(158631,351753,(3,9223372036854775807))
Edge(159320,483160,(3,9223372036854775807))
Edge(159781,109614,(3,9223372036854775807))
Edge(159995,206624,(3,9223372036854775807))
Edge(160574,270537,(3,9223372036854775807))
Edge(160675,285838,(1,3))
Edge(160875,486718,(3,9223372036854775807))
Edge(161148,374501,(1,9223372036854775807))
Edge(161153,230752,(3,9223372036854775807))
Edge(161171,93471,(3,9223372036854775807))
Edge(161467,376333,(3,9223372036854775807))
Edge(161490,175677,(3,9223372036854775807))
Edge(162007,357722,(1,3))
Edge(162079,221731,(3,9223372036854775807))
Edge(162821,138177,(3,9223372036854775807))
Edge(163266,114397,(3,9223372036854775807))
Edge(163525,128050,(3,9223372036854775807))
Edge(163805,166402,(1,3))
Edge(164475,112396,(3,9223372036854775807))
Edge(165037,102548,(3,9223372036854775807))
Edge(165063,343669,(3,9223372036854775807))
Edge(165081,396415,(3,9223372036854775807))
Edge(165252,127755,(3,9223372036854775807))
Edge(165312,159523,(1,9223372036854775807))
Edge(165660,332147,(3,9223372036854775807))
Edge(165825,95779,(3,9223372036854775807))
Edge(166091,394601,(3,9223372036854775807))
Edge(167026,365416,(1,9223372036854775807))
Edge(167446,336198,(3,9223372036854775807))
Edge(168115,282970,(3,9223372036854775807))
Edge(168254,19442,(3,9223372036854775807))
Edge(168350,155120,(3,9223372036854775807))
Edge(168431,182290,(3,9223372036854775807))
Edge(168484,420064,(3,9223372036854775807))
Edge(168670,194344,(3,9223372036854775807))
Edge(168685,39910,(1,9223372036854775807))
Edge(168847,478182,(1,9223372036854775807))
Edge(169371,54959,(3,9223372036854775807))
Edge(169461,269730,(3,9223372036854775807))
Edge(169931,149034,(1,9223372036854775807))
Edge(170097,149892,(1,9223372036854775807))
Edge(170268,291557,(3,9223372036854775807))
Edge(170506,174100,(1,9223372036854775807))
Edge(170546,84341,(1,9223372036854775807))
Edge(170985,131688,(3,9223372036854775807))
Edge(171357,484456,(3,9223372036854775807))
Edge(171622,241774,(3,9223372036854775807))
Edge(172375,429441,(3,9223372036854775807))
Edge(172420,349889,(3,9223372036854775807))
Edge(172634,124337,(3,9223372036854775807))
Edge(173032,270361,(3,9223372036854775807))
Edge(173165,447829,(1,9223372036854775807))
Edge(173211,455657,(3,9223372036854775807))
Edge(173409,183856,(3,9223372036854775807))
Edge(173559,493177,(3,9223372036854775807))
Edge(173591,301242,(3,9223372036854775807))
Edge(174737,486885,(3,9223372036854775807))
Edge(175473,9736,(3,9223372036854775807))
Edge(175621,115590,(3,9223372036854775807))
Edge(175997,258728,(3,9223372036854775807))
Edge(176068,407916,(3,9223372036854775807))
Edge(176452,30206,(3,9223372036854775807))
Edge(176643,239413,(3,9223372036854775807))
Edge(177474,130378,(1,9223372036854775807))
Edge(177904,74352,(3,9223372036854775807))
Edge(178420,136843,(3,9223372036854775807))
Edge(178519,230900,(3,9223372036854775807))
Edge(178682,360411,(1,9223372036854775807))
Edge(179099,38836,(1,9223372036854775807))
Edge(179361,294036,(3,9223372036854775807))
Edge(179742,264054,(3,9223372036854775807))
Edge(180052,10443,(3,9223372036854775807))
Edge(180385,50213,(3,9223372036854775807))
Edge(180478,282277,(3,9223372036854775807))
Edge(180497,21520,(1,9223372036854775807))
Edge(180613,423130,(3,9223372036854775807))
Edge(181513,70684,(3,9223372036854775807))
Edge(181940,52292,(1,9223372036854775807))
Edge(182564,249873,(3,9223372036854775807))
Edge(182564,294738,(3,9223372036854775807))
Edge(182633,284311,(1,9223372036854775807))
Edge(182823,423079,(3,9223372036854775807))
Edge(183163,455466,(3,9223372036854775807))
Edge(183633,75737,(3,9223372036854775807))
Edge(183988,71278,(3,9223372036854775807))
Edge(184421,426713,(1,9223372036854775807))
Edge(184616,305932,(3,9223372036854775807))
Edge(185046,230807,(3,9223372036854775807))
Edge(185533,298664,(1,9223372036854775807))
Edge(185851,422723,(3,9223372036854775807))
Edge(186466,489812,(3,9223372036854775807))
Edge(186538,398181,(3,9223372036854775807))
Edge(187042,6703,(3,9223372036854775807))
Edge(187128,369691,(3,9223372036854775807))
Edge(187324,320430,(3,9223372036854775807))
Edge(187471,26787,(3,9223372036854775807))
Edge(187474,282185,(3,9223372036854775807))
Edge(187776,461517,(3,9223372036854775807))
Edge(188084,200506,(3,9223372036854775807))
Edge(188183,95297,(3,9223372036854775807))
Edge(188236,112222,(3,9223372036854775807))
Edge(188831,101245,(3,9223372036854775807))
Edge(188880,484647,(3,9223372036854775807))
Edge(189434,167990,(3,9223372036854775807))
Edge(189541,338788,(3,9223372036854775807))
Edge(189939,231941,(3,9223372036854775807))
Edge(189962,382269,(3,9223372036854775807))
Edge(189964,260859,(3,9223372036854775807))
Edge(189977,44054,(1,9223372036854775807))
Edge(190011,348703,(3,9223372036854775807))
Edge(190165,8099,(3,9223372036854775807))
Edge(190217,83897,(1,3))
Edge(190873,456689,(3,9223372036854775807))
Edge(191417,307042,(3,9223372036854775807))
Edge(191868,199788,(3,9223372036854775807))
Edge(192008,235261,(3,9223372036854775807))
Edge(193167,433739,(3,9223372036854775807))
Edge(193387,412864,(3,9223372036854775807))
Edge(194325,98052,(3,9223372036854775807))
Edge(194410,481,(3,9223372036854775807))
Edge(194741,272179,(1,9223372036854775807))
Edge(195137,150468,(3,9223372036854775807))
Edge(195477,418934,(3,9223372036854775807))
Edge(195551,13552,(3,9223372036854775807))
Edge(195816,481071,(3,9223372036854775807))
Edge(195964,119079,(1,9223372036854775807))
Edge(196137,25696,(3,9223372036854775807))
Edge(196180,463415,(3,9223372036854775807))
Edge(196438,151851,(3,9223372036854775807))
Edge(196481,374968,(3,9223372036854775807))
Edge(196740,54575,(3,9223372036854775807))
Edge(196976,120139,(3,9223372036854775807))
Edge(197319,401104,(3,9223372036854775807))
Edge(197375,369103,(1,9223372036854775807))
Edge(197494,298198,(3,9223372036854775807))
Edge(198009,53458,(1,9223372036854775807))
Edge(198467,45032,(3,9223372036854775807))
Edge(198547,55003,(3,9223372036854775807))
Edge(198865,297857,(3,9223372036854775807))
Edge(198899,43403,(3,9223372036854775807))
Edge(199240,299357,(3,9223372036854775807))
Edge(199521,487601,(3,9223372036854775807))
Edge(199849,41619,(3,9223372036854775807))
Edge(199940,115662,(3,9223372036854775807))
Edge(200662,117974,(3,9223372036854775807))
Edge(200967,461858,(3,9223372036854775807))
Edge(201021,54864,(3,9223372036854775807))
Edge(201205,359448,(3,9223372036854775807))
Edge(201831,440360,(3,9223372036854775807))
Edge(201879,180868,(1,9223372036854775807))
Edge(201929,167653,(3,9223372036854775807))
Edge(202159,180301,(1,9223372036854775807))
Edge(202440,180187,(3,9223372036854775807))
Edge(202523,451253,(3,9223372036854775807))
Edge(202535,288965,(3,9223372036854775807))
Edge(202863,314074,(3,9223372036854775807))
Edge(203301,333036,(3,9223372036854775807))
Edge(203832,317516,(3,9223372036854775807))
Edge(203909,251566,(3,9223372036854775807))
Edge(203921,241185,(3,9223372036854775807))
Edge(204133,356601,(1,9223372036854775807))
Edge(204666,245656,(3,9223372036854775807))
Edge(204671,173080,(3,9223372036854775807))
Edge(204869,409142,(3,9223372036854775807))
Edge(205101,136639,(3,9223372036854775807))
Edge(205513,206938,(3,9223372036854775807))
Edge(205950,275513,(3,9223372036854775807))
Edge(205980,103484,(3,9223372036854775807))
Edge(206112,406118,(3,9223372036854775807))
Edge(206190,129902,(3,9223372036854775807))
Edge(206313,237247,(3,9223372036854775807))
Edge(206518,276283,(3,9223372036854775807))
Edge(206617,62444,(3,9223372036854775807))
Edge(206797,289935,(3,9223372036854775807))
Edge(207109,338461,(3,9223372036854775807))
Edge(207239,373700,(3,9223372036854775807))
Edge(207368,258008,(3,9223372036854775807))
Edge(207513,201059,(3,9223372036854775807))
Edge(207526,181184,(3,9223372036854775807))
Edge(208011,148208,(3,9223372036854775807))
Edge(208117,368861,(3,9223372036854775807))
Edge(208207,185054,(3,9223372036854775807))
Edge(208376,403176,(1,3))
Edge(208514,121830,(1,3))
Edge(208857,13112,(3,9223372036854775807))
Edge(208904,217453,(3,9223372036854775807))
Edge(209664,300539,(1,3))
Edge(209668,434230,(3,9223372036854775807))
Edge(210256,292982,(3,9223372036854775807))
Edge(210317,347176,(1,9223372036854775807))
Edge(210590,444522,(3,9223372036854775807))
Edge(210927,401771,(3,9223372036854775807))
Edge(210972,172046,(3,9223372036854775807))
Edge(210998,406699,(3,9223372036854775807))
Edge(211419,134071,(3,9223372036854775807))
Edge(211543,14429,(3,9223372036854775807))
Edge(212001,242355,(3,9223372036854775807))
Edge(212030,422093,(1,9223372036854775807))
Edge(212134,13381,(1,3))
Edge(212550,421421,(1,9223372036854775807))
Edge(212585,321662,(3,9223372036854775807))
Edge(212640,209214,(3,9223372036854775807))
Edge(212659,188651,(3,9223372036854775807))
Edge(212767,155925,(1,9223372036854775807))
Edge(213052,62537,(1,9223372036854775807))
Edge(213686,462090,(3,9223372036854775807))
Edge(213912,171505,(1,3))
Edge(214264,42644,(1,9223372036854775807))
Edge(214350,492892,(3,9223372036854775807))
Edge(214460,497151,(3,9223372036854775807))
Edge(214725,317528,(3,9223372036854775807))
Edge(214882,98368,(1,9223372036854775807))
Edge(215519,375575,(3,9223372036854775807))
Edge(215809,299067,(3,9223372036854775807))
Edge(215951,133993,(3,9223372036854775807))
Edge(216032,456271,(3,9223372036854775807))
Edge(216135,155720,(3,9223372036854775807))
Edge(216173,275603,(3,9223372036854775807))
Edge(216370,68067,(3,9223372036854775807))
Edge(216944,164745,(3,9223372036854775807))
Edge(217080,319286,(3,9223372036854775807))
Edge(218242,352834,(1,9223372036854775807))
Edge(218639,370716,(1,9223372036854775807))
Edge(218647,194195,(3,9223372036854775807))
Edge(218982,446610,(3,9223372036854775807))
Edge(219184,494835,(3,9223372036854775807))
Edge(219187,343121,(3,9223372036854775807))
Edge(219360,17202,(3,9223372036854775807))
Edge(219489,187326,(3,9223372036854775807))
Edge(219891,150606,(1,9223372036854775807))
Edge(219904,67855,(1,9223372036854775807))
Edge(220005,202382,(3,9223372036854775807))
Edge(220104,267472,(3,9223372036854775807))
Edge(220450,5850,(1,9223372036854775807))
Edge(220539,402347,(1,9223372036854775807))
Edge(221771,70717,(3,9223372036854775807))
Edge(223254,270076,(3,9223372036854775807))
Edge(223277,170855,(3,9223372036854775807))
Edge(223538,390445,(3,9223372036854775807))
Edge(223748,424827,(3,9223372036854775807))
Edge(224017,102252,(4,9223372036854775807))
Edge(224028,399995,(3,9223372036854775807))
Edge(224107,446138,(3,9223372036854775807))
Edge(224353,302702,(3,9223372036854775807))
Edge(224762,223616,(3,9223372036854775807))
Edge(225059,244938,(3,9223372036854775807))
Edge(226032,467833,(3,9223372036854775807))
Edge(228184,362477,(3,9223372036854775807))
Edge(228283,139634,(4,9223372036854775807))
Edge(228476,146584,(3,9223372036854775807))
Edge(228849,292026,(1,3))
Edge(228966,336318,(3,9223372036854775807))
Edge(229263,149527,(3,9223372036854775807))
Edge(229923,288471,(3,9223372036854775807))
Edge(229925,85807,(3,9223372036854775807))
Edge(230006,272033,(3,9223372036854775807))
Edge(230077,393357,(3,9223372036854775807))
Edge(230111,412361,(3,9223372036854775807))
Edge(230157,111030,(3,9223372036854775807))
Edge(230212,240998,(3,9223372036854775807))
Edge(230420,5284,(3,9223372036854775807))
Edge(230426,201382,(3,9223372036854775807))
Edge(230488,75985,(3,9223372036854775807))
Edge(230661,135825,(3,9223372036854775807))
Edge(230780,50104,(3,9223372036854775807))
Edge(230850,147734,(3,9223372036854775807))
Edge(231057,265368,(3,9223372036854775807))
Edge(231379,300555,(3,9223372036854775807))
Edge(231525,431614,(3,9223372036854775807))
Edge(231578,488719,(3,9223372036854775807))
Edge(231677,299980,(1,9223372036854775807))
Edge(231751,442309,(3,9223372036854775807))
Edge(231839,389111,(1,3))
Edge(232275,146713,(3,9223372036854775807))
Edge(232346,33985,(3,9223372036854775807))
Edge(233389,7717,(3,9223372036854775807))
Edge(233548,346776,(3,9223372036854775807))
Edge(234124,324177,(3,9223372036854775807))
Edge(234369,399345,(3,9223372036854775807))
Edge(234412,476502,(3,9223372036854775807))
Edge(234673,23171,(1,3))
Edge(234764,116405,(3,9223372036854775807))
Edge(235041,469468,(3,9223372036854775807))
Edge(235368,273327,(3,9223372036854775807))
Edge(235446,132319,(1,9223372036854775807))
Edge(235452,154320,(3,9223372036854775807))
Edge(235527,262038,(3,9223372036854775807))
Edge(235787,330710,(1,3))
Edge(235878,226422,(3,9223372036854775807))
Edge(235990,291898,(1,3))
Edge(236060,222460,(3,9223372036854775807))
Edge(236366,242839,(1,9223372036854775807))
Edge(236420,463985,(1,9223372036854775807))
Edge(236554,2282,(1,9223372036854775807))
Edge(236984,177171,(3,9223372036854775807))
Edge(237020,394497,(3,9223372036854775807))
Edge(237269,266376,(3,9223372036854775807))
Edge(237525,28122,(1,9223372036854775807))
Edge(237687,126924,(3,9223372036854775807))
Edge(238494,66055,(3,9223372036854775807))
Edge(238725,10466,(3,9223372036854775807))
Edge(238859,292691,(3,9223372036854775807))
Edge(239102,168226,(1,9223372036854775807))
Edge(239627,483308,(3,9223372036854775807))
Edge(239758,63228,(1,3))
Edge(240198,160827,(3,9223372036854775807))
Edge(240675,476299,(3,9223372036854775807))
Edge(240872,81446,(3,9223372036854775807))
Edge(240880,44736,(3,9223372036854775807))
Edge(240956,38667,(1,9223372036854775807))
Edge(241630,312348,(3,9223372036854775807))
Edge(241657,447303,(3,9223372036854775807))
Edge(241698,99178,(3,9223372036854775807))
Edge(242014,329393,(1,9223372036854775807))
Edge(242310,54200,(3,9223372036854775807))
Edge(242357,345005,(1,9223372036854775807))
Edge(242570,406609,(1,3))
Edge(243033,387248,(1,9223372036854775807))
Edge(243273,76391,(3,9223372036854775807))
Edge(243425,7043,(3,9223372036854775807))
Edge(243730,460180,(3,9223372036854775807))
Edge(243798,296695,(3,9223372036854775807))
Edge(243844,278308,(3,9223372036854775807))
Edge(243960,179852,(3,9223372036854775807))
Edge(244242,1942,(3,9223372036854775807))
Edge(244450,130055,(3,9223372036854775807))
Edge(244903,70349,(3,9223372036854775807))
Edge(245124,188375,(3,9223372036854775807))
Edge(245346,72946,(3,9223372036854775807))
Edge(245379,22688,(3,9223372036854775807))
Edge(245738,425760,(3,9223372036854775807))
Edge(246454,479729,(3,9223372036854775807))
Edge(246579,265136,(3,9223372036854775807))
Edge(246784,425479,(3,9223372036854775807))
Edge(246785,198226,(1,3))
Edge(246827,429554,(3,9223372036854775807))
Edge(247087,449368,(3,9223372036854775807))
Edge(247150,418583,(3,9223372036854775807))
Edge(247328,169344,(3,9223372036854775807))
Edge(247682,208541,(3,9223372036854775807))
Edge(247684,131804,(3,9223372036854775807))
Edge(247765,375064,(1,3))
Edge(247770,238875,(3,9223372036854775807))
Edge(247853,491082,(3,9223372036854775807))
Edge(247859,442238,(1,9223372036854775807))
Edge(247892,299718,(3,9223372036854775807))
Edge(248135,174562,(3,9223372036854775807))
Edge(248382,83069,(3,9223372036854775807))
Edge(248479,88885,(3,9223372036854775807))
Edge(248490,325903,(3,9223372036854775807))
Edge(248789,24902,(3,9223372036854775807))
Edge(248802,39993,(3,9223372036854775807))
Edge(248835,223087,(1,3))
Edge(248993,336958,(3,9223372036854775807))
Edge(249046,232337,(3,9223372036854775807))
Edge(249074,15033,(1,9223372036854775807))
Edge(249837,53328,(3,9223372036854775807))
Edge(249975,9293,(3,9223372036854775807))
Edge(250026,340070,(1,9223372036854775807))
Edge(250111,458208,(3,9223372036854775807))
Edge(250566,185279,(3,9223372036854775807))
Edge(250745,155301,(3,9223372036854775807))
Edge(250984,140542,(1,9223372036854775807))
Edge(251257,23131,(3,9223372036854775807))
Edge(251381,113738,(3,9223372036854775807))
Edge(251473,123614,(3,9223372036854775807))
Edge(251650,378744,(3,9223372036854775807))
Edge(251959,87987,(3,9223372036854775807))
Edge(252509,223412,(3,9223372036854775807))
Edge(252562,421017,(3,9223372036854775807))
Edge(252573,93120,(1,9223372036854775807))
Edge(253162,180711,(3,9223372036854775807))
Edge(253998,393723,(3,9223372036854775807))
Edge(254424,87930,(3,9223372036854775807))
Edge(254896,226238,(3,9223372036854775807))
Edge(255673,463158,(3,9223372036854775807))
Edge(255734,276053,(1,9223372036854775807))
Edge(255748,157491,(1,9223372036854775807))
Edge(255960,210732,(3,9223372036854775807))
Edge(256003,68940,(3,9223372036854775807))
Edge(256359,355752,(3,9223372036854775807))
Edge(256449,263164,(1,9223372036854775807))
Edge(256817,70798,(1,9223372036854775807))
Edge(257282,129004,(3,9223372036854775807))
Edge(257774,396044,(4,9223372036854775807))
Edge(258060,306268,(1,9223372036854775807))
Edge(258063,269835,(1,9223372036854775807))
Edge(258346,244511,(1,3))
Edge(258448,335537,(3,9223372036854775807))
Edge(258485,282016,(3,9223372036854775807))
Edge(258700,468695,(1,9223372036854775807))
Edge(258851,234120,(1,9223372036854775807))
Edge(258894,381769,(3,9223372036854775807))
Edge(258942,433444,(3,9223372036854775807))
Edge(259144,299500,(1,9223372036854775807))
Edge(259171,371569,(1,3))
Edge(259235,41055,(3,9223372036854775807))
Edge(259489,249320,(3,9223372036854775807))
Edge(259777,252138,(3,9223372036854775807))
Edge(259838,488717,(3,9223372036854775807))
Edge(259912,466501,(1,3))
Edge(260509,328233,(1,9223372036854775807))
Edge(260707,336583,(3,9223372036854775807))
Edge(260780,261986,(1,3))
Edge(261074,459575,(1,3))
Edge(261161,42504,(3,9223372036854775807))
Edge(261573,485,(3,9223372036854775807))
Edge(262429,300376,(3,9223372036854775807))
Edge(262529,368614,(1,9223372036854775807))
Edge(262576,220151,(3,9223372036854775807))
Edge(262984,456618,(3,9223372036854775807))
Edge(263229,166927,(3,9223372036854775807))
Edge(263291,410739,(3,9223372036854775807))
Edge(263510,181340,(3,9223372036854775807))
Edge(263986,313140,(3,9223372036854775807))
Edge(264302,207732,(3,9223372036854775807))
Edge(264399,341164,(3,9223372036854775807))
Edge(264571,158736,(3,9223372036854775807))
Edge(264830,200859,(3,9223372036854775807))
Edge(264880,486293,(1,9223372036854775807))
Edge(265016,387939,(3,9223372036854775807))
Edge(265300,468018,(3,9223372036854775807))
Edge(265362,156381,(3,9223372036854775807))
Edge(265538,201128,(3,9223372036854775807))
Edge(265970,10860,(3,9223372036854775807))
Edge(265978,196842,(1,9223372036854775807))
Edge(266053,13370,(3,9223372036854775807))
Edge(266394,360245,(3,9223372036854775807))
Edge(266585,40345,(1,9223372036854775807))
Edge(267215,206321,(1,9223372036854775807))
Edge(267482,252824,(3,9223372036854775807))
Edge(267523,394441,(3,9223372036854775807))
Edge(267572,175430,(3,9223372036854775807))
Edge(268286,400462,(3,9223372036854775807))
Edge(268546,286164,(3,9223372036854775807))
Edge(269040,358563,(1,3))
Edge(270687,274705,(3,9223372036854775807))
Edge(270806,487731,(3,9223372036854775807))
Edge(271593,29077,(1,9223372036854775807))
Edge(271918,332027,(3,9223372036854775807))
Edge(272454,459948,(3,9223372036854775807))
Edge(272521,434621,(3,9223372036854775807))
Edge(272962,239875,(4,9223372036854775807))
Edge(273088,370374,(3,9223372036854775807))
Edge(273338,357878,(1,9223372036854775807))
Edge(273451,293838,(1,9223372036854775807))
Edge(273503,191730,(3,9223372036854775807))
Edge(273982,341914,(1,9223372036854775807))
Edge(274020,323372,(3,9223372036854775807))
Edge(274239,30969,(3,9223372036854775807))
Edge(274349,2116,(3,9223372036854775807))
Edge(274416,300014,(3,9223372036854775807))
Edge(274796,242251,(3,9223372036854775807))
Edge(274945,10183,(1,9223372036854775807))
Edge(275135,106086,(3,9223372036854775807))
Edge(275151,202751,(3,9223372036854775807))
Edge(275184,138631,(3,9223372036854775807))
Edge(275674,485680,(3,9223372036854775807))
Edge(275706,238919,(1,3))
Edge(276368,33943,(3,9223372036854775807))
Edge(276397,145331,(3,9223372036854775807))
Edge(276446,49183,(3,9223372036854775807))
Edge(276575,41300,(3,9223372036854775807))
Edge(277155,47356,(3,9223372036854775807))
Edge(277529,449061,(1,3))
Edge(277939,338936,(3,9223372036854775807))
Edge(278033,470083,(3,9223372036854775807))
Edge(278405,343360,(3,9223372036854775807))
Edge(278841,259614,(3,9223372036854775807))
Edge(278997,47495,(1,3))
Edge(279284,182556,(3,9223372036854775807))
Edge(279285,387368,(1,3))
Edge(279474,112825,(1,9223372036854775807))
Edge(279517,79903,(3,9223372036854775807))
Edge(279641,19808,(3,9223372036854775807))
Edge(280632,231127,(3,9223372036854775807))
Edge(280674,277422,(1,9223372036854775807))
Edge(280712,493533,(3,9223372036854775807))
Edge(280845,304568,(1,3))
Edge(281049,184468,(3,9223372036854775807))
Edge(281482,252980,(3,9223372036854775807))
Edge(281496,206089,(1,3))
Edge(282192,435553,(3,9223372036854775807))
Edge(282901,605,(1,9223372036854775807))
Edge(282967,367888,(3,9223372036854775807))
Edge(282982,285731,(3,9223372036854775807))
Edge(283255,359900,(3,9223372036854775807))
Edge(283461,429299,(3,9223372036854775807))
Edge(284009,276037,(3,9223372036854775807))
Edge(284491,469632,(3,9223372036854775807))
Edge(285067,331895,(3,9223372036854775807))
Edge(285133,144715,(3,9223372036854775807))
Edge(285491,78852,(3,9223372036854775807))
Edge(285851,6392,(3,9223372036854775807))
Edge(285887,137982,(3,9223372036854775807))
Edge(286956,77602,(3,9223372036854775807))
Edge(287085,129169,(3,9223372036854775807))
Edge(287519,73259,(3,9223372036854775807))
Edge(287571,494172,(3,9223372036854775807))
Edge(288718,83562,(3,9223372036854775807))
Edge(288952,343751,(3,9223372036854775807))
Edge(289366,119830,(3,9223372036854775807))
Edge(289740,145316,(3,9223372036854775807))
Edge(289877,368431,(3,9223372036854775807))
Edge(289905,313701,(3,9223372036854775807))
Edge(290968,161687,(4,9223372036854775807))
Edge(291272,403597,(3,9223372036854775807))
Edge(291480,18607,(1,9223372036854775807))
Edge(291603,30564,(3,9223372036854775807))
Edge(291642,344641,(3,9223372036854775807))
Edge(291817,119960,(3,9223372036854775807))
Edge(292833,87004,(3,9223372036854775807))
Edge(292889,335806,(3,9223372036854775807))
Edge(292961,172077,(3,9223372036854775807))
Edge(292972,359427,(3,9223372036854775807))
Edge(293166,413385,(3,9223372036854775807))
Edge(293239,53715,(1,9223372036854775807))
Edge(293478,198977,(3,9223372036854775807))
Edge(294262,74433,(1,3))
Edge(294406,124195,(3,9223372036854775807))
Edge(294413,278803,(3,9223372036854775807))
Edge(294880,356022,(3,9223372036854775807))
Edge(294895,66344,(3,9223372036854775807))
Edge(294905,458276,(3,9223372036854775807))
Edge(295012,95956,(3,9223372036854775807))
Edge(295455,213804,(3,9223372036854775807))
Edge(295470,79561,(3,9223372036854775807))
Edge(295630,183595,(3,9223372036854775807))
Edge(295633,109424,(3,9223372036854775807))
Edge(295776,178085,(3,9223372036854775807))
Edge(295998,492182,(3,9223372036854775807))
Edge(296121,251668,(3,9223372036854775807))
Edge(296125,206420,(3,9223372036854775807))
Edge(296804,64872,(3,9223372036854775807))
Edge(296977,71595,(3,9223372036854775807))
Edge(297021,407069,(3,9223372036854775807))
Edge(297022,134227,(3,9223372036854775807))
Edge(297103,209917,(3,9223372036854775807))
Edge(297239,219641,(3,9223372036854775807))
Edge(298129,341894,(3,9223372036854775807))
Edge(298346,288124,(3,9223372036854775807))
Edge(298552,172782,(3,9223372036854775807))
Edge(298594,484381,(1,3))
Edge(298683,357291,(1,9223372036854775807))
Edge(299105,328466,(3,9223372036854775807))
Edge(299259,96873,(3,9223372036854775807))
Edge(300146,440780,(1,9223372036854775807))
Edge(300687,279283,(1,3))
Edge(300933,145289,(3,9223372036854775807))
Edge(301504,44024,(3,9223372036854775807))
Edge(301504,488029,(1,9223372036854775807))
Edge(302171,57138,(1,3))
Edge(302210,207295,(3,9223372036854775807))
Edge(302797,41243,(1,9223372036854775807))
Edge(303093,490809,(3,9223372036854775807))
Edge(303279,443632,(3,9223372036854775807))
Edge(303291,205466,(3,9223372036854775807))
Edge(303460,182570,(3,9223372036854775807))
Edge(303862,290221,(1,3))
Edge(303953,75809,(3,9223372036854775807))
Edge(304065,65476,(3,9223372036854775807))
Edge(304074,17347,(3,9223372036854775807))
Edge(304316,79585,(3,9223372036854775807))
Edge(304388,233493,(1,9223372036854775807))
Edge(304504,104456,(3,9223372036854775807))
Edge(304605,469523,(1,9223372036854775807))
Edge(304783,432193,(1,9223372036854775807))
Edge(305446,261636,(1,3))
Edge(305469,327725,(3,9223372036854775807))
Edge(305761,132513,(3,9223372036854775807))
Edge(306206,210983,(1,9223372036854775807))
Edge(306340,315616,(1,9223372036854775807))
Edge(307349,23913,(1,3))
Edge(307385,355987,(1,9223372036854775807))
Edge(307875,406337,(3,9223372036854775807))
Edge(308104,253020,(1,9223372036854775807))
Edge(308518,421194,(3,9223372036854775807))
Edge(308586,337133,(3,9223372036854775807))
Edge(309122,1179,(3,9223372036854775807))
Edge(309204,300920,(3,9223372036854775807))
Edge(309924,426426,(3,9223372036854775807))
Edge(309957,142926,(3,9223372036854775807))
Edge(310217,413631,(1,9223372036854775807))
Edge(310418,214400,(3,9223372036854775807))
Edge(310501,96780,(3,9223372036854775807))
Edge(310832,444623,(3,9223372036854775807))
Edge(310837,165644,(3,9223372036854775807))
Edge(311891,17113,(3,9223372036854775807))
Edge(312581,243835,(3,9223372036854775807))
Edge(313019,147404,(3,9223372036854775807))
Edge(313504,124075,(3,9223372036854775807))
Edge(313605,186266,(3,9223372036854775807))
Edge(314084,215763,(3,9223372036854775807))
Edge(314185,461621,(3,9223372036854775807))
Edge(314232,372329,(1,9223372036854775807))
Edge(314290,443486,(3,9223372036854775807))
Edge(314301,179908,(3,9223372036854775807))
Edge(315010,89906,(3,9223372036854775807))
Edge(315269,353072,(3,9223372036854775807))
Edge(315330,222241,(1,9223372036854775807))
Edge(315850,364612,(3,9223372036854775807))
Edge(315965,82969,(3,9223372036854775807))
Edge(315985,123847,(3,9223372036854775807))
Edge(316002,434589,(1,9223372036854775807))
Edge(316048,300677,(3,9223372036854775807))
Edge(317092,358061,(3,9223372036854775807))
Edge(317102,139051,(3,9223372036854775807))
Edge(317234,212901,(1,9223372036854775807))
Edge(317556,251831,(3,9223372036854775807))
Edge(317705,232649,(3,9223372036854775807))
Edge(317761,25017,(3,9223372036854775807))
Edge(317965,70682,(3,9223372036854775807))
Edge(318165,192950,(3,9223372036854775807))
Edge(318728,245189,(1,9223372036854775807))
Edge(318905,159939,(3,9223372036854775807))
Edge(319330,31466,(3,9223372036854775807))
Edge(319552,2379,(3,9223372036854775807))
Edge(319633,54825,(3,9223372036854775807))
Edge(319805,208045,(3,9223372036854775807))
Edge(320036,147182,(3,9223372036854775807))
Edge(320167,471714,(3,9223372036854775807))
Edge(320779,94469,(3,9223372036854775807))
Edge(321154,342018,(3,9223372036854775807))
Edge(321186,230003,(3,9223372036854775807))
Edge(321211,91998,(3,9223372036854775807))
Edge(321687,367466,(3,9223372036854775807))
Edge(321712,34631,(3,9223372036854775807))
Edge(321880,10309,(3,9223372036854775807))
Edge(321987,456484,(1,9223372036854775807))
Edge(322462,172310,(3,9223372036854775807))
Edge(322748,170171,(3,9223372036854775807))
Edge(323806,379301,(3,9223372036854775807))
Edge(324676,331090,(3,9223372036854775807))
Edge(324690,359176,(3,9223372036854775807))
Edge(324754,48503,(1,9223372036854775807))
Edge(324784,49593,(3,9223372036854775807))
Edge(324833,303711,(1,9223372036854775807))
Edge(324954,281610,(3,9223372036854775807))
Edge(325322,299593,(1,9223372036854775807))
Edge(326014,316192,(3,9223372036854775807))
Edge(326533,374783,(3,9223372036854775807))
Edge(326680,323283,(1,9223372036854775807))
Edge(327150,487357,(3,9223372036854775807))
Edge(327164,253397,(3,9223372036854775807))
Edge(327712,321572,(3,9223372036854775807))
Edge(328260,198524,(1,3))
Edge(328902,382141,(3,9223372036854775807))
Edge(329184,323885,(3,9223372036854775807))
Edge(329493,239975,(3,9223372036854775807))
Edge(329657,73599,(3,9223372036854775807))
Edge(329665,408102,(3,9223372036854775807))
Edge(330020,35445,(1,9223372036854775807))
Edge(330065,37783,(1,9223372036854775807))
Edge(330067,398456,(3,9223372036854775807))
Edge(330160,402586,(3,9223372036854775807))
Edge(330586,350896,(3,9223372036854775807))
Edge(331363,415788,(3,9223372036854775807))
Edge(331409,334058,(1,9223372036854775807))
Edge(331593,170721,(3,9223372036854775807))
Edge(331638,26758,(3,9223372036854775807))
Edge(332039,405693,(3,9223372036854775807))
Edge(332655,317909,(3,9223372036854775807))
Edge(332884,312655,(1,9223372036854775807))
Edge(333104,237221,(3,9223372036854775807))
Edge(333465,242571,(1,9223372036854775807))
Edge(333759,354947,(3,9223372036854775807))
Edge(333784,311631,(3,9223372036854775807))
Edge(333857,479034,(1,3))
Edge(334028,246038,(1,9223372036854775807))
Edge(334122,300619,(3,9223372036854775807))
Edge(334215,29674,(1,9223372036854775807))
Edge(334275,192074,(3,9223372036854775807))
Edge(334491,312143,(3,9223372036854775807))
Edge(334543,357344,(3,9223372036854775807))
Edge(335318,63432,(3,9223372036854775807))
Edge(335330,470266,(3,9223372036854775807))
Edge(335582,362360,(1,3))
Edge(335695,90897,(3,9223372036854775807))
Edge(336127,8957,(3,9223372036854775807))
Edge(336534,375289,(3,9223372036854775807))
Edge(336906,48984,(1,9223372036854775807))
Edge(337367,35162,(1,9223372036854775807))
Edge(337403,56557,(3,9223372036854775807))
Edge(337445,165935,(3,9223372036854775807))
Edge(337717,208558,(3,9223372036854775807))
Edge(337741,99952,(3,9223372036854775807))
Edge(338245,470580,(3,9223372036854775807))
Edge(338313,461897,(3,9223372036854775807))
Edge(338526,246502,(3,9223372036854775807))
Edge(338569,334257,(3,9223372036854775807))
Edge(338714,327250,(3,9223372036854775807))
Edge(338733,135564,(3,9223372036854775807))
Edge(338746,249778,(3,9223372036854775807))
Edge(338839,216301,(3,9223372036854775807))
Edge(338928,53001,(3,9223372036854775807))
Edge(339170,355920,(1,9223372036854775807))
Edge(339247,212591,(3,9223372036854775807))
Edge(339403,192208,(3,9223372036854775807))
Edge(339426,434031,(1,9223372036854775807))
Edge(339792,87130,(3,9223372036854775807))
Edge(339807,128906,(3,9223372036854775807))
Edge(339986,58811,(3,9223372036854775807))
Edge(340041,151010,(3,9223372036854775807))
Edge(340057,362737,(3,9223372036854775807))
Edge(340596,324697,(3,9223372036854775807))
Edge(340649,18166,(1,9223372036854775807))
Edge(341225,375068,(1,3))
Edge(341577,117660,(3,9223372036854775807))
Edge(341769,292505,(3,9223372036854775807))
Edge(341957,458496,(3,9223372036854775807))
Edge(342272,59811,(1,9223372036854775807))
Edge(342675,221683,(3,9223372036854775807))
Edge(343003,45377,(1,9223372036854775807))
Edge(343110,184375,(3,9223372036854775807))
Edge(343546,256435,(3,9223372036854775807))
Edge(343688,158154,(3,9223372036854775807))
Edge(344085,211564,(3,9223372036854775807))
Edge(344170,208260,(1,9223372036854775807))
Edge(344526,232969,(1,9223372036854775807))
Edge(344752,472113,(1,3))
Edge(344887,74528,(1,9223372036854775807))
Edge(344941,57982,(3,9223372036854775807))
Edge(345157,180636,(3,9223372036854775807))
Edge(345454,207797,(3,9223372036854775807))
Edge(345512,74073,(3,9223372036854775807))
Edge(345561,322090,(3,9223372036854775807))
Edge(346530,142729,(3,9223372036854775807))
Edge(347063,483371,(3,9223372036854775807))
Edge(347080,421842,(3,9223372036854775807))
Edge(347200,379701,(3,9223372036854775807))
Edge(347429,157166,(3,9223372036854775807))
Edge(348137,277846,(1,9223372036854775807))
Edge(348519,357015,(3,9223372036854775807))
Edge(348839,158991,(1,3))
Edge(348920,135419,(3,9223372036854775807))
Edge(348946,337707,(3,9223372036854775807))
Edge(349015,124079,(3,9223372036854775807))
Edge(349126,322509,(3,9223372036854775807))
Edge(349644,155201,(3,9223372036854775807))
Edge(349944,433202,(3,9223372036854775807))
Edge(350354,165789,(3,9223372036854775807))
Edge(350412,430325,(3,9223372036854775807))
Edge(351323,411967,(3,9223372036854775807))
Edge(351703,164290,(3,9223372036854775807))
Edge(351988,161343,(1,9223372036854775807))
Edge(352001,20368,(3,9223372036854775807))
Edge(352014,124851,(3,9223372036854775807))
Edge(352163,210449,(3,9223372036854775807))
Edge(352243,146346,(3,9223372036854775807))
Edge(352945,340246,(1,9223372036854775807))
Edge(353084,163403,(3,9223372036854775807))
Edge(353100,60578,(3,9223372036854775807))
Edge(353830,88237,(3,9223372036854775807))
Edge(354336,409764,(3,9223372036854775807))
Edge(354732,340341,(1,9223372036854775807))
Edge(354917,344257,(3,9223372036854775807))
Edge(355204,416015,(3,9223372036854775807))
Edge(355375,471211,(3,9223372036854775807))
Edge(355467,166647,(3,9223372036854775807))
Edge(355909,15472,(3,9223372036854775807))
Edge(356466,130221,(3,9223372036854775807))
Edge(356575,28604,(3,9223372036854775807))
Edge(356686,303414,(3,9223372036854775807))
Edge(356767,160980,(3,9223372036854775807))
Edge(356857,93485,(3,9223372036854775807))
Edge(356908,115377,(1,9223372036854775807))
Edge(357081,194200,(3,9223372036854775807))
Edge(357202,30175,(3,9223372036854775807))
Edge(357209,690,(3,9223372036854775807))
Edge(357532,157306,(3,9223372036854775807))
Edge(357824,139215,(3,9223372036854775807))
Edge(357955,445378,(3,9223372036854775807))
Edge(358337,294146,(3,9223372036854775807))
Edge(358503,229823,(1,3))
Edge(359279,319802,(3,9223372036854775807))
Edge(359307,374459,(1,3))
Edge(359791,405512,(1,9223372036854775807))
Edge(360278,122651,(3,9223372036854775807))
Edge(360361,63223,(3,9223372036854775807))
Edge(360445,170363,(3,9223372036854775807))
Edge(360737,181662,(3,9223372036854775807))
Edge(360819,30421,(3,9223372036854775807))
Edge(360838,358116,(1,3))
Edge(360868,236360,(3,9223372036854775807))
Edge(360980,385660,(3,9223372036854775807))
Edge(361046,274569,(3,9223372036854775807))
Edge(361048,186531,(3,9223372036854775807))
Edge(361154,331932,(3,9223372036854775807))
Edge(361280,254074,(3,9223372036854775807))
Edge(362466,85955,(3,9223372036854775807))
Edge(362611,295968,(1,9223372036854775807))
Edge(362890,89764,(3,9223372036854775807))
Edge(362949,337779,(3,9223372036854775807))
Edge(363103,91223,(3,9223372036854775807))
Edge(363706,425042,(3,9223372036854775807))
Edge(363782,176688,(3,9223372036854775807))
Edge(363936,120158,(3,9223372036854775807))
Edge(364404,310300,(1,9223372036854775807))
Edge(364516,381604,(3,9223372036854775807))
Edge(364714,390470,(3,9223372036854775807))
Edge(365057,495582,(1,3))
Edge(366015,371422,(3,9223372036854775807))
Edge(367376,214264,(3,9223372036854775807))
Edge(367401,271192,(3,9223372036854775807))
Edge(367638,301553,(3,9223372036854775807))
Edge(367667,466545,(3,9223372036854775807))
Edge(368355,313578,(3,9223372036854775807))
Edge(368594,277160,(1,9223372036854775807))
Edge(369127,251002,(3,9223372036854775807))
Edge(369453,271233,(3,9223372036854775807))
Edge(369779,7839,(3,9223372036854775807))
Edge(369877,300007,(3,9223372036854775807))
Edge(370581,274405,(3,9223372036854775807))
Edge(371243,484728,(3,9223372036854775807))
Edge(371391,208652,(4,9223372036854775807))
Edge(371546,240688,(3,9223372036854775807))
Edge(371795,86272,(3,9223372036854775807))
Edge(371957,93112,(3,9223372036854775807))
Edge(371989,341662,(3,9223372036854775807))
Edge(372936,377026,(1,3))
Edge(372969,188650,(3,9223372036854775807))
Edge(373000,213845,(3,9223372036854775807))
Edge(373166,494124,(3,9223372036854775807))
Edge(373400,88345,(3,9223372036854775807))
Edge(373689,341791,(3,9223372036854775807))
Edge(374526,278558,(3,9223372036854775807))
Edge(374627,419673,(3,9223372036854775807))
Edge(374772,406175,(3,9223372036854775807))
Edge(374843,72026,(3,9223372036854775807))
Edge(375114,156890,(1,9223372036854775807))
Edge(375412,70170,(3,9223372036854775807))
Edge(375455,23666,(1,9223372036854775807))
Edge(375616,381241,(1,9223372036854775807))
Edge(375897,20048,(1,3))
Edge(375949,496336,(1,3))
Edge(375957,351956,(3,9223372036854775807))
Edge(376128,4627,(3,9223372036854775807))
Edge(376246,55684,(3,9223372036854775807))
Edge(376283,452043,(4,9223372036854775807))
Edge(376480,85748,(3,9223372036854775807))
Edge(376735,50574,(3,9223372036854775807))
Edge(377075,205255,(1,3))
Edge(377097,443481,(1,3))
Edge(377339,4009,(1,9223372036854775807))
Edge(377630,210280,(1,9223372036854775807))
Edge(377715,66347,(1,9223372036854775807))
Edge(378245,313667,(3,9223372036854775807))
Edge(378484,295406,(3,9223372036854775807))
Edge(378549,123170,(3,9223372036854775807))
Edge(378798,466487,(3,9223372036854775807))
Edge(378891,275440,(3,9223372036854775807))
Edge(379847,210844,(3,9223372036854775807))
Edge(379968,149265,(3,9223372036854775807))
Edge(380056,70890,(3,9223372036854775807))
Edge(380567,437889,(3,9223372036854775807))
Edge(381893,449095,(3,9223372036854775807))
Edge(382023,132950,(3,9223372036854775807))
Edge(382133,224575,(3,9223372036854775807))
Edge(382347,262645,(3,9223372036854775807))
Edge(382469,145302,(3,9223372036854775807))
Edge(382590,91023,(3,9223372036854775807))
Edge(382985,348075,(3,9223372036854775807))
Edge(383156,40178,(3,9223372036854775807))
Edge(383174,491014,(3,9223372036854775807))
Edge(383309,223777,(3,9223372036854775807))
Edge(383505,79961,(3,9223372036854775807))
Edge(383663,496787,(3,9223372036854775807))
Edge(383950,78408,(3,9223372036854775807))
Edge(384220,497770,(3,9223372036854775807))
Edge(384280,129129,(3,9223372036854775807))
Edge(384504,231873,(3,9223372036854775807))
Edge(384525,115459,(3,9223372036854775807))
Edge(384747,41722,(3,9223372036854775807))
Edge(384837,103984,(3,9223372036854775807))
Edge(385251,454612,(3,9223372036854775807))
Edge(385901,132773,(3,9223372036854775807))
Edge(386036,322251,(3,9223372036854775807))
Edge(386663,35833,(3,9223372036854775807))
Edge(387226,362690,(3,9223372036854775807))
Edge(387228,221263,(1,9223372036854775807))
Edge(387322,357030,(3,9223372036854775807))
Edge(387363,265203,(1,3))
Edge(387462,177375,(3,9223372036854775807))
Edge(387845,117136,(3,9223372036854775807))
Edge(388118,208127,(3,9223372036854775807))
Edge(388153,433777,(3,9223372036854775807))
Edge(388524,469312,(3,9223372036854775807))
Edge(388632,314267,(3,9223372036854775807))
Edge(388738,179187,(3,9223372036854775807))
Edge(388863,158370,(3,9223372036854775807))
Edge(389097,253469,(1,3))
Edge(389347,314954,(3,9223372036854775807))
Edge(389417,39656,(3,9223372036854775807))
Edge(390070,393734,(3,9223372036854775807))
Edge(390128,471504,(3,9223372036854775807))
Edge(390312,109559,(3,9223372036854775807))
Edge(390534,243345,(3,9223372036854775807))
Edge(390552,125739,(3,9223372036854775807))
Edge(390628,373477,(3,9223372036854775807))
Edge(390674,105125,(3,9223372036854775807))
Edge(390852,159886,(3,9223372036854775807))
Edge(391033,446326,(3,9223372036854775807))
Edge(391382,231589,(1,3))
Edge(391680,16268,(3,9223372036854775807))
Edge(391728,225982,(3,9223372036854775807))
Edge(391742,152723,(3,9223372036854775807))
Edge(392401,346964,(1,3))
Edge(392994,313086,(3,9223372036854775807))
Edge(393059,276719,(3,9223372036854775807))
Edge(393779,382315,(3,9223372036854775807))
Edge(393796,362234,(1,9223372036854775807))
Edge(393977,92021,(3,9223372036854775807))
Edge(394193,469009,(3,9223372036854775807))
Edge(395482,71321,(3,9223372036854775807))
Edge(395849,327310,(3,9223372036854775807))
Edge(395858,376512,(3,9223372036854775807))
Edge(396645,403678,(3,9223372036854775807))
Edge(396938,48979,(1,9223372036854775807))
Edge(396963,385286,(3,9223372036854775807))
Edge(397000,113598,(1,9223372036854775807))
Edge(397952,96466,(3,9223372036854775807))
Edge(398008,314986,(3,9223372036854775807))
Edge(398039,399506,(3,9223372036854775807))
Edge(398106,104264,(4,9223372036854775807))
Edge(398460,324695,(3,9223372036854775807))
Edge(399231,442257,(1,3))
Edge(399648,283947,(3,9223372036854775807))
Edge(400135,381075,(3,9223372036854775807))
Edge(400154,233430,(1,9223372036854775807))
Edge(400265,92492,(3,9223372036854775807))
Edge(400307,248644,(3,9223372036854775807))
Edge(400321,284803,(1,9223372036854775807))
Edge(400347,367033,(3,9223372036854775807))
Edge(401226,115648,(3,9223372036854775807))
Edge(401329,280922,(3,9223372036854775807))
Edge(402255,46332,(3,9223372036854775807))
Edge(402977,166670,(3,9223372036854775807))
Edge(403294,456090,(3,9223372036854775807))
Edge(403704,237909,(3,9223372036854775807))
Edge(403768,9262,(3,9223372036854775807))
Edge(403810,134849,(3,9223372036854775807))
Edge(404594,300815,(3,9223372036854775807))
Edge(404866,209024,(3,9223372036854775807))
Edge(404948,81815,(3,9223372036854775807))
Edge(405319,81791,(1,9223372036854775807))
Edge(405380,35569,(3,9223372036854775807))
Edge(405389,341436,(3,9223372036854775807))
Edge(405966,335275,(3,9223372036854775807))
Edge(406290,263496,(3,9223372036854775807))
Edge(406382,60901,(1,9223372036854775807))
Edge(406488,402268,(1,9223372036854775807))
Edge(406750,159568,(1,9223372036854775807))
Edge(406888,261545,(3,9223372036854775807))
Edge(406936,82096,(1,9223372036854775807))
Edge(407094,213174,(3,9223372036854775807))
Edge(408375,363414,(3,9223372036854775807))
Edge(408645,288827,(3,9223372036854775807))
Edge(408920,261983,(3,9223372036854775807))
Edge(409015,298945,(3,9223372036854775807))
Edge(409116,331361,(3,9223372036854775807))
Edge(409497,240354,(1,9223372036854775807))
Edge(409506,425144,(3,9223372036854775807))
Edge(410014,382654,(1,3))
Edge(410061,343259,(3,9223372036854775807))
Edge(410108,273673,(3,9223372036854775807))
Edge(410146,97857,(3,9223372036854775807))
Edge(410234,285261,(3,9223372036854775807))
Edge(410297,475038,(3,9223372036854775807))
Edge(410381,21798,(3,9223372036854775807))
Edge(410433,243480,(1,9223372036854775807))
Edge(410550,405866,(3,9223372036854775807))
Edge(410641,96258,(3,9223372036854775807))
Edge(411174,343789,(3,9223372036854775807))
Edge(411198,305194,(3,9223372036854775807))
Edge(411526,21512,(1,9223372036854775807))
Edge(411526,417592,(3,9223372036854775807))
Edge(412247,114014,(1,9223372036854775807))
Edge(412317,116823,(3,9223372036854775807))
Edge(412427,123177,(1,9223372036854775807))
Edge(412568,186604,(3,9223372036854775807))
Edge(413477,284246,(3,9223372036854775807))
Edge(413933,168945,(3,9223372036854775807))
Edge(415317,262410,(3,9223372036854775807))
Edge(415327,213429,(1,9223372036854775807))
Edge(415352,441432,(3,9223372036854775807))
Edge(415442,53809,(3,9223372036854775807))
Edge(415580,152954,(1,9223372036854775807))
Edge(415837,59904,(3,9223372036854775807))
Edge(416016,208539,(1,3))
Edge(416160,21299,(3,9223372036854775807))
Edge(416174,87820,(1,9223372036854775807))
Edge(416178,28690,(3,9223372036854775807))
Edge(416591,115020,(1,9223372036854775807))
Edge(416677,273190,(3,9223372036854775807))
Edge(416763,463803,(3,9223372036854775807))
Edge(417018,69174,(3,9223372036854775807))
Edge(417158,296429,(3,9223372036854775807))
Edge(417476,395474,(3,9223372036854775807))
Edge(417500,84352,(4,9223372036854775807))
Edge(417577,403221,(3,9223372036854775807))
Edge(417757,124850,(3,9223372036854775807))
Edge(417805,390008,(3,9223372036854775807))
Edge(417813,73361,(3,9223372036854775807))
Edge(417951,51614,(3,9223372036854775807))
Edge(418211,118255,(3,9223372036854775807))
Edge(418452,61793,(3,9223372036854775807))
Edge(419319,453613,(1,3))
Edge(419428,137486,(1,9223372036854775807))
Edge(419598,192339,(1,9223372036854775807))
Edge(419687,28720,(3,9223372036854775807))
Edge(419690,57579,(1,9223372036854775807))
Edge(419960,124358,(3,9223372036854775807))
Edge(420386,106365,(3,9223372036854775807))
Edge(420530,7843,(1,9223372036854775807))
Edge(420610,239703,(3,9223372036854775807))
Edge(420684,195862,(1,9223372036854775807))
Edge(421016,166148,(3,9223372036854775807))
Edge(421150,171304,(3,9223372036854775807))
Edge(421323,201882,(1,9223372036854775807))
Edge(421569,230469,(3,9223372036854775807))
Edge(421612,128345,(3,9223372036854775807))
Edge(422778,488747,(3,9223372036854775807))
Edge(423168,210031,(3,9223372036854775807))
Edge(423172,81961,(3,9223372036854775807))
Edge(423338,126258,(3,9223372036854775807))
Edge(423395,441757,(3,9223372036854775807))
Edge(423535,199514,(3,9223372036854775807))
Edge(423785,246921,(1,9223372036854775807))
Edge(423996,311739,(3,9223372036854775807))
Edge(424360,474097,(3,9223372036854775807))
Edge(424530,378542,(3,9223372036854775807))
Edge(425048,288195,(3,9223372036854775807))
Edge(425492,16331,(3,9223372036854775807))
Edge(426019,125675,(3,9223372036854775807))
Edge(426141,332283,(1,3))
Edge(426414,271980,(3,9223372036854775807))
Edge(426580,300175,(3,9223372036854775807))
Edge(426618,114439,(3,9223372036854775807))
Edge(426702,200769,(1,9223372036854775807))
Edge(426833,352433,(3,9223372036854775807))
Edge(426999,186406,(3,9223372036854775807))
Edge(427087,111551,(3,9223372036854775807))
Edge(427089,17425,(3,9223372036854775807))
Edge(427398,43921,(3,9223372036854775807))
Edge(427448,387490,(1,9223372036854775807))
Edge(427524,447042,(3,9223372036854775807))
Edge(427667,239384,(1,9223372036854775807))
Edge(428222,139784,(3,9223372036854775807))
Edge(428428,49443,(3,9223372036854775807))
Edge(428810,267785,(1,9223372036854775807))
Edge(428829,176008,(3,9223372036854775807))
Edge(428927,253458,(3,9223372036854775807))
Edge(429062,479907,(3,9223372036854775807))
Edge(429066,108032,(1,3))
Edge(429262,305109,(3,9223372036854775807))
Edge(429281,90984,(3,9223372036854775807))
Edge(429360,227924,(1,3))
Edge(429452,351854,(3,9223372036854775807))
Edge(429664,245560,(3,9223372036854775807))
Edge(429723,126626,(3,9223372036854775807))
Edge(429809,463528,(3,9223372036854775807))
Edge(429834,266340,(1,3))
Edge(429884,284986,(3,9223372036854775807))
Edge(430312,285386,(1,3))
Edge(430618,110291,(1,9223372036854775807))
Edge(430689,64273,(1,9223372036854775807))
Edge(430786,71616,(3,9223372036854775807))
Edge(430803,183896,(1,3))
Edge(431004,471432,(3,9223372036854775807))
Edge(431839,428141,(1,9223372036854775807))
Edge(431933,167138,(1,9223372036854775807))
Edge(432123,411819,(3,9223372036854775807))
Edge(432290,125880,(3,9223372036854775807))
Edge(432347,143034,(3,9223372036854775807))
Edge(432608,365271,(3,9223372036854775807))
Edge(432714,238632,(3,9223372036854775807))
Edge(432767,111062,(3,9223372036854775807))
Edge(433174,15273,(3,9223372036854775807))
Edge(433396,30129,(3,9223372036854775807))
Edge(433415,414786,(1,9223372036854775807))
Edge(433823,227694,(3,9223372036854775807))
Edge(433871,247905,(3,9223372036854775807))
Edge(434069,288504,(3,9223372036854775807))
Edge(435033,439541,(1,9223372036854775807))
Edge(435882,463738,(3,9223372036854775807))
Edge(436056,49851,(3,9223372036854775807))
Edge(436186,66298,(3,9223372036854775807))
Edge(436732,141554,(3,9223372036854775807))
Edge(436921,109578,(3,9223372036854775807))
Edge(437740,416949,(3,9223372036854775807))
Edge(437759,375471,(3,9223372036854775807))
Edge(437981,137215,(1,9223372036854775807))
Edge(438068,196730,(3,9223372036854775807))
Edge(438278,399810,(1,9223372036854775807))
Edge(438651,33149,(1,3))
Edge(438681,271958,(3,9223372036854775807))
Edge(438810,30126,(3,9223372036854775807))
Edge(439416,182618,(1,3))
Edge(439587,7729,(3,9223372036854775807))
Edge(439807,221255,(1,9223372036854775807))
Edge(439837,387250,(1,9223372036854775807))
Edge(440208,367772,(3,9223372036854775807))
Edge(440362,130687,(3,9223372036854775807))
Edge(440506,65922,(3,9223372036854775807))
Edge(440564,142268,(3,9223372036854775807))
Edge(440591,243450,(1,9223372036854775807))
Edge(440800,37920,(3,9223372036854775807))
Edge(440912,104020,(1,3))
Edge(441534,234892,(3,9223372036854775807))
Edge(441777,322962,(3,9223372036854775807))
Edge(442424,50834,(3,9223372036854775807))
Edge(442426,25207,(1,9223372036854775807))
Edge(442572,112503,(3,9223372036854775807))
Edge(442731,446321,(3,9223372036854775807))
Edge(442757,386691,(3,9223372036854775807))
Edge(443143,354222,(3,9223372036854775807))
Edge(443536,440102,(3,9223372036854775807))
Edge(443867,426969,(3,9223372036854775807))
Edge(443884,258997,(3,9223372036854775807))
Edge(443988,138169,(1,9223372036854775807))
Edge(444166,498956,(3,9223372036854775807))
Edge(444201,428332,(3,9223372036854775807))
Edge(444276,64448,(3,9223372036854775807))
Edge(444520,362766,(3,9223372036854775807))
Edge(445276,486651,(3,9223372036854775807))
Edge(445292,66018,(3,9223372036854775807))
Edge(445390,428842,(3,9223372036854775807))
Edge(445490,475138,(3,9223372036854775807))
Edge(445637,457528,(3,9223372036854775807))
Edge(445979,339023,(3,9223372036854775807))
Edge(446108,393746,(3,9223372036854775807))
Edge(446271,385886,(3,9223372036854775807))
Edge(446330,456617,(3,9223372036854775807))
Edge(446610,211471,(3,9223372036854775807))
Edge(446631,403796,(3,9223372036854775807))
Edge(446797,99017,(3,9223372036854775807))
Edge(447327,393467,(1,9223372036854775807))
Edge(447374,310101,(1,3))
Edge(447563,305863,(1,3))
Edge(447765,24393,(3,9223372036854775807))
Edge(447854,296410,(3,9223372036854775807))
Edge(447941,80045,(3,9223372036854775807))
Edge(448280,108514,(1,3))
Edge(448405,350830,(3,9223372036854775807))
Edge(448430,42111,(3,9223372036854775807))
Edge(448450,337632,(3,9223372036854775807))
Edge(448556,316183,(3,9223372036854775807))
Edge(448654,429649,(3,9223372036854775807))
Edge(448698,100681,(3,9223372036854775807))
Edge(448747,339551,(3,9223372036854775807))
Edge(448908,327171,(1,3))
Edge(448943,483897,(1,3))
Edge(449096,36647,(1,9223372036854775807))
Edge(449236,371102,(3,9223372036854775807))
Edge(449335,202457,(3,9223372036854775807))
Edge(449467,118526,(3,9223372036854775807))
Edge(449591,247982,(3,9223372036854775807))
Edge(449823,107881,(1,9223372036854775807))
Edge(449910,334095,(3,9223372036854775807))
Edge(449998,410439,(3,9223372036854775807))
Edge(450324,290552,(3,9223372036854775807))
Edge(450504,161151,(3,9223372036854775807))
Edge(450530,356743,(3,9223372036854775807))
Edge(450685,43802,(3,9223372036854775807))
Edge(450756,223155,(3,9223372036854775807))
Edge(450773,55037,(1,9223372036854775807))
Edge(450961,198424,(1,9223372036854775807))
Edge(451355,184886,(3,9223372036854775807))
Edge(452071,320817,(3,9223372036854775807))
Edge(453018,125046,(3,9223372036854775807))
Edge(453235,70512,(3,9223372036854775807))
Edge(453520,174781,(1,3))
Edge(453535,257228,(3,9223372036854775807))
Edge(453628,110950,(3,9223372036854775807))
Edge(453869,72576,(1,9223372036854775807))
Edge(454494,149662,(3,9223372036854775807))
Edge(454503,161603,(3,9223372036854775807))
Edge(454665,164356,(3,9223372036854775807))
Edge(455307,448387,(3,9223372036854775807))
Edge(455588,229816,(3,9223372036854775807))
Edge(455710,81387,(3,9223372036854775807))
Edge(456101,136601,(3,9223372036854775807))
Edge(456266,178324,(3,9223372036854775807))
Edge(456600,181628,(3,9223372036854775807))
Edge(456642,207691,(1,9223372036854775807))
Edge(456871,17788,(3,9223372036854775807))
Edge(457345,442033,(3,9223372036854775807))
Edge(457750,470878,(3,9223372036854775807))
Edge(458264,84478,(3,9223372036854775807))
Edge(458313,85720,(1,9223372036854775807))
Edge(458467,8548,(3,9223372036854775807))
Edge(459108,43446,(3,9223372036854775807))
Edge(460364,469693,(1,9223372036854775807))
Edge(460945,421992,(3,9223372036854775807))
Edge(461040,148256,(3,9223372036854775807))
Edge(461105,319728,(3,9223372036854775807))
Edge(461442,31910,(3,9223372036854775807))
Edge(461822,172561,(3,9223372036854775807))
Edge(461837,335429,(1,3))
Edge(461857,465687,(3,9223372036854775807))
Edge(462113,489541,(3,9223372036854775807))
Edge(462555,37559,(3,9223372036854775807))
Edge(462799,132567,(3,9223372036854775807))
Edge(462840,467866,(3,9223372036854775807))
Edge(462901,284861,(1,9223372036854775807))
Edge(462984,422712,(1,3))
Edge(463138,222486,(1,3))
Edge(463303,415387,(1,3))
Edge(463478,290771,(3,9223372036854775807))
Edge(463513,257983,(3,9223372036854775807))
Edge(463550,67208,(1,9223372036854775807))
Edge(463569,207199,(3,9223372036854775807))
Edge(463746,91411,(3,9223372036854775807))
Edge(463829,173044,(3,9223372036854775807))
Edge(463889,464933,(1,9223372036854775807))
Edge(464027,86469,(3,9223372036854775807))
Edge(464029,450156,(3,9223372036854775807))
Edge(464081,311275,(3,9223372036854775807))
Edge(464189,74794,(3,9223372036854775807))
Edge(464980,287521,(3,9223372036854775807))
Edge(465014,263183,(1,9223372036854775807))
Edge(465205,404069,(1,9223372036854775807))
Edge(465417,93125,(1,3))
Edge(466117,408688,(1,9223372036854775807))
Edge(466602,433910,(3,9223372036854775807))
Edge(466759,319886,(3,9223372036854775807))
Edge(467268,294100,(3,9223372036854775807))
Edge(467417,171525,(3,9223372036854775807))
Edge(467550,23451,(3,9223372036854775807))
Edge(467678,269902,(3,9223372036854775807))
Edge(467902,120186,(1,9223372036854775807))
Edge(468303,451526,(3,9223372036854775807))
Edge(468317,344417,(3,9223372036854775807))
Edge(469378,81144,(3,9223372036854775807))
Edge(469397,389108,(3,9223372036854775807))
Edge(469645,276864,(3,9223372036854775807))
Edge(470104,387761,(3,9223372036854775807))
Edge(470639,8294,(3,9223372036854775807))
Edge(471642,546,(1,3))
Edge(472397,486537,(3,9223372036854775807))
Edge(472801,18140,(3,9223372036854775807))
Edge(472815,6538,(3,9223372036854775807))
Edge(473057,40719,(1,9223372036854775807))
Edge(473077,404398,(3,9223372036854775807))
Edge(473083,249119,(3,9223372036854775807))
Edge(473435,189369,(2,9223372036854775807))
Edge(473672,146692,(3,9223372036854775807))
Edge(473744,169944,(3,9223372036854775807))
Edge(474032,306595,(3,9223372036854775807))
Edge(474980,487396,(3,9223372036854775807))
Edge(475080,400032,(3,9223372036854775807))
Edge(475437,489450,(3,9223372036854775807))
Edge(475575,454013,(3,9223372036854775807))
Edge(475637,56573,(3,9223372036854775807))
Edge(476209,251805,(3,9223372036854775807))
Edge(476232,144164,(3,9223372036854775807))
Edge(476399,1331,(1,3))
Edge(476425,204832,(3,9223372036854775807))
Edge(476613,422621,(3,9223372036854775807))
Edge(476838,246396,(1,3))
Edge(476943,465599,(3,9223372036854775807))
Edge(477283,300858,(3,9223372036854775807))
Edge(477487,382163,(3,9223372036854775807))
Edge(477597,359128,(3,9223372036854775807))
Edge(478048,147197,(3,9223372036854775807))
Edge(478068,293119,(1,9223372036854775807))
Edge(478291,342974,(3,9223372036854775807))
Edge(478728,155661,(3,9223372036854775807))
Edge(478949,52226,(3,9223372036854775807))
Edge(479045,446439,(3,9223372036854775807))
Edge(479358,6840,(3,9223372036854775807))
Edge(479662,96288,(3,9223372036854775807))
Edge(479671,78845,(3,9223372036854775807))
Edge(479764,101938,(1,3))
Edge(479900,329412,(3,9223372036854775807))
Edge(480456,67959,(3,9223372036854775807))
Edge(480596,130110,(1,9223372036854775807))
Edge(480707,206966,(4,9223372036854775807))
Edge(480789,373478,(3,9223372036854775807))
Edge(480835,428234,(3,9223372036854775807))
Edge(480866,137248,(3,9223372036854775807))
Edge(481158,421839,(3,9223372036854775807))
Edge(481593,494123,(3,9223372036854775807))
Edge(481856,412255,(3,9223372036854775807))
Edge(482441,107888,(3,9223372036854775807))
Edge(482465,455953,(3,9223372036854775807))
Edge(482522,119910,(1,9223372036854775807))
Edge(482797,140848,(3,9223372036854775807))
Edge(483472,223049,(3,9223372036854775807))
Edge(483696,98326,(3,9223372036854775807))
Edge(483853,351858,(3,9223372036854775807))
Edge(484045,83222,(3,9223372036854775807))
Edge(484430,12412,(3,9223372036854775807))
Edge(484779,94444,(3,9223372036854775807))
Edge(486161,67011,(3,9223372036854775807))
Edge(486445,232731,(3,9223372036854775807))
Edge(486894,276527,(3,9223372036854775807))
Edge(487194,438710,(3,9223372036854775807))
Edge(487773,30190,(1,9223372036854775807))
Edge(487780,439073,(3,9223372036854775807))
Edge(487970,169213,(1,3))
Edge(488771,403397,(3,9223372036854775807))
Edge(489123,364257,(4,9223372036854775807))
Edge(489284,188572,(3,9223372036854775807))
Edge(489842,86893,(3,9223372036854775807))
Edge(490199,455017,(3,9223372036854775807))
Edge(490504,270138,(3,9223372036854775807))
Edge(490528,424103,(3,9223372036854775807))
Edge(490653,323921,(3,9223372036854775807))
Edge(490803,183697,(3,9223372036854775807))
Edge(490987,156680,(3,9223372036854775807))
Edge(491054,83628,(1,9223372036854775807))
Edge(491067,27242,(3,9223372036854775807))
Edge(491221,472794,(3,9223372036854775807))
Edge(491737,115892,(3,9223372036854775807))
Edge(491950,9336,(3,9223372036854775807))
Edge(492123,474136,(3,9223372036854775807))
Edge(492223,371218,(1,3))
Edge(492307,492705,(1,3))
Edge(492681,215650,(3,9223372036854775807))
Edge(492810,33302,(3,9223372036854775807))
Edge(493131,137071,(1,9223372036854775807))
Edge(493236,71008,(3,9223372036854775807))
Edge(493407,77321,(3,9223372036854775807))
Edge(493476,136149,(3,9223372036854775807))
Edge(493742,198347,(3,9223372036854775807))
Edge(493748,138267,(3,9223372036854775807))
Edge(493763,276534,(3,9223372036854775807))
Edge(494312,296436,(3,9223372036854775807))
Edge(494372,475681,(1,9223372036854775807))
Edge(494570,327390,(1,3))
Edge(494600,100397,(3,9223372036854775807))
Edge(494618,103562,(1,9223372036854775807))
Edge(494795,460490,(3,9223372036854775807))
Edge(494801,399360,(3,9223372036854775807))
Edge(494826,462271,(3,9223372036854775807))
Edge(494925,410224,(3,9223372036854775807))
Edge(494954,329722,(1,9223372036854775807))
Edge(494969,361176,(1,3))
Edge(495197,224046,(3,9223372036854775807))
Edge(495326,108391,(1,3))
Edge(496040,100226,(1,9223372036854775807))
Edge(496165,296297,(3,9223372036854775807))
Edge(496261,79821,(3,9223372036854775807))
Edge(496479,202563,(1,9223372036854775807))
Edge(496864,389371,(3,9223372036854775807))
Edge(497398,215997,(3,9223372036854775807))
Edge(498092,133802,(4,9223372036854775807))
Edge(498578,335532,(3,9223372036854775807))
Edge(498661,324003,(1,9223372036854775807))
Edge(499041,253894,(3,9223372036854775807))
Edge(499285,351987,(1,9223372036854775807))
Edge(499883,108435,(3,9223372036854775807))
