Edge(230,440130,(3,9223372036854775807))
Edge(611,421789,(3,9223372036854775807))
Edge(841,232602,(3,9223372036854775807))
Edge(1241,112943,(3,9223372036854775807))
Edge(1563,191886,(3,9223372036854775807))
Edge(1885,173083,(3,9223372036854775807))
Edge(2290,478469,(3,9223372036854775807))
Edge(2350,63055,(3,9223372036854775807))
Edge(2539,254985,(3,9223372036854775807))
Edge(2582,258897,(3,9223372036854775807))
Edge(3393,384268,(3,9223372036854775807))
Edge(3543,118550,(3,9223372036854775807))
Edge(3825,145694,(3,9223372036854775807))
Edge(3843,481079,(3,9223372036854775807))
Edge(3971,374381,(3,9223372036854775807))
Edge(4134,421060,(3,9223372036854775807))
Edge(4187,75300,(1,3))
Edge(4274,435082,(1,3))
Edge(4856,330405,(3,9223372036854775807))
Edge(5238,209691,(3,9223372036854775807))
Edge(6322,195478,(3,9223372036854775807))
Edge(6354,5636,(3,9223372036854775807))
Edge(6909,26689,(3,9223372036854775807))
Edge(6915,104074,(3,9223372036854775807))
Edge(7365,475718,(3,9223372036854775807))
Edge(7696,478106,(1,9223372036854775807))
Edge(7784,443098,(3,9223372036854775807))
Edge(8911,423498,(1,9223372036854775807))
Edge(9659,427565,(1,9223372036854775807))
Edge(10015,353974,(3,9223372036854775807))
Edge(10089,186248,(3,9223372036854775807))
Edge(10121,126270,(3,9223372036854775807))
Edge(10140,388290,(3,9223372036854775807))
Edge(10364,274184,(3,9223372036854775807))
Edge(10497,322248,(3,9223372036854775807))
Edge(10570,73297,(3,9223372036854775807))
Edge(10687,304383,(1,9223372036854775807))
Edge(10723,140835,(3,9223372036854775807))
Edge(11616,425151,(1,3))
Edge(12294,260862,(3,9223372036854775807))
Edge(12369,403825,(3,9223372036854775807))
Edge(12973,179434,(3,9223372036854775807))
Edge(12975,297186,(1,9223372036854775807))
Edge(13908,330133,(3,9223372036854775807))
Edge(14123,475060,(3,9223372036854775807))
Edge(14291,381460,(3,9223372036854775807))
Edge(14488,86567,(1,3))
Edge(14735,39556,(3,9223372036854775807))
Edge(15417,226854,(3,9223372036854775807))
Edge(15424,379095,(3,9223372036854775807))
Edge(15628,429403,(3,9223372036854775807))
Edge(15631,257966,(1,9223372036854775807))
Edge(15700,373211,(3,9223372036854775807))
Edge(15776,368251,(1,9223372036854775807))
Edge(15795,24332,(3,9223372036854775807))
Edge(15957,256004,(3,9223372036854775807))
Edge(16228,40119,(3,9223372036854775807))
Edge(16337,310136,(3,9223372036854775807))
Edge(16405,457047,(3,9223372036854775807))
Edge(16421,432965,(3,9223372036854775807))
Edge(16564,169634,(3,9223372036854775807))
Edge(16831,335705,(3,9223372036854775807))
Edge(17235,269455,(1,3))
Edge(17497,443802,(1,9223372036854775807))
Edge(17689,434947,(3,9223372036854775807))
Edge(18395,333621,(3,9223372036854775807))
Edge(18970,392091,(3,9223372036854775807))
Edge(19305,178497,(3,9223372036854775807))
Edge(19389,252413,(3,9223372036854775807))
Edge(19781,437277,(3,9223372036854775807))
Edge(19797,277987,(3,9223372036854775807))
Edge(20024,219184,(3,9223372036854775807))
Edge(20149,132058,(3,9223372036854775807))
Edge(20179,287929,(3,9223372036854775807))
Edge(20496,402056,(3,9223372036854775807))
Edge(20821,447329,(3,9223372036854775807))
Edge(20887,383339,(3,9223372036854775807))
Edge(20964,118844,(3,9223372036854775807))
Edge(21602,84453,(3,9223372036854775807))
Edge(21803,160384,(3,9223372036854775807))
Edge(22332,39089,(3,9223372036854775807))
Edge(22382,7681,(3,9223372036854775807))
Edge(23264,321851,(3,9223372036854775807))
Edge(23312,34560,(3,9223372036854775807))
Edge(23544,120781,(3,9223372036854775807))
Edge(23845,44326,(3,9223372036854775807))
Edge(25514,378016,(3,9223372036854775807))
Edge(25802,343616,(3,9223372036854775807))
Edge(25860,414702,(3,9223372036854775807))
Edge(26351,327895,(3,9223372036854775807))
Edge(26367,21547,(3,9223372036854775807))
Edge(27091,44325,(3,9223372036854775807))
Edge(27460,399259,(3,9223372036854775807))
Edge(27515,318488,(3,9223372036854775807))
Edge(27990,229552,(1,3))
Edge(28039,392575,(3,9223372036854775807))
Edge(28381,6345,(3,9223372036854775807))
Edge(28682,114567,(3,9223372036854775807))
Edge(28834,183965,(3,9223372036854775807))
Edge(29182,196091,(3,9223372036854775807))
Edge(29633,13473,(3,9223372036854775807))
Edge(29866,399573,(3,9223372036854775807))
Edge(30107,350471,(3,9223372036854775807))
Edge(30677,212141,(3,9223372036854775807))
Edge(30691,342935,(3,9223372036854775807))
Edge(30738,207418,(3,9223372036854775807))
Edge(31306,213965,(3,9223372036854775807))
Edge(31329,64061,(3,9223372036854775807))
Edge(31457,206926,(3,9223372036854775807))
Edge(32084,292918,(3,9223372036854775807))
Edge(32490,473299,(3,9223372036854775807))
Edge(32826,457096,(1,9223372036854775807))
Edge(33267,27931,(1,3))
Edge(33672,323537,(3,9223372036854775807))
Edge(33854,406509,(1,9223372036854775807))
Edge(34000,455990,(3,9223372036854775807))
Edge(35131,395235,(1,3))
Edge(35245,2305,(3,9223372036854775807))
Edge(35450,239313,(3,9223372036854775807))
Edge(35527,381833,(1,9223372036854775807))
Edge(35816,150775,(3,9223372036854775807))
Edge(36791,477008,(3,9223372036854775807))
Edge(37725,90656,(3,9223372036854775807))
Edge(38118,81259,(3,9223372036854775807))
Edge(38552,314993,(3,9223372036854775807))
Edge(38919,368031,(3,9223372036854775807))
Edge(39163,205173,(3,9223372036854775807))
Edge(39207,365263,(1,3))
Edge(39291,263344,(3,9223372036854775807))
Edge(39731,399541,(3,9223372036854775807))
Edge(40108,73938,(1,9223372036854775807))
Edge(40558,45086,(3,9223372036854775807))
Edge(41094,236598,(3,9223372036854775807))
Edge(41094,483599,(3,9223372036854775807))
Edge(41316,6591,(1,9223372036854775807))
Edge(41957,162665,(3,9223372036854775807))
Edge(42825,186065,(3,9223372036854775807))
Edge(43108,332212,(3,9223372036854775807))
Edge(43466,457826,(3,9223372036854775807))
Edge(43527,290282,(3,9223372036854775807))
Edge(43555,417166,(3,9223372036854775807))
Edge(43852,32254,(3,9223372036854775807))
Edge(43977,134273,(3,9223372036854775807))
Edge(44337,51634,(3,9223372036854775807))
Edge(46487,496553,(3,9223372036854775807))
Edge(46549,227492,(3,9223372036854775807))
Edge(48028,412905,(3,9223372036854775807))
Edge(48701,357809,(3,9223372036854775807))
Edge(48817,303438,(3,9223372036854775807))
Edge(48918,187879,(3,9223372036854775807))
Edge(49059,417904,(3,9223372036854775807))
Edge(50172,277546,(3,9223372036854775807))
Edge(51081,325421,(3,9223372036854775807))
Edge(51315,111013,(1,3))
Edge(52032,315557,(3,9223372036854775807))
Edge(52345,270170,(1,9223372036854775807))
Edge(52548,150996,(1,9223372036854775807))
Edge(52723,110042,(3,9223372036854775807))
Edge(52937,499859,(3,9223372036854775807))
Edge(53528,166916,(3,9223372036854775807))
Edge(53731,372661,(3,9223372036854775807))
Edge(54348,17925,(3,9223372036854775807))
Edge(54784,69460,(3,9223372036854775807))
Edge(55128,429018,(3,9223372036854775807))
Edge(55705,181872,(3,9223372036854775807))
Edge(55997,472629,(3,9223372036854775807))
Edge(56004,102631,(3,9223372036854775807))
Edge(56113,393084,(3,9223372036854775807))
Edge(56426,201605,(3,9223372036854775807))
Edge(56826,420266,(3,9223372036854775807))
Edge(57228,217288,(1,9223372036854775807))
Edge(57608,27001,(1,3))
Edge(58369,477138,(4,9223372036854775807))
Edge(58557,154420,(3,9223372036854775807))
Edge(58704,438720,(3,9223372036854775807))
Edge(58737,449372,(4,9223372036854775807))
Edge(59399,12106,(3,9223372036854775807))
Edge(59445,23423,(3,9223372036854775807))
Edge(59733,235830,(1,2))
Edge(59824,125481,(1,9223372036854775807))
Edge(60221,337484,(3,9223372036854775807))
Edge(61076,358700,(3,9223372036854775807))
Edge(61323,215142,(3,9223372036854775807))
Edge(61708,457151,(3,9223372036854775807))
Edge(61825,419319,(3,9223372036854775807))
Edge(62328,17479,(3,9223372036854775807))
Edge(62442,190606,(3,9223372036854775807))
Edge(63097,116539,(3,9223372036854775807))
Edge(63539,402837,(3,9223372036854775807))
Edge(63553,119651,(3,9223372036854775807))
Edge(63972,404076,(3,9223372036854775807))
Edge(64566,259731,(3,9223372036854775807))
Edge(65328,99800,(1,9223372036854775807))
Edge(65358,291564,(3,9223372036854775807))
Edge(66270,439858,(3,9223372036854775807))
Edge(66506,280434,(3,9223372036854775807))
Edge(66724,415659,(3,9223372036854775807))
Edge(67076,190576,(3,9223372036854775807))
Edge(67106,10994,(3,9223372036854775807))
Edge(67227,228040,(3,9223372036854775807))
Edge(67516,401183,(1,9223372036854775807))
Edge(67759,481382,(3,9223372036854775807))
Edge(67795,319095,(4,9223372036854775807))
Edge(67898,356622,(3,9223372036854775807))
Edge(68214,402835,(1,9223372036854775807))
Edge(69363,3196,(3,9223372036854775807))
Edge(69394,135796,(3,9223372036854775807))
Edge(69825,96236,(1,9223372036854775807))
Edge(70258,390202,(1,9223372036854775807))
Edge(70329,458826,(3,9223372036854775807))
Edge(70587,221246,(1,3))
Edge(70812,86026,(3,9223372036854775807))
Edge(71340,334956,(3,9223372036854775807))
Edge(71668,473144,(3,9223372036854775807))
Edge(71695,263842,(3,9223372036854775807))
Edge(71939,280353,(3,9223372036854775807))
Edge(72809,23547,(1,3))
Edge(72879,141192,(3,9223372036854775807))
Edge(73281,449863,(3,9223372036854775807))
Edge(73734,350936,(3,9223372036854775807))
Edge(73779,407174,(3,9223372036854775807))
Edge(74950,446088,(3,9223372036854775807))
Edge(74978,53928,(3,9223372036854775807))
Edge(74996,205160,(3,9223372036854775807))
Edge(74997,349115,(1,3))
Edge(76112,333434,(3,9223372036854775807))
Edge(76148,260010,(3,9223372036854775807))
Edge(76280,24249,(3,9223372036854775807))
Edge(76573,134168,(3,9223372036854775807))
Edge(76987,17011,(3,9223372036854775807))
Edge(77029,187137,(3,9223372036854775807))
Edge(77459,335577,(3,9223372036854775807))
Edge(78072,349534,(3,9223372036854775807))
Edge(78340,102410,(3,9223372036854775807))
Edge(78357,92348,(3,9223372036854775807))
Edge(78393,456230,(3,9223372036854775807))
Edge(78644,9561,(3,9223372036854775807))
Edge(78798,69219,(1,9223372036854775807))
Edge(79188,150508,(1,9223372036854775807))
Edge(79558,372957,(3,9223372036854775807))
Edge(79639,443762,(3,9223372036854775807))
Edge(79739,208043,(3,9223372036854775807))
Edge(80100,5880,(3,9223372036854775807))
Edge(80143,93037,(3,9223372036854775807))
Edge(80898,286221,(3,9223372036854775807))
Edge(81065,403160,(3,9223372036854775807))
Edge(81333,114180,(3,9223372036854775807))
Edge(81512,334409,(4,9223372036854775807))
Edge(81529,261000,(3,9223372036854775807))
Edge(81858,14177,(3,9223372036854775807))
Edge(82309,252518,(3,9223372036854775807))
Edge(82493,368151,(3,9223372036854775807))
Edge(82931,155894,(3,9223372036854775807))
Edge(83725,427213,(3,9223372036854775807))
Edge(83883,29087,(3,9223372036854775807))
Edge(83933,407538,(3,9223372036854775807))
Edge(84414,257794,(3,9223372036854775807))
Edge(84610,338874,(1,9223372036854775807))
Edge(84693,427810,(3,9223372036854775807))
Edge(84904,207731,(3,9223372036854775807))
Edge(85184,316144,(3,9223372036854775807))
Edge(85387,128233,(3,9223372036854775807))
Edge(85804,60083,(3,9223372036854775807))
Edge(86076,321782,(3,9223372036854775807))
Edge(86399,43748,(1,9223372036854775807))
Edge(86526,397060,(1,9223372036854775807))
Edge(87079,133780,(3,9223372036854775807))
Edge(87331,78479,(3,9223372036854775807))
Edge(87361,223656,(3,9223372036854775807))
Edge(87611,319971,(1,9223372036854775807))
Edge(88019,293990,(3,9223372036854775807))
Edge(88257,141226,(3,9223372036854775807))
Edge(88583,160543,(3,9223372036854775807))
Edge(88603,20878,(3,9223372036854775807))
Edge(88612,193492,(3,9223372036854775807))
Edge(89129,52398,(3,9223372036854775807))
Edge(89302,427593,(1,9223372036854775807))
Edge(89919,394452,(3,9223372036854775807))
Edge(90013,67889,(1,9223372036854775807))
Edge(90192,473566,(3,9223372036854775807))
Edge(90448,111139,(3,9223372036854775807))
Edge(90521,40606,(1,9223372036854775807))
Edge(91621,400430,(3,9223372036854775807))
Edge(91731,39473,(1,3))
Edge(92536,259814,(3,9223372036854775807))
Edge(92901,137512,(1,3))
Edge(93028,143097,(3,9223372036854775807))
Edge(93574,130598,(3,9223372036854775807))
Edge(93578,458389,(3,9223372036854775807))
Edge(93779,417951,(3,9223372036854775807))
Edge(93940,329562,(1,3))
Edge(94099,278573,(3,9223372036854775807))
Edge(94232,454384,(3,9223372036854775807))
Edge(94455,247091,(3,9223372036854775807))
Edge(95019,15731,(3,9223372036854775807))
Edge(95316,496363,(3,9223372036854775807))
Edge(97032,252550,(3,9223372036854775807))
Edge(97158,401420,(3,9223372036854775807))
Edge(97488,406057,(3,9223372036854775807))
Edge(97685,49636,(3,9223372036854775807))
Edge(97712,219100,(3,9223372036854775807))
Edge(97908,126250,(3,9223372036854775807))
Edge(98274,27089,(3,9223372036854775807))
Edge(98531,471907,(3,9223372036854775807))
Edge(98539,175067,(3,9223372036854775807))
Edge(99170,259509,(3,9223372036854775807))
Edge(99791,138561,(3,9223372036854775807))
Edge(99905,466946,(3,9223372036854775807))
Edge(100173,381794,(3,9223372036854775807))
Edge(100523,455525,(3,9223372036854775807))
Edge(100616,229696,(3,9223372036854775807))
Edge(100708,154902,(1,9223372036854775807))
Edge(101335,362070,(3,9223372036854775807))
Edge(101526,474865,(3,9223372036854775807))
Edge(101829,142791,(3,9223372036854775807))
Edge(102270,7425,(3,9223372036854775807))
Edge(102586,175579,(3,9223372036854775807))
Edge(102702,450114,(3,9223372036854775807))
Edge(103009,376823,(3,9223372036854775807))
Edge(103097,328752,(3,9223372036854775807))
Edge(103158,344120,(3,9223372036854775807))
Edge(103299,306993,(3,9223372036854775807))
Edge(103898,174121,(1,9223372036854775807))
Edge(103916,236927,(3,9223372036854775807))
Edge(104262,397218,(3,9223372036854775807))
Edge(104373,458176,(3,9223372036854775807))
Edge(104606,111267,(3,9223372036854775807))
Edge(104680,83809,(1,9223372036854775807))
Edge(104801,233645,(3,9223372036854775807))
Edge(105183,115300,(3,9223372036854775807))
Edge(105472,263658,(3,9223372036854775807))
Edge(105490,185807,(3,9223372036854775807))
Edge(105779,427284,(1,3))
Edge(105849,305103,(3,9223372036854775807))
Edge(106121,141929,(3,9223372036854775807))
Edge(106390,125721,(3,9223372036854775807))
Edge(106405,133014,(3,9223372036854775807))
Edge(106691,428823,(3,9223372036854775807))
Edge(106726,35872,(3,9223372036854775807))
Edge(107653,147038,(1,3))
Edge(107858,458174,(3,9223372036854775807))
Edge(107910,13020,(3,9223372036854775807))
Edge(108813,250183,(1,3))
Edge(109500,416833,(3,9223372036854775807))
Edge(109648,257174,(1,9223372036854775807))
Edge(110506,412440,(3,9223372036854775807))
Edge(110567,21102,(1,9223372036854775807))
Edge(110828,234687,(1,2))
Edge(110985,207543,(3,9223372036854775807))
Edge(111515,315937,(1,3))
Edge(112047,330229,(1,9223372036854775807))
Edge(112205,381095,(3,9223372036854775807))
Edge(112254,237463,(3,9223372036854775807))
Edge(112931,383968,(1,9223372036854775807))
Edge(112985,366868,(3,9223372036854775807))
Edge(113407,321905,(3,9223372036854775807))
Edge(113526,411654,(1,9223372036854775807))
Edge(113802,221868,(3,9223372036854775807))
Edge(114130,65505,(3,9223372036854775807))
Edge(114299,186746,(3,9223372036854775807))
Edge(114310,16517,(3,9223372036854775807))
Edge(114796,241811,(3,9223372036854775807))
Edge(115090,237066,(1,3))
Edge(115154,491229,(3,9223372036854775807))
Edge(116171,80925,(3,9223372036854775807))
Edge(116306,258259,(3,9223372036854775807))
Edge(116431,149219,(1,9223372036854775807))
Edge(116808,332968,(4,9223372036854775807))
Edge(117026,89647,(3,9223372036854775807))
Edge(117260,127258,(3,9223372036854775807))
Edge(117558,268096,(3,9223372036854775807))
Edge(117563,314505,(3,9223372036854775807))
Edge(117676,392968,(1,9223372036854775807))
Edge(117928,271445,(3,9223372036854775807))
Edge(118103,246963,(3,9223372036854775807))
Edge(118125,163684,(3,9223372036854775807))
Edge(118258,238311,(3,9223372036854775807))
Edge(119090,363685,(3,9223372036854775807))
Edge(119375,167195,(3,9223372036854775807))
Edge(119640,329339,(3,9223372036854775807))
Edge(119645,88225,(3,9223372036854775807))
Edge(119768,426963,(3,9223372036854775807))
Edge(120040,389454,(1,9223372036854775807))
Edge(120341,232228,(3,9223372036854775807))
Edge(120381,108804,(3,9223372036854775807))
Edge(120479,230175,(3,9223372036854775807))
Edge(120573,191221,(4,9223372036854775807))
Edge(120698,63522,(3,9223372036854775807))
Edge(120759,347150,(3,9223372036854775807))
Edge(121034,211284,(3,9223372036854775807))
Edge(121358,498130,(1,3))
Edge(121807,496481,(3,9223372036854775807))
Edge(122575,237412,(3,9223372036854775807))
Edge(122594,305804,(1,9223372036854775807))
Edge(122820,168904,(3,9223372036854775807))
Edge(122925,457780,(1,9223372036854775807))
Edge(123175,73965,(1,9223372036854775807))
Edge(123560,309339,(3,9223372036854775807))
Edge(123851,44463,(3,9223372036854775807))
Edge(123993,396551,(3,9223372036854775807))
Edge(124278,111874,(3,9223372036854775807))
Edge(125091,378079,(3,9223372036854775807))
Edge(125571,219430,(3,9223372036854775807))
Edge(125963,198458,(3,9223372036854775807))
Edge(127366,281344,(3,9223372036854775807))
Edge(127486,27694,(3,9223372036854775807))
Edge(127750,345504,(3,9223372036854775807))
Edge(127996,10659,(3,9223372036854775807))
Edge(128084,479088,(3,9223372036854775807))
Edge(128155,69062,(1,9223372036854775807))
Edge(128172,409187,(3,9223372036854775807))
Edge(128238,474853,(3,9223372036854775807))
Edge(128508,270019,(3,9223372036854775807))
Edge(129427,405937,(3,9223372036854775807))
Edge(129575,120274,(1,3))
Edge(129621,103224,(3,9223372036854775807))
Edge(130412,352982,(3,9223372036854775807))
Edge(130555,90648,(3,9223372036854775807))
Edge(130896,104835,(3,9223372036854775807))
Edge(130938,95975,(3,9223372036854775807))
Edge(131272,162324,(3,9223372036854775807))
Edge(131377,95989,(3,9223372036854775807))
Edge(132027,178433,(3,9223372036854775807))
Edge(132611,487674,(3,9223372036854775807))
Edge(132991,233693,(3,9223372036854775807))
Edge(133210,495647,(3,9223372036854775807))
Edge(133553,422351,(3,9223372036854775807))
Edge(133759,459059,(3,9223372036854775807))
Edge(133973,227564,(3,9223372036854775807))
Edge(134293,448318,(3,9223372036854775807))
Edge(134928,427997,(3,9223372036854775807))
Edge(135085,285869,(3,9223372036854775807))
Edge(135098,46540,(3,9223372036854775807))
Edge(135509,97077,(3,9223372036854775807))
Edge(135518,374962,(3,9223372036854775807))
Edge(135625,262412,(3,9223372036854775807))
Edge(135645,206034,(3,9223372036854775807))
Edge(136020,450553,(3,9223372036854775807))
Edge(136284,182139,(3,9223372036854775807))
Edge(136542,479969,(3,9223372036854775807))
Edge(136635,320631,(3,9223372036854775807))
Edge(138320,293121,(3,9223372036854775807))
Edge(138561,466377,(1,3))
Edge(138973,478685,(3,9223372036854775807))
Edge(139954,335549,(3,9223372036854775807))
Edge(140244,24421,(1,9223372036854775807))
Edge(140263,338781,(3,9223372036854775807))
Edge(140408,434033,(3,9223372036854775807))
Edge(140414,312476,(3,9223372036854775807))
Edge(140668,332350,(3,9223372036854775807))
Edge(140789,10453,(3,9223372036854775807))
Edge(140825,441756,(1,3))
Edge(141109,344690,(3,9223372036854775807))
Edge(141251,23558,(3,9223372036854775807))
Edge(141765,445441,(3,9223372036854775807))
Edge(142020,402964,(3,9223372036854775807))
Edge(142229,143598,(3,9223372036854775807))
Edge(142897,21476,(3,9223372036854775807))
Edge(143167,203567,(1,3))
Edge(143378,101934,(3,9223372036854775807))
Edge(144434,154918,(3,9223372036854775807))
Edge(144796,169517,(3,9223372036854775807))
Edge(144829,164995,(1,9223372036854775807))
Edge(145071,315969,(3,9223372036854775807))
Edge(145168,452265,(3,9223372036854775807))
Edge(145338,129091,(3,9223372036854775807))
Edge(146146,422399,(1,9223372036854775807))
Edge(146392,116706,(3,9223372036854775807))
Edge(146601,92459,(3,9223372036854775807))
Edge(146828,192095,(3,9223372036854775807))
Edge(147112,159786,(3,9223372036854775807))
Edge(147318,339405,(3,9223372036854775807))
Edge(147607,412319,(3,9223372036854775807))
Edge(147650,298637,(3,9223372036854775807))
Edge(147964,5215,(3,9223372036854775807))
Edge(148320,400059,(1,9223372036854775807))
Edge(148462,465852,(1,9223372036854775807))
Edge(148468,34880,(3,9223372036854775807))
Edge(148705,499665,(3,9223372036854775807))
Edge(148710,432985,(3,9223372036854775807))
Edge(148785,332847,(3,9223372036854775807))
Edge(149059,80022,(1,9223372036854775807))
Edge(149218,96172,(3,9223372036854775807))
Edge(149775,499968,(3,9223372036854775807))
Edge(150628,169716,(3,9223372036854775807))
Edge(150764,320775,(1,3))
Edge(150778,135813,(3,9223372036854775807))
Edge(151035,124701,(3,9223372036854775807))
Edge(152141,249663,(3,9223372036854775807))
Edge(152362,331593,(3,9223372036854775807))
Edge(152462,468929,(3,9223372036854775807))
Edge(152560,364291,(3,9223372036854775807))
Edge(152665,240981,(1,9223372036854775807))
Edge(152858,199140,(3,9223372036854775807))
Edge(153225,322022,(3,9223372036854775807))
Edge(153234,428934,(3,9223372036854775807))
Edge(153247,138707,(3,9223372036854775807))
Edge(153419,435957,(3,9223372036854775807))
Edge(153809,56190,(1,9223372036854775807))
Edge(154954,421764,(3,9223372036854775807))
Edge(155160,48150,(3,9223372036854775807))
Edge(155409,487590,(3,9223372036854775807))
Edge(155539,48355,(1,3))
Edge(155556,457850,(3,9223372036854775807))
Edge(156356,289592,(3,9223372036854775807))
Edge(156480,172375,(3,9223372036854775807))
Edge(156554,144551,(3,9223372036854775807))
Edge(156737,120961,(3,9223372036854775807))
Edge(156845,200471,(3,9223372036854775807))
Edge(157189,180258,(3,9223372036854775807))
Edge(158167,432798,(3,9223372036854775807))
Edge(158744,427831,(3,9223372036854775807))
Edge(159316,99218,(3,9223372036854775807))
Edge(159513,35598,(3,9223372036854775807))
Edge(160013,226985,(3,9223372036854775807))
Edge(160059,403917,(1,9223372036854775807))
Edge(160985,162309,(3,9223372036854775807))
Edge(161020,71490,(1,9223372036854775807))
Edge(161506,149448,(3,9223372036854775807))
Edge(162094,456951,(3,9223372036854775807))
Edge(162274,144956,(3,9223372036854775807))
Edge(162391,243726,(3,9223372036854775807))
Edge(162776,228780,(3,9223372036854775807))
Edge(162921,283960,(3,9223372036854775807))
Edge(162956,181743,(3,9223372036854775807))
Edge(163455,389610,(3,9223372036854775807))
Edge(163484,126043,(1,3))
Edge(163907,27586,(3,9223372036854775807))
Edge(163951,149653,(3,9223372036854775807))
Edge(164116,311740,(1,9223372036854775807))
Edge(164144,471241,(3,9223372036854775807))
Edge(164754,245824,(1,3))
Edge(164852,44674,(3,9223372036854775807))
Edge(164993,88930,(3,9223372036854775807))
Edge(165630,261146,(1,9223372036854775807))
Edge(165639,153765,(3,9223372036854775807))
Edge(166456,228107,(3,9223372036854775807))
Edge(166478,24649,(3,9223372036854775807))
Edge(166798,209807,(3,9223372036854775807))
Edge(167035,64738,(3,9223372036854775807))
Edge(167123,334983,(3,9223372036854775807))
Edge(167362,487769,(3,9223372036854775807))
Edge(167415,174284,(3,9223372036854775807))
Edge(167827,423110,(3,9223372036854775807))
Edge(168009,381866,(3,9223372036854775807))
Edge(168083,468659,(3,9223372036854775807))
Edge(168118,235042,(1,9223372036854775807))
Edge(168595,451460,(1,3))
Edge(169011,167603,(3,9223372036854775807))
Edge(169024,91543,(3,9223372036854775807))
Edge(169560,429574,(3,9223372036854775807))
Edge(169655,35693,(3,9223372036854775807))
Edge(169749,457402,(3,9223372036854775807))
Edge(169779,466065,(3,9223372036854775807))
Edge(169992,3832,(1,9223372036854775807))
Edge(170670,154921,(3,9223372036854775807))
Edge(171077,343488,(3,9223372036854775807))
Edge(171214,278187,(3,9223372036854775807))
Edge(171459,421407,(3,9223372036854775807))
Edge(171998,415505,(3,9223372036854775807))
Edge(172196,86344,(3,9223372036854775807))
Edge(172351,447689,(3,9223372036854775807))
Edge(172376,485449,(3,9223372036854775807))
Edge(172476,26600,(1,9223372036854775807))
Edge(172539,150854,(3,9223372036854775807))
Edge(172617,98067,(3,9223372036854775807))
Edge(172697,95455,(3,9223372036854775807))
Edge(173397,430954,(3,9223372036854775807))
Edge(173482,135850,(3,9223372036854775807))
Edge(173753,469809,(3,9223372036854775807))
Edge(174337,158208,(3,9223372036854775807))
Edge(174941,374044,(3,9223372036854775807))
Edge(175168,116444,(3,9223372036854775807))
Edge(175281,404162,(1,3))
Edge(176833,98965,(3,9223372036854775807))
Edge(177623,59093,(3,9223372036854775807))
Edge(177698,242727,(3,9223372036854775807))
Edge(177774,493989,(3,9223372036854775807))
Edge(177782,194176,(3,9223372036854775807))
Edge(177844,254584,(3,9223372036854775807))
Edge(177866,408241,(3,9223372036854775807))
Edge(177943,9526,(3,9223372036854775807))
Edge(178156,322622,(3,9223372036854775807))
Edge(178247,272277,(3,9223372036854775807))
Edge(178507,335427,(3,9223372036854775807))
Edge(180322,169636,(1,3))
Edge(180322,341299,(3,9223372036854775807))
Edge(180354,489295,(3,9223372036854775807))
Edge(180399,444091,(1,9223372036854775807))
Edge(180517,192026,(3,9223372036854775807))
Edge(180614,310796,(3,9223372036854775807))
Edge(181298,447313,(3,9223372036854775807))
Edge(181371,492817,(3,9223372036854775807))
Edge(182465,19460,(3,9223372036854775807))
Edge(182551,410619,(3,9223372036854775807))
Edge(182622,459684,(3,9223372036854775807))
Edge(182667,274509,(3,9223372036854775807))
Edge(183247,12749,(3,9223372036854775807))
Edge(184355,320406,(3,9223372036854775807))
Edge(184669,292095,(3,9223372036854775807))
Edge(185858,58184,(3,9223372036854775807))
Edge(185950,354284,(1,3))
Edge(186085,381672,(3,9223372036854775807))
Edge(186203,177315,(3,9223372036854775807))
Edge(186307,219821,(3,9223372036854775807))
Edge(186409,440802,(3,9223372036854775807))
Edge(187035,496373,(3,9223372036854775807))
Edge(187579,43263,(3,9223372036854775807))
Edge(187687,446894,(3,9223372036854775807))
Edge(188003,488548,(3,9223372036854775807))
Edge(188708,49820,(3,9223372036854775807))
Edge(188897,193200,(1,9223372036854775807))
Edge(189210,474455,(3,9223372036854775807))
Edge(189322,199938,(3,9223372036854775807))
Edge(189363,475429,(3,9223372036854775807))
Edge(190062,173698,(3,9223372036854775807))
Edge(190154,27805,(3,9223372036854775807))
Edge(190222,33655,(1,9223372036854775807))
Edge(190590,290209,(1,3))
Edge(191043,28219,(3,9223372036854775807))
Edge(191353,293394,(3,9223372036854775807))
Edge(191462,135254,(3,9223372036854775807))
Edge(191614,276793,(3,9223372036854775807))
Edge(191628,319233,(3,9223372036854775807))
Edge(191865,123354,(3,9223372036854775807))
Edge(192549,42929,(3,9223372036854775807))
Edge(193751,184770,(3,9223372036854775807))
Edge(194614,156209,(3,9223372036854775807))
Edge(194965,382051,(1,9223372036854775807))
Edge(195237,447235,(3,9223372036854775807))
Edge(195848,496098,(3,9223372036854775807))
Edge(196153,322694,(3,9223372036854775807))
Edge(196531,239418,(3,9223372036854775807))
Edge(196879,109707,(1,9223372036854775807))
Edge(196924,11616,(3,9223372036854775807))
Edge(197112,105848,(3,9223372036854775807))
Edge(198055,495256,(1,9223372036854775807))
Edge(198255,467436,(3,9223372036854775807))
Edge(198342,210382,(3,9223372036854775807))
Edge(198352,242732,(3,9223372036854775807))
Edge(198708,265138,(1,9223372036854775807))
Edge(199342,248487,(3,9223372036854775807))
Edge(199619,391103,(1,3))
Edge(199864,62388,(3,9223372036854775807))
Edge(200095,463131,(3,9223372036854775807))
Edge(201125,68646,(1,9223372036854775807))
Edge(201342,19765,(3,9223372036854775807))
Edge(201371,13234,(3,9223372036854775807))
Edge(201395,175382,(3,9223372036854775807))
Edge(202058,46920,(3,9223372036854775807))
Edge(202274,329710,(3,9223372036854775807))
Edge(202878,366904,(1,3))
Edge(203083,404283,(3,9223372036854775807))
Edge(203197,22507,(1,9223372036854775807))
Edge(203286,112641,(3,9223372036854775807))
Edge(203400,240613,(3,9223372036854775807))
Edge(203449,366051,(3,9223372036854775807))
Edge(203498,443848,(3,9223372036854775807))
Edge(203598,181194,(3,9223372036854775807))
Edge(203820,181120,(3,9223372036854775807))
Edge(203830,148489,(3,9223372036854775807))
Edge(204055,111867,(1,9223372036854775807))
Edge(204092,1967,(3,9223372036854775807))
Edge(204097,128206,(1,3))
Edge(204617,483709,(3,9223372036854775807))
Edge(204867,218871,(3,9223372036854775807))
Edge(205064,388415,(3,9223372036854775807))
Edge(205493,415120,(3,9223372036854775807))
Edge(206035,470005,(1,3))
Edge(206152,313685,(3,9223372036854775807))
Edge(206780,253477,(3,9223372036854775807))
Edge(207174,140676,(3,9223372036854775807))
Edge(207404,13101,(3,9223372036854775807))
Edge(207636,67289,(3,9223372036854775807))
Edge(208335,477050,(1,3))
Edge(208845,2910,(3,9223372036854775807))
Edge(209014,44560,(3,9223372036854775807))
Edge(209582,340564,(3,9223372036854775807))
Edge(209633,101034,(1,3))
Edge(209817,295591,(3,9223372036854775807))
Edge(210173,270868,(3,9223372036854775807))
Edge(210314,497062,(3,9223372036854775807))
Edge(210828,283326,(3,9223372036854775807))
Edge(210857,266551,(3,9223372036854775807))
Edge(211777,114762,(1,9223372036854775807))
Edge(211862,466684,(3,9223372036854775807))
Edge(212022,212797,(1,3))
Edge(212113,455118,(3,9223372036854775807))
Edge(212343,191989,(3,9223372036854775807))
Edge(212577,151989,(3,9223372036854775807))
Edge(212737,18041,(3,9223372036854775807))
Edge(213078,294455,(3,9223372036854775807))
Edge(213109,177039,(3,9223372036854775807))
Edge(213243,61358,(3,9223372036854775807))
Edge(213640,209279,(3,9223372036854775807))
Edge(214327,225541,(3,9223372036854775807))
Edge(214460,89871,(1,3))
Edge(214604,45246,(3,9223372036854775807))
Edge(215030,380051,(3,9223372036854775807))
Edge(215041,36162,(3,9223372036854775807))
Edge(215177,195154,(1,9223372036854775807))
Edge(216105,148486,(3,9223372036854775807))
Edge(216830,488484,(3,9223372036854775807))
Edge(216894,20723,(3,9223372036854775807))
Edge(216996,430673,(3,9223372036854775807))
Edge(217216,481720,(3,9223372036854775807))
Edge(217651,360719,(1,3))
Edge(217999,99660,(3,9223372036854775807))
Edge(218121,23294,(3,9223372036854775807))
Edge(218185,86719,(3,9223372036854775807))
Edge(218493,357425,(3,9223372036854775807))
Edge(218554,185094,(3,9223372036854775807))
Edge(218639,460750,(1,3))
Edge(218744,173412,(3,9223372036854775807))
Edge(218983,202556,(3,9223372036854775807))
Edge(219218,38061,(1,3))
Edge(219331,228621,(3,9223372036854775807))
Edge(220936,250677,(1,9223372036854775807))
Edge(220942,451973,(3,9223372036854775807))
Edge(222014,159738,(3,9223372036854775807))
Edge(222343,381129,(3,9223372036854775807))
Edge(222602,101069,(3,9223372036854775807))
Edge(223192,218030,(1,3))
Edge(223458,436506,(3,9223372036854775807))
Edge(223632,448754,(3,9223372036854775807))
Edge(223807,71067,(1,9223372036854775807))
Edge(223980,353881,(1,9223372036854775807))
Edge(224294,373512,(3,9223372036854775807))
Edge(224555,130512,(3,9223372036854775807))
Edge(224604,294860,(3,9223372036854775807))
Edge(225048,354069,(3,9223372036854775807))
Edge(225181,486198,(3,9223372036854775807))
Edge(225353,47375,(3,9223372036854775807))
Edge(225611,124781,(3,9223372036854775807))
Edge(225623,315153,(3,9223372036854775807))
Edge(225709,186360,(3,9223372036854775807))
Edge(226313,383672,(1,9223372036854775807))
Edge(226721,191318,(1,9223372036854775807))
Edge(226772,105931,(3,9223372036854775807))
Edge(226963,38441,(3,9223372036854775807))
Edge(227343,331767,(3,9223372036854775807))
Edge(227603,122687,(3,9223372036854775807))
Edge(227858,102734,(1,9223372036854775807))
Edge(228287,61639,(3,9223372036854775807))
Edge(228795,128035,(3,9223372036854775807))
Edge(228837,188513,(3,9223372036854775807))
Edge(228853,360004,(3,9223372036854775807))
Edge(229186,413267,(3,9223372036854775807))
Edge(229332,478426,(3,9223372036854775807))
Edge(229442,249015,(3,9223372036854775807))
Edge(229491,224846,(1,9223372036854775807))
Edge(229928,168023,(3,9223372036854775807))
Edge(230533,28504,(3,9223372036854775807))
Edge(230604,378559,(3,9223372036854775807))
Edge(231006,133826,(1,3))
Edge(231015,204388,(3,9223372036854775807))
Edge(231379,492667,(1,9223372036854775807))
Edge(231773,141044,(3,9223372036854775807))
Edge(232030,9670,(3,9223372036854775807))
Edge(232077,247440,(3,9223372036854775807))
Edge(232445,155214,(3,9223372036854775807))
Edge(232649,427316,(3,9223372036854775807))
Edge(232821,411590,(3,9223372036854775807))
Edge(232961,229854,(3,9223372036854775807))
Edge(232974,443354,(3,9223372036854775807))
Edge(233430,190707,(3,9223372036854775807))
Edge(233632,396395,(3,9223372036854775807))
Edge(233881,202246,(3,9223372036854775807))
Edge(234162,65249,(3,9223372036854775807))
Edge(234427,192894,(3,9223372036854775807))
Edge(234633,88865,(3,9223372036854775807))
Edge(235065,367463,(3,9223372036854775807))
Edge(236107,291877,(3,9223372036854775807))
Edge(236107,340755,(3,9223372036854775807))
Edge(236205,183167,(1,9223372036854775807))
Edge(236622,69902,(1,9223372036854775807))
Edge(236894,458445,(3,9223372036854775807))
Edge(237307,287749,(1,9223372036854775807))
Edge(238004,332260,(3,9223372036854775807))
Edge(238153,160324,(3,9223372036854775807))
Edge(238534,46703,(3,9223372036854775807))
Edge(239685,93457,(3,9223372036854775807))
Edge(239716,18999,(3,9223372036854775807))
Edge(239810,178577,(3,9223372036854775807))
Edge(239901,169567,(1,3))
Edge(240172,260234,(3,9223372036854775807))
Edge(240315,19820,(3,9223372036854775807))
Edge(240403,92246,(3,9223372036854775807))
Edge(240602,249123,(3,9223372036854775807))
Edge(240752,174713,(3,9223372036854775807))
Edge(240783,37034,(1,3))
Edge(242306,250217,(4,9223372036854775807))
Edge(242326,420203,(3,9223372036854775807))
Edge(242728,349156,(3,9223372036854775807))
Edge(243186,4745,(3,9223372036854775807))
Edge(243502,395894,(3,9223372036854775807))
Edge(243919,406775,(1,3))
Edge(243987,343637,(3,9223372036854775807))
Edge(244029,313793,(3,9223372036854775807))
Edge(245403,363332,(3,9223372036854775807))
Edge(246103,271203,(1,9223372036854775807))
Edge(246164,139666,(3,9223372036854775807))
Edge(246593,201539,(3,9223372036854775807))
Edge(246685,472929,(3,9223372036854775807))
Edge(246743,303953,(3,9223372036854775807))
Edge(246799,358481,(3,9223372036854775807))
Edge(246963,352338,(3,9223372036854775807))
Edge(247262,80987,(1,9223372036854775807))
Edge(247340,297945,(3,9223372036854775807))
Edge(247344,272881,(1,9223372036854775807))
Edge(247789,254162,(3,9223372036854775807))
Edge(248688,462007,(3,9223372036854775807))
Edge(249889,395065,(3,9223372036854775807))
Edge(249902,473728,(3,9223372036854775807))
Edge(249922,410180,(3,9223372036854775807))
Edge(250136,298598,(3,9223372036854775807))
Edge(250162,66250,(3,9223372036854775807))
Edge(250426,474788,(3,9223372036854775807))
Edge(250934,378395,(3,9223372036854775807))
Edge(251044,403220,(3,9223372036854775807))
Edge(251643,65503,(3,9223372036854775807))
Edge(251734,166677,(3,9223372036854775807))
Edge(251921,254925,(3,9223372036854775807))
Edge(252194,349038,(3,9223372036854775807))
Edge(252492,255874,(3,9223372036854775807))
Edge(252497,31831,(4,9223372036854775807))
Edge(252805,208726,(3,9223372036854775807))
Edge(253311,40581,(3,9223372036854775807))
Edge(253549,427857,(1,9223372036854775807))
Edge(253708,437547,(3,9223372036854775807))
Edge(254609,16375,(3,9223372036854775807))
Edge(254641,359184,(3,9223372036854775807))
Edge(255108,271644,(1,9223372036854775807))
Edge(255598,459649,(3,9223372036854775807))
Edge(255638,400711,(3,9223372036854775807))
Edge(255692,383233,(3,9223372036854775807))
Edge(255812,369169,(3,9223372036854775807))
Edge(256096,115195,(3,9223372036854775807))
Edge(256131,262102,(3,9223372036854775807))
Edge(256395,166030,(3,9223372036854775807))
Edge(257096,207359,(3,9223372036854775807))
Edge(257435,335473,(3,9223372036854775807))
Edge(257513,220010,(3,9223372036854775807))
Edge(257540,106549,(3,9223372036854775807))
Edge(257849,26325,(3,9223372036854775807))
Edge(258243,248674,(3,9223372036854775807))
Edge(259576,488612,(3,9223372036854775807))
Edge(259821,389748,(3,9223372036854775807))
Edge(260226,97397,(3,9223372036854775807))
Edge(260267,458971,(3,9223372036854775807))
Edge(260738,82024,(3,9223372036854775807))
Edge(260888,371297,(3,9223372036854775807))
Edge(260915,256384,(1,3))
Edge(261258,377745,(3,9223372036854775807))
Edge(261885,119652,(3,9223372036854775807))
Edge(261987,169746,(1,9223372036854775807))
Edge(262284,331787,(1,9223372036854775807))
Edge(262444,211877,(3,9223372036854775807))
Edge(262680,159368,(1,9223372036854775807))
Edge(263363,275836,(3,9223372036854775807))
Edge(263733,304717,(4,9223372036854775807))
Edge(264002,355470,(3,9223372036854775807))
Edge(264117,21506,(3,9223372036854775807))
Edge(264384,442245,(1,9223372036854775807))
Edge(264620,154553,(3,9223372036854775807))
Edge(264787,43028,(3,9223372036854775807))
Edge(265116,105894,(1,3))
Edge(265190,189135,(1,9223372036854775807))
Edge(265217,202583,(3,9223372036854775807))
Edge(265395,482000,(3,9223372036854775807))
Edge(265622,333833,(3,9223372036854775807))
Edge(266292,68107,(3,9223372036854775807))
Edge(266450,105749,(3,9223372036854775807))
Edge(266532,113729,(3,9223372036854775807))
Edge(266589,430364,(3,9223372036854775807))
Edge(266763,427098,(1,9223372036854775807))
Edge(266792,499119,(1,9223372036854775807))
Edge(267430,419546,(3,9223372036854775807))
Edge(267514,425294,(1,3))
Edge(267842,261206,(1,3))
Edge(268852,290996,(3,9223372036854775807))
Edge(268894,496070,(3,9223372036854775807))
Edge(269296,66015,(3,9223372036854775807))
Edge(269459,98895,(3,9223372036854775807))
Edge(269746,148215,(3,9223372036854775807))
Edge(269807,432959,(3,9223372036854775807))
Edge(270295,274363,(3,9223372036854775807))
Edge(270759,386353,(3,9223372036854775807))
Edge(271701,304714,(3,9223372036854775807))
Edge(271708,202830,(3,9223372036854775807))
Edge(271876,364799,(3,9223372036854775807))
Edge(271960,184644,(3,9223372036854775807))
Edge(272179,203854,(3,9223372036854775807))
Edge(272596,298264,(3,9223372036854775807))
Edge(272719,352138,(3,9223372036854775807))
Edge(272765,301923,(3,9223372036854775807))
Edge(272826,46671,(3,9223372036854775807))
Edge(273074,171442,(3,9223372036854775807))
Edge(273188,181337,(3,9223372036854775807))
Edge(274274,149558,(3,9223372036854775807))
Edge(275879,64741,(3,9223372036854775807))
Edge(276080,199563,(3,9223372036854775807))
Edge(276266,132119,(3,9223372036854775807))
Edge(276439,330158,(3,9223372036854775807))
Edge(276509,141135,(1,9223372036854775807))
Edge(276553,444870,(3,9223372036854775807))
Edge(276584,281791,(3,9223372036854775807))
Edge(276637,20362,(3,9223372036854775807))
Edge(277231,295133,(3,9223372036854775807))
Edge(278220,440286,(1,3))
Edge(278308,361702,(3,9223372036854775807))
Edge(278436,140110,(3,9223372036854775807))
Edge(279066,176369,(3,9223372036854775807))
Edge(279346,18570,(3,9223372036854775807))
Edge(279496,216907,(3,9223372036854775807))
Edge(279571,291523,(3,9223372036854775807))
Edge(280084,187621,(3,9223372036854775807))
Edge(280687,129959,(1,3))
Edge(280785,75539,(3,9223372036854775807))
Edge(281075,324691,(1,9223372036854775807))
Edge(281096,441223,(3,9223372036854775807))
Edge(281176,24056,(3,9223372036854775807))
Edge(281452,340974,(3,9223372036854775807))
Edge(281650,199621,(3,9223372036854775807))
Edge(281652,310226,(3,9223372036854775807))
Edge(281702,323509,(3,9223372036854775807))
Edge(282081,397540,(3,9223372036854775807))
Edge(282248,168873,(3,9223372036854775807))
Edge(282586,43653,(3,9223372036854775807))
Edge(282791,322458,(3,9223372036854775807))
Edge(283343,490926,(3,9223372036854775807))
Edge(283382,160488,(3,9223372036854775807))
Edge(283418,281770,(1,9223372036854775807))
Edge(283539,15962,(3,9223372036854775807))
Edge(284022,274056,(3,9223372036854775807))
Edge(284027,71868,(3,9223372036854775807))
Edge(284027,283297,(1,3))
Edge(284205,490754,(3,9223372036854775807))
Edge(284224,369312,(3,9223372036854775807))
Edge(285183,375364,(1,3))
Edge(285467,218170,(3,9223372036854775807))
Edge(285711,27129,(3,9223372036854775807))
Edge(285832,297119,(3,9223372036854775807))
Edge(285887,223111,(3,9223372036854775807))
Edge(285982,348406,(3,9223372036854775807))
Edge(286458,187657,(1,9223372036854775807))
Edge(286599,195671,(1,9223372036854775807))
Edge(286633,120681,(3,9223372036854775807))
Edge(287029,448657,(3,9223372036854775807))
Edge(287192,278491,(3,9223372036854775807))
Edge(287321,28368,(1,9223372036854775807))
Edge(288137,321158,(3,9223372036854775807))
Edge(288152,330485,(3,9223372036854775807))
Edge(288351,350250,(3,9223372036854775807))
Edge(288590,147479,(3,9223372036854775807))
Edge(288708,20647,(3,9223372036854775807))
Edge(289035,421064,(3,9223372036854775807))
Edge(290085,243027,(3,9223372036854775807))
Edge(290252,320958,(3,9223372036854775807))
Edge(290253,370160,(3,9223372036854775807))
Edge(290300,347726,(3,9223372036854775807))
Edge(291370,221258,(3,9223372036854775807))
Edge(291393,484285,(1,3))
Edge(291415,338699,(1,3))
Edge(291585,396552,(3,9223372036854775807))
Edge(292063,225328,(1,9223372036854775807))
Edge(292350,249333,(3,9223372036854775807))
Edge(292496,310836,(1,3))
Edge(292826,204471,(1,9223372036854775807))
Edge(292945,31762,(3,9223372036854775807))
Edge(292959,235432,(3,9223372036854775807))
Edge(293103,441636,(3,9223372036854775807))
Edge(293109,319653,(3,9223372036854775807))
Edge(293149,397683,(3,9223372036854775807))
Edge(293379,31808,(3,9223372036854775807))
Edge(293681,479992,(3,9223372036854775807))
Edge(294031,383702,(3,9223372036854775807))
Edge(294318,360122,(3,9223372036854775807))
Edge(294427,310099,(3,9223372036854775807))
Edge(295140,384045,(3,9223372036854775807))
Edge(295176,136876,(3,9223372036854775807))
Edge(295640,464494,(1,9223372036854775807))
Edge(295778,306930,(1,9223372036854775807))
Edge(295960,293230,(3,9223372036854775807))
Edge(295979,232492,(3,9223372036854775807))
Edge(296678,152534,(3,9223372036854775807))
Edge(296919,123800,(3,9223372036854775807))
Edge(297377,76106,(1,9223372036854775807))
Edge(298021,290394,(4,9223372036854775807))
Edge(298082,259723,(3,9223372036854775807))
Edge(298332,51873,(1,3))
Edge(299877,238274,(3,9223372036854775807))
Edge(299993,226723,(3,9223372036854775807))
Edge(300017,394111,(3,9223372036854775807))
Edge(300737,59215,(3,9223372036854775807))
Edge(300869,209129,(1,9223372036854775807))
Edge(301130,375226,(3,9223372036854775807))
Edge(301327,279724,(3,9223372036854775807))
Edge(301376,15093,(3,9223372036854775807))
Edge(301520,403873,(1,3))
Edge(301772,333463,(1,3))
Edge(301896,378610,(3,9223372036854775807))
Edge(301947,430676,(3,9223372036854775807))
Edge(302386,206508,(3,9223372036854775807))
Edge(303145,306628,(3,9223372036854775807))
Edge(303182,467948,(3,9223372036854775807))
Edge(303256,221392,(3,9223372036854775807))
Edge(303461,96890,(1,3))
Edge(303497,314798,(3,9223372036854775807))
Edge(303912,209913,(1,9223372036854775807))
Edge(303941,446815,(3,9223372036854775807))
Edge(304302,129492,(3,9223372036854775807))
Edge(304304,120376,(1,9223372036854775807))
Edge(304370,464403,(3,9223372036854775807))
Edge(304409,303285,(1,9223372036854775807))
Edge(304441,478396,(3,9223372036854775807))
Edge(305569,76385,(3,9223372036854775807))
Edge(305740,225015,(3,9223372036854775807))
Edge(305801,346990,(3,9223372036854775807))
Edge(306159,341266,(3,9223372036854775807))
Edge(306223,498437,(3,9223372036854775807))
Edge(306407,128061,(1,9223372036854775807))
Edge(306483,403567,(1,3))
Edge(306577,209335,(1,3))
Edge(307289,39520,(3,9223372036854775807))
Edge(307322,316377,(1,3))
Edge(307726,44002,(3,9223372036854775807))
Edge(307769,431009,(3,9223372036854775807))
Edge(307800,310239,(3,9223372036854775807))
Edge(308243,149207,(3,9223372036854775807))
Edge(308294,373268,(3,9223372036854775807))
Edge(308766,141552,(3,9223372036854775807))
Edge(308973,51929,(3,9223372036854775807))
Edge(309259,55266,(3,9223372036854775807))
Edge(309479,91919,(3,9223372036854775807))
Edge(310081,11709,(3,9223372036854775807))
Edge(310648,376102,(3,9223372036854775807))
Edge(310760,156873,(3,9223372036854775807))
Edge(311378,341538,(3,9223372036854775807))
Edge(311505,475446,(3,9223372036854775807))
Edge(312711,424560,(1,9223372036854775807))
Edge(312941,237804,(3,9223372036854775807))
Edge(313968,242674,(1,9223372036854775807))
Edge(314120,269958,(3,9223372036854775807))
Edge(314391,340207,(3,9223372036854775807))
Edge(314495,88366,(1,9223372036854775807))
Edge(314613,437406,(1,3))
Edge(314922,361962,(3,9223372036854775807))
Edge(315167,283608,(3,9223372036854775807))
Edge(315456,285934,(3,9223372036854775807))
Edge(316403,347915,(3,9223372036854775807))
Edge(316567,66817,(3,9223372036854775807))
Edge(317126,340462,(3,9223372036854775807))
Edge(317252,376739,(3,9223372036854775807))
Edge(317335,311884,(3,9223372036854775807))
Edge(318094,35838,(3,9223372036854775807))
Edge(318223,163860,(1,9223372036854775807))
Edge(318337,382496,(3,9223372036854775807))
Edge(318349,421554,(3,9223372036854775807))
Edge(318356,388302,(3,9223372036854775807))
Edge(318610,141772,(3,9223372036854775807))
Edge(318675,229747,(3,9223372036854775807))
Edge(319082,13059,(3,9223372036854775807))
Edge(319098,268000,(3,9223372036854775807))
Edge(319428,119299,(1,9223372036854775807))
Edge(319446,368140,(1,9223372036854775807))
Edge(319548,110557,(1,3))
Edge(319961,63537,(3,9223372036854775807))
Edge(320261,95797,(3,9223372036854775807))
Edge(320352,45102,(1,9223372036854775807))
Edge(320912,306632,(1,9223372036854775807))
Edge(321474,216039,(1,3))
Edge(322015,355206,(3,9223372036854775807))
Edge(322238,157710,(3,9223372036854775807))
Edge(322465,291628,(3,9223372036854775807))
Edge(322532,330398,(1,3))
Edge(322720,289091,(3,9223372036854775807))
Edge(322781,293489,(3,9223372036854775807))
Edge(322954,418406,(3,9223372036854775807))
Edge(323683,11859,(3,9223372036854775807))
Edge(323973,463882,(1,3))
Edge(324237,455007,(3,9223372036854775807))
Edge(325080,80108,(3,9223372036854775807))
Edge(325579,191645,(3,9223372036854775807))
Edge(325626,81323,(3,9223372036854775807))
Edge(325689,427386,(1,9223372036854775807))
Edge(325801,451387,(3,9223372036854775807))
Edge(325866,195214,(3,9223372036854775807))
Edge(326002,262991,(1,9223372036854775807))
Edge(326026,399858,(1,9223372036854775807))
Edge(326091,468544,(3,9223372036854775807))
Edge(326457,394910,(3,9223372036854775807))
Edge(326634,278048,(3,9223372036854775807))
Edge(326768,341225,(3,9223372036854775807))
Edge(327045,373447,(3,9223372036854775807))
Edge(327270,182577,(3,9223372036854775807))
Edge(327429,160339,(3,9223372036854775807))
Edge(327477,21417,(3,9223372036854775807))
Edge(327516,414332,(3,9223372036854775807))
Edge(327657,368169,(3,9223372036854775807))
Edge(327921,278092,(3,9223372036854775807))
Edge(328023,263990,(3,9223372036854775807))
Edge(328118,121213,(3,9223372036854775807))
Edge(328421,81041,(1,3))
Edge(329192,342823,(3,9223372036854775807))
Edge(329528,362349,(3,9223372036854775807))
Edge(330943,370617,(3,9223372036854775807))
Edge(331036,249562,(3,9223372036854775807))
Edge(331451,56407,(3,9223372036854775807))
Edge(331502,130940,(3,9223372036854775807))
Edge(331708,130801,(1,9223372036854775807))
Edge(332161,406578,(3,9223372036854775807))
Edge(332352,238269,(3,9223372036854775807))
Edge(332372,261424,(3,9223372036854775807))
Edge(332671,184269,(3,9223372036854775807))
Edge(332716,492370,(1,9223372036854775807))
Edge(333541,171823,(1,3))
Edge(333741,361042,(3,9223372036854775807))
Edge(334044,435795,(3,9223372036854775807))
Edge(334109,11193,(3,9223372036854775807))
Edge(334234,52922,(3,9223372036854775807))
Edge(334256,134683,(3,9223372036854775807))
Edge(334349,204279,(1,9223372036854775807))
Edge(334390,152022,(3,9223372036854775807))
Edge(334514,174154,(3,9223372036854775807))
Edge(335094,127020,(3,9223372036854775807))
Edge(335210,96450,(1,9223372036854775807))
Edge(335339,220147,(1,9223372036854775807))
Edge(335732,110529,(3,9223372036854775807))
Edge(336139,386180,(3,9223372036854775807))
Edge(336909,489394,(3,9223372036854775807))
Edge(337391,128963,(3,9223372036854775807))
Edge(337757,262366,(1,3))
Edge(337887,259991,(3,9223372036854775807))
Edge(337892,34219,(3,9223372036854775807))
Edge(337926,499595,(3,9223372036854775807))
Edge(338053,8622,(1,9223372036854775807))
Edge(338212,231667,(3,9223372036854775807))
Edge(338273,137677,(1,9223372036854775807))
Edge(338281,171672,(3,9223372036854775807))
Edge(338602,229527,(3,9223372036854775807))
Edge(339463,41219,(3,9223372036854775807))
Edge(339579,61444,(3,9223372036854775807))
Edge(339699,1165,(3,9223372036854775807))
Edge(340077,323592,(3,9223372036854775807))
Edge(340234,100170,(3,9223372036854775807))
Edge(340314,156858,(3,9223372036854775807))
Edge(340800,111217,(3,9223372036854775807))
Edge(340978,290036,(3,9223372036854775807))
Edge(341116,277381,(1,3))
Edge(341319,34258,(3,9223372036854775807))
Edge(341614,13092,(1,9223372036854775807))
Edge(341758,464237,(1,9223372036854775807))
Edge(341889,378781,(3,9223372036854775807))
Edge(342031,75133,(3,9223372036854775807))
Edge(342687,390451,(3,9223372036854775807))
Edge(342828,378734,(3,9223372036854775807))
Edge(343321,330558,(3,9223372036854775807))
Edge(343938,326898,(3,9223372036854775807))
Edge(344482,313539,(1,9223372036854775807))
Edge(344571,12996,(3,9223372036854775807))
Edge(344943,32189,(3,9223372036854775807))
Edge(345168,73196,(3,9223372036854775807))
Edge(345230,129056,(3,9223372036854775807))
Edge(345342,15824,(3,9223372036854775807))
Edge(345542,488524,(3,9223372036854775807))
Edge(346072,437300,(3,9223372036854775807))
Edge(346309,443796,(3,9223372036854775807))
Edge(346620,205475,(3,9223372036854775807))
Edge(346688,92827,(3,9223372036854775807))
Edge(346899,414137,(1,9223372036854775807))
Edge(347166,394897,(3,9223372036854775807))
Edge(347198,168770,(3,9223372036854775807))
Edge(347274,37130,(3,9223372036854775807))
Edge(347416,256241,(3,9223372036854775807))
Edge(347623,45703,(3,9223372036854775807))
Edge(348053,455333,(3,9223372036854775807))
Edge(348587,424715,(3,9223372036854775807))
Edge(348859,251226,(3,9223372036854775807))
Edge(349461,119923,(1,9223372036854775807))
Edge(349626,122535,(1,9223372036854775807))
Edge(350251,71317,(3,9223372036854775807))
Edge(350487,381268,(3,9223372036854775807))
Edge(350494,38779,(3,9223372036854775807))
Edge(350528,445658,(1,9223372036854775807))
Edge(350568,129502,(1,9223372036854775807))
Edge(350610,202664,(3,9223372036854775807))
Edge(351537,310116,(3,9223372036854775807))
Edge(351869,91777,(3,9223372036854775807))
Edge(351870,499395,(3,9223372036854775807))
Edge(352459,62812,(3,9223372036854775807))
Edge(352542,278192,(3,9223372036854775807))
Edge(352725,402073,(3,9223372036854775807))
Edge(352913,295283,(3,9223372036854775807))
Edge(353794,51597,(3,9223372036854775807))
Edge(354331,187616,(3,9223372036854775807))
Edge(354537,463448,(3,9223372036854775807))
Edge(355537,261563,(3,9223372036854775807))
Edge(355649,371910,(1,9223372036854775807))
Edge(355777,177966,(1,3))
Edge(356141,124872,(3,9223372036854775807))
Edge(356203,375428,(3,9223372036854775807))
Edge(356318,119576,(1,3))
Edge(356671,254551,(3,9223372036854775807))
Edge(356798,33760,(3,9223372036854775807))
Edge(356910,427102,(3,9223372036854775807))
Edge(357330,486580,(3,9223372036854775807))
Edge(357451,126945,(3,9223372036854775807))
Edge(357603,275517,(1,3))
Edge(357996,183987,(3,9223372036854775807))
Edge(358132,286349,(3,9223372036854775807))
Edge(358797,39011,(3,9223372036854775807))
Edge(358941,442908,(3,9223372036854775807))
Edge(359369,308332,(1,9223372036854775807))
Edge(359500,413851,(3,9223372036854775807))
Edge(359605,68191,(3,9223372036854775807))
Edge(360197,452900,(3,9223372036854775807))
Edge(360245,396103,(3,9223372036854775807))
Edge(360287,33661,(3,9223372036854775807))
Edge(360408,116542,(3,9223372036854775807))
Edge(360500,7815,(1,3))
Edge(360674,47030,(3,9223372036854775807))
Edge(361228,362843,(1,9223372036854775807))
Edge(361477,145911,(3,9223372036854775807))
Edge(362521,301898,(3,9223372036854775807))
Edge(362545,44801,(3,9223372036854775807))
Edge(362631,146699,(3,9223372036854775807))
Edge(362823,473607,(3,9223372036854775807))
Edge(363056,196746,(3,9223372036854775807))
Edge(363110,182998,(3,9223372036854775807))
Edge(363486,208341,(3,9223372036854775807))
Edge(363581,291661,(1,9223372036854775807))
Edge(363866,45657,(3,9223372036854775807))
Edge(364417,490110,(3,9223372036854775807))
Edge(364465,334732,(1,3))
Edge(364540,451312,(3,9223372036854775807))
Edge(364865,83244,(3,9223372036854775807))
Edge(366187,147501,(3,9223372036854775807))
Edge(366326,337837,(3,9223372036854775807))
Edge(366931,390678,(3,9223372036854775807))
Edge(367301,439625,(1,9223372036854775807))
Edge(367356,385392,(3,9223372036854775807))
Edge(367686,247185,(3,9223372036854775807))
Edge(367988,34214,(1,9223372036854775807))
Edge(368130,170827,(3,9223372036854775807))
Edge(368682,159564,(3,9223372036854775807))
Edge(369100,296475,(3,9223372036854775807))
Edge(369104,103200,(3,9223372036854775807))
Edge(369396,118540,(3,9223372036854775807))
Edge(369709,446033,(1,9223372036854775807))
Edge(370215,448023,(3,9223372036854775807))
Edge(370255,481281,(3,9223372036854775807))
Edge(370613,444750,(1,9223372036854775807))
Edge(371169,178273,(3,9223372036854775807))
Edge(371214,180933,(1,3))
Edge(371617,489533,(1,3))
Edge(372059,428118,(3,9223372036854775807))
Edge(372099,342225,(1,3))
Edge(372393,63424,(3,9223372036854775807))
Edge(372487,321118,(3,9223372036854775807))
Edge(372646,390550,(3,9223372036854775807))
Edge(372699,281118,(3,9223372036854775807))
Edge(373567,89025,(3,9223372036854775807))
Edge(374040,316586,(3,9223372036854775807))
Edge(374652,296305,(1,9223372036854775807))
Edge(375033,488902,(3,9223372036854775807))
Edge(375740,304230,(3,9223372036854775807))
Edge(375839,88184,(3,9223372036854775807))
Edge(375856,482593,(3,9223372036854775807))
Edge(375913,66730,(3,9223372036854775807))
Edge(376229,164365,(3,9223372036854775807))
Edge(376288,31554,(1,9223372036854775807))
Edge(376341,124636,(3,9223372036854775807))
Edge(376445,139360,(3,9223372036854775807))
Edge(376470,414637,(3,9223372036854775807))
Edge(376639,35324,(1,9223372036854775807))
Edge(376758,69913,(3,9223372036854775807))
Edge(376762,71420,(4,9223372036854775807))
Edge(376789,192076,(3,9223372036854775807))
Edge(377050,135340,(1,9223372036854775807))
Edge(377456,200435,(3,9223372036854775807))
Edge(378145,374661,(3,9223372036854775807))
Edge(379030,274501,(3,9223372036854775807))
Edge(379031,26141,(3,9223372036854775807))
Edge(379082,51341,(3,9223372036854775807))
Edge(379175,336157,(1,9223372036854775807))
Edge(379389,471464,(3,9223372036854775807))
Edge(379634,468933,(3,9223372036854775807))
Edge(379949,426368,(3,9223372036854775807))
Edge(380634,150581,(3,9223372036854775807))
Edge(380705,335522,(3,9223372036854775807))
Edge(380948,280771,(3,9223372036854775807))
Edge(381064,461316,(1,9223372036854775807))
Edge(381132,445322,(3,9223372036854775807))
Edge(381135,256256,(3,9223372036854775807))
Edge(381188,287243,(3,9223372036854775807))
Edge(382020,438789,(3,9223372036854775807))
Edge(382158,61214,(1,9223372036854775807))
Edge(382843,118112,(3,9223372036854775807))
Edge(382909,488894,(3,9223372036854775807))
Edge(383094,432090,(3,9223372036854775807))
Edge(383222,221230,(3,9223372036854775807))
Edge(383536,325753,(3,9223372036854775807))
Edge(383975,85700,(3,9223372036854775807))
Edge(384097,257761,(3,9223372036854775807))
Edge(384316,221967,(3,9223372036854775807))
Edge(384370,57616,(3,9223372036854775807))
Edge(384374,136023,(1,9223372036854775807))
Edge(384576,179592,(3,9223372036854775807))
Edge(385282,391463,(3,9223372036854775807))
Edge(385463,43387,(3,9223372036854775807))
Edge(385479,79292,(1,9223372036854775807))
Edge(385625,374590,(3,9223372036854775807))
Edge(385894,339665,(1,3))
Edge(386126,103369,(3,9223372036854775807))
Edge(386205,76158,(3,9223372036854775807))
Edge(386330,217430,(3,9223372036854775807))
Edge(386531,77814,(3,9223372036854775807))
Edge(386543,387940,(3,9223372036854775807))
Edge(386680,45585,(3,9223372036854775807))
Edge(387364,167554,(3,9223372036854775807))
Edge(387705,150417,(3,9223372036854775807))
Edge(388002,251711,(1,9223372036854775807))
Edge(388293,21402,(1,9223372036854775807))
Edge(388591,172900,(3,9223372036854775807))
Edge(388647,174517,(3,9223372036854775807))
Edge(388765,483975,(3,9223372036854775807))
Edge(389040,351597,(1,9223372036854775807))
Edge(389159,492293,(3,9223372036854775807))
Edge(389259,167839,(3,9223372036854775807))
Edge(389361,383546,(3,9223372036854775807))
Edge(390195,484328,(3,9223372036854775807))
Edge(390705,385332,(3,9223372036854775807))
Edge(390869,284194,(1,9223372036854775807))
Edge(391439,487171,(3,9223372036854775807))
Edge(391584,376078,(1,9223372036854775807))
Edge(391770,147875,(1,9223372036854775807))
Edge(391806,233569,(1,3))
Edge(392026,272614,(3,9223372036854775807))
Edge(392239,453006,(3,9223372036854775807))
Edge(392728,104366,(3,9223372036854775807))
Edge(392824,331738,(3,9223372036854775807))
Edge(392866,294228,(3,9223372036854775807))
Edge(392946,287694,(3,9223372036854775807))
Edge(392977,298579,(1,9223372036854775807))
Edge(393903,478525,(1,9223372036854775807))
Edge(394016,339014,(3,9223372036854775807))
Edge(394021,182307,(3,9223372036854775807))
Edge(394041,146703,(3,9223372036854775807))
Edge(394744,343936,(3,9223372036854775807))
Edge(394924,56236,(3,9223372036854775807))
Edge(395138,19337,(3,9223372036854775807))
Edge(395357,243139,(3,9223372036854775807))
Edge(395424,370813,(3,9223372036854775807))
Edge(395785,214076,(3,9223372036854775807))
Edge(396033,101735,(3,9223372036854775807))
Edge(396284,103700,(3,9223372036854775807))
Edge(396795,291303,(3,9223372036854775807))
Edge(398536,36592,(3,9223372036854775807))
Edge(399165,36748,(3,9223372036854775807))
Edge(399187,299289,(3,9223372036854775807))
Edge(399222,117538,(3,9223372036854775807))
Edge(399249,43390,(1,9223372036854775807))
Edge(400155,130070,(4,9223372036854775807))
Edge(400429,58717,(3,9223372036854775807))
Edge(400639,159832,(3,9223372036854775807))
Edge(400786,169806,(1,9223372036854775807))
Edge(401069,452758,(3,9223372036854775807))
Edge(401174,292572,(3,9223372036854775807))
Edge(402060,49980,(3,9223372036854775807))
Edge(402583,174053,(3,9223372036854775807))
Edge(402683,157543,(3,9223372036854775807))
Edge(402792,31251,(3,9223372036854775807))
Edge(402963,146327,(1,9223372036854775807))
Edge(403067,34361,(1,9223372036854775807))
Edge(404092,431747,(3,9223372036854775807))
Edge(404447,452957,(3,9223372036854775807))
Edge(404478,395084,(3,9223372036854775807))
Edge(404519,81239,(3,9223372036854775807))
Edge(405006,450277,(1,9223372036854775807))
Edge(405221,337788,(1,3))
Edge(405254,464755,(1,9223372036854775807))
Edge(405319,107741,(3,9223372036854775807))
Edge(405369,489348,(3,9223372036854775807))
Edge(405502,292896,(3,9223372036854775807))
Edge(405766,102107,(3,9223372036854775807))
Edge(405908,383338,(3,9223372036854775807))
Edge(406808,358453,(3,9223372036854775807))
Edge(406988,437035,(1,9223372036854775807))
Edge(407230,468065,(3,9223372036854775807))
Edge(407546,103274,(1,3))
Edge(408038,251908,(1,9223372036854775807))
Edge(408935,388813,(1,9223372036854775807))
Edge(408961,425115,(3,9223372036854775807))
Edge(409255,324367,(3,9223372036854775807))
Edge(409585,386252,(1,9223372036854775807))
Edge(409978,438739,(3,9223372036854775807))
Edge(410076,183083,(3,9223372036854775807))
Edge(410111,46684,(3,9223372036854775807))
Edge(410844,31581,(3,9223372036854775807))
Edge(410956,13710,(1,3))
Edge(411125,57985,(3,9223372036854775807))
Edge(411316,68742,(3,9223372036854775807))
Edge(411524,264334,(3,9223372036854775807))
Edge(411541,410807,(3,9223372036854775807))
Edge(411744,273063,(1,3))
Edge(411806,193372,(3,9223372036854775807))
Edge(412563,262716,(1,3))
Edge(412602,308602,(1,9223372036854775807))
Edge(412910,22500,(3,9223372036854775807))
Edge(413375,179078,(3,9223372036854775807))
Edge(413482,332134,(3,9223372036854775807))
Edge(413657,86284,(1,9223372036854775807))
Edge(413957,177880,(3,9223372036854775807))
Edge(413996,203434,(3,9223372036854775807))
Edge(414140,186205,(3,9223372036854775807))
Edge(414541,68635,(1,9223372036854775807))
Edge(414649,409754,(1,3))
Edge(414776,53501,(3,9223372036854775807))
Edge(415060,392327,(3,9223372036854775807))
Edge(415606,378769,(3,9223372036854775807))
Edge(415799,41851,(3,9223372036854775807))
Edge(416122,181356,(3,9223372036854775807))
Edge(416126,142138,(3,9223372036854775807))
Edge(416446,5327,(3,9223372036854775807))
Edge(417597,329135,(3,9223372036854775807))
Edge(417752,373787,(3,9223372036854775807))
Edge(417840,76118,(3,9223372036854775807))
Edge(418081,273038,(3,9223372036854775807))
Edge(418096,32785,(3,9223372036854775807))
Edge(418551,45009,(1,9223372036854775807))
Edge(419617,230188,(3,9223372036854775807))
Edge(419656,201908,(1,9223372036854775807))
Edge(419992,291517,(3,9223372036854775807))
Edge(420040,321309,(3,9223372036854775807))
Edge(420652,238051,(3,9223372036854775807))
Edge(421014,178881,(1,3))
Edge(421064,358081,(3,9223372036854775807))
Edge(421089,15484,(3,9223372036854775807))
Edge(421498,449851,(3,9223372036854775807))
Edge(421539,272337,(1,9223372036854775807))
Edge(421647,94993,(3,9223372036854775807))
Edge(422394,162305,(1,9223372036854775807))
Edge(422413,163690,(3,9223372036854775807))
Edge(423091,303443,(3,9223372036854775807))
Edge(423214,403626,(3,9223372036854775807))
Edge(423243,220768,(3,9223372036854775807))
Edge(423924,146392,(3,9223372036854775807))
Edge(424355,487888,(1,9223372036854775807))
Edge(424394,471150,(1,3))
Edge(424736,128646,(3,9223372036854775807))
Edge(425060,64574,(1,9223372036854775807))
Edge(425169,395334,(3,9223372036854775807))
Edge(425591,416946,(3,9223372036854775807))
Edge(425902,28680,(3,9223372036854775807))
Edge(426412,19642,(3,9223372036854775807))
Edge(426466,5431,(3,9223372036854775807))
Edge(426977,36362,(3,9223372036854775807))
Edge(427416,108936,(1,9223372036854775807))
Edge(427446,54058,(3,9223372036854775807))
Edge(427877,399590,(3,9223372036854775807))
Edge(428005,96949,(3,9223372036854775807))
Edge(428069,148780,(3,9223372036854775807))
Edge(428147,197254,(3,9223372036854775807))
Edge(428376,251063,(3,9223372036854775807))
Edge(428713,287962,(1,3))
Edge(429259,66085,(3,9223372036854775807))
Edge(429384,330202,(3,9223372036854775807))
Edge(429462,167422,(3,9223372036854775807))
Edge(429657,385738,(3,9223372036854775807))
Edge(429722,135725,(3,9223372036854775807))
Edge(430526,202596,(3,9223372036854775807))
Edge(430978,49565,(1,9223372036854775807))
Edge(431245,180913,(3,9223372036854775807))
Edge(431486,358180,(1,9223372036854775807))
Edge(431598,305690,(3,9223372036854775807))
Edge(431605,205372,(1,3))
Edge(431769,452375,(1,3))
Edge(431892,298378,(3,9223372036854775807))
Edge(432186,53308,(3,9223372036854775807))
Edge(432192,457076,(3,9223372036854775807))
Edge(432436,233660,(3,9223372036854775807))
Edge(432702,402277,(1,9223372036854775807))
Edge(432758,233101,(3,9223372036854775807))
Edge(433915,160473,(1,3))
Edge(434205,75777,(3,9223372036854775807))
Edge(434224,427550,(3,9223372036854775807))
Edge(434334,432074,(3,9223372036854775807))
Edge(434655,206771,(3,9223372036854775807))
Edge(434807,186401,(3,9223372036854775807))
Edge(434956,335613,(3,9223372036854775807))
Edge(435100,344842,(3,9223372036854775807))
Edge(435461,58639,(3,9223372036854775807))
Edge(437334,222607,(3,9223372036854775807))
Edge(437549,85726,(3,9223372036854775807))
Edge(437738,42391,(1,3))
Edge(438015,431425,(3,9223372036854775807))
Edge(438022,42722,(1,9223372036854775807))
Edge(438064,251109,(3,9223372036854775807))
Edge(438197,209928,(4,9223372036854775807))
Edge(438243,459314,(1,9223372036854775807))
Edge(438545,495502,(3,9223372036854775807))
Edge(438614,333161,(3,9223372036854775807))
Edge(438913,431546,(3,9223372036854775807))
Edge(438940,453015,(3,9223372036854775807))
Edge(439221,349936,(1,9223372036854775807))
Edge(439512,397085,(3,9223372036854775807))
Edge(439538,361022,(3,9223372036854775807))
Edge(439768,42961,(1,9223372036854775807))
Edge(439891,196882,(3,9223372036854775807))
Edge(440762,449652,(1,9223372036854775807))
Edge(441874,362115,(3,9223372036854775807))
Edge(442396,81093,(3,9223372036854775807))
Edge(442969,302742,(3,9223372036854775807))
Edge(443568,86249,(3,9223372036854775807))
Edge(443792,230253,(3,9223372036854775807))
Edge(443853,352728,(3,9223372036854775807))
Edge(444436,85874,(1,3))
Edge(444626,389974,(3,9223372036854775807))
Edge(445155,359329,(3,9223372036854775807))
Edge(445467,461445,(3,9223372036854775807))
Edge(445907,355034,(3,9223372036854775807))
Edge(445993,352268,(3,9223372036854775807))
Edge(446017,451027,(3,9223372036854775807))
Edge(446471,198925,(3,9223372036854775807))
Edge(446571,265851,(3,9223372036854775807))
Edge(446613,215909,(1,3))
Edge(446786,496283,(3,9223372036854775807))
Edge(446904,81646,(3,9223372036854775807))
Edge(446997,114606,(3,9223372036854775807))
Edge(447580,461824,(3,9223372036854775807))
Edge(447807,444733,(3,9223372036854775807))
Edge(448048,133187,(3,9223372036854775807))
Edge(448145,199945,(3,9223372036854775807))
Edge(448275,64393,(3,9223372036854775807))
Edge(448368,58740,(3,9223372036854775807))
Edge(448426,178157,(3,9223372036854775807))
Edge(449073,162222,(3,9223372036854775807))
Edge(449203,304375,(3,9223372036854775807))
Edge(449523,266999,(1,9223372036854775807))
Edge(449789,64532,(3,9223372036854775807))
Edge(449901,328550,(3,9223372036854775807))
Edge(450198,41653,(3,9223372036854775807))
Edge(450376,336354,(3,9223372036854775807))
Edge(450384,324658,(3,9223372036854775807))
Edge(450409,90638,(1,9223372036854775807))
Edge(450770,360988,(3,9223372036854775807))
Edge(451280,205355,(1,2))
Edge(451542,291289,(3,9223372036854775807))
Edge(451717,291961,(1,9223372036854775807))
Edge(451869,493893,(3,9223372036854775807))
Edge(452531,220588,(3,9223372036854775807))
Edge(452533,452996,(3,9223372036854775807))
Edge(452617,297615,(3,9223372036854775807))
Edge(453024,493978,(1,3))
Edge(453077,228651,(3,9223372036854775807))
Edge(453109,263173,(3,9223372036854775807))
Edge(453291,452420,(3,9223372036854775807))
Edge(453442,329149,(3,9223372036854775807))
Edge(453780,244237,(3,9223372036854775807))
Edge(454364,477595,(3,9223372036854775807))
Edge(454382,458732,(1,9223372036854775807))
Edge(454657,435363,(3,9223372036854775807))
Edge(454960,325618,(1,3))
Edge(455785,425465,(3,9223372036854775807))
Edge(456585,208917,(1,9223372036854775807))
Edge(456647,350061,(3,9223372036854775807))
Edge(456893,308612,(3,9223372036854775807))
Edge(456998,138935,(3,9223372036854775807))
Edge(457257,405503,(3,9223372036854775807))
Edge(457755,334092,(3,9223372036854775807))
Edge(458161,192268,(3,9223372036854775807))
Edge(458253,249315,(3,9223372036854775807))
Edge(458540,435010,(3,9223372036854775807))
Edge(458840,412033,(3,9223372036854775807))
Edge(458960,83640,(3,9223372036854775807))
Edge(459091,233919,(3,9223372036854775807))
Edge(460558,130211,(3,9223372036854775807))
Edge(460633,32234,(3,9223372036854775807))
Edge(460676,370546,(1,3))
Edge(460926,40978,(3,9223372036854775807))
Edge(461302,7393,(3,9223372036854775807))
Edge(461413,107455,(1,3))
Edge(461703,144307,(3,9223372036854775807))
Edge(461845,211372,(3,9223372036854775807))
Edge(462184,435822,(3,9223372036854775807))
Edge(462239,471923,(1,3))
Edge(462242,148452,(3,9223372036854775807))
Edge(462367,55055,(3,9223372036854775807))
Edge(462610,186136,(3,9223372036854775807))
Edge(463244,275486,(3,9223372036854775807))
Edge(463259,29804,(3,9223372036854775807))
Edge(463412,25566,(3,9223372036854775807))
Edge(463497,406732,(1,9223372036854775807))
Edge(463554,46005,(3,9223372036854775807))
Edge(463793,265915,(3,9223372036854775807))
Edge(463878,387107,(3,9223372036854775807))
Edge(464147,446661,(1,3))
Edge(464186,47544,(3,9223372036854775807))
Edge(464303,129146,(3,9223372036854775807))
Edge(464503,71988,(3,9223372036854775807))
Edge(465220,107338,(3,9223372036854775807))
Edge(466136,431278,(3,9223372036854775807))
Edge(466465,55523,(3,9223372036854775807))
Edge(466838,499499,(3,9223372036854775807))
Edge(467133,96634,(3,9223372036854775807))
Edge(467531,232746,(3,9223372036854775807))
Edge(467638,313011,(1,9223372036854775807))
Edge(467686,195109,(3,9223372036854775807))
Edge(467781,186831,(3,9223372036854775807))
Edge(467948,111109,(1,9223372036854775807))
Edge(467950,134008,(3,9223372036854775807))
Edge(468255,195053,(3,9223372036854775807))
Edge(468375,191971,(3,9223372036854775807))
Edge(468398,297658,(3,9223372036854775807))
Edge(469709,237747,(3,9223372036854775807))
Edge(469961,20180,(3,9223372036854775807))
Edge(470037,291469,(1,9223372036854775807))
Edge(470159,411868,(3,9223372036854775807))
Edge(470340,357487,(1,9223372036854775807))
Edge(470992,292866,(3,9223372036854775807))
Edge(471169,380270,(3,9223372036854775807))
Edge(471222,1978,(3,9223372036854775807))
Edge(471781,369486,(1,9223372036854775807))
Edge(471797,432571,(3,9223372036854775807))
Edge(472093,309231,(3,9223372036854775807))
Edge(472173,387737,(3,9223372036854775807))
Edge(472287,474983,(3,9223372036854775807))
Edge(472526,12756,(3,9223372036854775807))
Edge(472930,283303,(3,9223372036854775807))
Edge(473214,395298,(1,3))
Edge(473442,34807,(3,9223372036854775807))
Edge(473915,178035,(3,9223372036854775807))
Edge(473998,22002,(3,9223372036854775807))
Edge(474683,267461,(1,3))
Edge(474784,370678,(3,9223372036854775807))
Edge(474902,245929,(3,9223372036854775807))
Edge(474938,332010,(3,9223372036854775807))
Edge(474941,430202,(3,9223372036854775807))
Edge(474951,11620,(3,9223372036854775807))
Edge(475373,479953,(3,9223372036854775807))
Edge(475654,98130,(3,9223372036854775807))
Edge(475817,490050,(3,9223372036854775807))
Edge(475982,180333,(3,9223372036854775807))
Edge(476341,128866,(3,9223372036854775807))
Edge(476437,99011,(3,9223372036854775807))
Edge(476773,265987,(3,9223372036854775807))
Edge(476845,388193,(3,9223372036854775807))
Edge(477054,413347,(3,9223372036854775807))
Edge(477268,392375,(3,9223372036854775807))
Edge(477587,158085,(3,9223372036854775807))
Edge(477710,491033,(3,9223372036854775807))
Edge(478090,236858,(3,9223372036854775807))
Edge(478147,407866,(3,9223372036854775807))
Edge(478258,13626,(3,9223372036854775807))
Edge(478292,395078,(3,9223372036854775807))
Edge(478632,413918,(3,9223372036854775807))
Edge(478741,471536,(3,9223372036854775807))
Edge(479069,419028,(3,9223372036854775807))
Edge(479365,200717,(3,9223372036854775807))
Edge(479644,354796,(3,9223372036854775807))
Edge(479842,327741,(1,9223372036854775807))
Edge(479953,61821,(3,9223372036854775807))
Edge(480369,177464,(3,9223372036854775807))
Edge(480409,418152,(1,9223372036854775807))
Edge(480461,459359,(3,9223372036854775807))
Edge(480588,285360,(3,9223372036854775807))
Edge(480673,425070,(3,9223372036854775807))
Edge(480778,237817,(3,9223372036854775807))
Edge(480778,412929,(3,9223372036854775807))
Edge(480797,148534,(3,9223372036854775807))
Edge(481367,136295,(3,9223372036854775807))
Edge(481762,71982,(3,9223372036854775807))
Edge(482168,348795,(3,9223372036854775807))
Edge(482357,24381,(1,9223372036854775807))
Edge(482432,129333,(3,9223372036854775807))
Edge(483090,378166,(1,9223372036854775807))
Edge(483150,339202,(3,9223372036854775807))
Edge(483880,69652,(3,9223372036854775807))
Edge(484082,202638,(3,9223372036854775807))
Edge(484272,416116,(3,9223372036854775807))
Edge(484638,189343,(1,9223372036854775807))
Edge(485256,134499,(3,9223372036854775807))
Edge(486068,51495,(3,9223372036854775807))
Edge(486250,374828,(3,9223372036854775807))
Edge(486345,221013,(3,9223372036854775807))
Edge(486447,412138,(3,9223372036854775807))
Edge(486587,140756,(1,9223372036854775807))
Edge(486684,498986,(3,9223372036854775807))
Edge(487497,388791,(3,9223372036854775807))
Edge(487874,50451,(3,9223372036854775807))
Edge(488210,267441,(3,9223372036854775807))
Edge(488304,14609,(3,9223372036854775807))
Edge(488640,8166,(3,9223372036854775807))
Edge(488656,17627,(3,9223372036854775807))
Edge(488693,332130,(3,9223372036854775807))
Edge(488968,305285,(3,9223372036854775807))
Edge(489150,142978,(3,9223372036854775807))
Edge(489289,151864,(3,9223372036854775807))
Edge(489543,445686,(3,9223372036854775807))
Edge(489785,124329,(3,9223372036854775807))
Edge(489907,49317,(3,9223372036854775807))
Edge(489910,472111,(3,9223372036854775807))
Edge(490123,356174,(3,9223372036854775807))
Edge(490261,426966,(3,9223372036854775807))
Edge(490263,25274,(1,9223372036854775807))
Edge(490307,123286,(3,9223372036854775807))
Edge(491138,468832,(3,9223372036854775807))
Edge(491860,25733,(3,9223372036854775807))
Edge(492307,267779,(3,9223372036854775807))
Edge(492863,13181,(3,9223372036854775807))
Edge(493074,321533,(3,9223372036854775807))
Edge(493151,479521,(3,9223372036854775807))
Edge(494093,81861,(3,9223372036854775807))
Edge(494423,443120,(3,9223372036854775807))
Edge(494851,173802,(3,9223372036854775807))
Edge(495135,226968,(3,9223372036854775807))
Edge(495200,392577,(3,9223372036854775807))
Edge(495439,47366,(3,9223372036854775807))
Edge(495978,253645,(3,9223372036854775807))
Edge(496311,400480,(1,9223372036854775807))
Edge(496314,212788,(1,9223372036854775807))
Edge(496930,118383,(3,9223372036854775807))
Edge(497966,260245,(3,9223372036854775807))
Edge(498087,18015,(3,9223372036854775807))
Edge(498209,28007,(3,9223372036854775807))
Edge(498471,323358,(1,3))
Edge(498553,205901,(3,9223372036854775807))
Edge(499305,242618,(3,9223372036854775807))
Edge(499794,101112,(3,9223372036854775807))
