Edge(312,367576,(3,9223372036854775807))
Edge(1023,3834,(3,9223372036854775807))
Edge(1324,144682,(3,9223372036854775807))
Edge(1324,455231,(3,9223372036854775807))
Edge(1670,51571,(1,9223372036854775807))
Edge(1738,125234,(3,9223372036854775807))
Edge(1777,270158,(1,9223372036854775807))
Edge(1976,65015,(3,9223372036854775807))
Edge(2207,240335,(1,9223372036854775807))
Edge(2284,477474,(1,9223372036854775807))
Edge(2485,271235,(3,9223372036854775807))
Edge(3242,6187,(3,9223372036854775807))
Edge(3458,3128,(3,9223372036854775807))
Edge(3741,54158,(3,9223372036854775807))
Edge(4270,474006,(3,9223372036854775807))
Edge(4880,241572,(1,9223372036854775807))
Edge(5367,178227,(3,9223372036854775807))
Edge(5374,469331,(3,9223372036854775807))
Edge(5592,174565,(3,9223372036854775807))
Edge(5651,161315,(3,9223372036854775807))
Edge(6126,432188,(1,9223372036854775807))
Edge(6165,92575,(3,9223372036854775807))
Edge(6541,230426,(1,9223372036854775807))
Edge(6582,323105,(3,9223372036854775807))
Edge(6705,414220,(3,9223372036854775807))
Edge(6755,204016,(3,9223372036854775807))
Edge(6799,436040,(3,9223372036854775807))
Edge(7383,192122,(3,9223372036854775807))
Edge(7582,356439,(3,9223372036854775807))
Edge(7605,231490,(1,3))
Edge(7725,46568,(1,3))
Edge(8238,159920,(1,9223372036854775807))
Edge(8257,313616,(3,9223372036854775807))
Edge(8819,110025,(3,9223372036854775807))
Edge(8958,145948,(3,9223372036854775807))
Edge(9409,66632,(3,9223372036854775807))
Edge(9415,77429,(3,9223372036854775807))
Edge(9592,15807,(3,9223372036854775807))
Edge(9621,417301,(3,9223372036854775807))
Edge(9645,317067,(3,9223372036854775807))
Edge(10250,178335,(1,3))
Edge(10382,190059,(3,9223372036854775807))
Edge(10434,291226,(3,9223372036854775807))
Edge(10498,287156,(1,9223372036854775807))
Edge(11124,345763,(3,9223372036854775807))
Edge(11571,60498,(3,9223372036854775807))
Edge(11585,492683,(3,9223372036854775807))
Edge(12446,202976,(3,9223372036854775807))
Edge(12585,467589,(1,9223372036854775807))
Edge(12933,134684,(1,9223372036854775807))
Edge(13028,76976,(1,9223372036854775807))
Edge(13138,262009,(3,9223372036854775807))
Edge(13337,342671,(3,9223372036854775807))
Edge(13449,150290,(1,9223372036854775807))
Edge(13711,190111,(3,9223372036854775807))
Edge(14138,443687,(3,9223372036854775807))
Edge(14603,482316,(3,9223372036854775807))
Edge(14797,75821,(3,9223372036854775807))
Edge(15496,367935,(3,9223372036854775807))
Edge(17092,147562,(3,9223372036854775807))
Edge(17366,463592,(3,9223372036854775807))
Edge(17508,164919,(3,9223372036854775807))
Edge(18034,51931,(3,9223372036854775807))
Edge(18151,173876,(3,9223372036854775807))
Edge(18241,159987,(3,9223372036854775807))
Edge(18408,404499,(3,9223372036854775807))
Edge(18749,202979,(3,9223372036854775807))
Edge(19061,22759,(3,9223372036854775807))
Edge(19154,124056,(3,9223372036854775807))
Edge(19261,43386,(3,9223372036854775807))
Edge(19333,828,(3,9223372036854775807))
Edge(19472,63179,(3,9223372036854775807))
Edge(19479,68306,(3,9223372036854775807))
Edge(19677,181873,(3,9223372036854775807))
Edge(20403,187665,(3,9223372036854775807))
Edge(21072,193692,(3,9223372036854775807))
Edge(21272,419958,(3,9223372036854775807))
Edge(22338,23019,(1,9223372036854775807))
Edge(22430,315253,(3,9223372036854775807))
Edge(22599,1308,(1,9223372036854775807))
Edge(22712,316508,(3,9223372036854775807))
Edge(23311,191066,(3,9223372036854775807))
Edge(24220,209616,(3,9223372036854775807))
Edge(24319,497860,(1,9223372036854775807))
Edge(24452,137048,(3,9223372036854775807))
Edge(24970,434585,(3,9223372036854775807))
Edge(25012,300956,(1,3))
Edge(25184,462680,(3,9223372036854775807))
Edge(25456,48133,(1,9223372036854775807))
Edge(25650,167557,(3,9223372036854775807))
Edge(26099,323396,(3,9223372036854775807))
Edge(26316,190796,(3,9223372036854775807))
Edge(26522,390086,(3,9223372036854775807))
Edge(26603,253583,(3,9223372036854775807))
Edge(26632,120407,(3,9223372036854775807))
Edge(26841,29853,(3,9223372036854775807))
Edge(27357,438340,(3,9223372036854775807))
Edge(28034,306971,(3,9223372036854775807))
Edge(28128,218811,(3,9223372036854775807))
Edge(28456,362323,(3,9223372036854775807))
Edge(28724,354979,(3,9223372036854775807))
Edge(28745,235158,(1,9223372036854775807))
Edge(29097,115857,(1,9223372036854775807))
Edge(29228,289125,(3,9223372036854775807))
Edge(29558,485435,(3,9223372036854775807))
Edge(29657,212720,(3,9223372036854775807))
Edge(29880,449621,(3,9223372036854775807))
Edge(30731,321547,(3,9223372036854775807))
Edge(31296,252656,(3,9223372036854775807))
Edge(31595,411156,(3,9223372036854775807))
Edge(31628,30174,(1,9223372036854775807))
Edge(32036,36317,(3,9223372036854775807))
Edge(32440,325689,(3,9223372036854775807))
Edge(32974,16382,(3,9223372036854775807))
Edge(33341,368768,(3,9223372036854775807))
Edge(33349,205662,(3,9223372036854775807))
Edge(33777,410000,(3,9223372036854775807))
Edge(33908,129446,(1,9223372036854775807))
Edge(34285,182828,(3,9223372036854775807))
Edge(34371,16008,(1,3))
Edge(34411,203940,(1,3))
Edge(34475,70095,(3,9223372036854775807))
Edge(34489,215971,(3,9223372036854775807))
Edge(34553,74689,(3,9223372036854775807))
Edge(35211,259960,(3,9223372036854775807))
Edge(35471,150163,(3,9223372036854775807))
Edge(35549,177346,(3,9223372036854775807))
Edge(35619,380141,(3,9223372036854775807))
Edge(36672,463308,(1,3))
Edge(36720,14890,(3,9223372036854775807))
Edge(36872,190737,(3,9223372036854775807))
Edge(36972,494388,(1,9223372036854775807))
Edge(37301,463598,(3,9223372036854775807))
Edge(37612,370074,(3,9223372036854775807))
Edge(37694,400791,(3,9223372036854775807))
Edge(38017,308520,(3,9223372036854775807))
Edge(38309,434671,(3,9223372036854775807))
Edge(38684,410758,(3,9223372036854775807))
Edge(38849,95752,(3,9223372036854775807))
Edge(39020,247089,(3,9223372036854775807))
Edge(39295,282937,(3,9223372036854775807))
Edge(39445,166814,(3,9223372036854775807))
Edge(39641,249059,(3,9223372036854775807))
Edge(39994,16141,(3,9223372036854775807))
Edge(40096,36645,(1,9223372036854775807))
Edge(40191,283715,(1,3))
Edge(40343,96500,(1,9223372036854775807))
Edge(41188,13585,(1,9223372036854775807))
Edge(41302,434328,(1,3))
Edge(42138,330964,(1,9223372036854775807))
Edge(42215,392930,(3,9223372036854775807))
Edge(42682,41241,(3,9223372036854775807))
Edge(42775,345044,(3,9223372036854775807))
Edge(43064,306891,(3,9223372036854775807))
Edge(43172,74872,(1,9223372036854775807))
Edge(43254,130413,(3,9223372036854775807))
Edge(43923,139994,(3,9223372036854775807))
Edge(44682,258148,(3,9223372036854775807))
Edge(44918,248249,(3,9223372036854775807))
Edge(45835,137230,(3,9223372036854775807))
Edge(46592,432112,(3,9223372036854775807))
Edge(46693,167658,(3,9223372036854775807))
Edge(46741,100634,(3,9223372036854775807))
Edge(46964,89967,(1,3))
Edge(47413,6329,(3,9223372036854775807))
Edge(47455,80252,(3,9223372036854775807))
Edge(47578,98979,(3,9223372036854775807))
Edge(47630,122805,(3,9223372036854775807))
Edge(47710,464468,(1,9223372036854775807))
Edge(48624,96151,(3,9223372036854775807))
Edge(48905,472330,(3,9223372036854775807))
Edge(48929,132132,(3,9223372036854775807))
Edge(48948,289716,(3,9223372036854775807))
Edge(49063,170936,(3,9223372036854775807))
Edge(49494,313128,(1,3))
Edge(49531,408592,(3,9223372036854775807))
Edge(49533,344397,(3,9223372036854775807))
Edge(50122,147408,(3,9223372036854775807))
Edge(50187,75154,(1,9223372036854775807))
Edge(50224,335633,(3,9223372036854775807))
Edge(50686,322462,(3,9223372036854775807))
Edge(50892,335768,(3,9223372036854775807))
Edge(51076,359324,(3,9223372036854775807))
Edge(51082,251240,(3,9223372036854775807))
Edge(51142,320333,(3,9223372036854775807))
Edge(51197,240619,(3,9223372036854775807))
Edge(51541,102469,(3,9223372036854775807))
Edge(51585,319164,(3,9223372036854775807))
Edge(51993,422821,(3,9223372036854775807))
Edge(52183,461691,(3,9223372036854775807))
Edge(52265,166602,(3,9223372036854775807))
Edge(52581,293357,(3,9223372036854775807))
Edge(52636,499580,(3,9223372036854775807))
Edge(53127,366314,(3,9223372036854775807))
Edge(54205,327657,(3,9223372036854775807))
Edge(54675,469332,(3,9223372036854775807))
Edge(54900,90750,(3,9223372036854775807))
Edge(55958,252046,(3,9223372036854775807))
Edge(56106,385943,(3,9223372036854775807))
Edge(56264,366620,(3,9223372036854775807))
Edge(56411,227586,(1,9223372036854775807))
Edge(56680,225476,(3,9223372036854775807))
Edge(56832,467075,(3,9223372036854775807))
Edge(56983,285768,(3,9223372036854775807))
Edge(57317,484157,(3,9223372036854775807))
Edge(57486,268405,(3,9223372036854775807))
Edge(57778,453357,(3,9223372036854775807))
Edge(58133,205284,(1,3))
Edge(58287,355340,(1,3))
Edge(58465,284035,(3,9223372036854775807))
Edge(58466,36891,(3,9223372036854775807))
Edge(58626,261551,(3,9223372036854775807))
Edge(58768,205995,(3,9223372036854775807))
Edge(58789,60415,(3,9223372036854775807))
Edge(58908,271674,(3,9223372036854775807))
Edge(59193,494890,(3,9223372036854775807))
Edge(59490,230523,(1,9223372036854775807))
Edge(59679,120004,(3,9223372036854775807))
Edge(60904,22322,(3,9223372036854775807))
Edge(61143,269508,(1,3))
Edge(61253,292285,(3,9223372036854775807))
Edge(62055,251009,(3,9223372036854775807))
Edge(62444,234351,(3,9223372036854775807))
Edge(62510,196979,(1,3))
Edge(62543,404519,(3,9223372036854775807))
Edge(62645,227980,(3,9223372036854775807))
Edge(62801,73555,(3,9223372036854775807))
Edge(63070,340100,(3,9223372036854775807))
Edge(63228,494884,(3,9223372036854775807))
Edge(63548,435476,(3,9223372036854775807))
Edge(63862,190869,(3,9223372036854775807))
Edge(64158,308338,(3,9223372036854775807))
Edge(64691,386,(1,3))
Edge(64829,496148,(3,9223372036854775807))
Edge(64980,239293,(4,9223372036854775807))
Edge(65019,338907,(3,9223372036854775807))
Edge(65085,82838,(1,9223372036854775807))
Edge(65249,393331,(1,9223372036854775807))
Edge(65342,497955,(3,9223372036854775807))
Edge(65529,79800,(3,9223372036854775807))
Edge(65677,386610,(3,9223372036854775807))
Edge(66025,361008,(3,9223372036854775807))
Edge(66205,425494,(3,9223372036854775807))
Edge(67284,134598,(3,9223372036854775807))
Edge(68194,493379,(3,9223372036854775807))
Edge(69178,385749,(3,9223372036854775807))
Edge(69392,138378,(3,9223372036854775807))
Edge(69521,224897,(1,9223372036854775807))
Edge(69537,416485,(1,3))
Edge(69786,19673,(3,9223372036854775807))
Edge(70012,428731,(4,9223372036854775807))
Edge(70118,79018,(3,9223372036854775807))
Edge(70124,152653,(3,9223372036854775807))
Edge(70142,40433,(3,9223372036854775807))
Edge(70456,473622,(3,9223372036854775807))
Edge(72289,243800,(1,9223372036854775807))
Edge(72611,181471,(1,9223372036854775807))
Edge(73870,238528,(3,9223372036854775807))
Edge(73907,195657,(1,9223372036854775807))
Edge(74338,402994,(3,9223372036854775807))
Edge(74862,128178,(1,3))
Edge(74890,310831,(3,9223372036854775807))
Edge(75131,137621,(3,9223372036854775807))
Edge(75298,172198,(1,9223372036854775807))
Edge(75367,34129,(3,9223372036854775807))
Edge(75512,449776,(3,9223372036854775807))
Edge(75578,453354,(3,9223372036854775807))
Edge(75752,3601,(1,9223372036854775807))
Edge(75845,359175,(3,9223372036854775807))
Edge(75912,493734,(3,9223372036854775807))
Edge(76830,327692,(3,9223372036854775807))
Edge(77180,56048,(3,9223372036854775807))
Edge(77189,204241,(3,9223372036854775807))
Edge(77203,407007,(3,9223372036854775807))
Edge(77223,379213,(3,9223372036854775807))
Edge(77372,71697,(3,9223372036854775807))
Edge(77587,498794,(3,9223372036854775807))
Edge(77595,105008,(3,9223372036854775807))
Edge(77696,435731,(3,9223372036854775807))
Edge(77733,459912,(1,9223372036854775807))
Edge(78533,279048,(3,9223372036854775807))
Edge(78540,132105,(1,9223372036854775807))
Edge(79205,485344,(1,9223372036854775807))
Edge(79541,204843,(3,9223372036854775807))
Edge(79566,470119,(3,9223372036854775807))
Edge(80603,475706,(1,9223372036854775807))
Edge(80671,310080,(3,9223372036854775807))
Edge(81717,111429,(3,9223372036854775807))
Edge(81828,215974,(3,9223372036854775807))
Edge(81834,111087,(3,9223372036854775807))
Edge(82074,435813,(3,9223372036854775807))
Edge(82793,68544,(3,9223372036854775807))
Edge(82847,61617,(3,9223372036854775807))
Edge(83276,210119,(3,9223372036854775807))
Edge(84045,491678,(1,9223372036854775807))
Edge(84064,117633,(3,9223372036854775807))
Edge(84192,16114,(3,9223372036854775807))
Edge(84221,85291,(1,9223372036854775807))
Edge(84641,356992,(3,9223372036854775807))
Edge(84952,65151,(3,9223372036854775807))
Edge(84992,264613,(1,9223372036854775807))
Edge(85159,39987,(1,9223372036854775807))
Edge(85350,146050,(1,3))
Edge(85442,185710,(3,9223372036854775807))
Edge(85460,257141,(3,9223372036854775807))
Edge(85777,96014,(3,9223372036854775807))
Edge(85793,440916,(3,9223372036854775807))
Edge(86058,334150,(3,9223372036854775807))
Edge(86276,128598,(4,9223372036854775807))
Edge(86460,401928,(1,9223372036854775807))
Edge(86628,203193,(3,9223372036854775807))
Edge(86763,248842,(3,9223372036854775807))
Edge(87099,409260,(1,3))
Edge(87467,210467,(3,9223372036854775807))
Edge(88198,180307,(3,9223372036854775807))
Edge(89074,428463,(3,9223372036854775807))
Edge(89703,98792,(3,9223372036854775807))
Edge(89941,207823,(1,9223372036854775807))
Edge(90252,499067,(3,9223372036854775807))
Edge(90451,26037,(3,9223372036854775807))
Edge(90587,364646,(3,9223372036854775807))
Edge(90758,201377,(3,9223372036854775807))
Edge(90982,132402,(3,9223372036854775807))
Edge(91143,341474,(3,9223372036854775807))
Edge(91485,146849,(3,9223372036854775807))
Edge(91655,269246,(3,9223372036854775807))
Edge(91656,456912,(3,9223372036854775807))
Edge(91914,478810,(3,9223372036854775807))
Edge(92095,341972,(3,9223372036854775807))
Edge(92478,302141,(3,9223372036854775807))
Edge(92662,192135,(3,9223372036854775807))
Edge(92938,226091,(3,9223372036854775807))
Edge(93353,306063,(3,9223372036854775807))
Edge(93752,288607,(3,9223372036854775807))
Edge(94078,22501,(3,9223372036854775807))
Edge(94353,443549,(1,3))
Edge(94454,336053,(3,9223372036854775807))
Edge(94534,442880,(3,9223372036854775807))
Edge(95416,430543,(1,3))
Edge(95533,160267,(3,9223372036854775807))
Edge(96609,160987,(3,9223372036854775807))
Edge(97367,384722,(3,9223372036854775807))
Edge(97512,261083,(1,9223372036854775807))
Edge(97828,360787,(1,3))
Edge(97880,206173,(1,9223372036854775807))
Edge(99053,129474,(3,9223372036854775807))
Edge(99215,41506,(3,9223372036854775807))
Edge(99965,18705,(1,9223372036854775807))
Edge(100125,246357,(1,9223372036854775807))
Edge(100156,234162,(3,9223372036854775807))
Edge(100499,12335,(3,9223372036854775807))
Edge(100627,467477,(3,9223372036854775807))
Edge(100735,53442,(1,9223372036854775807))
Edge(100816,98600,(3,9223372036854775807))
Edge(101183,363715,(3,9223372036854775807))
Edge(101206,291164,(3,9223372036854775807))
Edge(101938,198425,(1,3))
Edge(102187,63958,(3,9223372036854775807))
Edge(102222,271314,(3,9223372036854775807))
Edge(102272,358894,(3,9223372036854775807))
Edge(102373,118828,(3,9223372036854775807))
Edge(103088,138215,(3,9223372036854775807))
Edge(103229,138245,(3,9223372036854775807))
Edge(103658,98117,(1,3))
Edge(103787,138781,(3,9223372036854775807))
Edge(104107,301825,(3,9223372036854775807))
Edge(104579,450410,(3,9223372036854775807))
Edge(105029,11833,(1,9223372036854775807))
Edge(105145,200631,(3,9223372036854775807))
Edge(105332,142525,(3,9223372036854775807))
Edge(105530,56264,(3,9223372036854775807))
Edge(106093,64015,(3,9223372036854775807))
Edge(106196,161162,(3,9223372036854775807))
Edge(106682,306480,(3,9223372036854775807))
Edge(107214,267940,(3,9223372036854775807))
Edge(107284,341064,(1,9223372036854775807))
Edge(107447,374472,(3,9223372036854775807))
Edge(107635,478146,(4,9223372036854775807))
Edge(107707,282492,(3,9223372036854775807))
Edge(107845,59695,(3,9223372036854775807))
Edge(107848,57948,(3,9223372036854775807))
Edge(107990,480757,(3,9223372036854775807))
Edge(108440,86581,(3,9223372036854775807))
Edge(109332,147301,(1,9223372036854775807))
Edge(109416,484162,(3,9223372036854775807))
Edge(109544,307768,(1,9223372036854775807))
Edge(109591,341026,(3,9223372036854775807))
Edge(109663,400658,(3,9223372036854775807))
Edge(109847,453909,(3,9223372036854775807))
Edge(109867,170667,(3,9223372036854775807))
Edge(110031,221766,(3,9223372036854775807))
Edge(110061,469538,(3,9223372036854775807))
Edge(110158,58595,(1,9223372036854775807))
Edge(110197,386334,(3,9223372036854775807))
Edge(110283,47415,(3,9223372036854775807))
Edge(110409,221286,(3,9223372036854775807))
Edge(110439,246717,(3,9223372036854775807))
Edge(111116,36081,(1,9223372036854775807))
Edge(111217,202903,(3,9223372036854775807))
Edge(111398,201755,(3,9223372036854775807))
Edge(111462,161033,(3,9223372036854775807))
Edge(111950,385082,(3,9223372036854775807))
Edge(112286,205896,(1,3))
Edge(112493,395926,(3,9223372036854775807))
Edge(112951,294094,(3,9223372036854775807))
Edge(113529,82370,(3,9223372036854775807))
Edge(113722,79288,(3,9223372036854775807))
Edge(114055,165388,(3,9223372036854775807))
Edge(114242,222099,(3,9223372036854775807))
Edge(115017,438998,(3,9223372036854775807))
Edge(115105,305719,(3,9223372036854775807))
Edge(116131,20828,(1,9223372036854775807))
Edge(116273,464629,(3,9223372036854775807))
Edge(116565,414267,(3,9223372036854775807))
Edge(116566,310039,(3,9223372036854775807))
Edge(117029,346301,(3,9223372036854775807))
Edge(117094,173309,(3,9223372036854775807))
Edge(117208,279913,(3,9223372036854775807))
Edge(117456,288736,(3,9223372036854775807))
Edge(118115,251199,(3,9223372036854775807))
Edge(118141,157282,(3,9223372036854775807))
Edge(118661,308193,(3,9223372036854775807))
Edge(119062,365642,(3,9223372036854775807))
Edge(119153,368829,(3,9223372036854775807))
Edge(119167,436375,(3,9223372036854775807))
Edge(120018,120041,(3,9223372036854775807))
Edge(120408,428006,(1,3))
Edge(120688,154174,(3,9223372036854775807))
Edge(120712,140281,(3,9223372036854775807))
Edge(121005,193766,(3,9223372036854775807))
Edge(121254,132,(3,9223372036854775807))
Edge(121563,269266,(3,9223372036854775807))
Edge(121787,31098,(3,9223372036854775807))
Edge(121870,220524,(1,3))
Edge(122166,3965,(3,9223372036854775807))
Edge(122200,465280,(3,9223372036854775807))
Edge(122320,356107,(3,9223372036854775807))
Edge(122517,27095,(3,9223372036854775807))
Edge(122905,138572,(3,9223372036854775807))
Edge(122974,334809,(1,9223372036854775807))
Edge(123194,116768,(3,9223372036854775807))
Edge(123355,413751,(3,9223372036854775807))
Edge(123649,135619,(3,9223372036854775807))
Edge(123726,476084,(3,9223372036854775807))
Edge(123756,386047,(3,9223372036854775807))
Edge(124278,197657,(3,9223372036854775807))
Edge(124397,29929,(1,9223372036854775807))
Edge(124566,384602,(1,3))
Edge(124956,172226,(3,9223372036854775807))
Edge(126237,297816,(1,9223372036854775807))
Edge(126523,302621,(3,9223372036854775807))
Edge(127197,122610,(3,9223372036854775807))
Edge(127308,225819,(1,9223372036854775807))
Edge(127366,294763,(3,9223372036854775807))
Edge(127533,188061,(3,9223372036854775807))
Edge(127618,40492,(1,9223372036854775807))
Edge(127706,14142,(3,9223372036854775807))
Edge(128573,167764,(1,9223372036854775807))
Edge(128608,448568,(3,9223372036854775807))
Edge(129245,153631,(3,9223372036854775807))
Edge(129284,186748,(3,9223372036854775807))
Edge(129635,271609,(3,9223372036854775807))
Edge(129707,430178,(1,9223372036854775807))
Edge(129847,200653,(3,9223372036854775807))
Edge(129944,225069,(1,3))
Edge(129991,490316,(3,9223372036854775807))
Edge(130304,40765,(3,9223372036854775807))
Edge(130550,139425,(3,9223372036854775807))
Edge(130845,72480,(1,9223372036854775807))
Edge(131982,20551,(1,9223372036854775807))
Edge(132007,183365,(1,9223372036854775807))
Edge(132594,327468,(1,3))
Edge(132987,394133,(3,9223372036854775807))
Edge(133161,198098,(3,9223372036854775807))
Edge(133322,996,(3,9223372036854775807))
Edge(133335,239613,(3,9223372036854775807))
Edge(133795,363391,(3,9223372036854775807))
Edge(134076,151783,(3,9223372036854775807))
Edge(134143,25304,(1,9223372036854775807))
Edge(134446,375028,(3,9223372036854775807))
Edge(134651,53087,(3,9223372036854775807))
Edge(134822,124381,(1,9223372036854775807))
Edge(134938,237879,(3,9223372036854775807))
Edge(134983,337745,(3,9223372036854775807))
Edge(135515,66698,(3,9223372036854775807))
Edge(135648,364403,(3,9223372036854775807))
Edge(136110,136327,(1,9223372036854775807))
Edge(136269,92106,(1,9223372036854775807))
Edge(136803,255322,(3,9223372036854775807))
Edge(136817,239197,(3,9223372036854775807))
Edge(138447,180108,(3,9223372036854775807))
Edge(138472,126554,(3,9223372036854775807))
Edge(138658,219657,(3,9223372036854775807))
Edge(138835,443892,(3,9223372036854775807))
Edge(139649,338304,(3,9223372036854775807))
Edge(140932,455782,(3,9223372036854775807))
Edge(140989,197886,(3,9223372036854775807))
Edge(141092,483164,(1,3))
Edge(141151,478878,(3,9223372036854775807))
Edge(141449,421368,(3,9223372036854775807))
Edge(141607,247592,(3,9223372036854775807))
Edge(141717,74998,(3,9223372036854775807))
Edge(141791,465356,(3,9223372036854775807))
Edge(141888,421855,(1,9223372036854775807))
Edge(141929,160313,(3,9223372036854775807))
Edge(142377,372887,(3,9223372036854775807))
Edge(142587,53751,(3,9223372036854775807))
Edge(142606,155043,(3,9223372036854775807))
Edge(142784,308788,(3,9223372036854775807))
Edge(142800,321509,(3,9223372036854775807))
Edge(142959,492154,(3,9223372036854775807))
Edge(143502,198604,(3,9223372036854775807))
Edge(143692,96572,(3,9223372036854775807))
Edge(143815,92318,(3,9223372036854775807))
Edge(144233,356283,(1,9223372036854775807))
Edge(144244,391727,(1,9223372036854775807))
Edge(144397,56106,(3,9223372036854775807))
Edge(144769,152725,(3,9223372036854775807))
Edge(144770,381986,(3,9223372036854775807))
Edge(145228,364593,(1,3))
Edge(145446,375806,(3,9223372036854775807))
Edge(145837,33425,(3,9223372036854775807))
Edge(146034,125673,(3,9223372036854775807))
Edge(146412,169764,(3,9223372036854775807))
Edge(146464,387088,(1,9223372036854775807))
Edge(146885,493879,(1,9223372036854775807))
Edge(147095,52303,(3,9223372036854775807))
Edge(147404,407970,(3,9223372036854775807))
Edge(147485,172794,(3,9223372036854775807))
Edge(147719,268325,(3,9223372036854775807))
Edge(148225,81461,(3,9223372036854775807))
Edge(148264,309600,(1,9223372036854775807))
Edge(148451,82085,(3,9223372036854775807))
Edge(148544,364748,(3,9223372036854775807))
Edge(149147,318010,(3,9223372036854775807))
Edge(149764,143241,(3,9223372036854775807))
Edge(149837,95191,(3,9223372036854775807))
Edge(150307,35388,(3,9223372036854775807))
Edge(150835,485762,(1,3))
Edge(150853,271082,(3,9223372036854775807))
Edge(151105,181739,(3,9223372036854775807))
Edge(151403,259664,(3,9223372036854775807))
Edge(151476,357668,(3,9223372036854775807))
Edge(151626,335593,(3,9223372036854775807))
Edge(151929,339894,(3,9223372036854775807))
Edge(152062,56044,(1,9223372036854775807))
Edge(152172,363395,(3,9223372036854775807))
Edge(152239,326366,(1,9223372036854775807))
Edge(152583,340513,(3,9223372036854775807))
Edge(152609,410197,(3,9223372036854775807))
Edge(152781,298453,(1,9223372036854775807))
Edge(152866,454968,(3,9223372036854775807))
Edge(153182,119803,(3,9223372036854775807))
Edge(153274,491083,(3,9223372036854775807))
Edge(153415,456549,(3,9223372036854775807))
Edge(153548,369692,(1,3))
Edge(154020,74772,(3,9223372036854775807))
Edge(154159,499423,(1,9223372036854775807))
Edge(154263,166172,(3,9223372036854775807))
Edge(154278,489624,(3,9223372036854775807))
Edge(154361,37987,(3,9223372036854775807))
Edge(154938,124920,(3,9223372036854775807))
Edge(155118,121963,(1,9223372036854775807))
Edge(155224,109447,(3,9223372036854775807))
Edge(155547,390707,(3,9223372036854775807))
Edge(155834,437460,(3,9223372036854775807))
Edge(156056,202407,(1,3))
Edge(156756,252491,(3,9223372036854775807))
Edge(157017,264916,(3,9223372036854775807))
Edge(157053,258883,(3,9223372036854775807))
Edge(157140,108701,(3,9223372036854775807))
Edge(157656,115756,(3,9223372036854775807))
Edge(157819,269897,(3,9223372036854775807))
Edge(157916,60890,(3,9223372036854775807))
Edge(158209,449306,(3,9223372036854775807))
Edge(158222,120245,(1,9223372036854775807))
Edge(158404,277582,(1,9223372036854775807))
Edge(159048,731,(3,9223372036854775807))
Edge(159083,10904,(3,9223372036854775807))
Edge(159301,156701,(3,9223372036854775807))
Edge(159587,153317,(3,9223372036854775807))
Edge(159648,279827,(3,9223372036854775807))
Edge(159755,411862,(1,3))
Edge(160103,375106,(1,9223372036854775807))
Edge(160543,333681,(3,9223372036854775807))
Edge(160543,412559,(3,9223372036854775807))
Edge(160650,359657,(3,9223372036854775807))
Edge(160694,322752,(3,9223372036854775807))
Edge(160889,403345,(3,9223372036854775807))
Edge(161167,282513,(1,9223372036854775807))
Edge(161370,17748,(3,9223372036854775807))
Edge(161627,43135,(3,9223372036854775807))
Edge(161691,411073,(3,9223372036854775807))
Edge(162150,365260,(3,9223372036854775807))
Edge(162448,460506,(3,9223372036854775807))
Edge(162869,416226,(1,9223372036854775807))
Edge(163394,358372,(1,3))
Edge(163533,463865,(3,9223372036854775807))
Edge(163588,263459,(3,9223372036854775807))
Edge(164180,394932,(3,9223372036854775807))
Edge(164322,349174,(1,3))
Edge(164632,118988,(3,9223372036854775807))
Edge(164660,330290,(3,9223372036854775807))
Edge(164712,127845,(3,9223372036854775807))
Edge(164802,277646,(1,9223372036854775807))
Edge(165115,81249,(3,9223372036854775807))
Edge(165295,387297,(3,9223372036854775807))
Edge(165467,96465,(3,9223372036854775807))
Edge(165478,434734,(3,9223372036854775807))
Edge(166711,273513,(3,9223372036854775807))
Edge(166837,469006,(3,9223372036854775807))
Edge(166945,428978,(3,9223372036854775807))
Edge(167053,18245,(3,9223372036854775807))
Edge(167064,203100,(3,9223372036854775807))
Edge(168273,478184,(3,9223372036854775807))
Edge(168661,269990,(3,9223372036854775807))
Edge(168664,358432,(3,9223372036854775807))
Edge(168834,409053,(3,9223372036854775807))
Edge(169004,290598,(3,9223372036854775807))
Edge(169095,101511,(1,9223372036854775807))
Edge(169405,244314,(1,3))
Edge(169559,210833,(3,9223372036854775807))
Edge(169706,80461,(1,9223372036854775807))
Edge(170006,49444,(1,9223372036854775807))
Edge(170011,65324,(3,9223372036854775807))
Edge(170209,183675,(3,9223372036854775807))
Edge(170253,69153,(3,9223372036854775807))
Edge(170266,43445,(1,9223372036854775807))
Edge(170552,198165,(1,9223372036854775807))
Edge(170747,183690,(1,3))
Edge(171282,123488,(3,9223372036854775807))
Edge(171396,110220,(3,9223372036854775807))
Edge(171552,177030,(3,9223372036854775807))
Edge(171835,477100,(3,9223372036854775807))
Edge(171929,268486,(3,9223372036854775807))
Edge(171930,453301,(3,9223372036854775807))
Edge(171933,256780,(1,3))
Edge(172579,33281,(3,9223372036854775807))
Edge(172618,151044,(1,9223372036854775807))
Edge(172687,464951,(1,3))
Edge(172742,123106,(3,9223372036854775807))
Edge(173353,66502,(3,9223372036854775807))
Edge(173416,153755,(3,9223372036854775807))
Edge(173426,215688,(1,9223372036854775807))
Edge(174243,53144,(3,9223372036854775807))
Edge(174909,285117,(1,9223372036854775807))
Edge(174975,204031,(1,9223372036854775807))
Edge(175317,523,(1,3))
Edge(175375,32841,(3,9223372036854775807))
Edge(176327,144964,(3,9223372036854775807))
Edge(176481,488414,(3,9223372036854775807))
Edge(176849,214057,(3,9223372036854775807))
Edge(177031,365261,(3,9223372036854775807))
Edge(177601,429405,(1,9223372036854775807))
Edge(178106,45344,(3,9223372036854775807))
Edge(178192,140194,(3,9223372036854775807))
Edge(178739,163004,(3,9223372036854775807))
Edge(179337,161345,(3,9223372036854775807))
Edge(179529,263980,(3,9223372036854775807))
Edge(179577,310643,(3,9223372036854775807))
Edge(179671,380755,(3,9223372036854775807))
Edge(179787,405630,(3,9223372036854775807))
Edge(179797,45573,(3,9223372036854775807))
Edge(179867,460293,(3,9223372036854775807))
Edge(179906,188644,(3,9223372036854775807))
Edge(179975,121403,(3,9223372036854775807))
Edge(180290,438646,(1,9223372036854775807))
Edge(180306,247363,(3,9223372036854775807))
Edge(180852,378475,(3,9223372036854775807))
Edge(181138,453155,(3,9223372036854775807))
Edge(181371,289990,(3,9223372036854775807))
Edge(181451,104338,(3,9223372036854775807))
Edge(181662,439733,(3,9223372036854775807))
Edge(181953,225800,(1,3))
Edge(182009,381068,(3,9223372036854775807))
Edge(182232,477184,(3,9223372036854775807))
Edge(182299,14331,(3,9223372036854775807))
Edge(182934,191876,(3,9223372036854775807))
Edge(183002,266767,(1,3))
Edge(184100,287891,(3,9223372036854775807))
Edge(184135,457509,(3,9223372036854775807))
Edge(184146,340308,(1,9223372036854775807))
Edge(184242,442950,(3,9223372036854775807))
Edge(184437,305225,(3,9223372036854775807))
Edge(186072,70584,(3,9223372036854775807))
Edge(186503,91049,(3,9223372036854775807))
Edge(186688,336071,(1,3))
Edge(187223,118643,(3,9223372036854775807))
Edge(187268,497987,(3,9223372036854775807))
Edge(187304,46624,(1,3))
Edge(187622,362177,(3,9223372036854775807))
Edge(187690,9762,(3,9223372036854775807))
Edge(188218,303066,(1,9223372036854775807))
Edge(188244,323431,(3,9223372036854775807))
Edge(188534,490019,(1,9223372036854775807))
Edge(189479,213381,(3,9223372036854775807))
Edge(190039,172654,(3,9223372036854775807))
Edge(190529,128394,(3,9223372036854775807))
Edge(191055,308336,(3,9223372036854775807))
Edge(191271,158539,(4,9223372036854775807))
Edge(191340,211307,(1,3))
Edge(191543,497262,(3,9223372036854775807))
Edge(191945,122329,(1,9223372036854775807))
Edge(192257,286295,(3,9223372036854775807))
Edge(192321,360741,(3,9223372036854775807))
Edge(192569,148017,(1,9223372036854775807))
Edge(192669,457058,(1,9223372036854775807))
Edge(194621,389439,(1,9223372036854775807))
Edge(194835,140097,(1,9223372036854775807))
Edge(195769,445534,(3,9223372036854775807))
Edge(196068,195317,(1,9223372036854775807))
Edge(196437,90540,(3,9223372036854775807))
Edge(196965,40265,(1,9223372036854775807))
Edge(197370,486778,(3,9223372036854775807))
Edge(197513,364304,(3,9223372036854775807))
Edge(197519,56154,(3,9223372036854775807))
Edge(197724,404836,(3,9223372036854775807))
Edge(197796,308971,(3,9223372036854775807))
Edge(198162,113274,(3,9223372036854775807))
Edge(198252,17692,(3,9223372036854775807))
Edge(198326,90488,(3,9223372036854775807))
Edge(198345,253769,(3,9223372036854775807))
Edge(198522,138693,(3,9223372036854775807))
Edge(198706,470462,(3,9223372036854775807))
Edge(198991,136627,(3,9223372036854775807))
Edge(199641,468261,(1,9223372036854775807))
Edge(199677,14505,(3,9223372036854775807))
Edge(200097,417585,(3,9223372036854775807))
Edge(200317,231878,(3,9223372036854775807))
Edge(200751,366576,(3,9223372036854775807))
Edge(201704,75142,(3,9223372036854775807))
Edge(202047,382240,(3,9223372036854775807))
Edge(202594,282286,(3,9223372036854775807))
Edge(202818,472397,(1,9223372036854775807))
Edge(202971,92859,(1,3))
Edge(203117,248546,(3,9223372036854775807))
Edge(203577,47194,(3,9223372036854775807))
Edge(203620,317061,(3,9223372036854775807))
Edge(204466,240106,(3,9223372036854775807))
Edge(204538,224305,(3,9223372036854775807))
Edge(205756,273089,(1,3))
Edge(205868,337564,(3,9223372036854775807))
Edge(205873,439960,(1,9223372036854775807))
Edge(206220,307517,(3,9223372036854775807))
Edge(206442,495974,(3,9223372036854775807))
Edge(206687,261543,(3,9223372036854775807))
Edge(207146,42401,(3,9223372036854775807))
Edge(207177,36291,(3,9223372036854775807))
Edge(207362,288825,(3,9223372036854775807))
Edge(207732,456515,(3,9223372036854775807))
Edge(207824,487610,(3,9223372036854775807))
Edge(208209,122569,(1,3))
Edge(208652,228313,(3,9223372036854775807))
Edge(209031,74937,(3,9223372036854775807))
Edge(209086,41965,(3,9223372036854775807))
Edge(209378,294061,(3,9223372036854775807))
Edge(209462,469771,(1,9223372036854775807))
Edge(209560,267311,(3,9223372036854775807))
Edge(209696,118371,(3,9223372036854775807))
Edge(209733,329777,(1,9223372036854775807))
Edge(210981,425917,(3,9223372036854775807))
Edge(211418,118902,(3,9223372036854775807))
Edge(211919,151636,(3,9223372036854775807))
Edge(212230,215166,(3,9223372036854775807))
Edge(212266,232273,(3,9223372036854775807))
Edge(212351,397567,(3,9223372036854775807))
Edge(212496,455284,(3,9223372036854775807))
Edge(212522,54037,(3,9223372036854775807))
Edge(212634,186319,(3,9223372036854775807))
Edge(212840,102301,(3,9223372036854775807))
Edge(212981,84354,(3,9223372036854775807))
Edge(213170,196628,(1,3))
Edge(213590,388631,(3,9223372036854775807))
Edge(214238,364263,(3,9223372036854775807))
Edge(214550,481845,(3,9223372036854775807))
Edge(214838,372089,(3,9223372036854775807))
Edge(215101,290636,(3,9223372036854775807))
Edge(215466,466991,(3,9223372036854775807))
Edge(215603,484653,(3,9223372036854775807))
Edge(215800,199337,(3,9223372036854775807))
Edge(216124,299034,(1,9223372036854775807))
Edge(216175,152736,(3,9223372036854775807))
Edge(216727,90158,(1,9223372036854775807))
Edge(217301,175863,(1,3))
Edge(217446,480878,(3,9223372036854775807))
Edge(217568,130526,(1,3))
Edge(218053,1863,(1,3))
Edge(218148,436862,(1,9223372036854775807))
Edge(218605,431986,(4,9223372036854775807))
Edge(218878,172265,(3,9223372036854775807))
Edge(218972,472594,(3,9223372036854775807))
Edge(219032,196953,(3,9223372036854775807))
Edge(219115,296816,(3,9223372036854775807))
Edge(219168,424511,(3,9223372036854775807))
Edge(219420,187010,(3,9223372036854775807))
Edge(219982,492001,(3,9223372036854775807))
Edge(220024,218766,(1,3))
Edge(220053,15042,(3,9223372036854775807))
Edge(220115,480951,(1,9223372036854775807))
Edge(220320,121323,(3,9223372036854775807))
Edge(220375,337153,(3,9223372036854775807))
Edge(220996,65691,(1,9223372036854775807))
Edge(221047,312549,(3,9223372036854775807))
Edge(221219,61714,(3,9223372036854775807))
Edge(221510,279261,(1,9223372036854775807))
Edge(221693,164182,(3,9223372036854775807))
Edge(221724,98970,(3,9223372036854775807))
Edge(221967,236077,(3,9223372036854775807))
Edge(222259,481326,(3,9223372036854775807))
Edge(222714,363571,(3,9223372036854775807))
Edge(222740,179091,(1,3))
Edge(223169,221767,(3,9223372036854775807))
Edge(223371,246427,(3,9223372036854775807))
Edge(223419,440100,(3,9223372036854775807))
Edge(223753,187734,(1,3))
Edge(224135,13084,(3,9223372036854775807))
Edge(224231,136328,(3,9223372036854775807))
Edge(224412,426361,(3,9223372036854775807))
Edge(224600,140956,(3,9223372036854775807))
Edge(224888,110162,(3,9223372036854775807))
Edge(224980,140504,(3,9223372036854775807))
Edge(225448,81598,(3,9223372036854775807))
Edge(225463,490293,(3,9223372036854775807))
Edge(226205,282265,(1,9223372036854775807))
Edge(226408,29013,(3,9223372036854775807))
Edge(226495,63202,(3,9223372036854775807))
Edge(226539,414607,(3,9223372036854775807))
Edge(226741,167499,(1,3))
Edge(226977,464526,(1,9223372036854775807))
Edge(227094,206647,(3,9223372036854775807))
Edge(227190,144718,(3,9223372036854775807))
Edge(227270,450202,(3,9223372036854775807))
Edge(227404,108882,(3,9223372036854775807))
Edge(227799,433856,(1,3))
Edge(228314,20682,(3,9223372036854775807))
Edge(228427,452940,(3,9223372036854775807))
Edge(228522,118436,(3,9223372036854775807))
Edge(228872,429111,(3,9223372036854775807))
Edge(228959,127820,(3,9223372036854775807))
Edge(228989,119974,(1,9223372036854775807))
Edge(229036,93626,(3,9223372036854775807))
Edge(229341,473242,(3,9223372036854775807))
Edge(229428,75912,(1,3))
Edge(229452,289416,(1,3))
Edge(229606,252740,(4,9223372036854775807))
Edge(230090,300005,(1,9223372036854775807))
Edge(230482,65665,(3,9223372036854775807))
Edge(231074,189320,(3,9223372036854775807))
Edge(231390,373526,(3,9223372036854775807))
Edge(231855,7523,(3,9223372036854775807))
Edge(232031,15889,(3,9223372036854775807))
Edge(232226,112895,(3,9223372036854775807))
Edge(232287,361307,(1,3))
Edge(232617,227414,(3,9223372036854775807))
Edge(233020,235641,(3,9223372036854775807))
Edge(233610,190117,(3,9223372036854775807))
Edge(233865,374302,(3,9223372036854775807))
Edge(234101,366878,(3,9223372036854775807))
Edge(234290,108009,(3,9223372036854775807))
Edge(234296,492863,(1,9223372036854775807))
Edge(234719,70984,(3,9223372036854775807))
Edge(234776,411863,(3,9223372036854775807))
Edge(235026,255404,(3,9223372036854775807))
Edge(235534,76599,(3,9223372036854775807))
Edge(235604,127878,(3,9223372036854775807))
Edge(235638,421795,(3,9223372036854775807))
Edge(235760,86782,(1,9223372036854775807))
Edge(236296,421793,(3,9223372036854775807))
Edge(236942,421552,(3,9223372036854775807))
Edge(237672,27844,(3,9223372036854775807))
Edge(237868,144306,(3,9223372036854775807))
Edge(238124,107529,(3,9223372036854775807))
Edge(238274,447486,(3,9223372036854775807))
Edge(239476,209323,(1,9223372036854775807))
Edge(239719,13456,(3,9223372036854775807))
Edge(239747,451236,(3,9223372036854775807))
Edge(240340,426891,(3,9223372036854775807))
Edge(241153,498028,(3,9223372036854775807))
Edge(241213,139896,(3,9223372036854775807))
Edge(241685,311104,(3,9223372036854775807))
Edge(241737,495864,(3,9223372036854775807))
Edge(242187,76766,(3,9223372036854775807))
Edge(242263,193090,(3,9223372036854775807))
Edge(242714,73204,(3,9223372036854775807))
Edge(242880,350788,(3,9223372036854775807))
Edge(242920,488061,(3,9223372036854775807))
Edge(243126,98414,(3,9223372036854775807))
Edge(243176,266726,(3,9223372036854775807))
Edge(243303,164284,(3,9223372036854775807))
Edge(243401,444766,(3,9223372036854775807))
Edge(243475,460901,(3,9223372036854775807))
Edge(243582,240537,(3,9223372036854775807))
Edge(243830,261850,(3,9223372036854775807))
Edge(244533,492108,(3,9223372036854775807))
Edge(244578,369186,(3,9223372036854775807))
Edge(245491,23004,(3,9223372036854775807))
Edge(246413,25793,(1,9223372036854775807))
Edge(246451,256598,(3,9223372036854775807))
Edge(246476,498732,(1,3))
Edge(246653,31373,(3,9223372036854775807))
Edge(247033,220460,(1,9223372036854775807))
Edge(247323,319147,(3,9223372036854775807))
Edge(247396,463938,(3,9223372036854775807))
Edge(247697,354910,(3,9223372036854775807))
Edge(247785,167800,(3,9223372036854775807))
Edge(248271,391380,(3,9223372036854775807))
Edge(248371,16519,(3,9223372036854775807))
Edge(248454,2348,(3,9223372036854775807))
Edge(248642,199404,(3,9223372036854775807))
Edge(249020,63285,(3,9223372036854775807))
Edge(249057,396393,(3,9223372036854775807))
Edge(249670,173766,(3,9223372036854775807))
Edge(249871,107734,(3,9223372036854775807))
Edge(250177,190746,(3,9223372036854775807))
Edge(250312,147721,(3,9223372036854775807))
Edge(250559,22121,(3,9223372036854775807))
Edge(250785,325084,(3,9223372036854775807))
Edge(250889,386971,(3,9223372036854775807))
Edge(251190,244991,(3,9223372036854775807))
Edge(251567,329021,(3,9223372036854775807))
Edge(251650,360811,(3,9223372036854775807))
Edge(252162,450047,(3,9223372036854775807))
Edge(252736,148341,(3,9223372036854775807))
Edge(253055,223238,(1,3))
Edge(253167,274622,(1,9223372036854775807))
Edge(253322,118603,(3,9223372036854775807))
Edge(253331,202055,(1,9223372036854775807))
Edge(253335,429900,(3,9223372036854775807))
Edge(253658,57762,(3,9223372036854775807))
Edge(253745,202695,(3,9223372036854775807))
Edge(253835,219264,(3,9223372036854775807))
Edge(253858,56055,(3,9223372036854775807))
Edge(254184,132222,(3,9223372036854775807))
Edge(254640,64978,(3,9223372036854775807))
Edge(255055,403853,(3,9223372036854775807))
Edge(255464,437347,(3,9223372036854775807))
Edge(255938,70398,(3,9223372036854775807))
Edge(256000,157346,(3,9223372036854775807))
Edge(256231,46785,(3,9223372036854775807))
Edge(256238,251933,(3,9223372036854775807))
Edge(256591,486955,(3,9223372036854775807))
Edge(256618,421406,(3,9223372036854775807))
Edge(257000,424274,(3,9223372036854775807))
Edge(257782,435343,(1,9223372036854775807))
Edge(258234,31408,(3,9223372036854775807))
Edge(258392,36428,(1,9223372036854775807))
Edge(258559,253173,(3,9223372036854775807))
Edge(258566,325609,(3,9223372036854775807))
Edge(259165,289636,(3,9223372036854775807))
Edge(259489,263122,(3,9223372036854775807))
Edge(259510,307570,(3,9223372036854775807))
Edge(259518,488173,(3,9223372036854775807))
Edge(259821,61345,(3,9223372036854775807))
Edge(260021,176823,(3,9223372036854775807))
Edge(260428,41415,(3,9223372036854775807))
Edge(260633,496945,(3,9223372036854775807))
Edge(261146,74358,(3,9223372036854775807))
Edge(261289,430620,(3,9223372036854775807))
Edge(261325,33540,(3,9223372036854775807))
Edge(261729,102072,(3,9223372036854775807))
Edge(262567,310106,(3,9223372036854775807))
Edge(262953,8705,(3,9223372036854775807))
Edge(263082,326128,(1,9223372036854775807))
Edge(263455,12549,(3,9223372036854775807))
Edge(263484,39966,(3,9223372036854775807))
Edge(263890,255307,(3,9223372036854775807))
Edge(264201,172669,(3,9223372036854775807))
Edge(264700,273713,(1,3))
Edge(264753,72631,(3,9223372036854775807))
Edge(264771,446609,(3,9223372036854775807))
Edge(264871,418919,(3,9223372036854775807))
Edge(265253,184421,(1,9223372036854775807))
Edge(266514,147842,(3,9223372036854775807))
Edge(266679,172926,(3,9223372036854775807))
Edge(267028,370435,(1,9223372036854775807))
Edge(267180,113589,(3,9223372036854775807))
Edge(267441,234346,(3,9223372036854775807))
Edge(267466,316775,(3,9223372036854775807))
Edge(267610,85183,(1,9223372036854775807))
Edge(267946,9563,(1,9223372036854775807))
Edge(268089,209147,(3,9223372036854775807))
Edge(268578,158313,(3,9223372036854775807))
Edge(268770,47027,(3,9223372036854775807))
Edge(269322,266501,(3,9223372036854775807))
Edge(269357,429878,(3,9223372036854775807))
Edge(269866,448659,(1,9223372036854775807))
Edge(269931,323866,(1,9223372036854775807))
Edge(270168,155310,(1,9223372036854775807))
Edge(270610,348080,(3,9223372036854775807))
Edge(271137,16443,(3,9223372036854775807))
Edge(271364,369022,(3,9223372036854775807))
Edge(272140,125957,(3,9223372036854775807))
Edge(272565,158460,(3,9223372036854775807))
Edge(272682,438984,(3,9223372036854775807))
Edge(272759,90474,(3,9223372036854775807))
Edge(273081,317755,(3,9223372036854775807))
Edge(273340,126388,(3,9223372036854775807))
Edge(273794,100272,(3,9223372036854775807))
Edge(274112,212606,(3,9223372036854775807))
Edge(274660,105139,(3,9223372036854775807))
Edge(275234,392492,(1,9223372036854775807))
Edge(275912,195967,(3,9223372036854775807))
Edge(276296,198688,(3,9223372036854775807))
Edge(276586,298542,(1,9223372036854775807))
Edge(277257,73291,(3,9223372036854775807))
Edge(277378,186218,(3,9223372036854775807))
Edge(277685,296639,(3,9223372036854775807))
Edge(278106,385558,(3,9223372036854775807))
Edge(278254,317646,(3,9223372036854775807))
Edge(278470,413825,(3,9223372036854775807))
Edge(278597,160496,(3,9223372036854775807))
Edge(278707,288244,(3,9223372036854775807))
Edge(278828,93294,(1,9223372036854775807))
Edge(279024,136218,(1,9223372036854775807))
Edge(279082,481594,(3,9223372036854775807))
Edge(279273,230998,(3,9223372036854775807))
Edge(279493,447325,(3,9223372036854775807))
Edge(279592,54336,(3,9223372036854775807))
Edge(279630,272397,(1,9223372036854775807))
Edge(279654,213935,(1,9223372036854775807))
Edge(279702,491387,(1,9223372036854775807))
Edge(279912,130570,(3,9223372036854775807))
Edge(279925,157937,(1,9223372036854775807))
Edge(280025,466287,(3,9223372036854775807))
Edge(280302,442888,(1,9223372036854775807))
Edge(281208,375143,(3,9223372036854775807))
Edge(281362,495193,(3,9223372036854775807))
Edge(281494,303152,(3,9223372036854775807))
Edge(281992,477318,(3,9223372036854775807))
Edge(282109,313362,(1,3))
Edge(283017,240764,(3,9223372036854775807))
Edge(283260,405634,(3,9223372036854775807))
Edge(283357,439475,(3,9223372036854775807))
Edge(283421,269617,(3,9223372036854775807))
Edge(283494,96519,(3,9223372036854775807))
Edge(283505,372313,(3,9223372036854775807))
Edge(283516,159995,(3,9223372036854775807))
Edge(284480,87669,(3,9223372036854775807))
Edge(284796,420378,(1,9223372036854775807))
Edge(284973,3336,(3,9223372036854775807))
Edge(285521,292352,(3,9223372036854775807))
Edge(287081,419167,(3,9223372036854775807))
Edge(287771,413688,(1,9223372036854775807))
Edge(287836,200705,(3,9223372036854775807))
Edge(287917,314398,(1,3))
Edge(288643,228752,(3,9223372036854775807))
Edge(288734,27141,(3,9223372036854775807))
Edge(288878,66855,(3,9223372036854775807))
Edge(289575,257321,(3,9223372036854775807))
Edge(289817,200436,(1,9223372036854775807))
Edge(289820,50519,(1,9223372036854775807))
Edge(290004,10718,(1,3))
Edge(290232,246865,(3,9223372036854775807))
Edge(290646,123589,(1,9223372036854775807))
Edge(290958,183046,(3,9223372036854775807))
Edge(291692,338398,(3,9223372036854775807))
Edge(291897,492546,(1,9223372036854775807))
Edge(292105,363284,(3,9223372036854775807))
Edge(292276,311472,(3,9223372036854775807))
Edge(292531,43811,(3,9223372036854775807))
Edge(293415,463271,(3,9223372036854775807))
Edge(293576,202910,(3,9223372036854775807))
Edge(294046,371879,(3,9223372036854775807))
Edge(294180,405667,(3,9223372036854775807))
Edge(294499,434160,(3,9223372036854775807))
Edge(295033,434369,(3,9223372036854775807))
Edge(295255,397608,(1,9223372036854775807))
Edge(295861,429812,(3,9223372036854775807))
Edge(295878,33602,(1,9223372036854775807))
Edge(295957,452416,(1,9223372036854775807))
Edge(295999,68277,(3,9223372036854775807))
Edge(296027,268277,(3,9223372036854775807))
Edge(296456,85539,(3,9223372036854775807))
Edge(296587,367440,(3,9223372036854775807))
Edge(296781,485284,(3,9223372036854775807))
Edge(297120,300735,(3,9223372036854775807))
Edge(297159,323861,(3,9223372036854775807))
Edge(297190,109756,(3,9223372036854775807))
Edge(297555,341163,(3,9223372036854775807))
Edge(297856,366976,(3,9223372036854775807))
Edge(297935,393790,(3,9223372036854775807))
Edge(298136,308105,(3,9223372036854775807))
Edge(298224,30865,(3,9223372036854775807))
Edge(299374,382422,(3,9223372036854775807))
Edge(299447,70634,(1,3))
Edge(299473,155125,(1,9223372036854775807))
Edge(299768,233329,(3,9223372036854775807))
Edge(299931,396242,(3,9223372036854775807))
Edge(299993,457146,(3,9223372036854775807))
Edge(299994,47965,(3,9223372036854775807))
Edge(300555,35909,(3,9223372036854775807))
Edge(301266,204247,(3,9223372036854775807))
Edge(302262,453201,(3,9223372036854775807))
Edge(302297,369863,(3,9223372036854775807))
Edge(302452,51500,(3,9223372036854775807))
Edge(302820,411886,(3,9223372036854775807))
Edge(302922,28987,(3,9223372036854775807))
Edge(303524,125178,(3,9223372036854775807))
Edge(303637,148221,(3,9223372036854775807))
Edge(303785,384606,(3,9223372036854775807))
Edge(303968,404875,(3,9223372036854775807))
Edge(304018,293810,(1,9223372036854775807))
Edge(304746,404229,(3,9223372036854775807))
Edge(304905,216625,(3,9223372036854775807))
Edge(305448,44645,(3,9223372036854775807))
Edge(305498,205746,(3,9223372036854775807))
Edge(305768,384351,(3,9223372036854775807))
Edge(306357,225689,(3,9223372036854775807))
Edge(306522,486739,(1,9223372036854775807))
Edge(307333,82345,(3,9223372036854775807))
Edge(307571,349456,(3,9223372036854775807))
Edge(307825,84985,(1,9223372036854775807))
Edge(308186,280828,(3,9223372036854775807))
Edge(309251,373029,(3,9223372036854775807))
Edge(309300,58323,(1,9223372036854775807))
Edge(309449,312280,(3,9223372036854775807))
Edge(309453,33427,(3,9223372036854775807))
Edge(309547,224902,(3,9223372036854775807))
Edge(309841,52722,(3,9223372036854775807))
Edge(309863,150843,(1,3))
Edge(310357,181153,(3,9223372036854775807))
Edge(311008,392894,(3,9223372036854775807))
Edge(311469,95719,(3,9223372036854775807))
Edge(311685,381249,(1,3))
Edge(311737,62873,(3,9223372036854775807))
Edge(312453,357230,(3,9223372036854775807))
Edge(312474,487899,(3,9223372036854775807))
Edge(312939,484652,(3,9223372036854775807))
Edge(313010,29670,(3,9223372036854775807))
Edge(313244,459500,(1,9223372036854775807))
Edge(313407,18363,(3,9223372036854775807))
Edge(313523,83894,(3,9223372036854775807))
Edge(313602,25758,(3,9223372036854775807))
Edge(313888,51629,(3,9223372036854775807))
Edge(313903,185889,(3,9223372036854775807))
Edge(314073,67440,(1,9223372036854775807))
Edge(314104,399057,(3,9223372036854775807))
Edge(314228,475734,(3,9223372036854775807))
Edge(314296,132830,(3,9223372036854775807))
Edge(314381,223061,(3,9223372036854775807))
Edge(314383,235681,(3,9223372036854775807))
Edge(314498,138798,(3,9223372036854775807))
Edge(315164,100294,(3,9223372036854775807))
Edge(315815,158445,(3,9223372036854775807))
Edge(315889,81339,(1,9223372036854775807))
Edge(316064,453477,(3,9223372036854775807))
Edge(316234,89624,(1,9223372036854775807))
Edge(316804,41195,(3,9223372036854775807))
Edge(316829,351494,(1,9223372036854775807))
Edge(317075,409296,(3,9223372036854775807))
Edge(317235,195486,(3,9223372036854775807))
Edge(317454,104902,(3,9223372036854775807))
Edge(317627,214862,(1,3))
Edge(317777,145449,(3,9223372036854775807))
Edge(317929,113314,(1,9223372036854775807))
Edge(317949,30920,(1,9223372036854775807))
Edge(318333,28054,(3,9223372036854775807))
Edge(318569,62233,(3,9223372036854775807))
Edge(319231,495587,(3,9223372036854775807))
Edge(319349,129956,(3,9223372036854775807))
Edge(319648,364540,(3,9223372036854775807))
Edge(319717,421932,(1,9223372036854775807))
Edge(320373,86091,(3,9223372036854775807))
Edge(320835,189859,(1,9223372036854775807))
Edge(321288,207874,(3,9223372036854775807))
Edge(321698,207279,(3,9223372036854775807))
Edge(322413,209521,(3,9223372036854775807))
Edge(322928,201078,(4,9223372036854775807))
Edge(322932,393022,(3,9223372036854775807))
Edge(323141,173216,(3,9223372036854775807))
Edge(323321,161111,(3,9223372036854775807))
Edge(323367,343899,(3,9223372036854775807))
Edge(323809,89860,(3,9223372036854775807))
Edge(324144,285747,(3,9223372036854775807))
Edge(324872,427446,(3,9223372036854775807))
Edge(325121,158097,(1,3))
Edge(325586,245894,(1,3))
Edge(325603,138073,(3,9223372036854775807))
Edge(325606,480464,(1,9223372036854775807))
Edge(326256,224925,(3,9223372036854775807))
Edge(326332,435491,(3,9223372036854775807))
Edge(326446,60907,(3,9223372036854775807))
Edge(326649,464561,(1,9223372036854775807))
Edge(326936,280878,(3,9223372036854775807))
Edge(327122,52602,(3,9223372036854775807))
Edge(327126,285131,(3,9223372036854775807))
Edge(327349,152554,(3,9223372036854775807))
Edge(327852,350377,(3,9223372036854775807))
Edge(328496,385917,(3,9223372036854775807))
Edge(328703,233309,(1,9223372036854775807))
Edge(328979,496097,(3,9223372036854775807))
Edge(329550,121404,(3,9223372036854775807))
Edge(329862,421283,(3,9223372036854775807))
Edge(330254,351805,(3,9223372036854775807))
Edge(330455,322033,(3,9223372036854775807))
Edge(331176,173125,(3,9223372036854775807))
Edge(331186,378846,(3,9223372036854775807))
Edge(331394,316509,(3,9223372036854775807))
Edge(331447,7119,(1,9223372036854775807))
Edge(332175,140207,(3,9223372036854775807))
Edge(332302,307675,(3,9223372036854775807))
Edge(332390,330801,(1,9223372036854775807))
Edge(332768,263763,(3,9223372036854775807))
Edge(332771,365753,(1,9223372036854775807))
Edge(333048,96174,(3,9223372036854775807))
Edge(333268,241565,(3,9223372036854775807))
Edge(333372,88564,(3,9223372036854775807))
Edge(333537,63265,(1,3))
Edge(334340,272016,(3,9223372036854775807))
Edge(334602,444610,(3,9223372036854775807))
Edge(334750,257171,(3,9223372036854775807))
Edge(335006,192205,(3,9223372036854775807))
Edge(335021,371165,(1,9223372036854775807))
Edge(335056,276531,(3,9223372036854775807))
Edge(335243,493113,(1,9223372036854775807))
Edge(335532,466997,(3,9223372036854775807))
Edge(335558,49116,(3,9223372036854775807))
Edge(335656,267199,(3,9223372036854775807))
Edge(336022,278125,(1,9223372036854775807))
Edge(336861,153253,(3,9223372036854775807))
Edge(337047,190404,(1,9223372036854775807))
Edge(337063,191507,(3,9223372036854775807))
Edge(337121,494358,(1,9223372036854775807))
Edge(337832,182146,(3,9223372036854775807))
Edge(338348,239838,(3,9223372036854775807))
Edge(338466,192387,(3,9223372036854775807))
Edge(338749,470494,(3,9223372036854775807))
Edge(339280,363481,(3,9223372036854775807))
Edge(339542,284877,(3,9223372036854775807))
Edge(339553,423269,(3,9223372036854775807))
Edge(339697,442732,(1,9223372036854775807))
Edge(339753,238189,(3,9223372036854775807))
Edge(340015,415596,(3,9223372036854775807))
Edge(340088,135882,(3,9223372036854775807))
Edge(340965,1497,(1,9223372036854775807))
Edge(341323,281324,(1,3))
Edge(341354,290833,(3,9223372036854775807))
Edge(341491,43425,(3,9223372036854775807))
Edge(341736,111684,(3,9223372036854775807))
Edge(341754,104672,(3,9223372036854775807))
Edge(341790,253892,(3,9223372036854775807))
Edge(341866,437671,(3,9223372036854775807))
Edge(342071,57961,(3,9223372036854775807))
Edge(342207,358115,(3,9223372036854775807))
Edge(342355,306513,(1,3))
Edge(342419,358934,(1,9223372036854775807))
Edge(342432,442457,(1,9223372036854775807))
Edge(342768,290977,(1,9223372036854775807))
Edge(343166,190989,(3,9223372036854775807))
Edge(343389,171539,(3,9223372036854775807))
Edge(343459,103359,(1,9223372036854775807))
Edge(343593,216668,(1,9223372036854775807))
Edge(343599,190859,(3,9223372036854775807))
Edge(343604,378538,(3,9223372036854775807))
Edge(343689,400141,(3,9223372036854775807))
Edge(344024,273616,(3,9223372036854775807))
Edge(344313,304450,(3,9223372036854775807))
Edge(344916,417625,(3,9223372036854775807))
Edge(345496,37841,(3,9223372036854775807))
Edge(346311,254487,(3,9223372036854775807))
Edge(346331,375984,(1,9223372036854775807))
Edge(346374,51855,(3,9223372036854775807))
Edge(346541,40828,(3,9223372036854775807))
Edge(346613,445142,(1,9223372036854775807))
Edge(347374,334869,(3,9223372036854775807))
Edge(347464,29832,(3,9223372036854775807))
Edge(347481,82323,(3,9223372036854775807))
Edge(347994,407926,(1,9223372036854775807))
Edge(348080,470178,(3,9223372036854775807))
Edge(348109,121745,(3,9223372036854775807))
Edge(348214,221060,(3,9223372036854775807))
Edge(348324,204761,(3,9223372036854775807))
Edge(348347,404693,(3,9223372036854775807))
Edge(348489,401652,(1,9223372036854775807))
Edge(348626,285784,(3,9223372036854775807))
Edge(348861,301197,(3,9223372036854775807))
Edge(349169,464113,(3,9223372036854775807))
Edge(349432,384166,(3,9223372036854775807))
Edge(349498,285457,(3,9223372036854775807))
Edge(349536,127228,(3,9223372036854775807))
Edge(350183,53779,(3,9223372036854775807))
Edge(350542,361806,(1,9223372036854775807))
Edge(350612,319931,(1,9223372036854775807))
Edge(350828,286438,(3,9223372036854775807))
Edge(351304,441242,(3,9223372036854775807))
Edge(351386,454511,(1,3))
Edge(351534,6964,(3,9223372036854775807))
Edge(351621,415132,(3,9223372036854775807))
Edge(351629,195236,(3,9223372036854775807))
Edge(352047,125596,(1,3))
Edge(352378,372591,(3,9223372036854775807))
Edge(352582,179181,(3,9223372036854775807))
Edge(352775,151442,(3,9223372036854775807))
Edge(352881,426311,(3,9223372036854775807))
Edge(352953,495793,(3,9223372036854775807))
Edge(353647,402483,(3,9223372036854775807))
Edge(353694,386936,(3,9223372036854775807))
Edge(353747,375918,(3,9223372036854775807))
Edge(353774,151501,(3,9223372036854775807))
Edge(353858,174336,(3,9223372036854775807))
Edge(354175,455805,(3,9223372036854775807))
Edge(354311,44235,(3,9223372036854775807))
Edge(354522,497255,(3,9223372036854775807))
Edge(354759,270640,(1,3))
Edge(355411,316042,(3,9223372036854775807))
Edge(355594,289126,(1,3))
Edge(355712,54714,(1,3))
Edge(355771,369213,(3,9223372036854775807))
Edge(355834,232802,(1,3))
Edge(356109,301430,(3,9223372036854775807))
Edge(356308,200376,(3,9223372036854775807))
Edge(356427,258591,(3,9223372036854775807))
Edge(356922,339384,(3,9223372036854775807))
Edge(357061,266028,(3,9223372036854775807))
Edge(357294,283232,(3,9223372036854775807))
Edge(357857,41757,(3,9223372036854775807))
Edge(358356,241738,(1,3))
Edge(358476,177376,(3,9223372036854775807))
Edge(358532,446365,(3,9223372036854775807))
Edge(358667,145015,(3,9223372036854775807))
Edge(359269,69524,(3,9223372036854775807))
Edge(359720,417239,(3,9223372036854775807))
Edge(360814,103595,(3,9223372036854775807))
Edge(360814,188924,(3,9223372036854775807))
Edge(360911,55618,(3,9223372036854775807))
Edge(361136,133837,(3,9223372036854775807))
Edge(361161,439042,(3,9223372036854775807))
Edge(361422,287107,(3,9223372036854775807))
Edge(361445,38292,(3,9223372036854775807))
Edge(361784,177229,(3,9223372036854775807))
Edge(361797,37158,(3,9223372036854775807))
Edge(362161,56238,(3,9223372036854775807))
Edge(362283,327108,(3,9223372036854775807))
Edge(362437,141002,(3,9223372036854775807))
Edge(362569,46991,(3,9223372036854775807))
Edge(363430,470660,(1,3))
Edge(363465,405721,(1,9223372036854775807))
Edge(363848,313265,(1,3))
Edge(364185,286503,(3,9223372036854775807))
Edge(364408,35238,(1,9223372036854775807))
Edge(364573,385450,(1,3))
Edge(365210,480767,(1,9223372036854775807))
Edge(365285,208630,(3,9223372036854775807))
Edge(365297,301645,(1,9223372036854775807))
Edge(365383,236819,(3,9223372036854775807))
Edge(365561,424553,(3,9223372036854775807))
Edge(365640,71724,(1,3))
Edge(365980,429914,(3,9223372036854775807))
Edge(366432,269832,(3,9223372036854775807))
Edge(366462,230439,(3,9223372036854775807))
Edge(367111,2378,(3,9223372036854775807))
Edge(367165,179986,(3,9223372036854775807))
Edge(367213,236333,(3,9223372036854775807))
Edge(367507,150820,(3,9223372036854775807))
Edge(367600,485514,(3,9223372036854775807))
Edge(367916,277463,(3,9223372036854775807))
Edge(368194,184875,(1,9223372036854775807))
Edge(368403,329143,(1,3))
Edge(368960,138600,(1,9223372036854775807))
Edge(369016,299624,(3,9223372036854775807))
Edge(369364,486702,(1,3))
Edge(369464,187011,(3,9223372036854775807))
Edge(369672,69793,(3,9223372036854775807))
Edge(370763,282478,(1,9223372036854775807))
Edge(370991,127220,(3,9223372036854775807))
Edge(371182,8127,(3,9223372036854775807))
Edge(371272,223110,(1,9223372036854775807))
Edge(372079,286182,(1,3))
Edge(372154,459917,(3,9223372036854775807))
Edge(372215,24757,(3,9223372036854775807))
Edge(372442,387097,(3,9223372036854775807))
Edge(372505,167940,(3,9223372036854775807))
Edge(372695,57071,(3,9223372036854775807))
Edge(372842,278289,(1,3))
Edge(372939,71069,(3,9223372036854775807))
Edge(373297,297850,(3,9223372036854775807))
Edge(374853,429929,(3,9223372036854775807))
Edge(375007,22865,(3,9223372036854775807))
Edge(375052,177513,(3,9223372036854775807))
Edge(375442,180482,(3,9223372036854775807))
Edge(375610,76390,(1,9223372036854775807))
Edge(375643,420106,(1,9223372036854775807))
Edge(376109,133700,(3,9223372036854775807))
Edge(376150,266681,(1,3))
Edge(376168,186936,(3,9223372036854775807))
Edge(376335,256489,(3,9223372036854775807))
Edge(376389,54048,(3,9223372036854775807))
Edge(376630,254226,(3,9223372036854775807))
Edge(376872,10039,(3,9223372036854775807))
Edge(376989,207862,(1,9223372036854775807))
Edge(377042,224806,(3,9223372036854775807))
Edge(377068,370064,(3,9223372036854775807))
Edge(377217,456413,(3,9223372036854775807))
Edge(377736,104577,(3,9223372036854775807))
Edge(377997,220244,(1,9223372036854775807))
Edge(378369,212157,(3,9223372036854775807))
Edge(378740,69344,(3,9223372036854775807))
Edge(379659,115601,(3,9223372036854775807))
Edge(380425,366149,(3,9223372036854775807))
Edge(380651,224756,(3,9223372036854775807))
Edge(380827,398071,(1,9223372036854775807))
Edge(380900,52141,(3,9223372036854775807))
Edge(381337,138170,(3,9223372036854775807))
Edge(381369,420276,(1,9223372036854775807))
Edge(381485,16014,(3,9223372036854775807))
Edge(382149,388246,(3,9223372036854775807))
Edge(382363,401540,(3,9223372036854775807))
Edge(382527,275617,(3,9223372036854775807))
Edge(382602,466067,(3,9223372036854775807))
Edge(382924,486012,(3,9223372036854775807))
Edge(382942,355941,(3,9223372036854775807))
Edge(383101,295419,(3,9223372036854775807))
Edge(383609,82259,(3,9223372036854775807))
Edge(384322,258520,(3,9223372036854775807))
Edge(384483,299137,(3,9223372036854775807))
Edge(384946,211807,(3,9223372036854775807))
Edge(385131,131926,(1,9223372036854775807))
Edge(385434,97865,(1,3))
Edge(385481,36589,(3,9223372036854775807))
Edge(385719,272695,(1,9223372036854775807))
Edge(386169,376585,(3,9223372036854775807))
Edge(386269,422372,(1,9223372036854775807))
Edge(386570,341756,(3,9223372036854775807))
Edge(386853,130877,(3,9223372036854775807))
Edge(386888,9721,(3,9223372036854775807))
Edge(387381,352592,(3,9223372036854775807))
Edge(387549,119607,(3,9223372036854775807))
Edge(387901,404164,(3,9223372036854775807))
Edge(387974,191673,(3,9223372036854775807))
Edge(388064,310114,(3,9223372036854775807))
Edge(388171,247258,(3,9223372036854775807))
Edge(389209,161892,(3,9223372036854775807))
Edge(389246,138242,(1,3))
Edge(389269,108307,(3,9223372036854775807))
Edge(389301,20046,(1,3))
Edge(389311,5026,(1,9223372036854775807))
Edge(389464,424487,(3,9223372036854775807))
Edge(389577,239082,(3,9223372036854775807))
Edge(389933,82966,(1,9223372036854775807))
Edge(390382,426697,(3,9223372036854775807))
Edge(390461,329065,(3,9223372036854775807))
Edge(391453,373314,(3,9223372036854775807))
Edge(392232,318132,(3,9223372036854775807))
Edge(392362,232155,(3,9223372036854775807))
Edge(392466,305268,(1,9223372036854775807))
Edge(392469,49622,(1,3))
Edge(392474,129281,(1,9223372036854775807))
Edge(392615,257942,(1,9223372036854775807))
Edge(392853,267978,(3,9223372036854775807))
Edge(393160,432953,(3,9223372036854775807))
Edge(393233,173140,(1,9223372036854775807))
Edge(393591,46593,(3,9223372036854775807))
Edge(393645,157663,(3,9223372036854775807))
Edge(393755,301041,(3,9223372036854775807))
Edge(394000,111726,(3,9223372036854775807))
Edge(394400,288364,(3,9223372036854775807))
Edge(394546,395284,(1,9223372036854775807))
Edge(394604,28889,(3,9223372036854775807))
Edge(394768,260670,(1,9223372036854775807))
Edge(395667,230804,(3,9223372036854775807))
Edge(395745,104801,(3,9223372036854775807))
Edge(395957,363502,(4,9223372036854775807))
Edge(395983,314397,(3,9223372036854775807))
Edge(396242,490585,(3,9223372036854775807))
Edge(396435,47153,(3,9223372036854775807))
Edge(396448,177968,(3,9223372036854775807))
Edge(396594,187090,(1,9223372036854775807))
Edge(396657,368867,(3,9223372036854775807))
Edge(396828,169427,(1,9223372036854775807))
Edge(396903,245134,(1,9223372036854775807))
Edge(396904,260378,(3,9223372036854775807))
Edge(396941,319109,(3,9223372036854775807))
Edge(398142,95266,(3,9223372036854775807))
Edge(398532,54643,(3,9223372036854775807))
Edge(399011,298816,(3,9223372036854775807))
Edge(399682,226207,(1,9223372036854775807))
Edge(400027,71202,(1,3))
Edge(400035,259507,(3,9223372036854775807))
Edge(400168,238505,(3,9223372036854775807))
Edge(400350,423114,(1,9223372036854775807))
Edge(400394,406344,(3,9223372036854775807))
Edge(400400,203149,(1,9223372036854775807))
Edge(400472,424628,(1,9223372036854775807))
Edge(400540,135867,(3,9223372036854775807))
Edge(400847,87168,(3,9223372036854775807))
Edge(400893,323420,(3,9223372036854775807))
Edge(401649,340642,(3,9223372036854775807))
Edge(401856,218224,(3,9223372036854775807))
Edge(402058,254667,(3,9223372036854775807))
Edge(402134,467085,(3,9223372036854775807))
Edge(402165,34636,(3,9223372036854775807))
Edge(403105,237255,(3,9223372036854775807))
Edge(403145,252330,(3,9223372036854775807))
Edge(403265,446817,(3,9223372036854775807))
Edge(403327,280916,(1,3))
Edge(403656,240438,(3,9223372036854775807))
Edge(404221,266037,(3,9223372036854775807))
Edge(404234,375146,(1,9223372036854775807))
Edge(405140,187575,(3,9223372036854775807))
Edge(405310,311012,(1,9223372036854775807))
Edge(405360,2735,(3,9223372036854775807))
Edge(405378,241473,(3,9223372036854775807))
Edge(405879,123473,(3,9223372036854775807))
Edge(406181,371341,(3,9223372036854775807))
Edge(406336,134330,(3,9223372036854775807))
Edge(406419,303673,(3,9223372036854775807))
Edge(406449,281603,(3,9223372036854775807))
Edge(406712,491412,(3,9223372036854775807))
Edge(406786,247364,(1,9223372036854775807))
Edge(406850,178990,(3,9223372036854775807))
Edge(407369,281907,(3,9223372036854775807))
Edge(407374,366504,(3,9223372036854775807))
Edge(407421,476209,(3,9223372036854775807))
Edge(407429,482345,(3,9223372036854775807))
Edge(407493,264111,(3,9223372036854775807))
Edge(408349,141530,(3,9223372036854775807))
Edge(408446,491285,(1,3))
Edge(408628,156157,(1,9223372036854775807))
Edge(408994,488108,(3,9223372036854775807))
Edge(409233,105323,(1,9223372036854775807))
Edge(409251,314026,(3,9223372036854775807))
Edge(410313,60010,(3,9223372036854775807))
Edge(410457,437793,(3,9223372036854775807))
Edge(410586,295585,(3,9223372036854775807))
Edge(410684,218959,(3,9223372036854775807))
Edge(410905,179595,(1,9223372036854775807))
Edge(411193,246426,(3,9223372036854775807))
Edge(411252,381959,(1,9223372036854775807))
Edge(411267,76828,(3,9223372036854775807))
Edge(411325,169099,(3,9223372036854775807))
Edge(411594,121530,(1,9223372036854775807))
Edge(412491,95337,(3,9223372036854775807))
Edge(412655,379940,(3,9223372036854775807))
Edge(413159,229083,(1,9223372036854775807))
Edge(413260,149845,(3,9223372036854775807))
Edge(413471,491742,(3,9223372036854775807))
Edge(413632,79671,(3,9223372036854775807))
Edge(413864,229970,(3,9223372036854775807))
Edge(414055,59054,(1,3))
Edge(414691,65099,(3,9223372036854775807))
Edge(414710,203305,(3,9223372036854775807))
Edge(415300,61277,(3,9223372036854775807))
Edge(415567,471617,(3,9223372036854775807))
Edge(415586,136597,(3,9223372036854775807))
Edge(415981,327514,(3,9223372036854775807))
Edge(416325,72597,(3,9223372036854775807))
Edge(416618,338917,(3,9223372036854775807))
Edge(416744,482260,(1,3))
Edge(416890,286489,(3,9223372036854775807))
Edge(417029,257159,(3,9223372036854775807))
Edge(417559,49853,(3,9223372036854775807))
Edge(417678,110277,(3,9223372036854775807))
Edge(418077,127610,(3,9223372036854775807))
Edge(418852,116632,(3,9223372036854775807))
Edge(418924,423757,(3,9223372036854775807))
Edge(419726,193297,(3,9223372036854775807))
Edge(419760,497046,(1,9223372036854775807))
Edge(421490,291999,(3,9223372036854775807))
Edge(422314,428593,(3,9223372036854775807))
Edge(423148,335492,(3,9223372036854775807))
Edge(423945,40957,(1,3))
Edge(424301,125787,(3,9223372036854775807))
Edge(424400,159038,(3,9223372036854775807))
Edge(424733,25161,(3,9223372036854775807))
Edge(425002,282769,(3,9223372036854775807))
Edge(425018,88095,(3,9223372036854775807))
Edge(425055,367895,(3,9223372036854775807))
Edge(425471,257005,(3,9223372036854775807))
Edge(425739,46992,(1,9223372036854775807))
Edge(426223,441336,(3,9223372036854775807))
Edge(426765,115332,(3,9223372036854775807))
Edge(427153,59080,(3,9223372036854775807))
Edge(427368,392773,(1,9223372036854775807))
Edge(428345,206500,(3,9223372036854775807))
Edge(429027,260801,(1,9223372036854775807))
Edge(429093,229165,(4,9223372036854775807))
Edge(429184,173686,(1,9223372036854775807))
Edge(429777,287206,(3,9223372036854775807))
Edge(430235,323497,(3,9223372036854775807))
Edge(431045,162498,(3,9223372036854775807))
Edge(431223,358678,(3,9223372036854775807))
Edge(431395,260298,(1,9223372036854775807))
Edge(431529,243150,(3,9223372036854775807))
Edge(431546,110600,(1,9223372036854775807))
Edge(431575,102617,(3,9223372036854775807))
Edge(431853,428271,(3,9223372036854775807))
Edge(432002,74885,(3,9223372036854775807))
Edge(432301,396942,(3,9223372036854775807))
Edge(432642,296678,(3,9223372036854775807))
Edge(432701,150397,(3,9223372036854775807))
Edge(432865,310901,(1,3))
Edge(433236,439382,(1,3))
Edge(433262,20718,(3,9223372036854775807))
Edge(433346,442073,(1,9223372036854775807))
Edge(433372,477878,(3,9223372036854775807))
Edge(433499,280372,(3,9223372036854775807))
Edge(433997,250690,(3,9223372036854775807))
Edge(434137,157114,(3,9223372036854775807))
Edge(434193,66827,(1,3))
Edge(434494,201030,(4,9223372036854775807))
Edge(434707,89424,(1,9223372036854775807))
Edge(434900,451779,(3,9223372036854775807))
Edge(434969,429640,(3,9223372036854775807))
Edge(435344,260059,(3,9223372036854775807))
Edge(435433,465480,(3,9223372036854775807))
Edge(436182,327786,(3,9223372036854775807))
Edge(436845,345588,(1,9223372036854775807))
Edge(437126,291275,(3,9223372036854775807))
Edge(437897,124355,(3,9223372036854775807))
Edge(438164,43734,(3,9223372036854775807))
Edge(438641,308867,(3,9223372036854775807))
Edge(438763,163389,(3,9223372036854775807))
Edge(438806,231728,(1,9223372036854775807))
Edge(439204,107552,(3,9223372036854775807))
Edge(439290,465559,(3,9223372036854775807))
Edge(439748,322934,(3,9223372036854775807))
Edge(439762,383773,(3,9223372036854775807))
Edge(439814,239115,(3,9223372036854775807))
Edge(439912,137531,(3,9223372036854775807))
Edge(440764,363806,(1,9223372036854775807))
Edge(440803,499503,(3,9223372036854775807))
Edge(441015,272699,(3,9223372036854775807))
Edge(441850,50987,(3,9223372036854775807))
Edge(442054,240966,(1,9223372036854775807))
Edge(442301,166403,(3,9223372036854775807))
Edge(442392,282152,(3,9223372036854775807))
Edge(442398,476497,(3,9223372036854775807))
Edge(442683,124664,(3,9223372036854775807))
Edge(442827,81683,(3,9223372036854775807))
Edge(442853,160310,(3,9223372036854775807))
Edge(442946,491088,(3,9223372036854775807))
Edge(443507,38495,(1,9223372036854775807))
Edge(443782,159022,(1,9223372036854775807))
Edge(443935,72690,(1,9223372036854775807))
Edge(444015,402155,(3,9223372036854775807))
Edge(444116,269784,(4,9223372036854775807))
Edge(444769,300721,(3,9223372036854775807))
Edge(444940,264770,(3,9223372036854775807))
Edge(445833,99506,(3,9223372036854775807))
Edge(445859,133386,(3,9223372036854775807))
Edge(445976,403327,(3,9223372036854775807))
Edge(446184,10326,(3,9223372036854775807))
Edge(446184,25936,(3,9223372036854775807))
Edge(446226,194363,(3,9223372036854775807))
Edge(446310,211252,(3,9223372036854775807))
Edge(446344,327270,(3,9223372036854775807))
Edge(446468,151141,(3,9223372036854775807))
Edge(446726,103695,(3,9223372036854775807))
Edge(446814,495296,(3,9223372036854775807))
Edge(446919,456516,(3,9223372036854775807))
Edge(447094,32481,(3,9223372036854775807))
Edge(447220,190486,(3,9223372036854775807))
Edge(447370,104427,(1,9223372036854775807))
Edge(447663,421208,(3,9223372036854775807))
Edge(447698,293469,(3,9223372036854775807))
Edge(448242,405764,(1,9223372036854775807))
Edge(448484,205404,(3,9223372036854775807))
Edge(448582,375771,(1,3))
Edge(448985,451493,(3,9223372036854775807))
Edge(449147,8268,(3,9223372036854775807))
Edge(449467,306786,(3,9223372036854775807))
Edge(450152,397758,(1,9223372036854775807))
Edge(450325,314474,(3,9223372036854775807))
Edge(450657,362773,(3,9223372036854775807))
Edge(450927,286355,(3,9223372036854775807))
Edge(451176,397830,(3,9223372036854775807))
Edge(451294,245677,(3,9223372036854775807))
Edge(451501,117554,(3,9223372036854775807))
Edge(451549,354992,(1,9223372036854775807))
Edge(451564,426767,(3,9223372036854775807))
Edge(452182,488203,(1,9223372036854775807))
Edge(452259,401055,(3,9223372036854775807))
Edge(452490,438377,(3,9223372036854775807))
Edge(452575,300894,(3,9223372036854775807))
Edge(452760,196456,(3,9223372036854775807))
Edge(452796,484571,(1,9223372036854775807))
Edge(452886,106292,(1,9223372036854775807))
Edge(453509,205420,(3,9223372036854775807))
Edge(453811,331044,(1,9223372036854775807))
Edge(454327,379313,(3,9223372036854775807))
Edge(454347,274468,(1,3))
Edge(455084,108189,(3,9223372036854775807))
Edge(455959,244602,(3,9223372036854775807))
Edge(456224,222384,(3,9223372036854775807))
Edge(456464,496379,(3,9223372036854775807))
Edge(456495,145703,(3,9223372036854775807))
Edge(456783,90254,(3,9223372036854775807))
Edge(457230,462347,(3,9223372036854775807))
Edge(457539,20297,(3,9223372036854775807))
Edge(457603,5117,(3,9223372036854775807))
Edge(457720,439542,(3,9223372036854775807))
Edge(457986,291309,(3,9223372036854775807))
Edge(458305,160207,(3,9223372036854775807))
Edge(458848,60085,(3,9223372036854775807))
Edge(458869,233312,(3,9223372036854775807))
Edge(458992,261034,(1,3))
Edge(459620,172427,(1,9223372036854775807))
Edge(459855,204294,(1,3))
Edge(459971,76234,(3,9223372036854775807))
Edge(460002,429542,(3,9223372036854775807))
Edge(460805,378969,(3,9223372036854775807))
Edge(460957,28676,(3,9223372036854775807))
Edge(461223,153874,(3,9223372036854775807))
Edge(461250,127906,(1,9223372036854775807))
Edge(461449,110748,(3,9223372036854775807))
Edge(461600,21997,(3,9223372036854775807))
Edge(461684,109958,(3,9223372036854775807))
Edge(461844,47840,(3,9223372036854775807))
Edge(461906,365538,(3,9223372036854775807))
Edge(462155,472673,(3,9223372036854775807))
Edge(462455,229144,(3,9223372036854775807))
Edge(462542,315009,(3,9223372036854775807))
Edge(462554,35980,(3,9223372036854775807))
Edge(462663,496951,(1,9223372036854775807))
Edge(462775,128237,(3,9223372036854775807))
Edge(463016,370921,(3,9223372036854775807))
Edge(463179,128375,(1,3))
Edge(463455,448895,(1,3))
Edge(463515,172557,(1,3))
Edge(463919,127164,(3,9223372036854775807))
Edge(464057,272067,(1,9223372036854775807))
Edge(464077,235340,(3,9223372036854775807))
Edge(464095,273002,(1,9223372036854775807))
Edge(464224,390767,(1,9223372036854775807))
Edge(464432,291344,(3,9223372036854775807))
Edge(464644,155640,(3,9223372036854775807))
Edge(464901,73309,(3,9223372036854775807))
Edge(465298,171432,(1,3))
Edge(465326,28408,(3,9223372036854775807))
Edge(465382,439125,(3,9223372036854775807))
Edge(465655,499473,(3,9223372036854775807))
Edge(466399,403713,(3,9223372036854775807))
Edge(466496,2514,(3,9223372036854775807))
Edge(466753,186316,(1,3))
Edge(466815,1678,(3,9223372036854775807))
Edge(466996,349589,(3,9223372036854775807))
Edge(467193,369602,(3,9223372036854775807))
Edge(467446,325750,(3,9223372036854775807))
Edge(467560,175249,(3,9223372036854775807))
Edge(467707,457198,(3,9223372036854775807))
Edge(467819,67364,(3,9223372036854775807))
Edge(467862,220922,(1,9223372036854775807))
Edge(467994,339257,(3,9223372036854775807))
Edge(468775,311115,(1,9223372036854775807))
Edge(468847,176068,(3,9223372036854775807))
Edge(469041,190243,(3,9223372036854775807))
Edge(469056,274324,(3,9223372036854775807))
Edge(469310,445651,(3,9223372036854775807))
Edge(469472,125751,(1,3))
Edge(469488,311744,(1,9223372036854775807))
Edge(469511,454194,(1,3))
Edge(469605,43947,(3,9223372036854775807))
Edge(469644,8458,(3,9223372036854775807))
Edge(469751,249738,(1,9223372036854775807))
Edge(469901,22253,(3,9223372036854775807))
Edge(470101,420946,(3,9223372036854775807))
Edge(470169,158677,(3,9223372036854775807))
Edge(470245,160176,(1,9223372036854775807))
Edge(470842,482741,(3,9223372036854775807))
Edge(470893,339329,(1,9223372036854775807))
Edge(470973,111397,(3,9223372036854775807))
Edge(471087,164959,(3,9223372036854775807))
Edge(471173,176890,(3,9223372036854775807))
Edge(471646,14065,(3,9223372036854775807))
Edge(471702,462380,(1,9223372036854775807))
Edge(471736,396109,(3,9223372036854775807))
Edge(472036,73015,(3,9223372036854775807))
Edge(472147,252679,(3,9223372036854775807))
Edge(472603,284074,(3,9223372036854775807))
Edge(472656,165944,(3,9223372036854775807))
Edge(472791,52017,(3,9223372036854775807))
Edge(472868,250669,(3,9223372036854775807))
Edge(473147,328706,(3,9223372036854775807))
Edge(473255,416387,(3,9223372036854775807))
Edge(473368,439203,(3,9223372036854775807))
Edge(473586,487919,(3,9223372036854775807))
Edge(473821,208600,(3,9223372036854775807))
Edge(474120,431905,(3,9223372036854775807))
Edge(474227,230630,(3,9223372036854775807))
Edge(474400,34840,(3,9223372036854775807))
Edge(474524,446783,(3,9223372036854775807))
Edge(475216,14032,(3,9223372036854775807))
Edge(475410,264721,(3,9223372036854775807))
Edge(476097,418985,(3,9223372036854775807))
Edge(476187,138022,(3,9223372036854775807))
Edge(476427,184926,(1,3))
Edge(476463,332910,(3,9223372036854775807))
Edge(476481,478665,(3,9223372036854775807))
Edge(476626,169240,(3,9223372036854775807))
Edge(476640,254476,(3,9223372036854775807))
Edge(477192,277359,(3,9223372036854775807))
Edge(477333,235741,(3,9223372036854775807))
Edge(477479,378036,(3,9223372036854775807))
Edge(477583,295167,(3,9223372036854775807))
Edge(477606,286507,(3,9223372036854775807))
Edge(478108,341389,(3,9223372036854775807))
Edge(478363,72270,(3,9223372036854775807))
Edge(478576,99748,(3,9223372036854775807))
Edge(478748,486241,(3,9223372036854775807))
Edge(478875,305540,(3,9223372036854775807))
Edge(478925,339490,(4,9223372036854775807))
Edge(479357,311665,(3,9223372036854775807))
Edge(479452,456425,(3,9223372036854775807))
Edge(479519,11433,(3,9223372036854775807))
Edge(479682,94247,(1,9223372036854775807))
Edge(479764,228198,(1,9223372036854775807))
Edge(480429,424498,(3,9223372036854775807))
Edge(480477,99325,(3,9223372036854775807))
Edge(480651,224901,(1,3))
Edge(481121,404269,(3,9223372036854775807))
Edge(481584,175448,(3,9223372036854775807))
Edge(481588,144312,(3,9223372036854775807))
Edge(481758,72730,(3,9223372036854775807))
Edge(481767,298917,(3,9223372036854775807))
Edge(481944,464534,(3,9223372036854775807))
Edge(482860,72046,(3,9223372036854775807))
Edge(483024,271073,(1,9223372036854775807))
Edge(483235,307363,(1,9223372036854775807))
Edge(483252,330019,(3,9223372036854775807))
Edge(483372,109027,(3,9223372036854775807))
Edge(483676,391979,(1,9223372036854775807))
Edge(483689,78090,(3,9223372036854775807))
Edge(483745,224431,(3,9223372036854775807))
Edge(483836,383979,(1,9223372036854775807))
Edge(484248,325501,(3,9223372036854775807))
Edge(484417,92251,(3,9223372036854775807))
Edge(484431,215514,(3,9223372036854775807))
Edge(484439,358133,(1,9223372036854775807))
Edge(484454,58817,(3,9223372036854775807))
Edge(484637,152060,(1,9223372036854775807))
Edge(484871,479476,(1,9223372036854775807))
Edge(486522,18617,(1,3))
Edge(487009,413223,(3,9223372036854775807))
Edge(487033,229957,(1,9223372036854775807))
Edge(487686,316788,(3,9223372036854775807))
Edge(488189,222741,(1,3))
Edge(488442,325601,(1,9223372036854775807))
Edge(489051,123523,(3,9223372036854775807))
Edge(489053,125676,(1,9223372036854775807))
Edge(489854,405984,(1,3))
Edge(489977,48670,(1,9223372036854775807))
Edge(490590,245420,(1,9223372036854775807))
Edge(491375,185305,(3,9223372036854775807))
Edge(491393,273587,(1,9223372036854775807))
Edge(491401,41843,(3,9223372036854775807))
Edge(491671,249250,(1,3))
Edge(491739,458910,(3,9223372036854775807))
Edge(491797,393647,(3,9223372036854775807))
Edge(492291,295224,(3,9223372036854775807))
Edge(492292,206222,(3,9223372036854775807))
Edge(492643,461713,(1,3))
Edge(492669,56651,(3,9223372036854775807))
Edge(492819,379066,(3,9223372036854775807))
Edge(493454,255289,(3,9223372036854775807))
Edge(494836,60524,(3,9223372036854775807))
Edge(494860,317238,(1,9223372036854775807))
Edge(494908,419689,(3,9223372036854775807))
Edge(495614,114581,(3,9223372036854775807))
Edge(495648,35337,(3,9223372036854775807))
Edge(495851,483721,(3,9223372036854775807))
Edge(495956,459703,(3,9223372036854775807))
Edge(496068,427862,(3,9223372036854775807))
Edge(496182,486040,(1,9223372036854775807))
Edge(496436,216045,(3,9223372036854775807))
Edge(496743,422184,(3,9223372036854775807))
Edge(496763,12334,(3,9223372036854775807))
Edge(497147,255962,(1,9223372036854775807))
Edge(498427,148496,(3,9223372036854775807))
Edge(498989,306125,(3,9223372036854775807))
Edge(499164,279554,(3,9223372036854775807))
Edge(499246,304517,(1,3))
Edge(499434,331299,(3,9223372036854775807))
Edge(499753,160438,(1,3))
Edge(499782,411397,(1,9223372036854775807))
Edge(499948,355663,(3,9223372036854775807))
