Edge(278,435905,(3,9223372036854775807))
Edge(656,460322,(3,9223372036854775807))
Edge(659,290749,(3,9223372036854775807))
Edge(1092,480059,(3,9223372036854775807))
Edge(1975,397925,(3,9223372036854775807))
Edge(2119,277291,(3,9223372036854775807))
Edge(2454,308373,(3,9223372036854775807))
Edge(3059,4681,(3,9223372036854775807))
Edge(3543,497671,(3,9223372036854775807))
Edge(3782,436211,(3,9223372036854775807))
Edge(3885,52247,(3,9223372036854775807))
Edge(4522,7076,(3,9223372036854775807))
Edge(5069,49386,(3,9223372036854775807))
Edge(5481,211264,(3,9223372036854775807))
Edge(5956,130850,(1,3))
Edge(6481,190207,(3,9223372036854775807))
Edge(7363,465543,(3,9223372036854775807))
Edge(7486,223655,(3,9223372036854775807))
Edge(7653,166154,(1,9223372036854775807))
Edge(8428,288305,(1,9223372036854775807))
Edge(8987,413896,(3,9223372036854775807))
Edge(9403,170770,(3,9223372036854775807))
Edge(9517,171295,(3,9223372036854775807))
Edge(9540,167694,(1,9223372036854775807))
Edge(9726,414118,(3,9223372036854775807))
Edge(9790,384337,(1,9223372036854775807))
Edge(9889,487564,(1,3))
Edge(9891,172671,(3,9223372036854775807))
Edge(10112,328655,(3,9223372036854775807))
Edge(10646,15517,(3,9223372036854775807))
Edge(10716,391594,(3,9223372036854775807))
Edge(10823,366920,(3,9223372036854775807))
Edge(11616,257627,(3,9223372036854775807))
Edge(11896,470797,(3,9223372036854775807))
Edge(11940,250709,(3,9223372036854775807))
Edge(11953,276463,(3,9223372036854775807))
Edge(12593,367470,(3,9223372036854775807))
Edge(12596,479043,(3,9223372036854775807))
Edge(12646,185415,(3,9223372036854775807))
Edge(13374,444739,(3,9223372036854775807))
Edge(13515,309328,(3,9223372036854775807))
Edge(14141,368556,(3,9223372036854775807))
Edge(14249,483422,(3,9223372036854775807))
Edge(14671,332720,(1,9223372036854775807))
Edge(14771,167496,(1,9223372036854775807))
Edge(15268,492256,(3,9223372036854775807))
Edge(15729,408519,(1,9223372036854775807))
Edge(16194,83843,(3,9223372036854775807))
Edge(16236,139996,(3,9223372036854775807))
Edge(16783,372151,(3,9223372036854775807))
Edge(17611,203533,(1,3))
Edge(17931,406,(3,9223372036854775807))
Edge(18355,34067,(3,9223372036854775807))
Edge(18382,130097,(1,9223372036854775807))
Edge(18410,53875,(1,9223372036854775807))
Edge(18944,210854,(3,9223372036854775807))
Edge(19007,210068,(3,9223372036854775807))
Edge(19073,167660,(3,9223372036854775807))
Edge(19118,49545,(3,9223372036854775807))
Edge(19313,20698,(1,9223372036854775807))
Edge(19328,113527,(1,9223372036854775807))
Edge(19518,356779,(1,9223372036854775807))
Edge(19572,288731,(3,9223372036854775807))
Edge(20498,169305,(1,9223372036854775807))
Edge(20549,302587,(1,9223372036854775807))
Edge(20624,307348,(1,9223372036854775807))
Edge(20836,241291,(3,9223372036854775807))
Edge(20837,413590,(3,9223372036854775807))
Edge(20894,354776,(3,9223372036854775807))
Edge(21187,47672,(1,9223372036854775807))
Edge(21324,29800,(3,9223372036854775807))
Edge(21492,182158,(1,9223372036854775807))
Edge(21531,118181,(1,9223372036854775807))
Edge(21537,454332,(1,9223372036854775807))
Edge(22280,87742,(1,3))
Edge(22282,141293,(3,9223372036854775807))
Edge(22445,331502,(1,9223372036854775807))
Edge(22588,263383,(1,9223372036854775807))
Edge(23008,365741,(3,9223372036854775807))
Edge(23136,27683,(3,9223372036854775807))
Edge(23479,447574,(3,9223372036854775807))
Edge(23549,392168,(1,3))
Edge(23858,478673,(3,9223372036854775807))
Edge(23892,6805,(1,9223372036854775807))
Edge(24590,80147,(3,9223372036854775807))
Edge(25335,2589,(3,9223372036854775807))
Edge(25359,183124,(3,9223372036854775807))
Edge(25777,21667,(3,9223372036854775807))
Edge(25779,231056,(3,9223372036854775807))
Edge(26413,403434,(3,9223372036854775807))
Edge(26415,466749,(3,9223372036854775807))
Edge(26623,245830,(3,9223372036854775807))
Edge(26635,127325,(3,9223372036854775807))
Edge(26647,4873,(3,9223372036854775807))
Edge(26804,161816,(1,3))
Edge(27489,120997,(3,9223372036854775807))
Edge(27643,207559,(3,9223372036854775807))
Edge(27768,256366,(1,9223372036854775807))
Edge(27793,78805,(3,9223372036854775807))
Edge(28085,495310,(3,9223372036854775807))
Edge(28731,240316,(3,9223372036854775807))
Edge(29188,217179,(3,9223372036854775807))
Edge(29488,318596,(3,9223372036854775807))
Edge(29747,213310,(3,9223372036854775807))
Edge(30534,331346,(3,9223372036854775807))
Edge(30789,105201,(3,9223372036854775807))
Edge(30877,148103,(3,9223372036854775807))
Edge(30909,114267,(3,9223372036854775807))
Edge(31098,344839,(3,9223372036854775807))
Edge(32360,97476,(3,9223372036854775807))
Edge(32360,455504,(3,9223372036854775807))
Edge(33262,77876,(3,9223372036854775807))
Edge(33394,292366,(3,9223372036854775807))
Edge(33395,119048,(3,9223372036854775807))
Edge(33599,349665,(3,9223372036854775807))
Edge(33640,141157,(1,3))
Edge(33714,350506,(1,9223372036854775807))
Edge(33785,259154,(3,9223372036854775807))
Edge(34246,195213,(3,9223372036854775807))
Edge(34503,328964,(1,9223372036854775807))
Edge(34627,421072,(3,9223372036854775807))
Edge(34677,29696,(1,3))
Edge(34680,460707,(3,9223372036854775807))
Edge(34813,431904,(3,9223372036854775807))
Edge(34937,315734,(3,9223372036854775807))
Edge(35045,351233,(1,9223372036854775807))
Edge(35159,30665,(3,9223372036854775807))
Edge(35316,26667,(1,9223372036854775807))
Edge(35347,155191,(1,3))
Edge(35522,184773,(3,9223372036854775807))
Edge(35562,163896,(1,9223372036854775807))
Edge(36685,136746,(3,9223372036854775807))
Edge(36886,483285,(3,9223372036854775807))
Edge(36901,47178,(3,9223372036854775807))
Edge(36943,137358,(3,9223372036854775807))
Edge(37462,212068,(1,9223372036854775807))
Edge(37469,499846,(3,9223372036854775807))
Edge(37882,270820,(3,9223372036854775807))
Edge(38755,206924,(3,9223372036854775807))
Edge(38826,119451,(3,9223372036854775807))
Edge(38831,343477,(3,9223372036854775807))
Edge(38922,331225,(1,9223372036854775807))
Edge(39202,318339,(3,9223372036854775807))
Edge(39521,295491,(3,9223372036854775807))
Edge(39543,444589,(1,9223372036854775807))
Edge(39545,232631,(3,9223372036854775807))
Edge(39860,336721,(3,9223372036854775807))
Edge(40073,107799,(3,9223372036854775807))
Edge(40143,35342,(3,9223372036854775807))
Edge(40290,273473,(3,9223372036854775807))
Edge(40544,123431,(1,3))
Edge(40944,466356,(1,9223372036854775807))
Edge(40949,299415,(4,9223372036854775807))
Edge(41407,496150,(3,9223372036854775807))
Edge(42010,364841,(3,9223372036854775807))
Edge(42386,10477,(3,9223372036854775807))
Edge(42420,137705,(3,9223372036854775807))
Edge(42515,456290,(3,9223372036854775807))
Edge(42578,268374,(3,9223372036854775807))
Edge(42711,231197,(1,3))
Edge(42895,307419,(3,9223372036854775807))
Edge(42911,349694,(3,9223372036854775807))
Edge(42974,387641,(3,9223372036854775807))
Edge(43364,411636,(3,9223372036854775807))
Edge(43821,492641,(3,9223372036854775807))
Edge(44558,348496,(3,9223372036854775807))
Edge(44724,145472,(1,3))
Edge(46318,14587,(3,9223372036854775807))
Edge(46349,499335,(1,9223372036854775807))
Edge(46411,493236,(3,9223372036854775807))
Edge(46526,166117,(3,9223372036854775807))
Edge(46601,376969,(1,9223372036854775807))
Edge(47369,391109,(3,9223372036854775807))
Edge(47513,308659,(3,9223372036854775807))
Edge(47555,255397,(3,9223372036854775807))
Edge(47740,47522,(3,9223372036854775807))
Edge(47804,118240,(3,9223372036854775807))
Edge(47818,313338,(3,9223372036854775807))
Edge(48396,178418,(3,9223372036854775807))
Edge(48875,340280,(3,9223372036854775807))
Edge(50004,273681,(3,9223372036854775807))
Edge(50213,220098,(3,9223372036854775807))
Edge(50299,34592,(3,9223372036854775807))
Edge(50497,42442,(3,9223372036854775807))
Edge(50755,481024,(1,9223372036854775807))
Edge(51163,32100,(3,9223372036854775807))
Edge(51424,345917,(3,9223372036854775807))
Edge(51438,103183,(3,9223372036854775807))
Edge(51617,87753,(3,9223372036854775807))
Edge(51942,317478,(3,9223372036854775807))
Edge(52327,491437,(3,9223372036854775807))
Edge(52559,216788,(3,9223372036854775807))
Edge(52626,142821,(1,3))
Edge(53354,39202,(3,9223372036854775807))
Edge(53545,162101,(3,9223372036854775807))
Edge(53687,7447,(3,9223372036854775807))
Edge(54005,248859,(1,9223372036854775807))
Edge(54049,343678,(3,9223372036854775807))
Edge(54173,413106,(3,9223372036854775807))
Edge(54592,430333,(1,9223372036854775807))
Edge(54941,338504,(3,9223372036854775807))
Edge(55309,434478,(3,9223372036854775807))
Edge(55467,182421,(3,9223372036854775807))
Edge(55759,151609,(3,9223372036854775807))
Edge(55843,64503,(3,9223372036854775807))
Edge(56006,284346,(3,9223372036854775807))
Edge(56077,67416,(1,9223372036854775807))
Edge(57009,294729,(3,9223372036854775807))
Edge(57238,259083,(3,9223372036854775807))
Edge(58102,397410,(1,9223372036854775807))
Edge(58185,410369,(3,9223372036854775807))
Edge(58597,352459,(3,9223372036854775807))
Edge(58793,443016,(1,9223372036854775807))
Edge(58977,272851,(3,9223372036854775807))
Edge(58982,328913,(3,9223372036854775807))
Edge(59047,63665,(3,9223372036854775807))
Edge(59350,197623,(1,3))
Edge(59433,324880,(1,9223372036854775807))
Edge(60150,278355,(1,9223372036854775807))
Edge(60473,41292,(3,9223372036854775807))
Edge(60580,45337,(1,9223372036854775807))
Edge(60856,284805,(1,9223372036854775807))
Edge(60895,272584,(1,3))
Edge(61202,134299,(3,9223372036854775807))
Edge(61248,26805,(3,9223372036854775807))
Edge(61572,174594,(3,9223372036854775807))
Edge(62081,180666,(1,9223372036854775807))
Edge(62129,176593,(1,9223372036854775807))
Edge(62396,125243,(3,9223372036854775807))
Edge(62455,260315,(3,9223372036854775807))
Edge(62808,312943,(3,9223372036854775807))
Edge(63966,490894,(1,3))
Edge(64060,435839,(3,9223372036854775807))
Edge(64074,488258,(3,9223372036854775807))
Edge(64266,295231,(3,9223372036854775807))
Edge(64765,271558,(3,9223372036854775807))
Edge(64767,418449,(3,9223372036854775807))
Edge(65119,28529,(1,3))
Edge(65224,186346,(3,9223372036854775807))
Edge(65508,339303,(1,9223372036854775807))
Edge(65858,227177,(3,9223372036854775807))
Edge(65924,271103,(1,3))
Edge(66374,6250,(3,9223372036854775807))
Edge(66417,389731,(3,9223372036854775807))
Edge(66627,388988,(3,9223372036854775807))
Edge(66862,180884,(3,9223372036854775807))
Edge(67142,491718,(3,9223372036854775807))
Edge(67441,20136,(3,9223372036854775807))
Edge(67480,329495,(3,9223372036854775807))
Edge(67788,384740,(3,9223372036854775807))
Edge(67892,285608,(3,9223372036854775807))
Edge(68005,242453,(3,9223372036854775807))
Edge(68516,77173,(3,9223372036854775807))
Edge(68619,167794,(1,3))
Edge(68751,328889,(3,9223372036854775807))
Edge(69355,145702,(3,9223372036854775807))
Edge(69459,336562,(1,9223372036854775807))
Edge(69791,447238,(1,9223372036854775807))
Edge(70293,344697,(3,9223372036854775807))
Edge(70369,229337,(3,9223372036854775807))
Edge(70680,335310,(3,9223372036854775807))
Edge(70712,365342,(3,9223372036854775807))
Edge(70726,135086,(3,9223372036854775807))
Edge(71159,77340,(3,9223372036854775807))
Edge(71334,164672,(3,9223372036854775807))
Edge(72457,66116,(3,9223372036854775807))
Edge(72549,53057,(3,9223372036854775807))
Edge(72705,137551,(3,9223372036854775807))
Edge(72866,404786,(3,9223372036854775807))
Edge(73557,194452,(3,9223372036854775807))
Edge(74302,181012,(1,3))
Edge(74308,397391,(1,9223372036854775807))
Edge(74576,33950,(3,9223372036854775807))
Edge(74605,275111,(3,9223372036854775807))
Edge(74695,216844,(3,9223372036854775807))
Edge(74967,39997,(3,9223372036854775807))
Edge(75171,249227,(3,9223372036854775807))
Edge(75290,31520,(3,9223372036854775807))
Edge(75308,203433,(1,3))
Edge(75713,332534,(3,9223372036854775807))
Edge(76004,411139,(3,9223372036854775807))
Edge(76323,143464,(1,9223372036854775807))
Edge(76426,302168,(1,3))
Edge(76913,427481,(3,9223372036854775807))
Edge(76940,77408,(3,9223372036854775807))
Edge(77010,87727,(3,9223372036854775807))
Edge(77240,267508,(3,9223372036854775807))
Edge(77261,244409,(4,9223372036854775807))
Edge(77748,319344,(3,9223372036854775807))
Edge(77842,352296,(3,9223372036854775807))
Edge(78488,281564,(3,9223372036854775807))
Edge(79017,161467,(1,9223372036854775807))
Edge(79197,399001,(3,9223372036854775807))
Edge(79210,165029,(3,9223372036854775807))
Edge(79552,469303,(3,9223372036854775807))
Edge(79590,2719,(3,9223372036854775807))
Edge(79903,348060,(3,9223372036854775807))
Edge(80496,377515,(3,9223372036854775807))
Edge(80573,266108,(3,9223372036854775807))
Edge(81441,438941,(3,9223372036854775807))
Edge(81500,210336,(1,9223372036854775807))
Edge(81537,337060,(3,9223372036854775807))
Edge(81540,150534,(3,9223372036854775807))
Edge(81809,489656,(3,9223372036854775807))
Edge(81832,432719,(1,3))
Edge(82114,319853,(1,9223372036854775807))
Edge(82356,326117,(3,9223372036854775807))
Edge(82481,459858,(3,9223372036854775807))
Edge(83221,429615,(1,9223372036854775807))
Edge(83319,27484,(3,9223372036854775807))
Edge(83402,187500,(3,9223372036854775807))
Edge(83717,269781,(3,9223372036854775807))
Edge(83826,483129,(3,9223372036854775807))
Edge(84229,287090,(3,9223372036854775807))
Edge(85008,14267,(3,9223372036854775807))
Edge(85258,166766,(3,9223372036854775807))
Edge(85567,108318,(1,9223372036854775807))
Edge(85576,249245,(1,9223372036854775807))
Edge(86728,41821,(3,9223372036854775807))
Edge(86784,104879,(1,9223372036854775807))
Edge(87122,483315,(3,9223372036854775807))
Edge(87232,490715,(3,9223372036854775807))
Edge(88133,425090,(3,9223372036854775807))
Edge(89075,37984,(3,9223372036854775807))
Edge(89379,23947,(3,9223372036854775807))
Edge(89511,100375,(3,9223372036854775807))
Edge(89607,158464,(3,9223372036854775807))
Edge(89862,263210,(1,3))
Edge(89863,156061,(3,9223372036854775807))
Edge(90186,60935,(1,9223372036854775807))
Edge(90766,85842,(3,9223372036854775807))
Edge(90781,40508,(3,9223372036854775807))
Edge(90825,469682,(3,9223372036854775807))
Edge(91082,57823,(1,9223372036854775807))
Edge(91187,108691,(3,9223372036854775807))
Edge(91223,177455,(3,9223372036854775807))
Edge(91320,312138,(3,9223372036854775807))
Edge(92045,87349,(3,9223372036854775807))
Edge(92251,72445,(3,9223372036854775807))
Edge(92387,8143,(1,3))
Edge(92495,202727,(1,9223372036854775807))
Edge(92519,195817,(3,9223372036854775807))
Edge(93218,287446,(1,9223372036854775807))
Edge(93412,296518,(3,9223372036854775807))
Edge(93560,231779,(3,9223372036854775807))
Edge(93956,80119,(3,9223372036854775807))
Edge(94072,289871,(3,9223372036854775807))
Edge(94187,134953,(3,9223372036854775807))
Edge(94327,85242,(3,9223372036854775807))
Edge(94459,495308,(3,9223372036854775807))
Edge(94708,329171,(3,9223372036854775807))
Edge(95311,294003,(3,9223372036854775807))
Edge(95480,493726,(3,9223372036854775807))
Edge(95553,111162,(3,9223372036854775807))
Edge(95617,107125,(3,9223372036854775807))
Edge(95640,446959,(3,9223372036854775807))
Edge(95803,82664,(4,9223372036854775807))
Edge(95820,413894,(1,9223372036854775807))
Edge(95964,355232,(3,9223372036854775807))
Edge(96115,253408,(3,9223372036854775807))
Edge(96442,62970,(3,9223372036854775807))
Edge(96797,65886,(3,9223372036854775807))
Edge(96976,487620,(3,9223372036854775807))
Edge(97087,216140,(3,9223372036854775807))
Edge(97503,74286,(3,9223372036854775807))
Edge(97763,211349,(3,9223372036854775807))
Edge(98384,464206,(1,3))
Edge(98532,227539,(3,9223372036854775807))
Edge(98801,493304,(3,9223372036854775807))
Edge(98973,428208,(3,9223372036854775807))
Edge(99164,439683,(3,9223372036854775807))
Edge(99177,45946,(3,9223372036854775807))
Edge(99325,318802,(3,9223372036854775807))
Edge(99906,11263,(1,3))
Edge(100125,11987,(1,9223372036854775807))
Edge(101478,158398,(1,9223372036854775807))
Edge(101602,160481,(3,9223372036854775807))
Edge(101667,377018,(3,9223372036854775807))
Edge(102332,148060,(3,9223372036854775807))
Edge(102398,79738,(1,3))
Edge(103431,72650,(3,9223372036854775807))
Edge(103600,304705,(3,9223372036854775807))
Edge(103682,325252,(3,9223372036854775807))
Edge(103765,59841,(3,9223372036854775807))
Edge(103777,304966,(3,9223372036854775807))
Edge(104528,90313,(3,9223372036854775807))
Edge(104881,280295,(1,3))
Edge(104940,376019,(3,9223372036854775807))
Edge(105038,397248,(3,9223372036854775807))
Edge(105228,242165,(3,9223372036854775807))
Edge(105330,253090,(3,9223372036854775807))
Edge(105364,254453,(3,9223372036854775807))
Edge(105519,167769,(1,9223372036854775807))
Edge(105592,342989,(3,9223372036854775807))
Edge(105656,85860,(3,9223372036854775807))
Edge(105754,95721,(3,9223372036854775807))
Edge(106361,365830,(1,9223372036854775807))
Edge(106594,37133,(3,9223372036854775807))
Edge(106668,186476,(3,9223372036854775807))
Edge(107071,498180,(1,9223372036854775807))
Edge(107213,425364,(3,9223372036854775807))
Edge(107242,419178,(3,9223372036854775807))
Edge(107547,46235,(3,9223372036854775807))
Edge(107655,7497,(4,9223372036854775807))
Edge(107666,475453,(3,9223372036854775807))
Edge(107848,487130,(3,9223372036854775807))
Edge(108496,114044,(3,9223372036854775807))
Edge(108567,81625,(4,9223372036854775807))
Edge(108991,469067,(1,3))
Edge(109183,415082,(3,9223372036854775807))
Edge(109700,339246,(1,3))
Edge(109905,191500,(3,9223372036854775807))
Edge(109905,327259,(3,9223372036854775807))
Edge(110376,400259,(3,9223372036854775807))
Edge(110476,107431,(3,9223372036854775807))
Edge(110699,285811,(3,9223372036854775807))
Edge(110901,55609,(3,9223372036854775807))
Edge(111115,153051,(3,9223372036854775807))
Edge(111217,446943,(3,9223372036854775807))
Edge(111425,8438,(1,9223372036854775807))
Edge(111646,19522,(1,9223372036854775807))
Edge(111960,369474,(3,9223372036854775807))
Edge(112303,84365,(3,9223372036854775807))
Edge(112450,257955,(3,9223372036854775807))
Edge(112529,65825,(3,9223372036854775807))
Edge(112677,40648,(3,9223372036854775807))
Edge(112751,58412,(3,9223372036854775807))
Edge(113037,481465,(3,9223372036854775807))
Edge(113103,345701,(3,9223372036854775807))
Edge(113283,440471,(3,9223372036854775807))
Edge(113300,101181,(1,9223372036854775807))
Edge(113371,128571,(3,9223372036854775807))
Edge(113473,387015,(3,9223372036854775807))
Edge(114142,223748,(3,9223372036854775807))
Edge(114444,41748,(3,9223372036854775807))
Edge(114710,374956,(3,9223372036854775807))
Edge(115604,314124,(3,9223372036854775807))
Edge(115610,388455,(3,9223372036854775807))
Edge(115769,219333,(3,9223372036854775807))
Edge(115996,493217,(3,9223372036854775807))
Edge(116166,115173,(3,9223372036854775807))
Edge(116217,231738,(1,9223372036854775807))
Edge(116316,448810,(3,9223372036854775807))
Edge(116384,194472,(3,9223372036854775807))
Edge(116697,103511,(3,9223372036854775807))
Edge(116753,206131,(1,3))
Edge(116953,53273,(1,9223372036854775807))
Edge(117094,309444,(3,9223372036854775807))
Edge(117319,263237,(3,9223372036854775807))
Edge(117424,84315,(1,9223372036854775807))
Edge(117751,278389,(3,9223372036854775807))
Edge(117830,489012,(3,9223372036854775807))
Edge(117864,458852,(1,9223372036854775807))
Edge(117871,99618,(3,9223372036854775807))
Edge(118021,333586,(3,9223372036854775807))
Edge(118025,201161,(1,3))
Edge(118415,162573,(1,9223372036854775807))
Edge(119105,316556,(3,9223372036854775807))
Edge(119436,471165,(1,3))
Edge(119469,319700,(3,9223372036854775807))
Edge(119666,76948,(3,9223372036854775807))
Edge(119886,187055,(3,9223372036854775807))
Edge(119952,241428,(1,3))
Edge(120049,486576,(3,9223372036854775807))
Edge(120389,323949,(3,9223372036854775807))
Edge(120863,301589,(3,9223372036854775807))
Edge(120871,381835,(3,9223372036854775807))
Edge(121411,39320,(3,9223372036854775807))
Edge(121498,321486,(3,9223372036854775807))
Edge(121681,450685,(1,3))
Edge(122174,199690,(3,9223372036854775807))
Edge(122361,108745,(3,9223372036854775807))
Edge(122700,466619,(1,9223372036854775807))
Edge(122997,79925,(3,9223372036854775807))
Edge(123260,294616,(3,9223372036854775807))
Edge(123960,209569,(3,9223372036854775807))
Edge(124019,313326,(3,9223372036854775807))
Edge(124431,127395,(3,9223372036854775807))
Edge(124569,120320,(3,9223372036854775807))
Edge(124575,256607,(3,9223372036854775807))
Edge(124971,45897,(3,9223372036854775807))
Edge(125071,272578,(3,9223372036854775807))
Edge(125432,476750,(3,9223372036854775807))
Edge(125535,205339,(3,9223372036854775807))
Edge(125730,111171,(3,9223372036854775807))
Edge(125759,264159,(3,9223372036854775807))
Edge(126385,266611,(1,3))
Edge(126885,271942,(3,9223372036854775807))
Edge(127298,183459,(3,9223372036854775807))
Edge(127902,25506,(3,9223372036854775807))
Edge(128175,2385,(3,9223372036854775807))
Edge(128543,349288,(3,9223372036854775807))
Edge(129025,74547,(3,9223372036854775807))
Edge(129353,64425,(3,9223372036854775807))
Edge(129376,315530,(3,9223372036854775807))
Edge(129723,303261,(3,9223372036854775807))
Edge(129726,403399,(1,3))
Edge(130291,397757,(3,9223372036854775807))
Edge(130339,41966,(3,9223372036854775807))
Edge(130490,195595,(3,9223372036854775807))
Edge(131003,330969,(1,3))
Edge(131061,416565,(3,9223372036854775807))
Edge(131384,62799,(3,9223372036854775807))
Edge(132116,482014,(3,9223372036854775807))
Edge(132790,136893,(3,9223372036854775807))
Edge(132855,28333,(3,9223372036854775807))
Edge(133000,47330,(1,9223372036854775807))
Edge(133116,348930,(1,9223372036854775807))
Edge(133223,348830,(3,9223372036854775807))
Edge(133467,106670,(3,9223372036854775807))
Edge(133504,92740,(3,9223372036854775807))
Edge(134015,29061,(1,9223372036854775807))
Edge(134079,324374,(3,9223372036854775807))
Edge(134342,469490,(3,9223372036854775807))
Edge(134482,133652,(3,9223372036854775807))
Edge(134670,93725,(3,9223372036854775807))
Edge(134956,287988,(3,9223372036854775807))
Edge(134967,280037,(3,9223372036854775807))
Edge(135405,421019,(3,9223372036854775807))
Edge(135694,485844,(3,9223372036854775807))
Edge(135772,4647,(3,9223372036854775807))
Edge(135847,385322,(1,9223372036854775807))
Edge(136801,366387,(1,9223372036854775807))
Edge(136976,444329,(3,9223372036854775807))
Edge(137154,70494,(3,9223372036854775807))
Edge(137645,375386,(3,9223372036854775807))
Edge(137805,381356,(3,9223372036854775807))
Edge(137859,384494,(3,9223372036854775807))
Edge(137867,184244,(3,9223372036854775807))
Edge(138658,184284,(3,9223372036854775807))
Edge(138715,215322,(1,3))
Edge(139136,375727,(3,9223372036854775807))
Edge(139199,258094,(3,9223372036854775807))
Edge(139298,199416,(3,9223372036854775807))
Edge(139386,40402,(3,9223372036854775807))
Edge(139495,494379,(3,9223372036854775807))
Edge(139918,388241,(3,9223372036854775807))
Edge(140240,122700,(3,9223372036854775807))
Edge(140514,434392,(3,9223372036854775807))
Edge(140545,362194,(3,9223372036854775807))
Edge(141060,465115,(1,9223372036854775807))
Edge(141088,84763,(3,9223372036854775807))
Edge(141341,141739,(3,9223372036854775807))
Edge(141572,26902,(3,9223372036854775807))
Edge(142200,495714,(3,9223372036854775807))
Edge(142391,301137,(3,9223372036854775807))
Edge(142731,369993,(3,9223372036854775807))
Edge(142893,459598,(3,9223372036854775807))
Edge(143243,227881,(3,9223372036854775807))
Edge(143272,95354,(3,9223372036854775807))
Edge(143638,73038,(3,9223372036854775807))
Edge(143663,120576,(3,9223372036854775807))
Edge(143717,75037,(3,9223372036854775807))
Edge(144038,344009,(3,9223372036854775807))
Edge(144431,364226,(3,9223372036854775807))
Edge(144843,373482,(3,9223372036854775807))
Edge(145069,412089,(3,9223372036854775807))
Edge(145453,8481,(1,9223372036854775807))
Edge(145474,476028,(3,9223372036854775807))
Edge(146185,360342,(1,9223372036854775807))
Edge(146520,373391,(1,9223372036854775807))
Edge(146593,112633,(3,9223372036854775807))
Edge(146626,315511,(3,9223372036854775807))
Edge(146658,260596,(3,9223372036854775807))
Edge(147147,245745,(3,9223372036854775807))
Edge(147417,241225,(3,9223372036854775807))
Edge(147572,343427,(3,9223372036854775807))
Edge(148067,330190,(3,9223372036854775807))
Edge(149315,259016,(1,9223372036854775807))
Edge(149327,22713,(3,9223372036854775807))
Edge(149496,148155,(3,9223372036854775807))
Edge(149867,487689,(3,9223372036854775807))
Edge(150685,460577,(3,9223372036854775807))
Edge(150732,184220,(3,9223372036854775807))
Edge(150866,11362,(3,9223372036854775807))
Edge(151785,404363,(3,9223372036854775807))
Edge(152287,250699,(1,9223372036854775807))
Edge(152731,460688,(3,9223372036854775807))
Edge(152732,266477,(3,9223372036854775807))
Edge(152931,308340,(3,9223372036854775807))
Edge(153092,361406,(3,9223372036854775807))
Edge(153212,250140,(3,9223372036854775807))
Edge(153432,24527,(3,9223372036854775807))
Edge(153914,348812,(3,9223372036854775807))
Edge(154114,277759,(3,9223372036854775807))
Edge(154170,17013,(1,9223372036854775807))
Edge(154252,393497,(3,9223372036854775807))
Edge(154523,25231,(3,9223372036854775807))
Edge(154769,478642,(3,9223372036854775807))
Edge(155018,361338,(3,9223372036854775807))
Edge(155149,430299,(3,9223372036854775807))
Edge(155267,493772,(3,9223372036854775807))
Edge(155280,171011,(3,9223372036854775807))
Edge(155297,285576,(1,3))
Edge(155778,64147,(3,9223372036854775807))
Edge(155778,378942,(3,9223372036854775807))
Edge(155860,352801,(3,9223372036854775807))
Edge(156206,174978,(3,9223372036854775807))
Edge(156556,166170,(3,9223372036854775807))
Edge(156933,480252,(3,9223372036854775807))
Edge(157104,422026,(3,9223372036854775807))
Edge(157133,200127,(3,9223372036854775807))
Edge(157666,214868,(3,9223372036854775807))
Edge(157691,32382,(3,9223372036854775807))
Edge(157725,92042,(1,9223372036854775807))
Edge(157932,394280,(3,9223372036854775807))
Edge(158585,111216,(1,3))
Edge(158707,373858,(3,9223372036854775807))
Edge(158840,233957,(3,9223372036854775807))
Edge(159468,338899,(1,9223372036854775807))
Edge(159617,430040,(3,9223372036854775807))
Edge(160259,323618,(3,9223372036854775807))
Edge(160687,64280,(3,9223372036854775807))
Edge(160772,289420,(3,9223372036854775807))
Edge(160791,162655,(3,9223372036854775807))
Edge(160943,273761,(3,9223372036854775807))
Edge(161263,248860,(3,9223372036854775807))
Edge(161431,115745,(3,9223372036854775807))
Edge(161886,364351,(3,9223372036854775807))
Edge(161989,346541,(3,9223372036854775807))
Edge(162429,450222,(3,9223372036854775807))
Edge(163032,420447,(3,9223372036854775807))
Edge(163074,326874,(3,9223372036854775807))
Edge(163387,132046,(3,9223372036854775807))
Edge(163387,252278,(3,9223372036854775807))
Edge(163394,387125,(3,9223372036854775807))
Edge(163432,358098,(1,9223372036854775807))
Edge(163891,59083,(3,9223372036854775807))
Edge(164144,95346,(1,3))
Edge(164209,422004,(3,9223372036854775807))
Edge(164403,385462,(1,9223372036854775807))
Edge(164857,119199,(3,9223372036854775807))
Edge(164992,48751,(3,9223372036854775807))
Edge(165797,174143,(3,9223372036854775807))
Edge(166062,90261,(3,9223372036854775807))
Edge(166188,42017,(3,9223372036854775807))
Edge(166296,325828,(3,9223372036854775807))
Edge(166610,37315,(3,9223372036854775807))
Edge(166753,361809,(1,9223372036854775807))
Edge(166811,470294,(3,9223372036854775807))
Edge(167515,136186,(1,3))
Edge(167704,392201,(3,9223372036854775807))
Edge(167811,68767,(3,9223372036854775807))
Edge(168062,475476,(1,9223372036854775807))
Edge(168255,432102,(4,9223372036854775807))
Edge(168369,396230,(3,9223372036854775807))
Edge(168419,126778,(1,9223372036854775807))
Edge(168713,412090,(3,9223372036854775807))
Edge(169117,83592,(3,9223372036854775807))
Edge(169599,128440,(3,9223372036854775807))
Edge(169685,1505,(1,9223372036854775807))
Edge(169828,107650,(3,9223372036854775807))
Edge(169894,2211,(3,9223372036854775807))
Edge(170407,25944,(3,9223372036854775807))
Edge(170578,298983,(3,9223372036854775807))
Edge(170628,449913,(3,9223372036854775807))
Edge(170787,304480,(1,9223372036854775807))
Edge(171011,112458,(3,9223372036854775807))
Edge(171026,240824,(3,9223372036854775807))
Edge(171197,35362,(3,9223372036854775807))
Edge(171417,259228,(3,9223372036854775807))
Edge(172136,157146,(1,9223372036854775807))
Edge(172159,432921,(1,9223372036854775807))
Edge(172292,269040,(3,9223372036854775807))
Edge(172573,389717,(3,9223372036854775807))
Edge(172797,68471,(3,9223372036854775807))
Edge(172916,116650,(1,3))
Edge(172936,218890,(3,9223372036854775807))
Edge(173073,400426,(1,9223372036854775807))
Edge(173207,237273,(1,3))
Edge(174401,339219,(3,9223372036854775807))
Edge(174696,266932,(3,9223372036854775807))
Edge(175597,466466,(3,9223372036854775807))
Edge(175695,298856,(1,9223372036854775807))
Edge(175929,81463,(3,9223372036854775807))
Edge(175935,374505,(1,3))
Edge(176623,288126,(3,9223372036854775807))
Edge(176672,165547,(1,9223372036854775807))
Edge(177032,66993,(3,9223372036854775807))
Edge(177224,17803,(1,9223372036854775807))
Edge(177342,228784,(3,9223372036854775807))
Edge(177866,452921,(3,9223372036854775807))
Edge(178182,364107,(3,9223372036854775807))
Edge(178260,2367,(3,9223372036854775807))
Edge(178596,96644,(3,9223372036854775807))
Edge(178966,480388,(3,9223372036854775807))
Edge(179245,353729,(3,9223372036854775807))
Edge(179602,13391,(3,9223372036854775807))
Edge(180026,228961,(3,9223372036854775807))
Edge(180051,235538,(3,9223372036854775807))
Edge(180126,292176,(3,9223372036854775807))
Edge(180253,202634,(3,9223372036854775807))
Edge(181577,177217,(3,9223372036854775807))
Edge(181661,191994,(3,9223372036854775807))
Edge(181729,186958,(3,9223372036854775807))
Edge(181851,190036,(1,9223372036854775807))
Edge(182125,53121,(3,9223372036854775807))
Edge(182167,33874,(3,9223372036854775807))
Edge(182821,17096,(3,9223372036854775807))
Edge(183215,139877,(3,9223372036854775807))
Edge(183559,426091,(3,9223372036854775807))
Edge(183638,100503,(1,3))
Edge(183806,439343,(3,9223372036854775807))
Edge(185253,464521,(1,9223372036854775807))
Edge(185932,166937,(3,9223372036854775807))
Edge(185991,189750,(3,9223372036854775807))
Edge(187151,298909,(3,9223372036854775807))
Edge(187283,383189,(1,9223372036854775807))
Edge(187574,224829,(3,9223372036854775807))
Edge(187904,155521,(3,9223372036854775807))
Edge(188754,325120,(1,3))
Edge(189056,129747,(1,3))
Edge(189450,196771,(3,9223372036854775807))
Edge(189631,193247,(3,9223372036854775807))
Edge(189760,389512,(4,9223372036854775807))
Edge(190000,302253,(3,9223372036854775807))
Edge(190039,464510,(3,9223372036854775807))
Edge(190168,475930,(3,9223372036854775807))
Edge(190259,78542,(1,3))
Edge(190830,37878,(1,3))
Edge(191007,392883,(1,9223372036854775807))
Edge(191293,407965,(3,9223372036854775807))
Edge(191749,219498,(3,9223372036854775807))
Edge(191842,276867,(3,9223372036854775807))
Edge(192364,91495,(3,9223372036854775807))
Edge(192405,95832,(1,9223372036854775807))
Edge(192670,89694,(1,9223372036854775807))
Edge(192782,214878,(3,9223372036854775807))
Edge(192843,361595,(3,9223372036854775807))
Edge(193904,170149,(3,9223372036854775807))
Edge(194452,114515,(1,9223372036854775807))
Edge(195349,403635,(3,9223372036854775807))
Edge(195626,103295,(3,9223372036854775807))
Edge(195711,154066,(3,9223372036854775807))
Edge(196515,248512,(3,9223372036854775807))
Edge(196731,158490,(3,9223372036854775807))
Edge(196838,370112,(1,3))
Edge(197353,77059,(3,9223372036854775807))
Edge(198090,392925,(3,9223372036854775807))
Edge(198171,275086,(3,9223372036854775807))
Edge(198224,387126,(1,9223372036854775807))
Edge(198944,55499,(1,3))
Edge(199037,239634,(3,9223372036854775807))
Edge(199096,346172,(3,9223372036854775807))
Edge(199193,310894,(3,9223372036854775807))
Edge(199438,399543,(3,9223372036854775807))
Edge(199647,102347,(3,9223372036854775807))
Edge(199707,114279,(3,9223372036854775807))
Edge(199727,161888,(3,9223372036854775807))
Edge(199786,195520,(3,9223372036854775807))
Edge(200204,367188,(3,9223372036854775807))
Edge(200210,120825,(1,9223372036854775807))
Edge(201251,267960,(3,9223372036854775807))
Edge(201814,88847,(3,9223372036854775807))
Edge(202064,375529,(1,9223372036854775807))
Edge(202700,396617,(3,9223372036854775807))
Edge(203661,334923,(3,9223372036854775807))
Edge(203708,450308,(3,9223372036854775807))
Edge(203875,192624,(3,9223372036854775807))
Edge(204096,288338,(3,9223372036854775807))
Edge(204359,191344,(1,3))
Edge(205006,72423,(3,9223372036854775807))
Edge(205023,477936,(3,9223372036854775807))
Edge(205045,253694,(3,9223372036854775807))
Edge(205310,217090,(3,9223372036854775807))
Edge(206903,301685,(1,9223372036854775807))
Edge(206954,474413,(3,9223372036854775807))
Edge(207670,487181,(3,9223372036854775807))
Edge(208097,68371,(3,9223372036854775807))
Edge(208683,441878,(1,9223372036854775807))
Edge(208743,263877,(3,9223372036854775807))
Edge(209471,481279,(3,9223372036854775807))
Edge(209827,75939,(3,9223372036854775807))
Edge(209885,235062,(3,9223372036854775807))
Edge(209982,231377,(3,9223372036854775807))
Edge(210055,224229,(3,9223372036854775807))
Edge(210423,217926,(3,9223372036854775807))
Edge(210747,175161,(3,9223372036854775807))
Edge(210923,226536,(3,9223372036854775807))
Edge(211413,165393,(4,9223372036854775807))
Edge(211612,460051,(1,9223372036854775807))
Edge(211667,288001,(1,3))
Edge(212129,475909,(3,9223372036854775807))
Edge(212494,73216,(3,9223372036854775807))
Edge(212539,476538,(3,9223372036854775807))
Edge(212588,331605,(3,9223372036854775807))
Edge(212662,414582,(1,3))
Edge(212820,52299,(3,9223372036854775807))
Edge(212861,132622,(3,9223372036854775807))
Edge(213811,412056,(3,9223372036854775807))
Edge(214116,174153,(3,9223372036854775807))
Edge(215040,199455,(3,9223372036854775807))
Edge(216536,397310,(3,9223372036854775807))
Edge(216691,335023,(3,9223372036854775807))
Edge(216753,115291,(3,9223372036854775807))
Edge(217379,313866,(1,9223372036854775807))
Edge(217398,254684,(3,9223372036854775807))
Edge(217691,416805,(1,9223372036854775807))
Edge(217830,243242,(3,9223372036854775807))
Edge(218083,406410,(3,9223372036854775807))
Edge(218086,131507,(3,9223372036854775807))
Edge(218097,363914,(3,9223372036854775807))
Edge(219285,187706,(3,9223372036854775807))
Edge(219747,26869,(3,9223372036854775807))
Edge(220498,146658,(3,9223372036854775807))
Edge(220918,429750,(3,9223372036854775807))
Edge(220921,215402,(3,9223372036854775807))
Edge(221126,410502,(3,9223372036854775807))
Edge(221655,156741,(3,9223372036854775807))
Edge(221836,198265,(3,9223372036854775807))
Edge(222126,261015,(3,9223372036854775807))
Edge(222149,467751,(3,9223372036854775807))
Edge(222598,297457,(3,9223372036854775807))
Edge(222665,461851,(3,9223372036854775807))
Edge(222755,278634,(3,9223372036854775807))
Edge(222996,65358,(3,9223372036854775807))
Edge(223264,417260,(3,9223372036854775807))
Edge(223498,112532,(3,9223372036854775807))
Edge(223571,423457,(3,9223372036854775807))
Edge(223669,296111,(3,9223372036854775807))
Edge(223988,338101,(3,9223372036854775807))
Edge(224154,492821,(3,9223372036854775807))
Edge(224206,18872,(1,9223372036854775807))
Edge(224276,327971,(1,9223372036854775807))
Edge(224740,53206,(3,9223372036854775807))
Edge(224867,402302,(1,9223372036854775807))
Edge(224897,372466,(3,9223372036854775807))
Edge(225438,276652,(3,9223372036854775807))
Edge(226011,51416,(3,9223372036854775807))
Edge(226128,131477,(3,9223372036854775807))
Edge(226418,485370,(3,9223372036854775807))
Edge(226971,213907,(3,9223372036854775807))
Edge(227011,326509,(1,9223372036854775807))
Edge(227254,415404,(3,9223372036854775807))
Edge(227303,459879,(3,9223372036854775807))
Edge(227361,108491,(1,3))
Edge(227456,54010,(3,9223372036854775807))
Edge(227834,391059,(3,9223372036854775807))
Edge(227850,147894,(3,9223372036854775807))
Edge(227983,317999,(3,9223372036854775807))
Edge(228103,165018,(1,9223372036854775807))
Edge(228694,18000,(3,9223372036854775807))
Edge(229122,373893,(3,9223372036854775807))
Edge(229331,401984,(3,9223372036854775807))
Edge(229414,125509,(3,9223372036854775807))
Edge(229625,239827,(1,9223372036854775807))
Edge(229832,446192,(1,9223372036854775807))
Edge(230166,309092,(3,9223372036854775807))
Edge(230782,352700,(3,9223372036854775807))
Edge(230818,31948,(1,9223372036854775807))
Edge(230896,130039,(3,9223372036854775807))
Edge(230998,202929,(1,9223372036854775807))
Edge(231080,43774,(3,9223372036854775807))
Edge(231101,122858,(3,9223372036854775807))
Edge(231172,445114,(3,9223372036854775807))
Edge(231404,255299,(3,9223372036854775807))
Edge(231432,370788,(3,9223372036854775807))
Edge(231745,121149,(3,9223372036854775807))
Edge(231820,134964,(3,9223372036854775807))
Edge(231961,285245,(3,9223372036854775807))
Edge(232232,292246,(1,9223372036854775807))
Edge(232250,411828,(3,9223372036854775807))
Edge(232557,77004,(3,9223372036854775807))
Edge(232880,395885,(1,9223372036854775807))
Edge(233566,170432,(1,9223372036854775807))
Edge(233693,292380,(1,3))
Edge(234124,263675,(3,9223372036854775807))
Edge(234158,192209,(1,9223372036854775807))
Edge(234385,487852,(3,9223372036854775807))
Edge(234662,304627,(3,9223372036854775807))
Edge(234782,1972,(3,9223372036854775807))
Edge(235268,391137,(1,3))
Edge(235438,19196,(3,9223372036854775807))
Edge(235573,304274,(1,9223372036854775807))
Edge(236184,303418,(3,9223372036854775807))
Edge(237055,221028,(3,9223372036854775807))
Edge(237171,262210,(3,9223372036854775807))
Edge(237203,331612,(3,9223372036854775807))
Edge(237333,377645,(3,9223372036854775807))
Edge(237456,338489,(3,9223372036854775807))
Edge(237776,290377,(3,9223372036854775807))
Edge(238052,412139,(1,3))
Edge(238358,154582,(1,3))
Edge(238367,277737,(3,9223372036854775807))
Edge(238807,42642,(3,9223372036854775807))
Edge(238936,167650,(3,9223372036854775807))
Edge(239462,314675,(3,9223372036854775807))
Edge(239519,10991,(3,9223372036854775807))
Edge(239774,403116,(1,3))
Edge(239835,33521,(1,9223372036854775807))
Edge(239964,197135,(4,9223372036854775807))
Edge(240071,466276,(3,9223372036854775807))
Edge(240150,135562,(3,9223372036854775807))
Edge(240222,479373,(3,9223372036854775807))
Edge(240391,356282,(3,9223372036854775807))
Edge(240653,25154,(1,9223372036854775807))
Edge(241025,260952,(1,9223372036854775807))
Edge(241093,32876,(3,9223372036854775807))
Edge(241352,133901,(3,9223372036854775807))
Edge(241494,112848,(1,9223372036854775807))
Edge(241591,376439,(3,9223372036854775807))
Edge(241783,149311,(3,9223372036854775807))
Edge(242185,189583,(3,9223372036854775807))
Edge(242371,349003,(3,9223372036854775807))
Edge(242634,440671,(3,9223372036854775807))
Edge(242951,460517,(3,9223372036854775807))
Edge(243132,221727,(3,9223372036854775807))
Edge(243182,236515,(3,9223372036854775807))
Edge(243373,286472,(1,9223372036854775807))
Edge(243420,97074,(3,9223372036854775807))
Edge(243520,125233,(3,9223372036854775807))
Edge(243656,383377,(3,9223372036854775807))
Edge(243722,452013,(3,9223372036854775807))
Edge(243879,187017,(1,3))
Edge(244354,481584,(3,9223372036854775807))
Edge(244495,483429,(1,3))
Edge(244548,278030,(1,9223372036854775807))
Edge(244823,159544,(3,9223372036854775807))
Edge(245408,173016,(3,9223372036854775807))
Edge(245411,303597,(3,9223372036854775807))
Edge(245587,448496,(1,9223372036854775807))
Edge(245634,282768,(3,9223372036854775807))
Edge(245753,319642,(1,9223372036854775807))
Edge(245824,393435,(1,9223372036854775807))
Edge(245956,473999,(3,9223372036854775807))
Edge(246229,271258,(3,9223372036854775807))
Edge(246266,480361,(3,9223372036854775807))
Edge(246460,491827,(3,9223372036854775807))
Edge(246544,171917,(3,9223372036854775807))
Edge(246721,322556,(3,9223372036854775807))
Edge(246761,158856,(1,9223372036854775807))
Edge(247138,84179,(1,9223372036854775807))
Edge(248173,96706,(3,9223372036854775807))
Edge(248616,493251,(3,9223372036854775807))
Edge(248800,8302,(3,9223372036854775807))
Edge(248909,152256,(3,9223372036854775807))
Edge(249166,13111,(3,9223372036854775807))
Edge(249338,441550,(1,9223372036854775807))
Edge(249867,241298,(1,9223372036854775807))
Edge(251089,422100,(3,9223372036854775807))
Edge(251434,116702,(3,9223372036854775807))
Edge(251726,87119,(3,9223372036854775807))
Edge(251906,24916,(3,9223372036854775807))
Edge(251924,70413,(1,3))
Edge(251929,471677,(3,9223372036854775807))
Edge(252333,303143,(3,9223372036854775807))
Edge(252385,272190,(1,3))
Edge(252711,216742,(3,9223372036854775807))
Edge(253440,446341,(1,9223372036854775807))
Edge(253568,160325,(3,9223372036854775807))
Edge(253683,91042,(3,9223372036854775807))
Edge(253687,374240,(3,9223372036854775807))
Edge(253963,496317,(3,9223372036854775807))
Edge(254133,27338,(3,9223372036854775807))
Edge(254152,406591,(3,9223372036854775807))
Edge(254233,100630,(3,9223372036854775807))
Edge(254465,179364,(3,9223372036854775807))
Edge(254853,232775,(3,9223372036854775807))
Edge(255201,228529,(1,3))
Edge(255506,397809,(3,9223372036854775807))
Edge(255611,134846,(1,3))
Edge(255828,353716,(3,9223372036854775807))
Edge(256431,462895,(3,9223372036854775807))
Edge(256670,346230,(3,9223372036854775807))
Edge(256826,345820,(1,9223372036854775807))
Edge(257702,440538,(3,9223372036854775807))
Edge(258198,150338,(1,9223372036854775807))
Edge(258237,256559,(3,9223372036854775807))
Edge(258330,409154,(3,9223372036854775807))
Edge(258387,459782,(1,3))
Edge(258411,123254,(3,9223372036854775807))
Edge(258530,104763,(3,9223372036854775807))
Edge(258560,465745,(3,9223372036854775807))
Edge(258615,117239,(3,9223372036854775807))
Edge(258827,339765,(4,9223372036854775807))
Edge(258938,459773,(3,9223372036854775807))
Edge(259093,399430,(3,9223372036854775807))
Edge(259729,100575,(3,9223372036854775807))
Edge(259800,436839,(3,9223372036854775807))
Edge(259928,158724,(3,9223372036854775807))
Edge(260204,269160,(3,9223372036854775807))
Edge(260594,183955,(3,9223372036854775807))
Edge(260851,241889,(1,9223372036854775807))
Edge(261099,328540,(3,9223372036854775807))
Edge(261139,180915,(1,9223372036854775807))
Edge(261238,404642,(3,9223372036854775807))
Edge(261689,329607,(3,9223372036854775807))
Edge(261722,288919,(3,9223372036854775807))
Edge(262004,347262,(3,9223372036854775807))
Edge(262605,331813,(3,9223372036854775807))
Edge(262787,100512,(3,9223372036854775807))
Edge(262996,109609,(3,9223372036854775807))
Edge(263183,430610,(3,9223372036854775807))
Edge(263295,259153,(3,9223372036854775807))
Edge(264415,323719,(3,9223372036854775807))
Edge(264483,296342,(3,9223372036854775807))
Edge(264846,333638,(3,9223372036854775807))
Edge(265087,128312,(3,9223372036854775807))
Edge(265214,112061,(3,9223372036854775807))
Edge(265290,320978,(3,9223372036854775807))
Edge(265438,37095,(3,9223372036854775807))
Edge(265823,385154,(3,9223372036854775807))
Edge(266002,386671,(3,9223372036854775807))
Edge(266578,295213,(3,9223372036854775807))
Edge(266971,317674,(1,9223372036854775807))
Edge(266987,343948,(3,9223372036854775807))
Edge(267801,378994,(3,9223372036854775807))
Edge(267825,101695,(1,9223372036854775807))
Edge(268027,20912,(3,9223372036854775807))
Edge(268949,201826,(3,9223372036854775807))
Edge(269120,156815,(1,3))
Edge(269232,287615,(3,9223372036854775807))
Edge(269239,378514,(3,9223372036854775807))
Edge(269383,376217,(1,9223372036854775807))
Edge(270051,148646,(3,9223372036854775807))
Edge(270327,447831,(3,9223372036854775807))
Edge(270335,215206,(3,9223372036854775807))
Edge(270681,80404,(1,3))
Edge(271022,350877,(3,9223372036854775807))
Edge(271319,71250,(3,9223372036854775807))
Edge(271445,65889,(3,9223372036854775807))
Edge(271535,269777,(3,9223372036854775807))
Edge(271662,216187,(3,9223372036854775807))
Edge(271703,281896,(1,9223372036854775807))
Edge(271956,447291,(3,9223372036854775807))
Edge(272226,146211,(3,9223372036854775807))
Edge(272231,364787,(1,3))
Edge(272309,434257,(3,9223372036854775807))
Edge(272678,378378,(3,9223372036854775807))
Edge(272888,448871,(3,9223372036854775807))
Edge(272966,193921,(3,9223372036854775807))
Edge(273406,56930,(3,9223372036854775807))
Edge(274825,69675,(3,9223372036854775807))
Edge(275784,409656,(3,9223372036854775807))
Edge(276544,324279,(3,9223372036854775807))
Edge(276659,178822,(3,9223372036854775807))
Edge(276706,101816,(3,9223372036854775807))
Edge(277226,314107,(1,9223372036854775807))
Edge(277280,312531,(3,9223372036854775807))
Edge(277745,19455,(3,9223372036854775807))
Edge(277926,407018,(1,9223372036854775807))
Edge(278172,300344,(3,9223372036854775807))
Edge(278312,2739,(1,9223372036854775807))
Edge(279195,103412,(1,3))
Edge(279231,177064,(3,9223372036854775807))
Edge(279238,299801,(3,9223372036854775807))
Edge(279343,34711,(1,3))
Edge(279629,74301,(3,9223372036854775807))
Edge(280229,13921,(3,9223372036854775807))
Edge(280354,231055,(3,9223372036854775807))
Edge(280686,363783,(1,9223372036854775807))
Edge(280949,302148,(1,9223372036854775807))
Edge(281076,10267,(3,9223372036854775807))
Edge(281849,353810,(3,9223372036854775807))
Edge(282457,158380,(3,9223372036854775807))
Edge(282615,271858,(3,9223372036854775807))
Edge(282913,411663,(3,9223372036854775807))
Edge(282978,352586,(3,9223372036854775807))
Edge(283444,128852,(3,9223372036854775807))
Edge(283466,180736,(3,9223372036854775807))
Edge(283725,443669,(3,9223372036854775807))
Edge(284077,320585,(3,9223372036854775807))
Edge(284746,138058,(1,9223372036854775807))
Edge(285603,351939,(3,9223372036854775807))
Edge(286870,385631,(1,9223372036854775807))
Edge(287067,20524,(1,9223372036854775807))
Edge(287147,76153,(3,9223372036854775807))
Edge(287503,354842,(1,9223372036854775807))
Edge(287715,117192,(1,9223372036854775807))
Edge(288237,326814,(3,9223372036854775807))
Edge(288893,67654,(3,9223372036854775807))
Edge(288937,469438,(3,9223372036854775807))
Edge(289271,94547,(3,9223372036854775807))
Edge(289675,44274,(3,9223372036854775807))
Edge(289756,331074,(3,9223372036854775807))
Edge(290411,453501,(1,3))
Edge(290419,358033,(1,9223372036854775807))
Edge(291022,161062,(3,9223372036854775807))
Edge(291092,184993,(3,9223372036854775807))
Edge(291420,104321,(3,9223372036854775807))
Edge(292290,197571,(3,9223372036854775807))
Edge(292836,125182,(3,9223372036854775807))
Edge(292916,292261,(1,9223372036854775807))
Edge(293173,412271,(3,9223372036854775807))
Edge(293464,320815,(3,9223372036854775807))
Edge(293932,15516,(3,9223372036854775807))
Edge(294018,260382,(3,9223372036854775807))
Edge(294521,250506,(3,9223372036854775807))
Edge(294622,486495,(3,9223372036854775807))
Edge(294681,215661,(1,9223372036854775807))
Edge(294784,44454,(3,9223372036854775807))
Edge(294980,256475,(3,9223372036854775807))
Edge(295335,137020,(3,9223372036854775807))
Edge(295340,35927,(1,9223372036854775807))
Edge(296230,42852,(1,9223372036854775807))
Edge(296501,143525,(3,9223372036854775807))
Edge(296558,64304,(3,9223372036854775807))
Edge(296644,150689,(3,9223372036854775807))
Edge(296662,469651,(3,9223372036854775807))
Edge(296705,107318,(3,9223372036854775807))
Edge(296844,404809,(3,9223372036854775807))
Edge(296967,216243,(3,9223372036854775807))
Edge(297123,489944,(3,9223372036854775807))
Edge(297188,427636,(3,9223372036854775807))
Edge(297540,249579,(3,9223372036854775807))
Edge(298133,24233,(3,9223372036854775807))
Edge(298149,275374,(3,9223372036854775807))
Edge(299059,208680,(3,9223372036854775807))
Edge(299144,84281,(3,9223372036854775807))
Edge(299458,204913,(3,9223372036854775807))
Edge(299573,24684,(3,9223372036854775807))
Edge(299693,320855,(3,9223372036854775807))
Edge(299886,252112,(3,9223372036854775807))
Edge(299974,270619,(1,3))
Edge(300922,334501,(1,9223372036854775807))
Edge(301647,316955,(1,9223372036854775807))
Edge(301719,118345,(3,9223372036854775807))
Edge(301769,293501,(3,9223372036854775807))
Edge(301982,178505,(3,9223372036854775807))
Edge(302539,416288,(3,9223372036854775807))
Edge(302712,257973,(4,9223372036854775807))
Edge(302754,107598,(3,9223372036854775807))
Edge(302894,294249,(3,9223372036854775807))
Edge(303069,81386,(3,9223372036854775807))
Edge(303142,117881,(1,3))
Edge(303346,359312,(3,9223372036854775807))
Edge(303458,478829,(3,9223372036854775807))
Edge(303626,114510,(3,9223372036854775807))
Edge(304305,390991,(3,9223372036854775807))
Edge(304850,41865,(3,9223372036854775807))
Edge(304951,346333,(3,9223372036854775807))
Edge(305590,346019,(3,9223372036854775807))
Edge(305742,306905,(3,9223372036854775807))
Edge(306342,392154,(3,9223372036854775807))
Edge(306393,86991,(1,9223372036854775807))
Edge(306581,172161,(3,9223372036854775807))
Edge(306631,20425,(3,9223372036854775807))
Edge(306792,356341,(3,9223372036854775807))
Edge(306993,39005,(1,9223372036854775807))
Edge(307781,230415,(3,9223372036854775807))
Edge(308070,11556,(3,9223372036854775807))
Edge(308079,295801,(3,9223372036854775807))
Edge(308254,193453,(3,9223372036854775807))
Edge(308284,333645,(3,9223372036854775807))
Edge(308482,244948,(3,9223372036854775807))
Edge(308832,445596,(1,3))
Edge(309043,199982,(1,3))
Edge(309261,448372,(3,9223372036854775807))
Edge(309492,275833,(3,9223372036854775807))
Edge(310440,79604,(3,9223372036854775807))
Edge(310729,312876,(3,9223372036854775807))
Edge(310736,122766,(3,9223372036854775807))
Edge(311148,280147,(3,9223372036854775807))
Edge(311316,8431,(3,9223372036854775807))
Edge(311339,315076,(1,9223372036854775807))
Edge(311665,422238,(3,9223372036854775807))
Edge(311765,101911,(3,9223372036854775807))
Edge(311811,410998,(3,9223372036854775807))
Edge(311852,332923,(3,9223372036854775807))
Edge(312042,135421,(1,3))
Edge(312042,323330,(3,9223372036854775807))
Edge(312310,103008,(3,9223372036854775807))
Edge(312354,241596,(3,9223372036854775807))
Edge(312400,273111,(3,9223372036854775807))
Edge(312441,70028,(3,9223372036854775807))
Edge(312441,221352,(1,9223372036854775807))
Edge(312598,91657,(1,9223372036854775807))
Edge(312687,468805,(3,9223372036854775807))
Edge(313385,26266,(1,9223372036854775807))
Edge(313932,473361,(3,9223372036854775807))
Edge(314066,143428,(3,9223372036854775807))
Edge(314476,50252,(3,9223372036854775807))
Edge(314756,7704,(3,9223372036854775807))
Edge(314864,156763,(1,3))
Edge(315799,326756,(3,9223372036854775807))
Edge(316456,190554,(1,3))
Edge(317029,481143,(3,9223372036854775807))
Edge(317110,13993,(3,9223372036854775807))
Edge(317389,279891,(1,9223372036854775807))
Edge(317590,140091,(1,9223372036854775807))
Edge(317648,319662,(3,9223372036854775807))
Edge(318059,37830,(1,3))
Edge(318071,110538,(3,9223372036854775807))
Edge(318184,251072,(3,9223372036854775807))
Edge(319291,115634,(1,3))
Edge(319311,151032,(3,9223372036854775807))
Edge(319373,100004,(3,9223372036854775807))
Edge(319616,314001,(3,9223372036854775807))
Edge(319637,134634,(3,9223372036854775807))
Edge(319924,218699,(1,9223372036854775807))
Edge(320052,110504,(3,9223372036854775807))
Edge(320242,204225,(3,9223372036854775807))
Edge(320561,19260,(3,9223372036854775807))
Edge(320662,60342,(3,9223372036854775807))
Edge(320700,50588,(3,9223372036854775807))
Edge(321180,218158,(3,9223372036854775807))
Edge(321333,26184,(3,9223372036854775807))
Edge(321355,225317,(3,9223372036854775807))
Edge(321459,128511,(3,9223372036854775807))
Edge(321924,362181,(1,9223372036854775807))
Edge(322122,174924,(1,9223372036854775807))
Edge(322498,270991,(1,3))
Edge(322855,479936,(3,9223372036854775807))
Edge(322980,344400,(3,9223372036854775807))
Edge(323268,494828,(3,9223372036854775807))
Edge(323747,25104,(3,9223372036854775807))
Edge(323880,444890,(3,9223372036854775807))
Edge(324043,347392,(3,9223372036854775807))
Edge(324066,17720,(3,9223372036854775807))
Edge(324882,340272,(1,3))
Edge(324911,351723,(3,9223372036854775807))
Edge(325088,161970,(3,9223372036854775807))
Edge(325141,355746,(3,9223372036854775807))
Edge(325432,33243,(1,9223372036854775807))
Edge(325465,450713,(3,9223372036854775807))
Edge(325581,193486,(3,9223372036854775807))
Edge(325920,106832,(3,9223372036854775807))
Edge(326007,161109,(3,9223372036854775807))
Edge(326055,286592,(3,9223372036854775807))
Edge(326224,124504,(3,9223372036854775807))
Edge(326262,344731,(1,3))
Edge(326305,70027,(3,9223372036854775807))
Edge(326749,98872,(3,9223372036854775807))
Edge(327047,210189,(3,9223372036854775807))
Edge(327171,483212,(3,9223372036854775807))
Edge(327765,383373,(3,9223372036854775807))
Edge(327849,324386,(1,9223372036854775807))
Edge(327944,183897,(3,9223372036854775807))
Edge(328083,437938,(3,9223372036854775807))
Edge(328426,281377,(1,9223372036854775807))
Edge(328443,22579,(3,9223372036854775807))
Edge(328566,164789,(1,9223372036854775807))
Edge(328707,54689,(3,9223372036854775807))
Edge(328974,122286,(3,9223372036854775807))
Edge(329936,288597,(3,9223372036854775807))
Edge(330549,489225,(3,9223372036854775807))
Edge(330719,395553,(3,9223372036854775807))
Edge(330860,337016,(3,9223372036854775807))
Edge(331339,200736,(3,9223372036854775807))
Edge(331378,486120,(3,9223372036854775807))
Edge(331551,7600,(3,9223372036854775807))
Edge(332016,178561,(1,3))
Edge(332365,249025,(1,9223372036854775807))
Edge(334671,44217,(1,9223372036854775807))
Edge(334791,337923,(3,9223372036854775807))
Edge(334851,295953,(3,9223372036854775807))
Edge(335259,236248,(3,9223372036854775807))
Edge(335437,168808,(3,9223372036854775807))
Edge(335664,397984,(1,9223372036854775807))
Edge(336072,312165,(3,9223372036854775807))
Edge(336226,220598,(3,9223372036854775807))
Edge(336463,217813,(1,3))
Edge(337032,19834,(1,9223372036854775807))
Edge(337232,336732,(3,9223372036854775807))
Edge(337628,95339,(3,9223372036854775807))
Edge(338016,345225,(1,3))
Edge(338300,234954,(3,9223372036854775807))
Edge(338695,76867,(3,9223372036854775807))
Edge(338893,94166,(3,9223372036854775807))
Edge(339134,8477,(3,9223372036854775807))
Edge(339530,316192,(4,9223372036854775807))
Edge(339639,115712,(3,9223372036854775807))
Edge(339718,58828,(1,3))
Edge(339787,315701,(3,9223372036854775807))
Edge(340087,152939,(3,9223372036854775807))
Edge(340368,405422,(1,3))
Edge(340707,396943,(1,3))
Edge(342272,119467,(3,9223372036854775807))
Edge(342721,392606,(3,9223372036854775807))
Edge(342897,45959,(3,9223372036854775807))
Edge(343091,25164,(3,9223372036854775807))
Edge(343130,257711,(3,9223372036854775807))
Edge(343211,68068,(3,9223372036854775807))
Edge(343304,246675,(3,9223372036854775807))
Edge(343353,164300,(3,9223372036854775807))
Edge(343482,355200,(1,9223372036854775807))
Edge(343828,304244,(3,9223372036854775807))
Edge(344969,133642,(3,9223372036854775807))
Edge(345240,97581,(3,9223372036854775807))
Edge(345409,295372,(3,9223372036854775807))
Edge(345524,14784,(1,9223372036854775807))
Edge(345590,112515,(3,9223372036854775807))
Edge(345626,163377,(1,9223372036854775807))
Edge(346014,301848,(1,9223372036854775807))
Edge(346549,238735,(1,3))
Edge(347266,239374,(1,3))
Edge(347952,86524,(3,9223372036854775807))
Edge(348271,105811,(1,9223372036854775807))
Edge(348447,58316,(3,9223372036854775807))
Edge(349615,57491,(3,9223372036854775807))
Edge(349722,113102,(3,9223372036854775807))
Edge(349820,115392,(3,9223372036854775807))
Edge(350411,75674,(3,9223372036854775807))
Edge(350592,347197,(3,9223372036854775807))
Edge(350898,56177,(3,9223372036854775807))
Edge(351135,231605,(3,9223372036854775807))
Edge(351270,213019,(1,3))
Edge(351310,205736,(3,9223372036854775807))
Edge(351432,403776,(3,9223372036854775807))
Edge(351503,231193,(3,9223372036854775807))
Edge(351558,8375,(3,9223372036854775807))
Edge(351847,310160,(1,9223372036854775807))
Edge(351850,186840,(3,9223372036854775807))
Edge(351937,343348,(3,9223372036854775807))
Edge(351951,69898,(3,9223372036854775807))
Edge(352065,367684,(3,9223372036854775807))
Edge(352481,407581,(3,9223372036854775807))
Edge(352557,30270,(3,9223372036854775807))
Edge(352678,199826,(3,9223372036854775807))
Edge(352683,159573,(3,9223372036854775807))
Edge(352996,307451,(3,9223372036854775807))
Edge(353200,120534,(3,9223372036854775807))
Edge(353317,204356,(1,9223372036854775807))
Edge(353877,415166,(3,9223372036854775807))
Edge(354064,467327,(3,9223372036854775807))
Edge(354087,319712,(3,9223372036854775807))
Edge(354107,17078,(3,9223372036854775807))
Edge(354237,225366,(3,9223372036854775807))
Edge(354266,271761,(3,9223372036854775807))
Edge(354353,321715,(3,9223372036854775807))
Edge(354398,97981,(3,9223372036854775807))
Edge(354421,71351,(3,9223372036854775807))
Edge(354578,348919,(3,9223372036854775807))
Edge(354710,461175,(1,3))
Edge(354722,320330,(3,9223372036854775807))
Edge(355567,377702,(3,9223372036854775807))
Edge(355606,93020,(3,9223372036854775807))
Edge(355627,154965,(1,9223372036854775807))
Edge(355710,47899,(3,9223372036854775807))
Edge(355814,14913,(3,9223372036854775807))
Edge(355835,491638,(3,9223372036854775807))
Edge(355967,50369,(3,9223372036854775807))
Edge(356055,138786,(3,9223372036854775807))
Edge(356165,367157,(3,9223372036854775807))
Edge(356416,223039,(3,9223372036854775807))
Edge(356624,56394,(3,9223372036854775807))
Edge(356722,171955,(1,9223372036854775807))
Edge(356776,23238,(3,9223372036854775807))
Edge(356997,121873,(3,9223372036854775807))
Edge(357412,495726,(3,9223372036854775807))
Edge(357426,78300,(3,9223372036854775807))
Edge(357576,389500,(1,9223372036854775807))
Edge(357586,330857,(3,9223372036854775807))
Edge(357878,417153,(3,9223372036854775807))
Edge(358077,55493,(3,9223372036854775807))
Edge(358193,474920,(3,9223372036854775807))
Edge(358528,252800,(1,9223372036854775807))
Edge(358984,83827,(3,9223372036854775807))
Edge(359005,178139,(3,9223372036854775807))
Edge(359285,468079,(1,9223372036854775807))
Edge(359320,412840,(3,9223372036854775807))
Edge(359620,439480,(1,9223372036854775807))
Edge(359848,413816,(3,9223372036854775807))
Edge(360076,150276,(3,9223372036854775807))
Edge(360230,52724,(3,9223372036854775807))
Edge(360336,240585,(1,9223372036854775807))
Edge(361074,341643,(3,9223372036854775807))
Edge(361087,260370,(3,9223372036854775807))
Edge(361163,126751,(1,9223372036854775807))
Edge(361242,105077,(3,9223372036854775807))
Edge(361448,225687,(1,3))
Edge(361463,107093,(3,9223372036854775807))
Edge(361528,148845,(3,9223372036854775807))
Edge(361800,149206,(3,9223372036854775807))
Edge(361833,153383,(3,9223372036854775807))
Edge(362073,486579,(3,9223372036854775807))
Edge(362139,443664,(3,9223372036854775807))
Edge(362318,284495,(3,9223372036854775807))
Edge(362361,163173,(3,9223372036854775807))
Edge(362451,441386,(1,3))
Edge(363785,299131,(3,9223372036854775807))
Edge(363855,183924,(3,9223372036854775807))
Edge(363987,429013,(3,9223372036854775807))
Edge(364076,182706,(3,9223372036854775807))
Edge(364653,194453,(3,9223372036854775807))
Edge(364900,468003,(3,9223372036854775807))
Edge(365726,359098,(1,9223372036854775807))
Edge(365982,396455,(3,9223372036854775807))
Edge(366562,383698,(3,9223372036854775807))
Edge(366691,351730,(3,9223372036854775807))
Edge(367661,229064,(3,9223372036854775807))
Edge(367719,329386,(3,9223372036854775807))
Edge(368419,142975,(3,9223372036854775807))
Edge(368547,185156,(3,9223372036854775807))
Edge(368630,346392,(3,9223372036854775807))
Edge(369062,13289,(1,9223372036854775807))
Edge(370235,381606,(3,9223372036854775807))
Edge(370271,119593,(3,9223372036854775807))
Edge(370382,3073,(3,9223372036854775807))
Edge(370926,312930,(1,3))
Edge(371134,162533,(3,9223372036854775807))
Edge(371140,402339,(3,9223372036854775807))
Edge(371322,299956,(1,9223372036854775807))
Edge(372066,62718,(1,9223372036854775807))
Edge(372724,212854,(3,9223372036854775807))
Edge(373329,263333,(1,9223372036854775807))
Edge(373589,305820,(1,9223372036854775807))
Edge(373668,32593,(3,9223372036854775807))
Edge(373718,235333,(3,9223372036854775807))
Edge(373841,246637,(3,9223372036854775807))
Edge(373903,272135,(3,9223372036854775807))
Edge(374233,57674,(3,9223372036854775807))
Edge(374337,409924,(3,9223372036854775807))
Edge(374451,8084,(1,3))
Edge(374544,4212,(3,9223372036854775807))
Edge(374618,391306,(3,9223372036854775807))
Edge(374655,237497,(3,9223372036854775807))
Edge(374728,359002,(1,3))
Edge(375440,221511,(3,9223372036854775807))
Edge(375481,135313,(3,9223372036854775807))
Edge(375965,13276,(3,9223372036854775807))
Edge(376313,234837,(1,9223372036854775807))
Edge(376508,294761,(3,9223372036854775807))
Edge(377119,348512,(3,9223372036854775807))
Edge(377296,498557,(3,9223372036854775807))
Edge(377901,429716,(3,9223372036854775807))
Edge(377987,93419,(3,9223372036854775807))
Edge(378198,350313,(3,9223372036854775807))
Edge(378254,335472,(3,9223372036854775807))
Edge(379470,279834,(1,9223372036854775807))
Edge(379638,115443,(3,9223372036854775807))
Edge(379789,55478,(1,9223372036854775807))
Edge(379947,112559,(3,9223372036854775807))
Edge(380009,261124,(1,9223372036854775807))
Edge(380236,92036,(3,9223372036854775807))
Edge(380772,97701,(3,9223372036854775807))
Edge(380952,162946,(3,9223372036854775807))
Edge(381115,10956,(3,9223372036854775807))
Edge(381130,37061,(3,9223372036854775807))
Edge(381165,357426,(3,9223372036854775807))
Edge(381400,400785,(1,9223372036854775807))
Edge(382374,118971,(1,9223372036854775807))
Edge(382487,436750,(3,9223372036854775807))
Edge(382762,448053,(1,9223372036854775807))
Edge(384042,237393,(1,9223372036854775807))
Edge(384072,389889,(3,9223372036854775807))
Edge(384262,219990,(1,9223372036854775807))
Edge(385360,397313,(3,9223372036854775807))
Edge(385392,377322,(3,9223372036854775807))
Edge(385814,286080,(1,3))
Edge(386328,392079,(1,3))
Edge(386354,107851,(3,9223372036854775807))
Edge(386691,244628,(1,9223372036854775807))
Edge(386718,437023,(1,3))
Edge(386886,68027,(1,3))
Edge(387245,49074,(3,9223372036854775807))
Edge(387653,132317,(3,9223372036854775807))
Edge(387705,463182,(3,9223372036854775807))
Edge(387761,300651,(3,9223372036854775807))
Edge(388183,51942,(1,3))
Edge(388294,154219,(3,9223372036854775807))
Edge(388543,214238,(3,9223372036854775807))
Edge(388806,471125,(3,9223372036854775807))
Edge(389194,5041,(3,9223372036854775807))
Edge(389364,140779,(3,9223372036854775807))
Edge(389644,34552,(3,9223372036854775807))
Edge(389709,153724,(3,9223372036854775807))
Edge(389922,472522,(3,9223372036854775807))
Edge(390069,67819,(3,9223372036854775807))
Edge(390103,339901,(1,9223372036854775807))
Edge(390258,245120,(3,9223372036854775807))
Edge(390299,270672,(3,9223372036854775807))
Edge(390465,405160,(3,9223372036854775807))
Edge(391202,454628,(1,9223372036854775807))
Edge(391270,41228,(3,9223372036854775807))
Edge(392348,254117,(1,9223372036854775807))
Edge(392890,202914,(3,9223372036854775807))
Edge(393174,288849,(3,9223372036854775807))
Edge(393666,416425,(3,9223372036854775807))
Edge(393781,491993,(3,9223372036854775807))
Edge(394010,467733,(3,9223372036854775807))
Edge(394028,211559,(3,9223372036854775807))
Edge(394250,462782,(3,9223372036854775807))
Edge(394381,450585,(1,9223372036854775807))
Edge(394449,284583,(3,9223372036854775807))
Edge(394687,137256,(3,9223372036854775807))
Edge(394804,73355,(3,9223372036854775807))
Edge(395071,451798,(1,3))
Edge(395222,151428,(3,9223372036854775807))
Edge(395866,346610,(3,9223372036854775807))
Edge(396067,433432,(1,9223372036854775807))
Edge(396238,75448,(3,9223372036854775807))
Edge(396506,211314,(3,9223372036854775807))
Edge(396544,28068,(1,9223372036854775807))
Edge(396724,267992,(3,9223372036854775807))
Edge(397266,319269,(3,9223372036854775807))
Edge(397410,26976,(1,9223372036854775807))
Edge(397430,34380,(3,9223372036854775807))
Edge(397588,148024,(3,9223372036854775807))
Edge(397687,320374,(4,9223372036854775807))
Edge(397840,365556,(3,9223372036854775807))
Edge(397895,140008,(3,9223372036854775807))
Edge(397903,392418,(1,9223372036854775807))
Edge(398097,241570,(3,9223372036854775807))
Edge(398262,245772,(3,9223372036854775807))
Edge(398335,448323,(3,9223372036854775807))
Edge(398489,138095,(3,9223372036854775807))
Edge(398676,400882,(3,9223372036854775807))
Edge(398831,338374,(3,9223372036854775807))
Edge(399102,337444,(3,9223372036854775807))
Edge(399379,84502,(3,9223372036854775807))
Edge(400091,185933,(1,3))
Edge(400585,435000,(3,9223372036854775807))
Edge(400788,109409,(1,3))
Edge(400829,145708,(3,9223372036854775807))
Edge(400896,73794,(3,9223372036854775807))
Edge(401206,112349,(3,9223372036854775807))
Edge(401666,149599,(1,9223372036854775807))
Edge(401707,367405,(3,9223372036854775807))
Edge(401753,21133,(3,9223372036854775807))
Edge(401976,75922,(3,9223372036854775807))
Edge(402071,138501,(3,9223372036854775807))
Edge(402271,318027,(1,9223372036854775807))
Edge(402610,206180,(3,9223372036854775807))
Edge(402919,146838,(1,9223372036854775807))
Edge(403450,323472,(3,9223372036854775807))
Edge(403873,364212,(4,9223372036854775807))
Edge(403930,39697,(1,9223372036854775807))
Edge(404101,379828,(1,9223372036854775807))
Edge(404401,97366,(1,3))
Edge(404671,152707,(3,9223372036854775807))
Edge(404859,447372,(3,9223372036854775807))
Edge(404933,467338,(1,9223372036854775807))
Edge(405406,136335,(3,9223372036854775807))
Edge(405419,42340,(3,9223372036854775807))
Edge(405623,339481,(1,3))
Edge(406282,155395,(3,9223372036854775807))
Edge(406329,46341,(3,9223372036854775807))
Edge(406877,365457,(3,9223372036854775807))
Edge(407282,438443,(3,9223372036854775807))
Edge(407333,412233,(3,9223372036854775807))
Edge(407362,136496,(3,9223372036854775807))
Edge(407410,167580,(1,9223372036854775807))
Edge(407608,162025,(3,9223372036854775807))
Edge(407708,344379,(3,9223372036854775807))
Edge(407999,454316,(3,9223372036854775807))
Edge(408511,169584,(3,9223372036854775807))
Edge(408519,184311,(3,9223372036854775807))
Edge(409651,438454,(3,9223372036854775807))
Edge(409715,329655,(3,9223372036854775807))
Edge(410018,156310,(1,9223372036854775807))
Edge(410242,325206,(3,9223372036854775807))
Edge(410491,346207,(1,9223372036854775807))
Edge(410632,153404,(3,9223372036854775807))
Edge(410699,321895,(3,9223372036854775807))
Edge(410745,45119,(3,9223372036854775807))
Edge(411141,242504,(3,9223372036854775807))
Edge(411230,133506,(3,9223372036854775807))
Edge(411758,225350,(3,9223372036854775807))
Edge(411897,353965,(3,9223372036854775807))
Edge(411958,383318,(3,9223372036854775807))
Edge(412267,357875,(3,9223372036854775807))
Edge(412288,256571,(3,9223372036854775807))
Edge(412332,413731,(3,9223372036854775807))
Edge(412443,476862,(3,9223372036854775807))
Edge(412672,477283,(1,9223372036854775807))
Edge(413143,489314,(1,9223372036854775807))
Edge(413386,240719,(1,9223372036854775807))
Edge(413466,122031,(1,3))
Edge(413479,367104,(3,9223372036854775807))
Edge(413491,277964,(1,9223372036854775807))
Edge(413556,287723,(1,3))
Edge(414533,195519,(1,9223372036854775807))
Edge(415358,197168,(1,9223372036854775807))
Edge(416032,385565,(3,9223372036854775807))
Edge(416878,469930,(1,3))
Edge(417318,49501,(3,9223372036854775807))
Edge(417699,29314,(3,9223372036854775807))
Edge(417725,268008,(3,9223372036854775807))
Edge(418166,231098,(3,9223372036854775807))
Edge(418295,222890,(3,9223372036854775807))
Edge(418806,136727,(3,9223372036854775807))
Edge(418806,498560,(1,9223372036854775807))
Edge(419013,275939,(3,9223372036854775807))
Edge(419308,7539,(1,9223372036854775807))
Edge(419332,104109,(3,9223372036854775807))
Edge(419512,97667,(3,9223372036854775807))
Edge(419758,389429,(3,9223372036854775807))
Edge(420167,1688,(1,9223372036854775807))
Edge(420349,485837,(3,9223372036854775807))
Edge(420851,462691,(3,9223372036854775807))
Edge(420941,179173,(3,9223372036854775807))
Edge(421043,45599,(3,9223372036854775807))
Edge(421312,313337,(3,9223372036854775807))
Edge(421421,437500,(3,9223372036854775807))
Edge(421438,258612,(3,9223372036854775807))
Edge(421554,136348,(3,9223372036854775807))
Edge(421669,192672,(3,9223372036854775807))
Edge(421724,482654,(1,9223372036854775807))
Edge(422151,156529,(3,9223372036854775807))
Edge(422204,484361,(3,9223372036854775807))
Edge(422205,336456,(3,9223372036854775807))
Edge(422209,81673,(3,9223372036854775807))
Edge(422270,468343,(3,9223372036854775807))
Edge(422280,336028,(3,9223372036854775807))
Edge(422503,206804,(3,9223372036854775807))
Edge(422629,20240,(3,9223372036854775807))
Edge(422777,137981,(3,9223372036854775807))
Edge(422811,52447,(3,9223372036854775807))
Edge(423514,137265,(3,9223372036854775807))
Edge(423640,475423,(1,3))
Edge(423756,336708,(1,9223372036854775807))
Edge(423811,33871,(1,9223372036854775807))
Edge(423824,77899,(1,3))
Edge(424027,356799,(3,9223372036854775807))
Edge(424176,250884,(3,9223372036854775807))
Edge(424341,414239,(3,9223372036854775807))
Edge(424349,282307,(3,9223372036854775807))
Edge(424388,65737,(3,9223372036854775807))
Edge(424515,4390,(3,9223372036854775807))
Edge(424686,422036,(3,9223372036854775807))
Edge(424720,453317,(1,9223372036854775807))
Edge(424838,38259,(1,9223372036854775807))
Edge(424927,200475,(3,9223372036854775807))
Edge(425008,137364,(1,3))
Edge(425138,287476,(3,9223372036854775807))
Edge(425141,201453,(3,9223372036854775807))
Edge(425202,375831,(3,9223372036854775807))
Edge(425252,169892,(3,9223372036854775807))
Edge(425650,144103,(1,9223372036854775807))
Edge(425712,105991,(1,9223372036854775807))
Edge(426043,302715,(3,9223372036854775807))
Edge(426394,128422,(3,9223372036854775807))
Edge(426832,256962,(3,9223372036854775807))
Edge(427024,226006,(3,9223372036854775807))
Edge(427098,104930,(3,9223372036854775807))
Edge(427579,497954,(1,9223372036854775807))
Edge(427685,110011,(1,9223372036854775807))
Edge(428216,268580,(3,9223372036854775807))
Edge(428220,222523,(3,9223372036854775807))
Edge(428524,141546,(1,9223372036854775807))
Edge(428677,458281,(3,9223372036854775807))
Edge(428702,467653,(3,9223372036854775807))
Edge(428792,462945,(3,9223372036854775807))
Edge(429218,110339,(3,9223372036854775807))
Edge(429324,150245,(1,3))
Edge(429829,83797,(1,3))
Edge(429968,303828,(3,9223372036854775807))
Edge(430068,243971,(3,9223372036854775807))
Edge(430159,41702,(3,9223372036854775807))
Edge(430181,389471,(3,9223372036854775807))
Edge(430450,3209,(3,9223372036854775807))
Edge(430885,330761,(3,9223372036854775807))
Edge(431407,125018,(3,9223372036854775807))
Edge(431657,189417,(3,9223372036854775807))
Edge(431988,240384,(3,9223372036854775807))
Edge(432224,34204,(1,9223372036854775807))
Edge(432632,266699,(3,9223372036854775807))
Edge(432638,445053,(3,9223372036854775807))
Edge(432936,144661,(3,9223372036854775807))
Edge(432937,269965,(3,9223372036854775807))
Edge(432947,40681,(3,9223372036854775807))
Edge(433022,338020,(3,9223372036854775807))
Edge(433036,180130,(1,9223372036854775807))
Edge(433129,118367,(3,9223372036854775807))
Edge(433162,459701,(3,9223372036854775807))
Edge(433483,431436,(1,9223372036854775807))
Edge(433492,68281,(3,9223372036854775807))
Edge(433559,333327,(3,9223372036854775807))
Edge(433598,197003,(3,9223372036854775807))
Edge(433939,410683,(3,9223372036854775807))
Edge(434346,153717,(3,9223372036854775807))
Edge(434359,423665,(1,9223372036854775807))
Edge(434504,6949,(1,9223372036854775807))
Edge(434533,427041,(3,9223372036854775807))
Edge(434564,238825,(1,9223372036854775807))
Edge(434612,116657,(3,9223372036854775807))
Edge(434742,178531,(3,9223372036854775807))
Edge(435245,63880,(3,9223372036854775807))
Edge(435295,26209,(3,9223372036854775807))
Edge(435856,87107,(1,9223372036854775807))
Edge(435926,461323,(3,9223372036854775807))
Edge(435958,304467,(3,9223372036854775807))
Edge(436555,180430,(3,9223372036854775807))
Edge(436589,359091,(3,9223372036854775807))
Edge(437021,472559,(1,3))
Edge(437127,55227,(3,9223372036854775807))
Edge(437206,434385,(3,9223372036854775807))
Edge(437509,413691,(3,9223372036854775807))
Edge(437720,435861,(3,9223372036854775807))
Edge(437724,128917,(3,9223372036854775807))
Edge(437867,488731,(3,9223372036854775807))
Edge(437981,92352,(3,9223372036854775807))
Edge(438248,356726,(3,9223372036854775807))
Edge(438374,474862,(3,9223372036854775807))
Edge(438438,79276,(3,9223372036854775807))
Edge(438735,198862,(1,9223372036854775807))
Edge(438788,84361,(3,9223372036854775807))
Edge(438966,314837,(3,9223372036854775807))
Edge(439033,492221,(3,9223372036854775807))
Edge(439316,499544,(3,9223372036854775807))
Edge(439686,59386,(1,9223372036854775807))
Edge(439885,361513,(3,9223372036854775807))
Edge(439952,382658,(3,9223372036854775807))
Edge(440017,218714,(3,9223372036854775807))
Edge(440534,492006,(3,9223372036854775807))
Edge(440852,296542,(3,9223372036854775807))
Edge(441307,323265,(3,9223372036854775807))
Edge(441657,161901,(3,9223372036854775807))
Edge(442264,48856,(3,9223372036854775807))
Edge(442316,66922,(3,9223372036854775807))
Edge(442710,65720,(3,9223372036854775807))
Edge(442809,109531,(1,3))
Edge(443413,451256,(3,9223372036854775807))
Edge(443538,469583,(3,9223372036854775807))
Edge(443548,128049,(3,9223372036854775807))
Edge(443578,155180,(3,9223372036854775807))
Edge(443578,387100,(3,9223372036854775807))
Edge(443748,95990,(3,9223372036854775807))
Edge(444614,455449,(3,9223372036854775807))
Edge(444763,364541,(3,9223372036854775807))
Edge(444902,390865,(1,9223372036854775807))
Edge(445094,93453,(3,9223372036854775807))
Edge(445130,473311,(3,9223372036854775807))
Edge(445150,334795,(1,9223372036854775807))
Edge(445171,244619,(1,9223372036854775807))
Edge(445185,470565,(3,9223372036854775807))
Edge(445585,2880,(3,9223372036854775807))
Edge(445616,320277,(3,9223372036854775807))
Edge(445794,405573,(3,9223372036854775807))
Edge(445849,393205,(3,9223372036854775807))
Edge(446212,360562,(3,9223372036854775807))
Edge(446344,244064,(1,9223372036854775807))
Edge(446662,205493,(3,9223372036854775807))
Edge(446686,379596,(3,9223372036854775807))
Edge(446762,238856,(3,9223372036854775807))
Edge(447354,336044,(3,9223372036854775807))
Edge(447841,428479,(3,9223372036854775807))
Edge(448155,230034,(3,9223372036854775807))
Edge(448243,462603,(3,9223372036854775807))
Edge(448394,412385,(3,9223372036854775807))
Edge(448593,121453,(1,9223372036854775807))
Edge(448851,420555,(3,9223372036854775807))
Edge(449155,58251,(3,9223372036854775807))
Edge(449259,254292,(3,9223372036854775807))
Edge(449943,271642,(3,9223372036854775807))
Edge(450916,326010,(3,9223372036854775807))
Edge(451011,373852,(3,9223372036854775807))
Edge(451124,19760,(3,9223372036854775807))
Edge(451262,246813,(3,9223372036854775807))
Edge(451296,46567,(3,9223372036854775807))
Edge(451780,116989,(3,9223372036854775807))
Edge(452500,87782,(3,9223372036854775807))
Edge(452695,108133,(1,3))
Edge(452904,216597,(3,9223372036854775807))
Edge(453269,331234,(3,9223372036854775807))
Edge(453413,180795,(3,9223372036854775807))
Edge(453533,474279,(3,9223372036854775807))
Edge(453557,409759,(1,9223372036854775807))
Edge(453638,488853,(1,9223372036854775807))
Edge(453814,67098,(3,9223372036854775807))
Edge(454510,218647,(1,9223372036854775807))
Edge(455443,444046,(3,9223372036854775807))
Edge(455446,165378,(1,3))
Edge(455621,85590,(3,9223372036854775807))
Edge(455651,290334,(3,9223372036854775807))
Edge(455683,367413,(3,9223372036854775807))
Edge(455747,478979,(3,9223372036854775807))
Edge(455857,403290,(1,9223372036854775807))
Edge(456677,372569,(3,9223372036854775807))
Edge(456768,482991,(3,9223372036854775807))
Edge(456799,189755,(3,9223372036854775807))
Edge(457400,363162,(3,9223372036854775807))
Edge(457433,455825,(3,9223372036854775807))
Edge(457474,307586,(1,3))
Edge(457542,83774,(3,9223372036854775807))
Edge(457605,326638,(3,9223372036854775807))
Edge(458070,129633,(3,9223372036854775807))
Edge(458212,10773,(3,9223372036854775807))
Edge(458618,234604,(3,9223372036854775807))
Edge(459724,78185,(1,3))
Edge(459809,434335,(3,9223372036854775807))
Edge(459847,455122,(1,3))
Edge(459972,68247,(3,9223372036854775807))
Edge(460216,484861,(3,9223372036854775807))
Edge(460365,430376,(3,9223372036854775807))
Edge(460684,127465,(3,9223372036854775807))
Edge(460942,109842,(1,3))
Edge(461053,423761,(3,9223372036854775807))
Edge(461773,360721,(3,9223372036854775807))
Edge(461869,8915,(3,9223372036854775807))
Edge(462763,374696,(3,9223372036854775807))
Edge(462858,152977,(3,9223372036854775807))
Edge(462864,317429,(1,3))
Edge(463001,8169,(1,9223372036854775807))
Edge(463117,133638,(3,9223372036854775807))
Edge(463249,215365,(3,9223372036854775807))
Edge(463713,403061,(1,9223372036854775807))
Edge(463763,29666,(3,9223372036854775807))
Edge(463871,186490,(3,9223372036854775807))
Edge(464351,235942,(1,9223372036854775807))
Edge(464360,451735,(3,9223372036854775807))
Edge(464525,289955,(3,9223372036854775807))
Edge(464686,232344,(1,9223372036854775807))
Edge(465269,139510,(1,3))
Edge(465879,34184,(1,9223372036854775807))
Edge(466268,58984,(3,9223372036854775807))
Edge(466346,254479,(3,9223372036854775807))
Edge(466493,465690,(1,9223372036854775807))
Edge(466571,171393,(3,9223372036854775807))
Edge(466933,91130,(3,9223372036854775807))
Edge(467091,404276,(3,9223372036854775807))
Edge(467139,381109,(3,9223372036854775807))
Edge(467481,470555,(3,9223372036854775807))
Edge(467685,342754,(3,9223372036854775807))
Edge(467810,6200,(3,9223372036854775807))
Edge(468079,5474,(3,9223372036854775807))
Edge(468246,287094,(3,9223372036854775807))
Edge(468431,6304,(3,9223372036854775807))
Edge(468542,363428,(3,9223372036854775807))
Edge(468791,250031,(3,9223372036854775807))
Edge(469932,5207,(3,9223372036854775807))
Edge(469999,48889,(1,9223372036854775807))
Edge(470571,343926,(3,9223372036854775807))
Edge(470858,479273,(3,9223372036854775807))
Edge(471160,178979,(1,9223372036854775807))
Edge(471168,421701,(3,9223372036854775807))
Edge(471416,106517,(3,9223372036854775807))
Edge(471708,390152,(3,9223372036854775807))
Edge(471728,483800,(3,9223372036854775807))
Edge(472057,316147,(3,9223372036854775807))
Edge(472614,294772,(3,9223372036854775807))
Edge(472638,268493,(3,9223372036854775807))
Edge(472871,38444,(1,9223372036854775807))
Edge(473116,497134,(1,9223372036854775807))
Edge(473221,335985,(3,9223372036854775807))
Edge(474328,356732,(3,9223372036854775807))
Edge(474813,266855,(3,9223372036854775807))
Edge(475025,469363,(3,9223372036854775807))
Edge(475543,62217,(4,9223372036854775807))
Edge(476074,258070,(1,9223372036854775807))
Edge(476481,488722,(3,9223372036854775807))
Edge(476750,206541,(1,3))
Edge(476828,184463,(3,9223372036854775807))
Edge(476929,173527,(3,9223372036854775807))
Edge(476982,23382,(3,9223372036854775807))
Edge(476997,89582,(3,9223372036854775807))
Edge(477415,114200,(3,9223372036854775807))
Edge(477778,420178,(1,9223372036854775807))
Edge(477810,165041,(3,9223372036854775807))
Edge(477870,485545,(3,9223372036854775807))
Edge(478544,27948,(3,9223372036854775807))
Edge(478676,229591,(3,9223372036854775807))
Edge(478773,488429,(3,9223372036854775807))
Edge(478929,272936,(3,9223372036854775807))
Edge(479247,100228,(3,9223372036854775807))
Edge(479432,138353,(3,9223372036854775807))
Edge(479635,369999,(3,9223372036854775807))
Edge(479637,18870,(3,9223372036854775807))
Edge(479933,52485,(3,9223372036854775807))
Edge(479998,247810,(1,9223372036854775807))
Edge(480040,205351,(3,9223372036854775807))
Edge(480050,312456,(3,9223372036854775807))
Edge(480074,21517,(1,3))
Edge(480765,68719,(3,9223372036854775807))
Edge(480786,17691,(3,9223372036854775807))
Edge(481149,279415,(1,9223372036854775807))
Edge(481171,264349,(3,9223372036854775807))
Edge(481723,235351,(3,9223372036854775807))
Edge(481735,237787,(3,9223372036854775807))
Edge(481833,286700,(3,9223372036854775807))
Edge(481932,80790,(3,9223372036854775807))
Edge(482057,301515,(3,9223372036854775807))
Edge(482090,229598,(1,9223372036854775807))
Edge(482724,18099,(3,9223372036854775807))
Edge(482751,434452,(1,9223372036854775807))
Edge(483707,268166,(3,9223372036854775807))
Edge(483733,131374,(3,9223372036854775807))
Edge(483734,23036,(3,9223372036854775807))
Edge(484000,105486,(1,9223372036854775807))
Edge(484058,367950,(3,9223372036854775807))
Edge(484208,219442,(3,9223372036854775807))
Edge(484308,146613,(3,9223372036854775807))
Edge(484580,1925,(3,9223372036854775807))
Edge(484617,109116,(3,9223372036854775807))
Edge(484980,310867,(3,9223372036854775807))
Edge(485047,19450,(3,9223372036854775807))
Edge(485398,305762,(3,9223372036854775807))
Edge(485594,206899,(3,9223372036854775807))
Edge(485657,273648,(3,9223372036854775807))
Edge(486143,311910,(3,9223372036854775807))
Edge(486593,463262,(1,9223372036854775807))
Edge(486689,6201,(3,9223372036854775807))
Edge(486726,156774,(1,9223372036854775807))
Edge(487855,296437,(3,9223372036854775807))
Edge(488342,171080,(1,9223372036854775807))
Edge(488383,218867,(3,9223372036854775807))
Edge(488593,129719,(3,9223372036854775807))
Edge(488925,481589,(3,9223372036854775807))
Edge(489126,79939,(3,9223372036854775807))
Edge(489281,398239,(1,9223372036854775807))
Edge(489662,204618,(1,9223372036854775807))
Edge(489880,80386,(3,9223372036854775807))
Edge(490191,75428,(3,9223372036854775807))
Edge(490587,441879,(3,9223372036854775807))
Edge(490647,278923,(3,9223372036854775807))
Edge(490942,167000,(3,9223372036854775807))
Edge(491109,39065,(1,9223372036854775807))
Edge(491539,49712,(3,9223372036854775807))
Edge(491817,329957,(3,9223372036854775807))
Edge(491990,285409,(3,9223372036854775807))
Edge(492550,96265,(3,9223372036854775807))
Edge(492626,190840,(1,3))
Edge(492851,272046,(3,9223372036854775807))
Edge(493040,349758,(3,9223372036854775807))
Edge(493120,400476,(3,9223372036854775807))
Edge(493493,336050,(3,9223372036854775807))
Edge(493569,169497,(3,9223372036854775807))
Edge(493645,97936,(3,9223372036854775807))
Edge(493696,13350,(1,9223372036854775807))
Edge(493851,270328,(3,9223372036854775807))
Edge(494976,184522,(1,9223372036854775807))
Edge(495692,142996,(3,9223372036854775807))
Edge(495997,497408,(1,9223372036854775807))
Edge(496089,397037,(3,9223372036854775807))
Edge(496122,293732,(3,9223372036854775807))
Edge(496168,477533,(1,9223372036854775807))
Edge(496295,455302,(3,9223372036854775807))
Edge(496350,209603,(3,9223372036854775807))
Edge(496386,187960,(3,9223372036854775807))
Edge(496508,73060,(3,9223372036854775807))
Edge(497103,403415,(3,9223372036854775807))
Edge(497110,385759,(3,9223372036854775807))
Edge(497219,280697,(1,9223372036854775807))
Edge(497514,122482,(3,9223372036854775807))
Edge(497797,356881,(3,9223372036854775807))
Edge(498271,315862,(3,9223372036854775807))
Edge(498638,343902,(3,9223372036854775807))
Edge(498802,372871,(3,9223372036854775807))
Edge(498817,227053,(1,3))
Edge(499273,160011,(3,9223372036854775807))
Edge(499965,192476,(3,9223372036854775807))
