Edge(114,233831,(3,9223372036854775807))
Edge(558,46794,(3,9223372036854775807))
Edge(693,392964,(3,9223372036854775807))
Edge(1119,106526,(3,9223372036854775807))
Edge(2158,325965,(3,9223372036854775807))
Edge(2181,54699,(3,9223372036854775807))
Edge(2512,358038,(1,9223372036854775807))
Edge(2701,188358,(3,9223372036854775807))
Edge(2826,495417,(3,9223372036854775807))
Edge(2857,23396,(3,9223372036854775807))
Edge(2906,243683,(3,9223372036854775807))
Edge(3053,378344,(1,9223372036854775807))
Edge(3516,220721,(1,9223372036854775807))
Edge(3938,385195,(1,9223372036854775807))
Edge(4090,319978,(3,9223372036854775807))
Edge(4227,320755,(1,9223372036854775807))
Edge(4462,56954,(3,9223372036854775807))
Edge(4875,50604,(3,9223372036854775807))
Edge(4993,399833,(3,9223372036854775807))
Edge(5875,451475,(1,3))
Edge(6481,129257,(3,9223372036854775807))
Edge(6595,130334,(1,3))
Edge(6704,341114,(1,9223372036854775807))
Edge(7728,408589,(3,4))
Edge(7743,112748,(3,9223372036854775807))
Edge(8285,415251,(1,3))
Edge(8324,417729,(3,9223372036854775807))
Edge(8853,374382,(3,9223372036854775807))
Edge(8894,210046,(3,9223372036854775807))
Edge(8902,174945,(3,9223372036854775807))
Edge(9408,196855,(3,9223372036854775807))
Edge(9491,367494,(3,9223372036854775807))
Edge(9902,73800,(3,9223372036854775807))
Edge(10015,430254,(1,3))
Edge(10038,291265,(1,3))
Edge(10338,66557,(3,9223372036854775807))
Edge(10575,378884,(3,9223372036854775807))
Edge(10630,282713,(1,9223372036854775807))
Edge(11147,467183,(3,9223372036854775807))
Edge(11361,116327,(3,9223372036854775807))
Edge(11388,176701,(3,9223372036854775807))
Edge(11447,298422,(3,9223372036854775807))
Edge(11571,453538,(1,9223372036854775807))
Edge(11713,68628,(3,9223372036854775807))
Edge(12124,365368,(3,9223372036854775807))
Edge(12140,166021,(3,9223372036854775807))
Edge(12456,213394,(3,9223372036854775807))
Edge(12741,498747,(1,9223372036854775807))
Edge(12845,25738,(3,9223372036854775807))
Edge(12916,415446,(3,9223372036854775807))
Edge(13143,150317,(1,3))
Edge(13248,434297,(3,9223372036854775807))
Edge(13448,427602,(3,9223372036854775807))
Edge(13541,135999,(3,9223372036854775807))
Edge(14007,323664,(3,9223372036854775807))
Edge(14129,181543,(3,9223372036854775807))
Edge(14189,444615,(3,9223372036854775807))
Edge(14564,199402,(1,9223372036854775807))
Edge(14597,168522,(3,9223372036854775807))
Edge(15476,360482,(3,9223372036854775807))
Edge(15479,363124,(3,9223372036854775807))
Edge(15702,453145,(3,9223372036854775807))
Edge(15814,277007,(1,9223372036854775807))
Edge(15834,46037,(3,9223372036854775807))
Edge(16281,190416,(3,9223372036854775807))
Edge(16687,380820,(3,9223372036854775807))
Edge(16726,342063,(3,9223372036854775807))
Edge(16987,446539,(1,9223372036854775807))
Edge(17441,199321,(3,9223372036854775807))
Edge(17942,359013,(3,9223372036854775807))
Edge(18206,427513,(1,9223372036854775807))
Edge(18748,480023,(3,9223372036854775807))
Edge(18819,150575,(3,9223372036854775807))
Edge(18886,193591,(3,9223372036854775807))
Edge(19461,442340,(3,9223372036854775807))
Edge(19463,67485,(3,9223372036854775807))
Edge(19746,491352,(3,9223372036854775807))
Edge(20110,167191,(3,9223372036854775807))
Edge(20455,166564,(1,9223372036854775807))
Edge(20547,56344,(3,9223372036854775807))
Edge(20627,143471,(3,9223372036854775807))
Edge(20907,389755,(3,9223372036854775807))
Edge(21338,176161,(3,9223372036854775807))
Edge(21741,245288,(3,9223372036854775807))
Edge(22173,256799,(3,9223372036854775807))
Edge(22440,381681,(3,9223372036854775807))
Edge(22641,404319,(3,9223372036854775807))
Edge(23110,275622,(3,9223372036854775807))
Edge(23151,257885,(3,9223372036854775807))
Edge(23229,351933,(1,9223372036854775807))
Edge(23453,331410,(3,9223372036854775807))
Edge(24529,4214,(1,9223372036854775807))
Edge(24590,277361,(3,9223372036854775807))
Edge(24700,440955,(3,9223372036854775807))
Edge(24791,99668,(1,9223372036854775807))
Edge(24891,116824,(3,9223372036854775807))
Edge(24922,302086,(3,9223372036854775807))
Edge(24977,404954,(3,9223372036854775807))
Edge(25209,430409,(3,9223372036854775807))
Edge(25320,127274,(3,9223372036854775807))
Edge(25411,120021,(3,9223372036854775807))
Edge(25654,476812,(3,9223372036854775807))
Edge(25998,38848,(3,9223372036854775807))
Edge(26113,91282,(3,9223372036854775807))
Edge(26269,19830,(3,9223372036854775807))
Edge(26352,249150,(3,9223372036854775807))
Edge(26621,431384,(3,9223372036854775807))
Edge(26644,284322,(1,3))
Edge(27007,227662,(3,9223372036854775807))
Edge(27284,57076,(1,9223372036854775807))
Edge(27429,337513,(1,9223372036854775807))
Edge(29235,363558,(3,9223372036854775807))
Edge(29254,417546,(3,9223372036854775807))
Edge(30315,425279,(1,9223372036854775807))
Edge(30447,55363,(1,9223372036854775807))
Edge(30724,480805,(3,9223372036854775807))
Edge(31142,343726,(3,9223372036854775807))
Edge(31336,282812,(3,9223372036854775807))
Edge(31782,67348,(1,9223372036854775807))
Edge(32198,229443,(1,9223372036854775807))
Edge(32746,486629,(1,3))
Edge(32854,90031,(3,9223372036854775807))
Edge(32940,104872,(3,9223372036854775807))
Edge(33587,414086,(3,9223372036854775807))
Edge(33936,186211,(3,9223372036854775807))
Edge(34042,61886,(3,9223372036854775807))
Edge(34157,207478,(3,9223372036854775807))
Edge(34172,94783,(3,9223372036854775807))
Edge(34619,32151,(3,9223372036854775807))
Edge(35292,467846,(3,9223372036854775807))
Edge(35333,369049,(1,9223372036854775807))
Edge(35386,399456,(3,9223372036854775807))
Edge(35465,478137,(3,9223372036854775807))
Edge(35512,6697,(1,3))
Edge(36201,383105,(3,9223372036854775807))
Edge(36609,387265,(3,9223372036854775807))
Edge(36898,303776,(3,9223372036854775807))
Edge(36975,177373,(3,9223372036854775807))
Edge(37157,62114,(3,9223372036854775807))
Edge(37289,203699,(3,9223372036854775807))
Edge(37297,410024,(3,9223372036854775807))
Edge(37338,39573,(3,9223372036854775807))
Edge(37412,353024,(3,9223372036854775807))
Edge(37459,274776,(3,9223372036854775807))
Edge(37542,88208,(3,9223372036854775807))
Edge(37545,410846,(3,9223372036854775807))
Edge(37862,162384,(3,9223372036854775807))
Edge(38049,228147,(1,3))
Edge(38192,475210,(3,9223372036854775807))
Edge(38351,266141,(3,9223372036854775807))
Edge(38805,248892,(3,9223372036854775807))
Edge(39200,462917,(3,9223372036854775807))
Edge(39563,409008,(3,9223372036854775807))
Edge(40617,102140,(1,3))
Edge(40737,238581,(1,3))
Edge(41715,471365,(3,9223372036854775807))
Edge(41999,207759,(3,9223372036854775807))
Edge(42224,89825,(3,9223372036854775807))
Edge(42846,477112,(3,9223372036854775807))
Edge(42979,136804,(3,9223372036854775807))
Edge(43466,473874,(3,9223372036854775807))
Edge(43953,266035,(1,9223372036854775807))
Edge(44002,485115,(3,9223372036854775807))
Edge(44081,102204,(3,9223372036854775807))
Edge(44417,228451,(3,9223372036854775807))
Edge(44466,233984,(1,9223372036854775807))
Edge(44720,139915,(3,9223372036854775807))
Edge(44864,210016,(3,9223372036854775807))
Edge(45417,66330,(1,3))
Edge(45451,172650,(3,9223372036854775807))
Edge(45604,372041,(3,9223372036854775807))
Edge(45808,368823,(1,9223372036854775807))
Edge(46406,296657,(3,9223372036854775807))
Edge(46466,76108,(3,9223372036854775807))
Edge(46540,205575,(1,9223372036854775807))
Edge(46632,249421,(3,9223372036854775807))
Edge(46711,269678,(3,9223372036854775807))
Edge(46880,162598,(3,9223372036854775807))
Edge(47157,165555,(1,9223372036854775807))
Edge(47296,354854,(3,9223372036854775807))
Edge(47490,302923,(3,9223372036854775807))
Edge(47503,194598,(3,9223372036854775807))
Edge(47518,46750,(1,3))
Edge(48441,24521,(3,9223372036854775807))
Edge(48947,67544,(1,9223372036854775807))
Edge(50017,104882,(3,9223372036854775807))
Edge(50473,481668,(3,9223372036854775807))
Edge(50677,29850,(3,9223372036854775807))
Edge(50839,487029,(3,9223372036854775807))
Edge(51153,94987,(3,9223372036854775807))
Edge(51894,229285,(3,9223372036854775807))
Edge(52327,119818,(3,9223372036854775807))
Edge(52528,262767,(3,9223372036854775807))
Edge(52562,257151,(1,9223372036854775807))
Edge(52772,338882,(3,9223372036854775807))
Edge(52981,354587,(3,9223372036854775807))
Edge(53134,203963,(1,9223372036854775807))
Edge(53721,268316,(3,9223372036854775807))
Edge(53810,340955,(3,9223372036854775807))
Edge(54242,414640,(3,9223372036854775807))
Edge(54465,61170,(3,9223372036854775807))
Edge(54876,222053,(3,9223372036854775807))
Edge(54917,469127,(3,9223372036854775807))
Edge(55007,123711,(3,9223372036854775807))
Edge(55064,106846,(3,9223372036854775807))
Edge(55202,145115,(3,9223372036854775807))
Edge(55256,87505,(4,9223372036854775807))
Edge(55438,74395,(3,9223372036854775807))
Edge(55498,207413,(3,9223372036854775807))
Edge(55625,436262,(1,9223372036854775807))
Edge(55973,487095,(3,9223372036854775807))
Edge(56050,121753,(3,9223372036854775807))
Edge(56056,59998,(3,9223372036854775807))
Edge(56802,124891,(3,9223372036854775807))
Edge(56985,459123,(3,9223372036854775807))
Edge(57217,48044,(3,9223372036854775807))
Edge(57541,174998,(3,9223372036854775807))
Edge(57679,366079,(3,9223372036854775807))
Edge(58103,96721,(3,9223372036854775807))
Edge(58649,396094,(3,9223372036854775807))
Edge(58828,261684,(1,9223372036854775807))
Edge(59558,91366,(3,9223372036854775807))
Edge(59627,91538,(3,9223372036854775807))
Edge(60060,349397,(3,9223372036854775807))
Edge(60568,264426,(3,9223372036854775807))
Edge(61174,228624,(3,9223372036854775807))
Edge(61202,106113,(3,9223372036854775807))
Edge(61256,52024,(3,9223372036854775807))
Edge(61335,361761,(3,9223372036854775807))
Edge(61628,281994,(3,9223372036854775807))
Edge(61764,259293,(3,9223372036854775807))
Edge(61786,266558,(3,9223372036854775807))
Edge(62131,475632,(3,9223372036854775807))
Edge(62318,136633,(3,9223372036854775807))
Edge(62325,478913,(3,9223372036854775807))
Edge(62484,77767,(3,9223372036854775807))
Edge(62501,430507,(3,9223372036854775807))
Edge(62877,407777,(3,9223372036854775807))
Edge(62981,299517,(3,9223372036854775807))
Edge(63083,281555,(3,9223372036854775807))
Edge(63389,454776,(3,9223372036854775807))
Edge(63566,207679,(3,9223372036854775807))
Edge(63714,29825,(3,9223372036854775807))
Edge(64288,295010,(1,9223372036854775807))
Edge(64722,108149,(3,9223372036854775807))
Edge(65111,172700,(1,3))
Edge(65391,403026,(1,9223372036854775807))
Edge(65565,34135,(3,9223372036854775807))
Edge(66114,114155,(3,9223372036854775807))
Edge(66433,259905,(1,9223372036854775807))
Edge(66565,343742,(3,9223372036854775807))
Edge(66692,210495,(3,9223372036854775807))
Edge(67234,405981,(3,9223372036854775807))
Edge(67343,10354,(3,9223372036854775807))
Edge(67784,236072,(3,9223372036854775807))
Edge(67829,96276,(3,9223372036854775807))
Edge(67998,415116,(3,9223372036854775807))
Edge(68481,474868,(1,9223372036854775807))
Edge(68490,451131,(3,9223372036854775807))
Edge(68563,211420,(3,9223372036854775807))
Edge(69113,341167,(3,9223372036854775807))
Edge(69119,238931,(1,3))
Edge(69125,408106,(3,9223372036854775807))
Edge(69254,399156,(3,9223372036854775807))
Edge(69415,201872,(3,9223372036854775807))
Edge(69681,490983,(1,9223372036854775807))
Edge(69776,384866,(3,9223372036854775807))
Edge(69985,70834,(3,9223372036854775807))
Edge(70708,446256,(3,9223372036854775807))
Edge(70827,99271,(3,9223372036854775807))
Edge(71034,178664,(1,9223372036854775807))
Edge(71072,389075,(3,9223372036854775807))
Edge(71645,249785,(3,9223372036854775807))
Edge(71709,213952,(3,9223372036854775807))
Edge(72258,402485,(3,9223372036854775807))
Edge(72278,144412,(1,9223372036854775807))
Edge(72341,123843,(1,9223372036854775807))
Edge(72666,480571,(3,9223372036854775807))
Edge(72719,101673,(3,9223372036854775807))
Edge(72793,361867,(1,9223372036854775807))
Edge(72829,177859,(3,9223372036854775807))
Edge(73063,323060,(3,9223372036854775807))
Edge(73092,411062,(3,9223372036854775807))
Edge(73127,112326,(1,3))
Edge(73838,122425,(3,9223372036854775807))
Edge(73859,223764,(3,9223372036854775807))
Edge(75094,246064,(3,9223372036854775807))
Edge(75134,310945,(3,9223372036854775807))
Edge(75184,464888,(3,9223372036854775807))
Edge(75285,75566,(1,9223372036854775807))
Edge(75464,442716,(3,9223372036854775807))
Edge(75787,51411,(3,9223372036854775807))
Edge(75862,144835,(3,9223372036854775807))
Edge(75980,331573,(3,9223372036854775807))
Edge(76093,42748,(3,9223372036854775807))
Edge(76489,411353,(3,9223372036854775807))
Edge(76535,335720,(3,9223372036854775807))
Edge(76682,47017,(3,9223372036854775807))
Edge(77309,403799,(3,9223372036854775807))
Edge(77558,458442,(3,9223372036854775807))
Edge(77583,148793,(3,9223372036854775807))
Edge(77682,364471,(3,9223372036854775807))
Edge(77896,16512,(3,9223372036854775807))
Edge(78350,393666,(3,9223372036854775807))
Edge(78579,293280,(3,9223372036854775807))
Edge(78615,230325,(3,9223372036854775807))
Edge(78829,156937,(3,9223372036854775807))
Edge(79197,78236,(3,9223372036854775807))
Edge(79212,377255,(3,9223372036854775807))
Edge(79566,7471,(3,9223372036854775807))
Edge(79567,38354,(3,9223372036854775807))
Edge(79589,213912,(1,3))
Edge(79621,424565,(3,9223372036854775807))
Edge(79667,194042,(3,9223372036854775807))
Edge(79748,288321,(3,9223372036854775807))
Edge(81171,457291,(3,9223372036854775807))
Edge(81342,114036,(3,9223372036854775807))
Edge(81679,115206,(3,9223372036854775807))
Edge(81686,458515,(3,9223372036854775807))
Edge(82020,492929,(3,9223372036854775807))
Edge(82114,191825,(3,9223372036854775807))
Edge(82202,74637,(1,3))
Edge(82230,386510,(1,3))
Edge(82510,251060,(3,9223372036854775807))
Edge(83029,373394,(3,9223372036854775807))
Edge(83747,351851,(3,9223372036854775807))
Edge(83793,55657,(3,9223372036854775807))
Edge(83811,396169,(1,3))
Edge(83924,217869,(3,9223372036854775807))
Edge(84487,324275,(1,9223372036854775807))
Edge(84941,125061,(3,9223372036854775807))
Edge(85553,287992,(3,9223372036854775807))
Edge(85903,330541,(3,9223372036854775807))
Edge(85911,222425,(1,9223372036854775807))
Edge(86021,304566,(3,9223372036854775807))
Edge(86025,192066,(3,9223372036854775807))
Edge(86295,2445,(3,9223372036854775807))
Edge(86641,464520,(3,9223372036854775807))
Edge(86861,225710,(3,9223372036854775807))
Edge(86891,195489,(1,3))
Edge(86965,441083,(3,9223372036854775807))
Edge(87195,10163,(1,3))
Edge(87596,7958,(3,9223372036854775807))
Edge(87670,244071,(3,9223372036854775807))
Edge(87865,284611,(3,9223372036854775807))
Edge(88001,430344,(3,9223372036854775807))
Edge(88003,34171,(3,9223372036854775807))
Edge(89484,43792,(3,9223372036854775807))
Edge(89604,283657,(3,9223372036854775807))
Edge(89934,19916,(3,9223372036854775807))
Edge(90074,437338,(3,9223372036854775807))
Edge(90386,253223,(3,9223372036854775807))
Edge(91254,116311,(1,3))
Edge(91501,136617,(3,9223372036854775807))
Edge(91613,106261,(3,9223372036854775807))
Edge(91740,170612,(3,9223372036854775807))
Edge(92607,393119,(3,9223372036854775807))
Edge(92651,231959,(3,9223372036854775807))
Edge(92999,471916,(3,9223372036854775807))
Edge(93053,59040,(1,9223372036854775807))
Edge(93805,83296,(3,9223372036854775807))
Edge(94161,258547,(1,9223372036854775807))
Edge(94766,213349,(3,9223372036854775807))
Edge(95085,396870,(3,9223372036854775807))
Edge(95452,301119,(1,9223372036854775807))
Edge(95981,271342,(3,9223372036854775807))
Edge(96258,158644,(3,9223372036854775807))
Edge(96380,345438,(3,9223372036854775807))
Edge(96982,480345,(3,9223372036854775807))
Edge(97015,180097,(3,9223372036854775807))
Edge(97243,221994,(1,9223372036854775807))
Edge(97672,130593,(1,9223372036854775807))
Edge(97802,53973,(3,9223372036854775807))
Edge(97985,463435,(3,9223372036854775807))
Edge(98269,265570,(3,9223372036854775807))
Edge(98487,376107,(3,9223372036854775807))
Edge(98562,204425,(3,9223372036854775807))
Edge(99600,482674,(1,9223372036854775807))
Edge(99660,34883,(3,9223372036854775807))
Edge(100662,112779,(1,9223372036854775807))
Edge(100724,37579,(3,9223372036854775807))
Edge(101064,442624,(1,9223372036854775807))
Edge(101192,327335,(3,9223372036854775807))
Edge(101318,378110,(3,9223372036854775807))
Edge(101447,348917,(1,9223372036854775807))
Edge(101656,86599,(3,9223372036854775807))
Edge(101711,288501,(3,9223372036854775807))
Edge(102018,269633,(3,9223372036854775807))
Edge(102114,219972,(3,9223372036854775807))
Edge(102495,373490,(3,9223372036854775807))
Edge(103009,202349,(3,9223372036854775807))
Edge(103070,390165,(3,9223372036854775807))
Edge(103443,403950,(1,9223372036854775807))
Edge(103453,303082,(1,9223372036854775807))
Edge(104272,480092,(3,9223372036854775807))
Edge(104287,349048,(3,9223372036854775807))
Edge(104454,184601,(3,9223372036854775807))
Edge(104508,486669,(3,9223372036854775807))
Edge(105535,78165,(3,9223372036854775807))
Edge(105826,114049,(1,9223372036854775807))
Edge(106308,461616,(3,9223372036854775807))
Edge(106736,315979,(3,9223372036854775807))
Edge(106759,138427,(3,9223372036854775807))
Edge(106797,226052,(3,9223372036854775807))
Edge(106949,86805,(3,9223372036854775807))
Edge(107165,494928,(3,9223372036854775807))
Edge(107370,226271,(3,9223372036854775807))
Edge(107702,149015,(3,9223372036854775807))
Edge(108052,347975,(3,9223372036854775807))
Edge(108251,456509,(1,9223372036854775807))
Edge(108363,127247,(1,9223372036854775807))
Edge(109405,224593,(3,9223372036854775807))
Edge(109406,472384,(3,9223372036854775807))
Edge(109491,106451,(3,9223372036854775807))
Edge(110347,98026,(1,9223372036854775807))
Edge(110668,138249,(3,9223372036854775807))
Edge(110731,115916,(1,9223372036854775807))
Edge(111032,151975,(3,9223372036854775807))
Edge(111450,139648,(3,9223372036854775807))
Edge(111727,479827,(1,9223372036854775807))
Edge(112072,106557,(3,9223372036854775807))
Edge(112355,387867,(3,9223372036854775807))
Edge(113266,436656,(3,9223372036854775807))
Edge(113500,46617,(1,9223372036854775807))
Edge(113548,69444,(3,9223372036854775807))
Edge(113599,293201,(1,9223372036854775807))
Edge(113763,362743,(1,9223372036854775807))
Edge(114738,460965,(3,9223372036854775807))
Edge(114807,494013,(3,9223372036854775807))
Edge(114970,407670,(3,9223372036854775807))
Edge(115268,422009,(3,9223372036854775807))
Edge(115426,154351,(3,9223372036854775807))
Edge(115682,441595,(1,9223372036854775807))
Edge(115877,359690,(3,9223372036854775807))
Edge(116655,310765,(1,3))
Edge(116822,34143,(3,9223372036854775807))
Edge(116891,267953,(3,9223372036854775807))
Edge(117998,307779,(3,9223372036854775807))
Edge(118211,476134,(3,9223372036854775807))
Edge(118340,112746,(3,9223372036854775807))
Edge(118402,474765,(3,9223372036854775807))
Edge(118408,405207,(1,9223372036854775807))
Edge(118832,463987,(3,9223372036854775807))
Edge(119043,254416,(3,9223372036854775807))
Edge(119177,53653,(3,9223372036854775807))
Edge(119410,484423,(1,9223372036854775807))
Edge(119484,89267,(3,9223372036854775807))
Edge(119529,261711,(3,9223372036854775807))
Edge(119571,366282,(3,9223372036854775807))
Edge(119573,197667,(1,3))
Edge(119711,323910,(3,9223372036854775807))
Edge(119998,168551,(3,9223372036854775807))
Edge(120050,200308,(3,9223372036854775807))
Edge(120163,398028,(3,9223372036854775807))
Edge(120695,490810,(1,3))
Edge(121151,63429,(3,9223372036854775807))
Edge(121737,398878,(3,9223372036854775807))
Edge(122202,351156,(3,9223372036854775807))
Edge(122531,134203,(3,9223372036854775807))
Edge(122579,454263,(3,9223372036854775807))
Edge(123116,48919,(3,9223372036854775807))
Edge(123394,199079,(3,9223372036854775807))
Edge(123583,183170,(1,9223372036854775807))
Edge(123636,271480,(3,9223372036854775807))
Edge(123714,128911,(3,9223372036854775807))
Edge(124366,415436,(1,3))
Edge(124781,16361,(3,9223372036854775807))
Edge(125782,334364,(3,9223372036854775807))
Edge(125894,477223,(3,9223372036854775807))
Edge(126016,489913,(3,9223372036854775807))
Edge(126062,144287,(3,9223372036854775807))
Edge(126415,63603,(3,9223372036854775807))
Edge(126518,496738,(3,9223372036854775807))
Edge(126603,320758,(1,9223372036854775807))
Edge(126863,116569,(3,9223372036854775807))
Edge(127362,214378,(3,9223372036854775807))
Edge(127728,63170,(4,9223372036854775807))
Edge(127793,298582,(3,9223372036854775807))
Edge(127817,99481,(3,9223372036854775807))
Edge(127981,296809,(3,9223372036854775807))
Edge(128562,33023,(3,9223372036854775807))
Edge(128682,137848,(1,3))
Edge(129304,112956,(1,3))
Edge(129372,461151,(1,9223372036854775807))
Edge(129489,334176,(1,9223372036854775807))
Edge(129798,146635,(1,9223372036854775807))
Edge(130338,190448,(3,9223372036854775807))
Edge(130400,158721,(3,9223372036854775807))
Edge(130732,462990,(3,9223372036854775807))
Edge(130787,267546,(3,9223372036854775807))
Edge(130814,315879,(3,9223372036854775807))
Edge(131017,445253,(3,9223372036854775807))
Edge(131614,380967,(3,9223372036854775807))
Edge(131840,435020,(3,9223372036854775807))
Edge(131885,314937,(3,9223372036854775807))
Edge(132689,134976,(3,9223372036854775807))
Edge(133490,73384,(1,9223372036854775807))
Edge(133545,36472,(3,9223372036854775807))
Edge(133951,68146,(1,9223372036854775807))
Edge(133989,370510,(1,9223372036854775807))
Edge(134425,285423,(3,9223372036854775807))
Edge(134557,242569,(3,9223372036854775807))
Edge(134729,210834,(3,9223372036854775807))
Edge(134860,103208,(1,3))
Edge(135398,164152,(3,9223372036854775807))
Edge(135830,185130,(3,9223372036854775807))
Edge(136196,64941,(1,9223372036854775807))
Edge(136555,231247,(3,9223372036854775807))
Edge(136780,344326,(3,9223372036854775807))
Edge(136832,104095,(1,3))
Edge(137058,242685,(3,9223372036854775807))
Edge(137091,482446,(3,9223372036854775807))
Edge(137310,185658,(3,9223372036854775807))
Edge(137618,36446,(1,9223372036854775807))
Edge(137726,440920,(1,9223372036854775807))
Edge(138168,392618,(1,9223372036854775807))
Edge(138526,284598,(3,9223372036854775807))
Edge(138744,408988,(3,9223372036854775807))
Edge(138793,143448,(3,9223372036854775807))
Edge(138913,432397,(3,9223372036854775807))
Edge(139458,247881,(3,9223372036854775807))
Edge(139704,316149,(1,9223372036854775807))
Edge(139753,196552,(3,9223372036854775807))
Edge(139819,417046,(3,9223372036854775807))
Edge(139842,148892,(3,9223372036854775807))
Edge(139852,292646,(3,9223372036854775807))
Edge(140338,361672,(3,9223372036854775807))
Edge(140426,269736,(3,9223372036854775807))
Edge(140545,492872,(3,9223372036854775807))
Edge(141268,449654,(3,9223372036854775807))
Edge(141410,285976,(3,9223372036854775807))
Edge(141933,398871,(3,9223372036854775807))
Edge(142254,392906,(1,9223372036854775807))
Edge(142547,300009,(3,9223372036854775807))
Edge(142930,51227,(3,9223372036854775807))
Edge(142992,397210,(3,9223372036854775807))
Edge(143306,212612,(3,9223372036854775807))
Edge(143424,418248,(3,9223372036854775807))
Edge(143449,54849,(1,3))
Edge(143834,423708,(3,9223372036854775807))
Edge(143840,20257,(3,9223372036854775807))
Edge(144283,340521,(3,9223372036854775807))
Edge(144476,150425,(3,9223372036854775807))
Edge(144521,154380,(3,9223372036854775807))
Edge(144539,400846,(1,3))
Edge(145091,291745,(3,9223372036854775807))
Edge(145502,215944,(3,9223372036854775807))
Edge(146065,34483,(1,3))
Edge(146491,485333,(3,9223372036854775807))
Edge(146747,393320,(3,9223372036854775807))
Edge(147012,98596,(3,9223372036854775807))
Edge(147352,115629,(3,9223372036854775807))
Edge(147593,296802,(3,9223372036854775807))
Edge(147901,203795,(3,9223372036854775807))
Edge(148792,99299,(3,9223372036854775807))
Edge(148810,322330,(1,3))
Edge(148837,9192,(3,9223372036854775807))
Edge(148890,308117,(3,9223372036854775807))
Edge(149531,121863,(3,9223372036854775807))
Edge(149982,233873,(3,9223372036854775807))
Edge(150100,188888,(1,9223372036854775807))
Edge(150299,130926,(3,9223372036854775807))
Edge(150905,104913,(3,9223372036854775807))
Edge(151022,193984,(3,9223372036854775807))
Edge(151162,482854,(3,9223372036854775807))
Edge(151662,353513,(3,9223372036854775807))
Edge(151693,313414,(3,9223372036854775807))
Edge(151769,105043,(3,9223372036854775807))
Edge(151850,426053,(3,9223372036854775807))
Edge(152798,418181,(1,3))
Edge(152957,212617,(3,9223372036854775807))
Edge(153147,94730,(3,9223372036854775807))
Edge(153170,364166,(3,9223372036854775807))
Edge(153208,60275,(3,9223372036854775807))
Edge(153473,158625,(3,9223372036854775807))
Edge(153622,301849,(1,9223372036854775807))
Edge(153756,51665,(1,3))
Edge(153910,142746,(3,9223372036854775807))
Edge(153960,154904,(3,9223372036854775807))
Edge(154104,42346,(1,3))
Edge(154259,417276,(1,9223372036854775807))
Edge(154265,452471,(3,9223372036854775807))
Edge(154725,30771,(1,9223372036854775807))
Edge(155083,96412,(3,9223372036854775807))
Edge(155233,154413,(3,9223372036854775807))
Edge(155360,316575,(1,9223372036854775807))
Edge(155775,433123,(3,9223372036854775807))
Edge(156769,487862,(3,9223372036854775807))
Edge(156835,72658,(3,9223372036854775807))
Edge(156872,451406,(3,9223372036854775807))
Edge(157744,323023,(1,9223372036854775807))
Edge(157775,95850,(3,9223372036854775807))
Edge(157790,311604,(3,9223372036854775807))
Edge(158553,17012,(3,9223372036854775807))
Edge(158822,295713,(3,9223372036854775807))
Edge(158975,278602,(3,9223372036854775807))
Edge(159343,234362,(1,9223372036854775807))
Edge(160236,11942,(1,9223372036854775807))
Edge(160500,494652,(1,3))
Edge(161088,309337,(1,3))
Edge(161106,35179,(3,9223372036854775807))
Edge(161874,168916,(1,9223372036854775807))
Edge(161945,416307,(3,9223372036854775807))
Edge(162075,186848,(3,9223372036854775807))
Edge(162443,485210,(3,9223372036854775807))
Edge(162462,108310,(3,9223372036854775807))
Edge(162676,477848,(3,9223372036854775807))
Edge(162825,440376,(3,9223372036854775807))
Edge(163136,282302,(3,9223372036854775807))
Edge(163294,352493,(3,9223372036854775807))
Edge(163835,201100,(3,9223372036854775807))
Edge(163860,225419,(3,9223372036854775807))
Edge(163892,104148,(1,3))
Edge(163944,2736,(3,9223372036854775807))
Edge(164266,61924,(1,9223372036854775807))
Edge(165129,65676,(3,9223372036854775807))
Edge(165553,372834,(3,9223372036854775807))
Edge(166102,480706,(1,9223372036854775807))
Edge(166686,263688,(3,9223372036854775807))
Edge(166798,2977,(3,9223372036854775807))
Edge(167380,109857,(3,9223372036854775807))
Edge(167511,142395,(1,9223372036854775807))
Edge(167741,471568,(3,9223372036854775807))
Edge(167744,307915,(3,9223372036854775807))
Edge(167994,159518,(3,9223372036854775807))
Edge(168714,276667,(1,9223372036854775807))
Edge(168900,266029,(3,9223372036854775807))
Edge(168987,450437,(3,9223372036854775807))
Edge(169779,21805,(3,9223372036854775807))
Edge(170143,44058,(3,9223372036854775807))
Edge(170448,177413,(1,9223372036854775807))
Edge(170530,177085,(3,9223372036854775807))
Edge(170608,435536,(3,9223372036854775807))
Edge(170872,299817,(3,9223372036854775807))
Edge(171969,207553,(3,9223372036854775807))
Edge(172561,62819,(3,9223372036854775807))
Edge(173427,237894,(1,9223372036854775807))
Edge(173461,405494,(3,9223372036854775807))
Edge(173476,318395,(3,9223372036854775807))
Edge(173548,35150,(3,9223372036854775807))
Edge(173662,141605,(1,9223372036854775807))
Edge(173712,490634,(3,9223372036854775807))
Edge(173737,334158,(3,9223372036854775807))
Edge(173757,323214,(1,9223372036854775807))
Edge(173989,483985,(3,9223372036854775807))
Edge(174199,391978,(3,9223372036854775807))
Edge(174555,202076,(3,9223372036854775807))
Edge(174803,318017,(3,9223372036854775807))
Edge(174860,224360,(1,9223372036854775807))
Edge(175091,5808,(3,9223372036854775807))
Edge(175408,332890,(3,9223372036854775807))
Edge(175584,470815,(3,9223372036854775807))
Edge(176109,6221,(1,9223372036854775807))
Edge(176838,291290,(3,9223372036854775807))
Edge(177071,31140,(3,9223372036854775807))
Edge(177447,223570,(3,9223372036854775807))
Edge(177514,201830,(1,9223372036854775807))
Edge(178286,402333,(3,9223372036854775807))
Edge(178420,474221,(3,9223372036854775807))
Edge(178453,62683,(1,3))
Edge(178782,113350,(3,9223372036854775807))
Edge(179203,421567,(3,9223372036854775807))
Edge(179313,97566,(3,9223372036854775807))
Edge(179643,442324,(3,9223372036854775807))
Edge(180037,249649,(1,9223372036854775807))
Edge(180156,22047,(1,9223372036854775807))
Edge(180355,189522,(3,9223372036854775807))
Edge(180548,130401,(1,3))
Edge(180912,277405,(3,9223372036854775807))
Edge(181460,86216,(1,3))
Edge(181654,18684,(3,9223372036854775807))
Edge(182268,309439,(3,9223372036854775807))
Edge(182504,378997,(3,9223372036854775807))
Edge(182642,358682,(3,9223372036854775807))
Edge(182842,258798,(3,9223372036854775807))
Edge(183131,411787,(3,9223372036854775807))
Edge(183520,28505,(3,9223372036854775807))
Edge(184346,41162,(3,9223372036854775807))
Edge(184470,201696,(1,9223372036854775807))
Edge(184749,328804,(3,9223372036854775807))
Edge(184921,169425,(3,9223372036854775807))
Edge(185312,68495,(3,9223372036854775807))
Edge(185418,470875,(3,9223372036854775807))
Edge(185625,138694,(3,9223372036854775807))
Edge(186025,86298,(1,9223372036854775807))
Edge(186199,447651,(1,9223372036854775807))
Edge(186220,317505,(1,3))
Edge(186347,171546,(3,9223372036854775807))
Edge(186409,240706,(3,9223372036854775807))
Edge(187175,153963,(3,9223372036854775807))
Edge(187288,141612,(1,3))
Edge(187495,229544,(3,9223372036854775807))
Edge(187558,304533,(3,9223372036854775807))
Edge(187757,191664,(3,9223372036854775807))
Edge(187995,322625,(3,9223372036854775807))
Edge(188272,150946,(3,9223372036854775807))
Edge(188655,120602,(3,9223372036854775807))
Edge(188817,336553,(3,9223372036854775807))
Edge(188963,24695,(3,9223372036854775807))
Edge(189184,497725,(1,9223372036854775807))
Edge(189273,473882,(1,9223372036854775807))
Edge(189717,116383,(3,9223372036854775807))
Edge(190292,171543,(3,9223372036854775807))
Edge(190343,15077,(3,9223372036854775807))
Edge(190630,381369,(3,9223372036854775807))
Edge(190712,260736,(3,9223372036854775807))
Edge(190850,306151,(3,9223372036854775807))
Edge(191517,217429,(3,9223372036854775807))
Edge(191704,498754,(3,9223372036854775807))
Edge(191808,205552,(3,9223372036854775807))
Edge(192267,137715,(3,9223372036854775807))
Edge(192523,430062,(3,9223372036854775807))
Edge(192780,134554,(3,9223372036854775807))
Edge(192856,118035,(3,9223372036854775807))
Edge(193041,228618,(3,9223372036854775807))
Edge(193202,182282,(3,9223372036854775807))
Edge(193238,190174,(1,9223372036854775807))
Edge(193526,215672,(3,9223372036854775807))
Edge(193638,441144,(3,9223372036854775807))
Edge(193782,420499,(3,9223372036854775807))
Edge(193888,22589,(3,9223372036854775807))
Edge(194272,403386,(3,9223372036854775807))
Edge(194489,117993,(3,9223372036854775807))
Edge(194510,67244,(3,9223372036854775807))
Edge(194735,475359,(3,9223372036854775807))
Edge(194796,465225,(3,9223372036854775807))
Edge(194972,175305,(3,9223372036854775807))
Edge(195027,470681,(3,9223372036854775807))
Edge(195052,345398,(1,3))
Edge(195729,77284,(3,9223372036854775807))
Edge(195774,118983,(1,3))
Edge(196549,44075,(3,9223372036854775807))
Edge(196736,497746,(3,9223372036854775807))
Edge(196992,182028,(3,9223372036854775807))
Edge(197458,103093,(3,9223372036854775807))
Edge(197515,26656,(3,9223372036854775807))
Edge(197588,24425,(3,9223372036854775807))
Edge(197694,289471,(3,9223372036854775807))
Edge(198043,30659,(3,9223372036854775807))
Edge(198321,43691,(3,9223372036854775807))
Edge(198449,467115,(3,9223372036854775807))
Edge(198732,389131,(1,9223372036854775807))
Edge(199028,232526,(3,9223372036854775807))
Edge(199527,140030,(3,9223372036854775807))
Edge(199922,353146,(3,9223372036854775807))
Edge(200313,140855,(1,9223372036854775807))
Edge(200577,359932,(3,9223372036854775807))
Edge(201715,193408,(3,9223372036854775807))
Edge(201810,474167,(1,3))
Edge(201914,158728,(3,9223372036854775807))
Edge(201961,189443,(3,9223372036854775807))
Edge(202362,270990,(3,9223372036854775807))
Edge(202445,353148,(3,9223372036854775807))
Edge(202796,378402,(3,9223372036854775807))
Edge(202873,394565,(1,9223372036854775807))
Edge(202876,223358,(3,9223372036854775807))
Edge(204509,176215,(3,9223372036854775807))
Edge(205151,405867,(3,9223372036854775807))
Edge(205386,21613,(3,9223372036854775807))
Edge(205646,14901,(1,9223372036854775807))
Edge(206135,416782,(3,9223372036854775807))
Edge(206735,406290,(3,9223372036854775807))
Edge(206757,19698,(3,9223372036854775807))
Edge(206783,383843,(3,9223372036854775807))
Edge(207065,441787,(3,9223372036854775807))
Edge(208200,83754,(3,9223372036854775807))
Edge(208879,83767,(1,3))
Edge(209128,304172,(3,9223372036854775807))
Edge(209158,183588,(3,9223372036854775807))
Edge(209766,441973,(3,9223372036854775807))
Edge(209882,182478,(1,9223372036854775807))
Edge(210533,232867,(3,9223372036854775807))
Edge(210816,275819,(3,9223372036854775807))
Edge(210848,28317,(3,9223372036854775807))
Edge(211186,284328,(3,9223372036854775807))
Edge(211325,282613,(3,9223372036854775807))
Edge(211339,179775,(1,9223372036854775807))
Edge(211613,319751,(3,9223372036854775807))
Edge(211797,111268,(3,9223372036854775807))
Edge(211976,149930,(3,9223372036854775807))
Edge(212654,411281,(3,9223372036854775807))
Edge(212854,415950,(3,9223372036854775807))
Edge(213025,366814,(3,9223372036854775807))
Edge(213052,95390,(3,9223372036854775807))
Edge(213129,373305,(1,3))
Edge(213383,267855,(3,9223372036854775807))
Edge(213939,253692,(3,9223372036854775807))
Edge(213949,258533,(1,9223372036854775807))
Edge(214107,479703,(3,9223372036854775807))
Edge(214523,486125,(3,9223372036854775807))
Edge(214910,14074,(3,9223372036854775807))
Edge(214965,188082,(3,9223372036854775807))
Edge(215089,157426,(3,9223372036854775807))
Edge(215203,107771,(3,9223372036854775807))
Edge(215366,188672,(1,9223372036854775807))
Edge(215491,33616,(3,9223372036854775807))
Edge(215665,364953,(3,9223372036854775807))
Edge(215761,242898,(3,9223372036854775807))
Edge(215871,256600,(3,9223372036854775807))
Edge(216547,436081,(3,9223372036854775807))
Edge(218163,53336,(3,9223372036854775807))
Edge(218283,136175,(3,9223372036854775807))
Edge(218683,217348,(3,9223372036854775807))
Edge(219022,334251,(3,9223372036854775807))
Edge(219247,371592,(3,9223372036854775807))
Edge(219377,91908,(3,9223372036854775807))
Edge(219692,43318,(3,9223372036854775807))
Edge(220123,491317,(1,9223372036854775807))
Edge(220284,350497,(3,9223372036854775807))
Edge(220810,89371,(1,9223372036854775807))
Edge(220878,316338,(3,9223372036854775807))
Edge(220970,107427,(3,9223372036854775807))
Edge(221941,311981,(3,9223372036854775807))
Edge(221965,472484,(3,9223372036854775807))
Edge(222175,43427,(3,9223372036854775807))
Edge(222533,495985,(1,9223372036854775807))
Edge(222820,303548,(3,9223372036854775807))
Edge(222991,363238,(1,9223372036854775807))
Edge(223057,177059,(1,9223372036854775807))
Edge(223446,332658,(3,9223372036854775807))
Edge(224091,289287,(3,9223372036854775807))
Edge(224539,481653,(3,9223372036854775807))
Edge(224599,474867,(3,9223372036854775807))
Edge(224609,155192,(1,9223372036854775807))
Edge(224912,54525,(1,9223372036854775807))
Edge(225100,250645,(3,9223372036854775807))
Edge(226231,169925,(1,9223372036854775807))
Edge(226421,94433,(3,9223372036854775807))
Edge(226519,237592,(3,9223372036854775807))
Edge(226855,109093,(3,9223372036854775807))
Edge(227517,369377,(3,9223372036854775807))
Edge(227599,354160,(3,9223372036854775807))
Edge(227954,17209,(3,9223372036854775807))
Edge(228075,2011,(3,9223372036854775807))
Edge(228077,167231,(3,9223372036854775807))
Edge(229182,53985,(3,9223372036854775807))
Edge(229203,357007,(3,9223372036854775807))
Edge(229213,480196,(3,9223372036854775807))
Edge(230241,154002,(3,9223372036854775807))
Edge(230259,405849,(3,9223372036854775807))
Edge(230534,494345,(3,9223372036854775807))
Edge(230668,322659,(3,9223372036854775807))
Edge(230842,450010,(1,9223372036854775807))
Edge(231162,464249,(1,9223372036854775807))
Edge(231173,13952,(3,9223372036854775807))
Edge(231364,483219,(3,9223372036854775807))
Edge(231607,121134,(1,9223372036854775807))
Edge(232276,443881,(3,9223372036854775807))
Edge(232405,220457,(3,9223372036854775807))
Edge(232426,101088,(3,9223372036854775807))
Edge(232802,340557,(3,9223372036854775807))
Edge(233135,448265,(3,9223372036854775807))
Edge(233173,189309,(1,9223372036854775807))
Edge(233698,158844,(3,9223372036854775807))
Edge(233853,243284,(3,9223372036854775807))
Edge(234148,374215,(3,9223372036854775807))
Edge(234245,339281,(3,9223372036854775807))
Edge(234259,436041,(3,9223372036854775807))
Edge(234612,461626,(3,9223372036854775807))
Edge(234853,177169,(3,9223372036854775807))
Edge(235289,336789,(1,9223372036854775807))
Edge(235672,436343,(3,9223372036854775807))
Edge(236025,262887,(3,9223372036854775807))
Edge(236188,73481,(3,9223372036854775807))
Edge(236255,439889,(3,9223372036854775807))
Edge(236553,453812,(3,9223372036854775807))
Edge(236622,459238,(3,9223372036854775807))
Edge(237349,151310,(1,9223372036854775807))
Edge(237440,342659,(3,9223372036854775807))
Edge(237496,345532,(1,9223372036854775807))
Edge(237544,271595,(3,9223372036854775807))
Edge(237604,139982,(3,9223372036854775807))
Edge(237780,418495,(3,9223372036854775807))
Edge(237799,111941,(3,9223372036854775807))
Edge(237906,189335,(3,9223372036854775807))
Edge(238935,127131,(3,9223372036854775807))
Edge(238976,138072,(3,9223372036854775807))
Edge(239682,412508,(3,9223372036854775807))
Edge(240346,381199,(3,9223372036854775807))
Edge(240468,326403,(3,9223372036854775807))
Edge(240908,351092,(3,9223372036854775807))
Edge(240921,413964,(3,9223372036854775807))
Edge(241425,322014,(3,9223372036854775807))
Edge(241430,64228,(3,9223372036854775807))
Edge(241454,73541,(3,9223372036854775807))
Edge(241514,75942,(3,9223372036854775807))
Edge(241523,1225,(3,9223372036854775807))
Edge(241531,83457,(3,9223372036854775807))
Edge(242017,329817,(3,9223372036854775807))
Edge(242743,452132,(3,9223372036854775807))
Edge(242821,104983,(1,3))
Edge(243308,46474,(3,9223372036854775807))
Edge(243554,345754,(3,9223372036854775807))
Edge(243642,179565,(3,9223372036854775807))
Edge(243812,354310,(1,3))
Edge(244221,46697,(3,9223372036854775807))
Edge(244506,24638,(3,9223372036854775807))
Edge(244681,170872,(3,9223372036854775807))
Edge(244790,130060,(3,9223372036854775807))
Edge(244808,164511,(3,9223372036854775807))
Edge(244933,466667,(3,9223372036854775807))
Edge(245040,74819,(3,9223372036854775807))
Edge(245077,16565,(1,3))
Edge(245165,291577,(3,9223372036854775807))
Edge(245668,380528,(1,9223372036854775807))
Edge(246084,131596,(3,9223372036854775807))
Edge(246330,455750,(3,9223372036854775807))
Edge(246492,118514,(3,9223372036854775807))
Edge(246715,29950,(1,9223372036854775807))
Edge(246855,369516,(3,9223372036854775807))
Edge(246913,401602,(3,9223372036854775807))
Edge(247036,146714,(3,9223372036854775807))
Edge(247138,462442,(3,9223372036854775807))
Edge(248313,449286,(3,9223372036854775807))
Edge(248437,310260,(1,9223372036854775807))
Edge(248453,43177,(3,9223372036854775807))
Edge(248799,79283,(3,9223372036854775807))
Edge(248967,421351,(3,9223372036854775807))
Edge(249233,66526,(1,9223372036854775807))
Edge(249341,557,(3,9223372036854775807))
Edge(249895,78748,(3,9223372036854775807))
Edge(249932,311189,(1,9223372036854775807))
Edge(249957,21788,(3,9223372036854775807))
Edge(250240,120300,(1,9223372036854775807))
Edge(250282,496194,(1,3))
Edge(250389,482158,(3,9223372036854775807))
Edge(250547,426737,(3,9223372036854775807))
Edge(250710,235366,(3,9223372036854775807))
Edge(250846,180700,(4,9223372036854775807))
Edge(250865,252308,(3,9223372036854775807))
Edge(250869,118578,(1,9223372036854775807))
Edge(250877,308051,(3,9223372036854775807))
Edge(250919,189242,(3,9223372036854775807))
Edge(251070,187461,(3,9223372036854775807))
Edge(251145,257271,(3,9223372036854775807))
Edge(251466,231094,(3,9223372036854775807))
Edge(251683,186260,(3,9223372036854775807))
Edge(251885,74093,(3,9223372036854775807))
Edge(251904,47573,(1,3))
Edge(251985,449523,(3,9223372036854775807))
Edge(252023,125072,(3,9223372036854775807))
Edge(252349,354602,(1,9223372036854775807))
Edge(252757,209305,(3,9223372036854775807))
Edge(252989,325945,(3,9223372036854775807))
Edge(253202,207964,(3,9223372036854775807))
Edge(253647,262307,(3,9223372036854775807))
Edge(253672,239806,(3,9223372036854775807))
Edge(254016,156453,(3,9223372036854775807))
Edge(254157,229114,(3,9223372036854775807))
Edge(254242,103726,(3,9223372036854775807))
Edge(254670,78593,(3,9223372036854775807))
Edge(254671,15757,(3,9223372036854775807))
Edge(255161,369727,(3,9223372036854775807))
Edge(255516,406437,(3,9223372036854775807))
Edge(255574,346908,(3,9223372036854775807))
Edge(255605,436503,(3,9223372036854775807))
Edge(255929,257397,(1,9223372036854775807))
Edge(255987,90328,(3,9223372036854775807))
Edge(256116,150921,(3,9223372036854775807))
Edge(256245,17850,(3,9223372036854775807))
Edge(256663,199892,(3,9223372036854775807))
Edge(257203,316998,(3,9223372036854775807))
Edge(257283,127318,(3,9223372036854775807))
Edge(257320,381786,(3,9223372036854775807))
Edge(257789,145240,(3,9223372036854775807))
Edge(257811,468533,(3,9223372036854775807))
Edge(257969,352143,(3,9223372036854775807))
Edge(258043,40270,(1,9223372036854775807))
Edge(258091,401362,(3,9223372036854775807))
Edge(258218,47463,(3,9223372036854775807))
Edge(258654,1104,(3,9223372036854775807))
Edge(258879,176272,(3,9223372036854775807))
Edge(259115,328819,(1,3))
Edge(259842,79064,(3,9223372036854775807))
Edge(259896,341329,(3,9223372036854775807))
Edge(260089,278409,(1,9223372036854775807))
Edge(260293,63102,(1,9223372036854775807))
Edge(260580,168134,(1,9223372036854775807))
Edge(261378,456189,(3,9223372036854775807))
Edge(261559,342244,(3,9223372036854775807))
Edge(262650,53006,(3,9223372036854775807))
Edge(262672,255067,(3,9223372036854775807))
Edge(262753,114855,(1,9223372036854775807))
Edge(263004,346902,(1,3))
Edge(263123,383037,(3,9223372036854775807))
Edge(263156,251153,(3,9223372036854775807))
Edge(263394,265801,(3,9223372036854775807))
Edge(263494,403280,(3,9223372036854775807))
Edge(264094,322836,(1,9223372036854775807))
Edge(264157,267887,(1,3))
Edge(264569,484945,(3,9223372036854775807))
Edge(264997,336821,(1,3))
Edge(265293,354226,(3,9223372036854775807))
Edge(265495,319072,(3,9223372036854775807))
Edge(265857,418986,(3,9223372036854775807))
Edge(266334,185740,(3,9223372036854775807))
Edge(266373,401447,(3,9223372036854775807))
Edge(266836,157509,(3,9223372036854775807))
Edge(266911,228634,(3,9223372036854775807))
Edge(266979,456916,(3,9223372036854775807))
Edge(267061,330029,(3,9223372036854775807))
Edge(267624,269551,(3,9223372036854775807))
Edge(267639,60477,(1,9223372036854775807))
Edge(268213,383920,(3,9223372036854775807))
Edge(268233,421253,(3,9223372036854775807))
Edge(268923,208840,(3,9223372036854775807))
Edge(269063,116037,(3,9223372036854775807))
Edge(269298,480695,(3,9223372036854775807))
Edge(269306,19368,(3,9223372036854775807))
Edge(269818,197015,(3,9223372036854775807))
Edge(269886,240530,(3,9223372036854775807))
Edge(269969,126288,(3,9223372036854775807))
Edge(270097,277180,(3,9223372036854775807))
Edge(270568,200028,(1,9223372036854775807))
Edge(270641,189413,(3,9223372036854775807))
Edge(270820,294411,(3,9223372036854775807))
Edge(271461,329453,(1,9223372036854775807))
Edge(271607,141656,(3,9223372036854775807))
Edge(271846,315486,(3,9223372036854775807))
Edge(272847,497260,(3,9223372036854775807))
Edge(273011,379807,(3,9223372036854775807))
Edge(273212,443649,(3,9223372036854775807))
Edge(274196,248608,(3,9223372036854775807))
Edge(275098,35843,(1,9223372036854775807))
Edge(275771,266252,(3,9223372036854775807))
Edge(275787,249744,(3,9223372036854775807))
Edge(276087,382775,(1,9223372036854775807))
Edge(276527,423030,(1,3))
Edge(276712,229295,(3,9223372036854775807))
Edge(276930,333052,(1,3))
Edge(277136,370138,(3,9223372036854775807))
Edge(277949,227327,(1,9223372036854775807))
Edge(278123,240749,(3,9223372036854775807))
Edge(278328,461604,(1,3))
Edge(278789,109615,(1,9223372036854775807))
Edge(278919,452574,(3,9223372036854775807))
Edge(279234,243218,(1,3))
Edge(279318,404325,(3,9223372036854775807))
Edge(279670,294263,(3,9223372036854775807))
Edge(280709,259649,(3,9223372036854775807))
Edge(280793,117468,(3,9223372036854775807))
Edge(280854,31686,(1,9223372036854775807))
Edge(281247,183589,(1,9223372036854775807))
Edge(281444,10483,(3,9223372036854775807))
Edge(281455,84457,(3,9223372036854775807))
Edge(281461,60365,(3,9223372036854775807))
Edge(281716,284277,(1,9223372036854775807))
Edge(281864,481155,(3,9223372036854775807))
Edge(282559,181042,(3,9223372036854775807))
Edge(282926,351081,(1,9223372036854775807))
Edge(283204,177837,(3,9223372036854775807))
Edge(283244,112418,(3,9223372036854775807))
Edge(283442,212315,(3,9223372036854775807))
Edge(283450,12908,(3,9223372036854775807))
Edge(283756,129878,(3,9223372036854775807))
Edge(283757,342642,(3,9223372036854775807))
Edge(283764,414380,(3,9223372036854775807))
Edge(283830,305889,(3,9223372036854775807))
Edge(283922,289292,(3,9223372036854775807))
Edge(283964,278260,(1,9223372036854775807))
Edge(284255,178665,(3,9223372036854775807))
Edge(284330,294540,(3,9223372036854775807))
Edge(284360,314563,(1,9223372036854775807))
Edge(284477,205217,(3,9223372036854775807))
Edge(285292,78768,(3,9223372036854775807))
Edge(285338,211190,(3,9223372036854775807))
Edge(285495,148723,(3,9223372036854775807))
Edge(285689,113647,(3,9223372036854775807))
Edge(286175,300052,(3,9223372036854775807))
Edge(286184,105705,(1,3))
Edge(287160,389664,(1,9223372036854775807))
Edge(287277,487226,(3,9223372036854775807))
Edge(287573,376645,(3,9223372036854775807))
Edge(287713,33494,(3,9223372036854775807))
Edge(287981,130584,(3,9223372036854775807))
Edge(288173,450169,(3,9223372036854775807))
Edge(288256,196481,(1,9223372036854775807))
Edge(288726,327110,(1,9223372036854775807))
Edge(288751,131485,(1,9223372036854775807))
Edge(289092,48646,(3,9223372036854775807))
Edge(289351,18788,(3,9223372036854775807))
Edge(289396,232615,(3,9223372036854775807))
Edge(289862,2290,(3,9223372036854775807))
Edge(290503,193996,(3,9223372036854775807))
Edge(290531,416998,(3,9223372036854775807))
Edge(290605,485362,(1,9223372036854775807))
Edge(290893,90847,(3,9223372036854775807))
Edge(290996,203427,(3,9223372036854775807))
Edge(291633,337950,(3,9223372036854775807))
Edge(291857,362827,(3,9223372036854775807))
Edge(292333,450442,(3,9223372036854775807))
Edge(292786,169980,(1,3))
Edge(292901,388717,(3,9223372036854775807))
Edge(292940,135420,(1,3))
Edge(292970,314727,(1,9223372036854775807))
Edge(293014,197726,(3,9223372036854775807))
Edge(293021,446047,(3,9223372036854775807))
Edge(293083,59128,(3,9223372036854775807))
Edge(293434,400891,(3,9223372036854775807))
Edge(294770,131431,(3,9223372036854775807))
Edge(294791,282605,(3,9223372036854775807))
Edge(295008,173692,(1,9223372036854775807))
Edge(295059,8330,(3,9223372036854775807))
Edge(295422,235304,(3,9223372036854775807))
Edge(295584,231186,(1,9223372036854775807))
Edge(295626,126320,(3,9223372036854775807))
Edge(295893,466365,(3,9223372036854775807))
Edge(296165,162123,(1,9223372036854775807))
Edge(296191,153314,(3,9223372036854775807))
Edge(296302,171104,(3,9223372036854775807))
Edge(296838,234740,(3,9223372036854775807))
Edge(296961,402856,(3,9223372036854775807))
Edge(297007,76326,(3,9223372036854775807))
Edge(297038,289057,(3,9223372036854775807))
Edge(297051,108288,(3,9223372036854775807))
Edge(297154,31564,(3,9223372036854775807))
Edge(297233,488793,(3,9223372036854775807))
Edge(297311,353954,(3,9223372036854775807))
Edge(297541,487415,(3,9223372036854775807))
Edge(297721,300306,(3,9223372036854775807))
Edge(298187,412114,(3,9223372036854775807))
Edge(298233,328380,(1,3))
Edge(298324,241702,(3,9223372036854775807))
Edge(298402,439401,(1,3))
Edge(298696,176579,(3,9223372036854775807))
Edge(300180,57851,(3,9223372036854775807))
Edge(300888,378047,(3,9223372036854775807))
Edge(301091,161149,(3,9223372036854775807))
Edge(301158,461929,(4,9223372036854775807))
Edge(301253,216752,(3,9223372036854775807))
Edge(301771,37621,(3,9223372036854775807))
Edge(302459,245317,(3,9223372036854775807))
Edge(302497,185586,(3,9223372036854775807))
Edge(302545,21699,(3,9223372036854775807))
Edge(302936,99829,(3,9223372036854775807))
Edge(302996,77434,(3,9223372036854775807))
Edge(303009,457993,(3,9223372036854775807))
Edge(303757,55817,(3,9223372036854775807))
Edge(304096,85298,(1,3))
Edge(304223,241641,(3,9223372036854775807))
Edge(304400,309169,(3,9223372036854775807))
Edge(304936,228343,(3,9223372036854775807))
Edge(305035,239735,(3,9223372036854775807))
Edge(305047,170152,(3,9223372036854775807))
Edge(305118,336886,(3,9223372036854775807))
Edge(305158,107740,(3,9223372036854775807))
Edge(305561,258267,(3,9223372036854775807))
Edge(305600,379314,(3,9223372036854775807))
Edge(306022,121680,(3,9223372036854775807))
Edge(306125,490353,(1,9223372036854775807))
Edge(306167,365532,(1,9223372036854775807))
Edge(306345,247951,(3,9223372036854775807))
Edge(306378,99,(3,9223372036854775807))
Edge(306502,184927,(1,9223372036854775807))
Edge(306564,123677,(3,9223372036854775807))
Edge(306961,298274,(3,9223372036854775807))
Edge(307064,71460,(3,9223372036854775807))
Edge(307105,135643,(3,9223372036854775807))
Edge(307123,286024,(3,9223372036854775807))
Edge(307519,219859,(3,9223372036854775807))
Edge(307525,364973,(3,9223372036854775807))
Edge(308149,367296,(3,9223372036854775807))
Edge(308186,514,(3,9223372036854775807))
Edge(308288,252582,(3,9223372036854775807))
Edge(308346,40166,(3,9223372036854775807))
Edge(308459,164211,(1,9223372036854775807))
Edge(308783,232530,(3,9223372036854775807))
Edge(308802,236084,(1,9223372036854775807))
Edge(309228,372945,(3,9223372036854775807))
Edge(309411,278513,(1,9223372036854775807))
Edge(310084,116114,(3,9223372036854775807))
Edge(310672,61395,(3,9223372036854775807))
Edge(310799,328885,(3,9223372036854775807))
Edge(311818,238365,(3,9223372036854775807))
Edge(312086,10885,(1,9223372036854775807))
Edge(312547,351980,(3,9223372036854775807))
Edge(312596,119271,(3,9223372036854775807))
Edge(312628,133587,(3,9223372036854775807))
Edge(312652,240493,(3,9223372036854775807))
Edge(312842,214578,(1,9223372036854775807))
Edge(312958,414891,(1,3))
Edge(313159,235569,(3,9223372036854775807))
Edge(313901,166931,(3,9223372036854775807))
Edge(314237,277446,(3,9223372036854775807))
Edge(315037,156116,(3,9223372036854775807))
Edge(315286,103609,(3,9223372036854775807))
Edge(315995,75062,(3,9223372036854775807))
Edge(316151,328670,(1,3))
Edge(316718,307887,(3,9223372036854775807))
Edge(317244,440491,(1,3))
Edge(317516,277119,(3,9223372036854775807))
Edge(317651,498776,(3,9223372036854775807))
Edge(317693,45405,(3,9223372036854775807))
Edge(317837,475369,(3,9223372036854775807))
Edge(318085,16642,(1,9223372036854775807))
Edge(318637,182676,(1,9223372036854775807))
Edge(318937,17189,(3,9223372036854775807))
Edge(319209,430115,(1,9223372036854775807))
Edge(319315,298726,(4,9223372036854775807))
Edge(319361,480132,(3,9223372036854775807))
Edge(319448,127466,(3,9223372036854775807))
Edge(319932,162392,(3,9223372036854775807))
Edge(320045,247696,(3,9223372036854775807))
Edge(320046,480938,(4,9223372036854775807))
Edge(321151,398035,(1,9223372036854775807))
Edge(321192,313607,(3,9223372036854775807))
Edge(322168,251411,(3,9223372036854775807))
Edge(322519,180105,(3,9223372036854775807))
Edge(322585,496573,(3,9223372036854775807))
Edge(322613,244108,(3,9223372036854775807))
Edge(322705,389017,(3,9223372036854775807))
Edge(322848,137005,(3,9223372036854775807))
Edge(323315,435018,(1,9223372036854775807))
Edge(323394,95665,(3,9223372036854775807))
Edge(323640,14038,(1,9223372036854775807))
Edge(324166,282442,(3,9223372036854775807))
Edge(324730,227546,(1,9223372036854775807))
Edge(325195,349614,(3,9223372036854775807))
Edge(325281,111014,(3,9223372036854775807))
Edge(325661,163662,(3,9223372036854775807))
Edge(326117,64180,(3,9223372036854775807))
Edge(326244,496480,(3,9223372036854775807))
Edge(326313,94877,(3,9223372036854775807))
Edge(326426,106026,(3,9223372036854775807))
Edge(326471,166177,(1,9223372036854775807))
Edge(326767,108889,(3,9223372036854775807))
Edge(327085,263181,(4,9223372036854775807))
Edge(327365,422262,(3,9223372036854775807))
Edge(327704,143958,(3,9223372036854775807))
Edge(327803,396727,(3,9223372036854775807))
Edge(328002,220403,(3,9223372036854775807))
Edge(328225,295599,(3,9223372036854775807))
Edge(328292,74824,(3,9223372036854775807))
Edge(328365,425449,(3,9223372036854775807))
Edge(328873,97630,(1,3))
Edge(328947,127888,(3,9223372036854775807))
Edge(329072,78824,(3,9223372036854775807))
Edge(329222,376109,(3,9223372036854775807))
Edge(329257,3464,(3,9223372036854775807))
Edge(329307,445157,(1,9223372036854775807))
Edge(329372,181957,(3,9223372036854775807))
Edge(329575,122137,(1,3))
Edge(330178,379409,(3,9223372036854775807))
Edge(330539,117311,(3,9223372036854775807))
Edge(330544,132710,(3,9223372036854775807))
Edge(331415,243810,(3,9223372036854775807))
Edge(332033,6246,(3,9223372036854775807))
Edge(332476,129088,(3,9223372036854775807))
Edge(333119,108929,(3,9223372036854775807))
Edge(333518,53049,(3,9223372036854775807))
Edge(333592,77394,(3,9223372036854775807))
Edge(333673,152519,(4,9223372036854775807))
Edge(333777,192858,(3,9223372036854775807))
Edge(333788,267405,(1,9223372036854775807))
Edge(333855,431774,(4,9223372036854775807))
Edge(333982,492294,(3,9223372036854775807))
Edge(334022,311666,(3,9223372036854775807))
Edge(334055,319465,(3,9223372036854775807))
Edge(334240,88979,(3,9223372036854775807))
Edge(334276,233526,(3,9223372036854775807))
Edge(334466,6213,(3,9223372036854775807))
Edge(334861,417187,(3,9223372036854775807))
Edge(335186,233960,(3,9223372036854775807))
Edge(336061,28481,(1,9223372036854775807))
Edge(336517,117105,(1,9223372036854775807))
Edge(336534,468627,(3,9223372036854775807))
Edge(336567,223514,(3,9223372036854775807))
Edge(336675,361031,(3,9223372036854775807))
Edge(336983,183923,(3,9223372036854775807))
Edge(337054,379179,(1,9223372036854775807))
Edge(337273,121325,(3,9223372036854775807))
Edge(338178,145652,(3,9223372036854775807))
Edge(338227,178222,(3,9223372036854775807))
Edge(338316,232854,(3,9223372036854775807))
Edge(338336,3461,(3,9223372036854775807))
Edge(338362,493374,(3,9223372036854775807))
Edge(338842,103977,(1,9223372036854775807))
Edge(338899,62335,(3,9223372036854775807))
Edge(338899,306874,(1,9223372036854775807))
Edge(339317,438178,(3,9223372036854775807))
Edge(339353,365495,(3,9223372036854775807))
Edge(339617,377734,(3,9223372036854775807))
Edge(340320,305579,(3,9223372036854775807))
Edge(340615,456054,(3,9223372036854775807))
Edge(341359,314065,(3,9223372036854775807))
Edge(341438,35463,(3,9223372036854775807))
Edge(341496,313471,(3,9223372036854775807))
Edge(341629,14312,(3,9223372036854775807))
Edge(341674,70768,(1,9223372036854775807))
Edge(341707,95250,(1,3))
Edge(342171,369395,(3,9223372036854775807))
Edge(342297,111436,(3,9223372036854775807))
Edge(342672,443392,(3,9223372036854775807))
Edge(342827,31475,(3,9223372036854775807))
Edge(342939,221474,(3,9223372036854775807))
Edge(343076,160886,(3,9223372036854775807))
Edge(343266,235808,(3,9223372036854775807))
Edge(343266,454104,(1,9223372036854775807))
Edge(343283,66380,(3,9223372036854775807))
Edge(343709,210255,(3,9223372036854775807))
Edge(344050,292890,(3,9223372036854775807))
Edge(344138,426503,(3,9223372036854775807))
Edge(344337,285592,(3,9223372036854775807))
Edge(344517,182975,(3,9223372036854775807))
Edge(345261,352457,(3,9223372036854775807))
Edge(345387,185230,(1,9223372036854775807))
Edge(345670,484994,(3,9223372036854775807))
Edge(345759,314030,(1,9223372036854775807))
Edge(346182,408263,(3,9223372036854775807))
Edge(346369,296517,(3,9223372036854775807))
Edge(346506,116363,(1,9223372036854775807))
Edge(347208,429195,(3,9223372036854775807))
Edge(347590,298436,(3,9223372036854775807))
Edge(347617,336136,(3,9223372036854775807))
Edge(347810,464568,(3,9223372036854775807))
Edge(347962,66465,(3,9223372036854775807))
Edge(348658,46365,(3,9223372036854775807))
Edge(348701,24485,(3,9223372036854775807))
Edge(348831,208944,(4,9223372036854775807))
Edge(349051,110895,(3,9223372036854775807))
Edge(349231,168037,(1,9223372036854775807))
Edge(349424,169472,(3,9223372036854775807))
Edge(349487,240002,(3,9223372036854775807))
Edge(349576,99966,(1,9223372036854775807))
Edge(349721,71488,(2,3))
Edge(350317,136954,(3,9223372036854775807))
Edge(350475,255499,(3,9223372036854775807))
Edge(350592,21419,(3,9223372036854775807))
Edge(350972,34920,(3,9223372036854775807))
Edge(351031,343383,(3,9223372036854775807))
Edge(351155,444833,(3,9223372036854775807))
Edge(351437,245765,(3,9223372036854775807))
Edge(352142,347180,(3,9223372036854775807))
Edge(352504,186295,(3,9223372036854775807))
Edge(352553,78485,(3,9223372036854775807))
Edge(352592,473834,(1,9223372036854775807))
Edge(352869,474165,(1,9223372036854775807))
Edge(352997,220338,(3,9223372036854775807))
Edge(353589,460194,(3,9223372036854775807))
Edge(353871,302413,(3,9223372036854775807))
Edge(353996,433186,(3,9223372036854775807))
Edge(354022,34328,(3,9223372036854775807))
Edge(354210,204679,(1,9223372036854775807))
Edge(354593,131727,(3,9223372036854775807))
Edge(354626,189189,(1,9223372036854775807))
Edge(354921,471428,(3,9223372036854775807))
Edge(354965,120511,(3,9223372036854775807))
Edge(355063,438570,(3,9223372036854775807))
Edge(355113,277677,(1,3))
Edge(355202,68465,(1,9223372036854775807))
Edge(355373,388754,(1,9223372036854775807))
Edge(355465,279831,(1,9223372036854775807))
Edge(355977,84031,(3,9223372036854775807))
Edge(356098,123574,(3,9223372036854775807))
Edge(356777,395940,(3,9223372036854775807))
Edge(357092,215440,(4,9223372036854775807))
Edge(357245,350409,(3,9223372036854775807))
Edge(357463,171751,(3,9223372036854775807))
Edge(357603,181503,(3,9223372036854775807))
Edge(358563,54478,(1,9223372036854775807))
Edge(358680,142939,(3,9223372036854775807))
Edge(358930,199501,(3,9223372036854775807))
Edge(359391,270753,(1,9223372036854775807))
Edge(359516,490276,(3,9223372036854775807))
Edge(359614,432102,(3,9223372036854775807))
Edge(360068,368269,(3,9223372036854775807))
Edge(360074,466177,(3,9223372036854775807))
Edge(360500,266683,(3,9223372036854775807))
Edge(361290,455483,(1,9223372036854775807))
Edge(361548,218882,(3,9223372036854775807))
Edge(361876,50600,(3,9223372036854775807))
Edge(362328,188618,(3,9223372036854775807))
Edge(362346,98151,(3,9223372036854775807))
Edge(362419,15017,(3,9223372036854775807))
Edge(363069,15173,(1,9223372036854775807))
Edge(363112,13517,(3,9223372036854775807))
Edge(364206,325142,(3,9223372036854775807))
Edge(364563,232908,(3,9223372036854775807))
Edge(364611,440896,(3,9223372036854775807))
Edge(365805,58038,(3,9223372036854775807))
Edge(366133,326960,(3,9223372036854775807))
Edge(366287,356705,(1,9223372036854775807))
Edge(367251,326163,(1,9223372036854775807))
Edge(367333,203273,(4,9223372036854775807))
Edge(367700,404690,(1,9223372036854775807))
Edge(368834,116008,(3,9223372036854775807))
Edge(369052,24247,(1,9223372036854775807))
Edge(369443,227483,(3,9223372036854775807))
Edge(369646,14229,(1,9223372036854775807))
Edge(369841,411495,(3,9223372036854775807))
Edge(369860,427339,(3,9223372036854775807))
Edge(369945,62001,(3,9223372036854775807))
Edge(370010,110070,(3,9223372036854775807))
Edge(370128,494784,(3,9223372036854775807))
Edge(370131,378604,(3,9223372036854775807))
Edge(370493,368221,(1,9223372036854775807))
Edge(370941,241270,(3,9223372036854775807))
Edge(371261,387584,(3,9223372036854775807))
Edge(371283,149688,(3,9223372036854775807))
Edge(371471,205869,(3,9223372036854775807))
Edge(371675,448816,(3,9223372036854775807))
Edge(371686,279675,(1,3))
Edge(372313,367043,(3,9223372036854775807))
Edge(372854,234373,(1,9223372036854775807))
Edge(373308,185865,(3,9223372036854775807))
Edge(373338,374092,(3,9223372036854775807))
Edge(373828,107700,(3,9223372036854775807))
Edge(374247,236506,(3,9223372036854775807))
Edge(374449,290813,(3,9223372036854775807))
Edge(374634,79855,(1,9223372036854775807))
Edge(375296,64731,(1,9223372036854775807))
Edge(375326,399561,(3,9223372036854775807))
Edge(375735,327119,(3,9223372036854775807))
Edge(375954,18439,(3,9223372036854775807))
Edge(375990,329534,(3,9223372036854775807))
Edge(376441,288401,(1,9223372036854775807))
Edge(376498,102277,(3,9223372036854775807))
Edge(376884,374623,(3,9223372036854775807))
Edge(377042,24021,(3,9223372036854775807))
Edge(377077,241831,(3,9223372036854775807))
Edge(377138,307275,(3,9223372036854775807))
Edge(377252,342064,(1,9223372036854775807))
Edge(377457,200957,(3,9223372036854775807))
Edge(377643,69852,(3,9223372036854775807))
Edge(377660,429901,(1,9223372036854775807))
Edge(377718,431977,(3,9223372036854775807))
Edge(377907,378161,(3,9223372036854775807))
Edge(378083,487523,(3,9223372036854775807))
Edge(378111,382866,(3,9223372036854775807))
Edge(378401,74228,(3,9223372036854775807))
Edge(378665,306821,(1,9223372036854775807))
Edge(378718,357592,(3,9223372036854775807))
Edge(378736,446570,(3,9223372036854775807))
Edge(378782,132635,(3,9223372036854775807))
Edge(379273,269279,(3,9223372036854775807))
Edge(379449,297143,(3,9223372036854775807))
Edge(379898,304257,(3,9223372036854775807))
Edge(380687,454393,(3,9223372036854775807))
Edge(380749,25674,(3,9223372036854775807))
Edge(380965,51676,(3,9223372036854775807))
Edge(381058,5540,(3,9223372036854775807))
Edge(381184,241967,(3,9223372036854775807))
Edge(381442,344584,(1,3))
Edge(381593,384842,(3,9223372036854775807))
Edge(381632,132542,(3,9223372036854775807))
Edge(382155,65647,(3,9223372036854775807))
Edge(382198,265438,(3,9223372036854775807))
Edge(383233,257871,(3,9223372036854775807))
Edge(383571,29366,(1,9223372036854775807))
Edge(383728,102837,(3,9223372036854775807))
Edge(383729,92441,(3,9223372036854775807))
Edge(383782,242309,(3,9223372036854775807))
Edge(384668,466833,(3,9223372036854775807))
Edge(384838,293706,(1,3))
Edge(385123,480334,(3,9223372036854775807))
Edge(385526,329872,(3,9223372036854775807))
Edge(385978,109752,(3,9223372036854775807))
Edge(386283,346237,(3,9223372036854775807))
Edge(386401,403370,(1,9223372036854775807))
Edge(387223,349248,(1,3))
Edge(387387,282940,(3,9223372036854775807))
Edge(387440,94665,(3,9223372036854775807))
Edge(387794,197745,(3,9223372036854775807))
Edge(387834,109563,(3,9223372036854775807))
Edge(387874,88219,(3,9223372036854775807))
Edge(388401,210753,(1,9223372036854775807))
Edge(388539,225493,(3,9223372036854775807))
Edge(388789,271570,(3,9223372036854775807))
Edge(388938,466637,(1,9223372036854775807))
Edge(388943,7184,(3,9223372036854775807))
Edge(389391,355518,(3,9223372036854775807))
Edge(389496,86739,(3,9223372036854775807))
Edge(389546,75227,(3,9223372036854775807))
Edge(389924,52550,(4,9223372036854775807))
Edge(390099,178568,(3,9223372036854775807))
Edge(390300,14894,(3,9223372036854775807))
Edge(390382,148219,(3,9223372036854775807))
Edge(390492,36197,(1,9223372036854775807))
Edge(390495,487202,(3,9223372036854775807))
Edge(391105,3934,(3,9223372036854775807))
Edge(392104,284896,(1,3))
Edge(392135,419289,(3,9223372036854775807))
Edge(392238,332668,(4,9223372036854775807))
Edge(393567,189621,(3,9223372036854775807))
Edge(394049,179569,(3,9223372036854775807))
Edge(394393,49159,(1,9223372036854775807))
Edge(394762,240930,(3,9223372036854775807))
Edge(394791,454430,(3,9223372036854775807))
Edge(394811,80709,(3,9223372036854775807))
Edge(394850,52494,(3,9223372036854775807))
Edge(395079,407505,(3,9223372036854775807))
Edge(395183,298726,(3,9223372036854775807))
Edge(395350,41065,(3,9223372036854775807))
Edge(395940,350007,(3,9223372036854775807))
Edge(395966,21234,(3,9223372036854775807))
Edge(395985,46564,(3,9223372036854775807))
Edge(396326,451421,(3,9223372036854775807))
Edge(396460,129016,(3,9223372036854775807))
Edge(397056,331509,(1,9223372036854775807))
Edge(397133,382034,(3,9223372036854775807))
Edge(397252,190033,(3,9223372036854775807))
Edge(397530,255243,(3,9223372036854775807))
Edge(397888,407036,(4,9223372036854775807))
Edge(398253,184098,(1,9223372036854775807))
Edge(398455,295798,(3,9223372036854775807))
Edge(398549,73271,(3,9223372036854775807))
Edge(398696,160455,(3,9223372036854775807))
Edge(399034,66669,(3,9223372036854775807))
Edge(399508,106145,(3,9223372036854775807))
Edge(400185,336371,(1,9223372036854775807))
Edge(400268,310693,(3,9223372036854775807))
Edge(400282,140980,(1,3))
Edge(400639,21967,(3,9223372036854775807))
Edge(401716,88321,(3,9223372036854775807))
Edge(401792,202070,(3,9223372036854775807))
Edge(402495,220198,(3,9223372036854775807))
Edge(402584,19060,(1,9223372036854775807))
Edge(403183,220279,(1,9223372036854775807))
Edge(403460,40512,(3,9223372036854775807))
Edge(403781,179924,(3,9223372036854775807))
Edge(404092,388392,(3,9223372036854775807))
Edge(404475,209352,(1,9223372036854775807))
Edge(404613,426661,(3,9223372036854775807))
Edge(404715,279686,(3,9223372036854775807))
Edge(405122,139656,(3,9223372036854775807))
Edge(405141,452747,(3,9223372036854775807))
Edge(405189,158939,(3,9223372036854775807))
Edge(405461,466735,(3,9223372036854775807))
Edge(405777,448340,(1,9223372036854775807))
Edge(405805,425584,(3,9223372036854775807))
Edge(406456,168524,(3,9223372036854775807))
Edge(406881,164346,(3,9223372036854775807))
Edge(407251,397199,(1,9223372036854775807))
Edge(407736,362387,(1,3))
Edge(407761,133482,(3,9223372036854775807))
Edge(407969,4633,(3,9223372036854775807))
Edge(408215,335516,(3,9223372036854775807))
Edge(408661,448901,(3,9223372036854775807))
Edge(408689,305565,(3,9223372036854775807))
Edge(408891,343229,(3,9223372036854775807))
Edge(408904,388477,(3,9223372036854775807))
Edge(409037,348224,(3,9223372036854775807))
Edge(409086,159133,(3,9223372036854775807))
Edge(409455,273870,(3,9223372036854775807))
Edge(409506,144294,(3,9223372036854775807))
Edge(409632,58855,(3,9223372036854775807))
Edge(409686,409371,(3,9223372036854775807))
Edge(409967,237700,(3,9223372036854775807))
Edge(409990,253674,(3,9223372036854775807))
Edge(410238,437669,(3,9223372036854775807))
Edge(411366,205537,(1,9223372036854775807))
Edge(411482,443889,(1,3))
Edge(411625,403313,(3,9223372036854775807))
Edge(411720,53758,(3,9223372036854775807))
Edge(411845,316062,(3,9223372036854775807))
Edge(411976,131480,(1,3))
Edge(412561,223838,(3,9223372036854775807))
Edge(413160,84312,(3,9223372036854775807))
Edge(413262,243452,(3,9223372036854775807))
Edge(413283,154649,(1,9223372036854775807))
Edge(413429,250750,(3,9223372036854775807))
Edge(413439,406122,(3,9223372036854775807))
Edge(413735,355704,(3,9223372036854775807))
Edge(413840,357744,(3,9223372036854775807))
Edge(413886,274653,(3,9223372036854775807))
Edge(414399,252773,(1,9223372036854775807))
Edge(415191,33747,(3,9223372036854775807))
Edge(415304,450627,(1,9223372036854775807))
Edge(415468,90409,(1,9223372036854775807))
Edge(415736,433247,(3,9223372036854775807))
Edge(415880,232928,(4,9223372036854775807))
Edge(416013,450957,(3,9223372036854775807))
Edge(416036,85602,(3,9223372036854775807))
Edge(416118,439273,(3,9223372036854775807))
Edge(416470,322434,(3,9223372036854775807))
Edge(416754,219907,(3,9223372036854775807))
Edge(417217,228251,(3,9223372036854775807))
Edge(417225,499226,(1,3))
Edge(417266,498307,(1,9223372036854775807))
Edge(417490,196181,(3,9223372036854775807))
Edge(417654,486804,(1,3))
Edge(418034,463041,(3,9223372036854775807))
Edge(418247,161110,(3,9223372036854775807))
Edge(418303,100808,(3,9223372036854775807))
Edge(418816,174872,(3,9223372036854775807))
Edge(418926,159079,(3,9223372036854775807))
Edge(419193,322804,(1,9223372036854775807))
Edge(419206,314849,(3,9223372036854775807))
Edge(419385,102226,(3,9223372036854775807))
Edge(419437,170119,(3,9223372036854775807))
Edge(419579,121771,(1,3))
Edge(419609,54153,(3,9223372036854775807))
Edge(419871,62141,(3,9223372036854775807))
Edge(419909,286989,(1,3))
Edge(420209,307487,(3,9223372036854775807))
Edge(420279,362586,(3,9223372036854775807))
Edge(420705,108142,(3,9223372036854775807))
Edge(420759,280211,(1,9223372036854775807))
Edge(421045,97987,(3,9223372036854775807))
Edge(421123,193367,(3,9223372036854775807))
Edge(421377,390614,(3,9223372036854775807))
Edge(421794,143592,(3,9223372036854775807))
Edge(421848,22418,(3,9223372036854775807))
Edge(421940,256777,(3,9223372036854775807))
Edge(422006,232152,(3,9223372036854775807))
Edge(422174,52553,(3,9223372036854775807))
Edge(422235,105655,(3,9223372036854775807))
Edge(422447,136836,(1,9223372036854775807))
Edge(422903,257069,(3,9223372036854775807))
Edge(423153,276315,(3,9223372036854775807))
Edge(423352,93635,(3,9223372036854775807))
Edge(423597,88494,(3,9223372036854775807))
Edge(423924,27318,(3,9223372036854775807))
Edge(423957,312791,(3,9223372036854775807))
Edge(424241,147579,(3,9223372036854775807))
Edge(424380,4830,(3,9223372036854775807))
Edge(424436,357504,(3,9223372036854775807))
Edge(425175,301991,(3,9223372036854775807))
Edge(425969,802,(3,9223372036854775807))
Edge(426325,438822,(1,3))
Edge(426326,93483,(3,9223372036854775807))
Edge(426347,251447,(3,9223372036854775807))
Edge(426601,355370,(3,9223372036854775807))
Edge(426710,175641,(3,9223372036854775807))
Edge(427491,333355,(3,9223372036854775807))
Edge(427947,29208,(1,9223372036854775807))
Edge(428159,424125,(1,3))
Edge(428217,339427,(3,9223372036854775807))
Edge(428442,27952,(3,9223372036854775807))
Edge(428497,198448,(3,9223372036854775807))
Edge(429040,149255,(3,9223372036854775807))
Edge(429207,146917,(1,3))
Edge(429326,479838,(1,9223372036854775807))
Edge(429371,251449,(3,9223372036854775807))
Edge(429387,345129,(3,9223372036854775807))
Edge(430006,262375,(1,9223372036854775807))
Edge(430197,387383,(1,9223372036854775807))
Edge(430223,194959,(1,9223372036854775807))
Edge(431569,485311,(1,9223372036854775807))
Edge(431791,478996,(3,9223372036854775807))
Edge(431855,254197,(1,9223372036854775807))
Edge(432118,391255,(3,9223372036854775807))
Edge(432369,295875,(3,9223372036854775807))
Edge(432659,30334,(3,9223372036854775807))
Edge(432845,351619,(1,3))
Edge(432873,449933,(3,9223372036854775807))
Edge(433434,360082,(1,3))
Edge(433688,158203,(3,9223372036854775807))
Edge(434724,488684,(3,9223372036854775807))
Edge(434808,188862,(3,9223372036854775807))
Edge(434809,324996,(3,9223372036854775807))
Edge(435169,88188,(3,9223372036854775807))
Edge(435317,443154,(1,9223372036854775807))
Edge(435558,476888,(3,9223372036854775807))
Edge(435653,26453,(3,9223372036854775807))
Edge(435817,235886,(3,9223372036854775807))
Edge(435967,300246,(3,9223372036854775807))
Edge(435981,84870,(1,9223372036854775807))
Edge(436287,226424,(3,9223372036854775807))
Edge(436487,24672,(3,9223372036854775807))
Edge(436884,128638,(3,9223372036854775807))
Edge(436901,302872,(3,9223372036854775807))
Edge(436993,224942,(3,9223372036854775807))
Edge(437041,310188,(3,9223372036854775807))
Edge(437697,14112,(3,9223372036854775807))
Edge(437839,125627,(3,9223372036854775807))
Edge(438370,288885,(3,9223372036854775807))
Edge(438453,73315,(3,9223372036854775807))
Edge(438619,259912,(1,9223372036854775807))
Edge(438666,86143,(3,9223372036854775807))
Edge(438796,57353,(1,3))
Edge(438841,497938,(3,9223372036854775807))
Edge(438893,51051,(1,3))
Edge(439052,91124,(3,9223372036854775807))
Edge(439057,141211,(3,9223372036854775807))
Edge(439122,372460,(3,9223372036854775807))
Edge(439160,65526,(3,9223372036854775807))
Edge(439204,81970,(3,9223372036854775807))
Edge(439301,262018,(1,9223372036854775807))
Edge(439820,155628,(3,9223372036854775807))
Edge(439841,277526,(3,9223372036854775807))
Edge(440610,261485,(3,9223372036854775807))
Edge(441147,6555,(3,9223372036854775807))
Edge(441550,365015,(3,9223372036854775807))
Edge(441707,472385,(3,9223372036854775807))
Edge(442019,9460,(3,9223372036854775807))
Edge(442255,300103,(3,9223372036854775807))
Edge(442425,271462,(3,9223372036854775807))
Edge(442731,81709,(3,9223372036854775807))
Edge(442811,100999,(3,9223372036854775807))
Edge(442884,265936,(1,9223372036854775807))
Edge(443320,28302,(3,9223372036854775807))
Edge(443513,381530,(1,3))
Edge(443858,35664,(3,9223372036854775807))
Edge(443998,206111,(1,3))
Edge(444413,93608,(2,3))
Edge(444435,241455,(1,3))
Edge(444478,432920,(3,9223372036854775807))
Edge(444989,60469,(3,9223372036854775807))
Edge(445212,89155,(3,9223372036854775807))
Edge(445849,433308,(3,9223372036854775807))
Edge(446207,372478,(4,9223372036854775807))
Edge(446237,212690,(3,9223372036854775807))
Edge(446422,125511,(3,9223372036854775807))
Edge(447522,267324,(3,9223372036854775807))
Edge(447939,467862,(3,9223372036854775807))
Edge(448715,241567,(3,9223372036854775807))
Edge(449702,391516,(3,9223372036854775807))
Edge(449952,106139,(3,9223372036854775807))
Edge(450208,267089,(3,9223372036854775807))
Edge(450549,116501,(3,9223372036854775807))
Edge(450566,118973,(1,3))
Edge(450733,370092,(3,9223372036854775807))
Edge(450804,243667,(3,9223372036854775807))
Edge(451029,349207,(1,3))
Edge(451096,484131,(1,9223372036854775807))
Edge(451356,319681,(3,9223372036854775807))
Edge(451358,214770,(3,9223372036854775807))
Edge(451429,418470,(3,9223372036854775807))
Edge(451614,389123,(1,9223372036854775807))
Edge(451666,87012,(3,9223372036854775807))
Edge(452030,192662,(1,2))
Edge(452054,149058,(3,9223372036854775807))
Edge(452386,273628,(1,3))
Edge(452504,349310,(3,9223372036854775807))
Edge(452546,459572,(3,9223372036854775807))
Edge(454206,427583,(3,9223372036854775807))
Edge(455069,417925,(3,9223372036854775807))
Edge(455215,121387,(1,9223372036854775807))
Edge(455518,409823,(1,9223372036854775807))
Edge(455673,94975,(3,9223372036854775807))
Edge(455913,35011,(3,9223372036854775807))
Edge(456030,7775,(3,9223372036854775807))
Edge(456224,35592,(3,9223372036854775807))
Edge(456254,33724,(1,3))
Edge(456445,83489,(4,9223372036854775807))
Edge(457139,111312,(3,9223372036854775807))
Edge(457422,207519,(3,9223372036854775807))
Edge(457590,54992,(3,9223372036854775807))
Edge(457611,287386,(3,9223372036854775807))
Edge(457640,87577,(3,9223372036854775807))
Edge(457920,224097,(3,9223372036854775807))
Edge(457979,234197,(3,9223372036854775807))
Edge(458021,382475,(3,9223372036854775807))
Edge(458716,211401,(3,9223372036854775807))
Edge(458774,294977,(3,9223372036854775807))
Edge(459248,326174,(3,9223372036854775807))
Edge(459445,294997,(3,9223372036854775807))
Edge(459687,3366,(3,9223372036854775807))
Edge(460105,255230,(3,9223372036854775807))
Edge(460572,468414,(3,9223372036854775807))
Edge(460671,86895,(1,3))
Edge(460751,385704,(3,9223372036854775807))
Edge(461085,338956,(1,3))
Edge(461228,495875,(1,3))
Edge(461468,221080,(3,9223372036854775807))
Edge(461658,266532,(3,9223372036854775807))
Edge(462842,387955,(3,9223372036854775807))
Edge(462967,121679,(3,9223372036854775807))
Edge(463140,55315,(3,9223372036854775807))
Edge(464075,51838,(3,9223372036854775807))
Edge(464508,63539,(3,9223372036854775807))
Edge(465005,222567,(1,9223372036854775807))
Edge(465108,329083,(3,9223372036854775807))
Edge(465649,306702,(3,9223372036854775807))
Edge(466022,442200,(3,9223372036854775807))
Edge(466219,146807,(3,9223372036854775807))
Edge(466305,343980,(3,9223372036854775807))
Edge(466706,122575,(3,9223372036854775807))
Edge(466989,491844,(3,9223372036854775807))
Edge(467121,346404,(1,9223372036854775807))
Edge(467139,47280,(3,9223372036854775807))
Edge(467198,34390,(1,9223372036854775807))
Edge(467214,68617,(3,9223372036854775807))
Edge(467458,87684,(3,9223372036854775807))
Edge(467477,39576,(4,9223372036854775807))
Edge(467808,63784,(3,9223372036854775807))
Edge(468143,232151,(1,9223372036854775807))
Edge(468388,7050,(1,9223372036854775807))
Edge(468735,298164,(3,9223372036854775807))
Edge(468818,202999,(3,9223372036854775807))
Edge(468882,136272,(3,9223372036854775807))
Edge(468994,490059,(3,9223372036854775807))
Edge(469398,92162,(4,9223372036854775807))
Edge(469400,204320,(1,9223372036854775807))
Edge(469526,66648,(3,9223372036854775807))
Edge(469842,68833,(1,3))
Edge(470149,143235,(3,9223372036854775807))
Edge(470260,388830,(3,9223372036854775807))
Edge(471235,132214,(3,9223372036854775807))
Edge(471300,238165,(3,9223372036854775807))
Edge(471370,60106,(3,9223372036854775807))
Edge(471485,312519,(1,9223372036854775807))
Edge(471665,222143,(3,9223372036854775807))
Edge(471686,192644,(1,9223372036854775807))
Edge(472958,158133,(3,9223372036854775807))
Edge(473523,353874,(3,9223372036854775807))
Edge(473659,257776,(3,9223372036854775807))
Edge(473862,79745,(3,9223372036854775807))
Edge(474142,491123,(1,9223372036854775807))
Edge(474546,445598,(1,3))
Edge(474645,81969,(3,9223372036854775807))
Edge(474697,255840,(1,9223372036854775807))
Edge(474773,64093,(1,9223372036854775807))
Edge(475190,71843,(3,9223372036854775807))
Edge(475830,461938,(3,9223372036854775807))
Edge(476081,245062,(1,9223372036854775807))
Edge(476319,97603,(3,9223372036854775807))
Edge(476488,93450,(3,9223372036854775807))
Edge(476610,196735,(3,9223372036854775807))
Edge(476687,126689,(3,9223372036854775807))
Edge(476835,288759,(3,9223372036854775807))
Edge(478401,89426,(3,9223372036854775807))
Edge(478463,387286,(1,3))
Edge(479772,408647,(1,9223372036854775807))
Edge(480284,445724,(1,3))
Edge(480534,342031,(3,9223372036854775807))
Edge(480726,207235,(1,3))
Edge(481314,118891,(3,9223372036854775807))
Edge(481401,67601,(3,9223372036854775807))
Edge(481733,392164,(3,9223372036854775807))
Edge(482911,297255,(1,9223372036854775807))
Edge(483234,411807,(3,9223372036854775807))
Edge(484251,177150,(3,9223372036854775807))
Edge(484260,8036,(1,9223372036854775807))
Edge(484332,64150,(3,9223372036854775807))
Edge(484352,285556,(3,9223372036854775807))
Edge(484972,99696,(3,9223372036854775807))
Edge(485822,468049,(3,9223372036854775807))
Edge(486176,442362,(3,9223372036854775807))
Edge(486203,1734,(1,3))
Edge(486208,94151,(3,9223372036854775807))
Edge(486260,316601,(3,9223372036854775807))
Edge(486300,371848,(3,9223372036854775807))
Edge(486319,229886,(3,9223372036854775807))
Edge(486753,217967,(3,9223372036854775807))
Edge(487264,292197,(3,9223372036854775807))
Edge(488012,289669,(3,9223372036854775807))
Edge(488208,296131,(3,9223372036854775807))
Edge(488572,394103,(3,9223372036854775807))
Edge(489842,119743,(1,9223372036854775807))
Edge(489897,439192,(1,9223372036854775807))
Edge(490025,486459,(3,9223372036854775807))
Edge(490278,195944,(3,9223372036854775807))
Edge(490400,37670,(1,9223372036854775807))
Edge(490408,40711,(3,9223372036854775807))
Edge(490870,49607,(3,9223372036854775807))
Edge(491282,260765,(1,9223372036854775807))
Edge(491325,471145,(1,9223372036854775807))
Edge(491583,289505,(1,9223372036854775807))
Edge(491953,85094,(3,9223372036854775807))
Edge(492342,489063,(3,9223372036854775807))
Edge(492643,453789,(3,9223372036854775807))
Edge(492821,434994,(3,9223372036854775807))
Edge(492832,59504,(3,9223372036854775807))
Edge(492944,406309,(3,9223372036854775807))
Edge(493998,177468,(3,9223372036854775807))
Edge(494718,367864,(3,9223372036854775807))
Edge(495116,424466,(3,9223372036854775807))
Edge(495136,208967,(3,9223372036854775807))
Edge(496078,307705,(3,9223372036854775807))
Edge(496393,61023,(3,9223372036854775807))
Edge(496527,77404,(3,9223372036854775807))
Edge(496573,59287,(3,9223372036854775807))
Edge(496911,213730,(3,9223372036854775807))
Edge(497175,13928,(3,9223372036854775807))
Edge(497243,91876,(1,9223372036854775807))
Edge(497417,265134,(3,9223372036854775807))
Edge(497425,241514,(3,9223372036854775807))
Edge(497990,406109,(3,9223372036854775807))
Edge(498022,5442,(3,9223372036854775807))
Edge(498059,172208,(3,9223372036854775807))
Edge(498130,458762,(3,9223372036854775807))
Edge(498154,364532,(3,9223372036854775807))
Edge(498215,141119,(1,9223372036854775807))
Edge(498216,14915,(1,9223372036854775807))
Edge(498425,311642,(3,9223372036854775807))
Edge(499295,93564,(3,9223372036854775807))
Edge(499691,307618,(1,3))
