Edge(123,281335,(3,9223372036854775807))
Edge(336,499750,(3,9223372036854775807))
Edge(382,427650,(4,9223372036854775807))
Edge(666,11614,(3,9223372036854775807))
Edge(714,236116,(1,9223372036854775807))
Edge(1091,283756,(3,9223372036854775807))
Edge(1622,128556,(3,9223372036854775807))
Edge(2036,417636,(3,9223372036854775807))
Edge(2086,18435,(3,9223372036854775807))
Edge(2238,441782,(3,9223372036854775807))
Edge(3301,173716,(3,9223372036854775807))
Edge(3610,478610,(3,9223372036854775807))
Edge(4116,5385,(3,9223372036854775807))
Edge(4247,21370,(1,3))
Edge(4367,30714,(3,9223372036854775807))
Edge(4378,446499,(3,9223372036854775807))
Edge(4706,217317,(3,9223372036854775807))
Edge(4922,76431,(3,9223372036854775807))
Edge(5018,416451,(3,9223372036854775807))
Edge(5155,102499,(3,9223372036854775807))
Edge(5163,31112,(3,9223372036854775807))
Edge(5332,343486,(3,9223372036854775807))
Edge(5524,479258,(3,9223372036854775807))
Edge(6040,417431,(3,9223372036854775807))
Edge(6350,103957,(3,9223372036854775807))
Edge(6460,34324,(3,9223372036854775807))
Edge(6634,320011,(3,9223372036854775807))
Edge(7219,7376,(3,9223372036854775807))
Edge(7687,284961,(3,9223372036854775807))
Edge(7923,384290,(3,9223372036854775807))
Edge(8099,410187,(3,9223372036854775807))
Edge(8327,313122,(3,9223372036854775807))
Edge(8368,450199,(3,9223372036854775807))
Edge(8510,380311,(3,9223372036854775807))
Edge(8679,107445,(1,3))
Edge(8892,232114,(3,9223372036854775807))
Edge(9149,334534,(3,9223372036854775807))
Edge(9441,207480,(3,9223372036854775807))
Edge(9499,107646,(3,9223372036854775807))
Edge(9843,37503,(3,9223372036854775807))
Edge(9999,93039,(3,9223372036854775807))
Edge(10098,126793,(3,9223372036854775807))
Edge(10114,177745,(3,9223372036854775807))
Edge(10119,283705,(3,9223372036854775807))
Edge(11190,199837,(3,9223372036854775807))
Edge(11293,338751,(3,9223372036854775807))
Edge(12113,39600,(1,9223372036854775807))
Edge(12123,175144,(3,9223372036854775807))
Edge(12413,214379,(3,9223372036854775807))
Edge(12544,285932,(1,9223372036854775807))
Edge(14205,256449,(3,9223372036854775807))
Edge(14337,459506,(1,9223372036854775807))
Edge(14363,296539,(3,9223372036854775807))
Edge(14623,222105,(3,9223372036854775807))
Edge(14903,375327,(3,9223372036854775807))
Edge(15016,12993,(1,9223372036854775807))
Edge(15494,447894,(1,9223372036854775807))
Edge(15692,283674,(3,9223372036854775807))
Edge(15936,407240,(3,9223372036854775807))
Edge(17037,169804,(3,9223372036854775807))
Edge(17068,411423,(3,9223372036854775807))
Edge(17502,114998,(1,9223372036854775807))
Edge(17590,35490,(1,9223372036854775807))
Edge(17680,418785,(3,9223372036854775807))
Edge(18481,28528,(3,9223372036854775807))
Edge(18503,69183,(3,9223372036854775807))
Edge(18611,333561,(3,9223372036854775807))
Edge(18691,2955,(3,9223372036854775807))
Edge(18846,84615,(3,9223372036854775807))
Edge(18892,220996,(3,9223372036854775807))
Edge(19389,487248,(3,9223372036854775807))
Edge(19575,261018,(3,9223372036854775807))
Edge(20109,89083,(3,9223372036854775807))
Edge(20493,492435,(3,9223372036854775807))
Edge(21084,278414,(3,9223372036854775807))
Edge(21330,284368,(3,9223372036854775807))
Edge(21617,25894,(3,9223372036854775807))
Edge(21649,413005,(3,9223372036854775807))
Edge(23199,443936,(3,9223372036854775807))
Edge(23319,210769,(3,9223372036854775807))
Edge(23388,426318,(3,9223372036854775807))
Edge(23553,113635,(3,9223372036854775807))
Edge(23564,255755,(1,3))
Edge(24257,188385,(3,9223372036854775807))
Edge(24514,387232,(3,9223372036854775807))
Edge(24805,429951,(1,9223372036854775807))
Edge(24960,358218,(3,9223372036854775807))
Edge(25015,413766,(3,9223372036854775807))
Edge(25188,374848,(3,9223372036854775807))
Edge(25333,293330,(3,9223372036854775807))
Edge(25635,183958,(3,9223372036854775807))
Edge(25957,24569,(3,9223372036854775807))
Edge(26534,8848,(3,9223372036854775807))
Edge(26787,379608,(3,9223372036854775807))
Edge(27037,79810,(3,9223372036854775807))
Edge(27154,123222,(3,9223372036854775807))
Edge(27252,131957,(1,3))
Edge(27325,337709,(3,9223372036854775807))
Edge(28745,57640,(3,9223372036854775807))
Edge(28786,387899,(3,9223372036854775807))
Edge(28789,387211,(3,9223372036854775807))
Edge(28810,489604,(3,9223372036854775807))
Edge(28917,447778,(3,9223372036854775807))
Edge(29516,341543,(3,9223372036854775807))
Edge(30171,312361,(3,9223372036854775807))
Edge(30354,418538,(3,9223372036854775807))
Edge(30407,285357,(3,9223372036854775807))
Edge(30822,173773,(3,9223372036854775807))
Edge(30954,262303,(3,9223372036854775807))
Edge(31302,59211,(3,9223372036854775807))
Edge(31737,320135,(3,9223372036854775807))
Edge(33411,264978,(3,9223372036854775807))
Edge(33554,217575,(3,9223372036854775807))
Edge(34096,380994,(1,9223372036854775807))
Edge(34209,450983,(3,9223372036854775807))
Edge(34879,367533,(3,9223372036854775807))
Edge(34880,473979,(3,9223372036854775807))
Edge(35150,13132,(1,9223372036854775807))
Edge(35190,483842,(3,9223372036854775807))
Edge(35455,477163,(1,9223372036854775807))
Edge(35725,83476,(3,9223372036854775807))
Edge(35743,52084,(3,9223372036854775807))
Edge(35869,407557,(1,9223372036854775807))
Edge(36250,101846,(3,9223372036854775807))
Edge(36286,315746,(3,9223372036854775807))
Edge(36294,483552,(3,9223372036854775807))
Edge(36332,404245,(1,3))
Edge(36547,198582,(1,9223372036854775807))
Edge(37203,138666,(3,9223372036854775807))
Edge(37252,334752,(3,9223372036854775807))
Edge(37414,163607,(3,9223372036854775807))
Edge(37625,116007,(1,9223372036854775807))
Edge(37913,468800,(3,9223372036854775807))
Edge(38789,349574,(1,3))
Edge(38901,48525,(3,9223372036854775807))
Edge(39157,386625,(3,9223372036854775807))
Edge(39772,404552,(3,9223372036854775807))
Edge(39869,491045,(2,9223372036854775807))
Edge(40582,93493,(3,9223372036854775807))
Edge(40584,291506,(3,9223372036854775807))
Edge(41032,121038,(3,9223372036854775807))
Edge(41226,31793,(3,9223372036854775807))
Edge(41381,292599,(3,9223372036854775807))
Edge(41630,276543,(3,9223372036854775807))
Edge(42139,127071,(1,9223372036854775807))
Edge(42234,358562,(1,3))
Edge(42528,130209,(3,9223372036854775807))
Edge(42616,491591,(3,9223372036854775807))
Edge(42923,96427,(3,9223372036854775807))
Edge(43321,463118,(3,9223372036854775807))
Edge(43352,69315,(3,9223372036854775807))
Edge(43637,337724,(1,9223372036854775807))
Edge(44613,260149,(1,9223372036854775807))
Edge(44751,232569,(3,9223372036854775807))
Edge(44772,127223,(3,9223372036854775807))
Edge(44892,382794,(3,9223372036854775807))
Edge(45257,26540,(1,9223372036854775807))
Edge(45374,252525,(1,9223372036854775807))
Edge(45396,83411,(3,9223372036854775807))
Edge(45630,467353,(3,9223372036854775807))
Edge(45875,357469,(3,9223372036854775807))
Edge(46002,170105,(3,9223372036854775807))
Edge(46008,379550,(3,9223372036854775807))
Edge(47272,375185,(3,9223372036854775807))
Edge(47812,34379,(3,9223372036854775807))
Edge(48495,452505,(3,9223372036854775807))
Edge(48543,83963,(3,9223372036854775807))
Edge(48582,10206,(3,9223372036854775807))
Edge(48620,465032,(3,9223372036854775807))
Edge(48688,399063,(3,9223372036854775807))
Edge(48766,357698,(3,9223372036854775807))
Edge(49074,294633,(3,9223372036854775807))
Edge(49127,63692,(3,9223372036854775807))
Edge(49619,150682,(3,9223372036854775807))
Edge(49993,190879,(3,9223372036854775807))
Edge(50811,464329,(3,9223372036854775807))
Edge(51234,90554,(1,9223372036854775807))
Edge(51585,142068,(3,9223372036854775807))
Edge(51992,250204,(1,9223372036854775807))
Edge(52003,148196,(1,9223372036854775807))
Edge(52008,63192,(1,3))
Edge(52614,139080,(1,9223372036854775807))
Edge(52914,481601,(3,9223372036854775807))
Edge(53261,268991,(3,9223372036854775807))
Edge(53438,334243,(3,9223372036854775807))
Edge(53945,44508,(1,3))
Edge(53969,413881,(3,9223372036854775807))
Edge(54180,215849,(1,3))
Edge(54581,322898,(3,9223372036854775807))
Edge(54837,167225,(3,9223372036854775807))
Edge(55256,329391,(1,9223372036854775807))
Edge(55879,270805,(3,9223372036854775807))
Edge(56011,174918,(3,9223372036854775807))
Edge(56015,425865,(1,3))
Edge(56606,470393,(3,9223372036854775807))
Edge(56711,135763,(3,9223372036854775807))
Edge(56967,252565,(3,9223372036854775807))
Edge(57481,87386,(3,9223372036854775807))
Edge(57830,221037,(3,9223372036854775807))
Edge(57831,480697,(3,9223372036854775807))
Edge(57882,210175,(3,9223372036854775807))
Edge(58247,225414,(3,9223372036854775807))
Edge(58541,491406,(1,9223372036854775807))
Edge(58883,32505,(3,9223372036854775807))
Edge(58967,2426,(3,9223372036854775807))
Edge(58983,255317,(3,9223372036854775807))
Edge(59174,68162,(3,9223372036854775807))
Edge(59663,490731,(3,9223372036854775807))
Edge(59804,372505,(1,3))
Edge(59857,394671,(3,9223372036854775807))
Edge(60730,32894,(3,9223372036854775807))
Edge(60975,96136,(3,9223372036854775807))
Edge(61012,291445,(1,9223372036854775807))
Edge(61284,233386,(1,9223372036854775807))
Edge(61323,34590,(3,9223372036854775807))
Edge(61610,445828,(1,9223372036854775807))
Edge(62167,173143,(3,9223372036854775807))
Edge(62641,475243,(1,9223372036854775807))
Edge(62812,317213,(3,9223372036854775807))
Edge(62820,421760,(3,9223372036854775807))
Edge(62831,304712,(3,9223372036854775807))
Edge(63348,287354,(3,9223372036854775807))
Edge(63494,45030,(3,9223372036854775807))
Edge(63542,468966,(1,9223372036854775807))
Edge(63582,67217,(1,9223372036854775807))
Edge(63817,414834,(3,9223372036854775807))
Edge(63827,391620,(3,9223372036854775807))
Edge(63899,22842,(1,9223372036854775807))
Edge(63922,248576,(3,9223372036854775807))
Edge(64043,132480,(3,9223372036854775807))
Edge(64043,285693,(3,9223372036854775807))
Edge(64069,336748,(3,9223372036854775807))
Edge(64188,141479,(3,9223372036854775807))
Edge(64892,491265,(3,9223372036854775807))
Edge(65283,317673,(3,9223372036854775807))
Edge(65796,225265,(3,9223372036854775807))
Edge(66023,195099,(3,9223372036854775807))
Edge(66190,271386,(3,9223372036854775807))
Edge(66675,262426,(3,9223372036854775807))
Edge(66695,217260,(1,9223372036854775807))
Edge(66870,221175,(1,9223372036854775807))
Edge(66883,14933,(3,9223372036854775807))
Edge(66993,473483,(3,9223372036854775807))
Edge(67027,377639,(3,9223372036854775807))
Edge(67725,255423,(1,3))
Edge(67848,151665,(3,9223372036854775807))
Edge(68089,483482,(1,9223372036854775807))
Edge(68890,374872,(3,9223372036854775807))
Edge(69127,118087,(3,9223372036854775807))
Edge(69155,36826,(3,9223372036854775807))
Edge(69353,240058,(1,9223372036854775807))
Edge(69613,148185,(3,9223372036854775807))
Edge(69696,374536,(3,9223372036854775807))
Edge(70914,190507,(3,9223372036854775807))
Edge(71246,353318,(3,9223372036854775807))
Edge(71416,125000,(3,9223372036854775807))
Edge(71648,194192,(3,9223372036854775807))
Edge(71667,238275,(3,9223372036854775807))
Edge(71994,106815,(3,9223372036854775807))
Edge(72248,385106,(3,9223372036854775807))
Edge(73284,247787,(3,9223372036854775807))
Edge(73869,142878,(3,9223372036854775807))
Edge(73935,29561,(3,9223372036854775807))
Edge(73999,400640,(3,9223372036854775807))
Edge(74393,365196,(3,9223372036854775807))
Edge(74646,151196,(3,9223372036854775807))
Edge(74767,145476,(1,9223372036854775807))
Edge(74978,70457,(1,9223372036854775807))
Edge(75399,342509,(1,9223372036854775807))
Edge(75781,482392,(3,9223372036854775807))
Edge(76002,409500,(3,9223372036854775807))
Edge(76454,162697,(3,9223372036854775807))
Edge(76635,284344,(3,9223372036854775807))
Edge(77254,21201,(3,9223372036854775807))
Edge(79072,99626,(3,9223372036854775807))
Edge(79307,483105,(1,9223372036854775807))
Edge(79540,45436,(1,9223372036854775807))
Edge(79974,498900,(3,9223372036854775807))
Edge(80251,29391,(3,9223372036854775807))
Edge(80736,126018,(3,9223372036854775807))
Edge(80936,413306,(3,9223372036854775807))
Edge(81626,331008,(3,9223372036854775807))
Edge(81733,333649,(3,9223372036854775807))
Edge(81762,18175,(3,9223372036854775807))
Edge(82504,11071,(3,9223372036854775807))
Edge(82666,254822,(3,9223372036854775807))
Edge(83314,144441,(1,9223372036854775807))
Edge(83687,219769,(3,9223372036854775807))
Edge(83970,291156,(1,9223372036854775807))
Edge(84016,8452,(3,9223372036854775807))
Edge(85303,208943,(3,9223372036854775807))
Edge(85649,363166,(1,3))
Edge(85849,329526,(3,9223372036854775807))
Edge(86142,310646,(3,9223372036854775807))
Edge(86457,230372,(3,9223372036854775807))
Edge(86624,250030,(3,9223372036854775807))
Edge(86839,292515,(3,9223372036854775807))
Edge(86880,266525,(1,9223372036854775807))
Edge(87175,40359,(1,9223372036854775807))
Edge(87413,435533,(3,9223372036854775807))
Edge(88664,166572,(3,9223372036854775807))
Edge(89277,491234,(1,9223372036854775807))
Edge(89281,78850,(3,9223372036854775807))
Edge(89671,226795,(3,9223372036854775807))
Edge(90014,367032,(3,9223372036854775807))
Edge(90610,298592,(3,9223372036854775807))
Edge(90723,55118,(3,9223372036854775807))
Edge(91663,73041,(3,9223372036854775807))
Edge(91937,50153,(3,9223372036854775807))
Edge(92264,130818,(3,9223372036854775807))
Edge(92926,228588,(3,9223372036854775807))
Edge(93102,202988,(3,9223372036854775807))
Edge(93127,277594,(1,3))
Edge(93259,321689,(3,9223372036854775807))
Edge(93754,282403,(1,9223372036854775807))
Edge(94432,31057,(3,9223372036854775807))
Edge(94661,180877,(3,9223372036854775807))
Edge(95956,478526,(3,9223372036854775807))
Edge(95977,258446,(3,9223372036854775807))
Edge(96140,108274,(3,9223372036854775807))
Edge(96746,94034,(3,9223372036854775807))
Edge(96823,180153,(3,9223372036854775807))
Edge(96958,236680,(1,3))
Edge(97548,345011,(3,9223372036854775807))
Edge(97917,134074,(3,9223372036854775807))
Edge(98623,358964,(3,9223372036854775807))
Edge(99097,175804,(3,9223372036854775807))
Edge(99143,278482,(3,9223372036854775807))
Edge(99170,4435,(3,9223372036854775807))
Edge(99234,390979,(1,9223372036854775807))
Edge(99334,298521,(1,3))
Edge(99640,435669,(3,9223372036854775807))
Edge(99744,165120,(1,9223372036854775807))
Edge(99947,125757,(3,9223372036854775807))
Edge(101025,9796,(3,9223372036854775807))
Edge(101622,476064,(1,3))
Edge(101920,274257,(3,9223372036854775807))
Edge(101975,402820,(3,9223372036854775807))
Edge(102167,83084,(3,9223372036854775807))
Edge(102211,485458,(1,3))
Edge(102435,229452,(1,9223372036854775807))
Edge(102863,459872,(3,9223372036854775807))
Edge(103051,330622,(3,9223372036854775807))
Edge(103052,405121,(3,9223372036854775807))
Edge(103643,309513,(3,9223372036854775807))
Edge(103818,157996,(1,9223372036854775807))
Edge(103865,495179,(3,9223372036854775807))
Edge(103959,214464,(3,9223372036854775807))
Edge(104376,444512,(3,9223372036854775807))
Edge(104570,21048,(3,9223372036854775807))
Edge(105062,128058,(3,9223372036854775807))
Edge(105116,476088,(3,9223372036854775807))
Edge(105143,64968,(3,9223372036854775807))
Edge(105359,14617,(3,9223372036854775807))
Edge(105744,80160,(1,9223372036854775807))
Edge(105918,284532,(3,9223372036854775807))
Edge(106567,67248,(3,9223372036854775807))
Edge(107139,495111,(3,9223372036854775807))
Edge(107239,237942,(3,9223372036854775807))
Edge(107484,474592,(3,9223372036854775807))
Edge(107614,170865,(3,9223372036854775807))
Edge(107953,14725,(3,9223372036854775807))
Edge(108004,383041,(3,9223372036854775807))
Edge(108417,138026,(3,9223372036854775807))
Edge(108733,159010,(1,9223372036854775807))
Edge(108804,385062,(3,9223372036854775807))
Edge(108912,61189,(3,9223372036854775807))
Edge(109702,329564,(3,9223372036854775807))
Edge(109824,287321,(3,9223372036854775807))
Edge(109871,142591,(1,9223372036854775807))
Edge(110145,76910,(3,9223372036854775807))
Edge(110150,74482,(1,9223372036854775807))
Edge(110311,119016,(3,9223372036854775807))
Edge(110316,458062,(3,9223372036854775807))
Edge(110541,190065,(1,9223372036854775807))
Edge(110607,45730,(3,9223372036854775807))
Edge(110849,371577,(1,9223372036854775807))
Edge(112092,276141,(3,9223372036854775807))
Edge(112348,334498,(3,9223372036854775807))
Edge(112849,247157,(3,9223372036854775807))
Edge(114807,297140,(3,9223372036854775807))
Edge(114861,156624,(3,9223372036854775807))
Edge(115214,357677,(3,9223372036854775807))
Edge(115227,316947,(3,9223372036854775807))
Edge(115565,146519,(3,9223372036854775807))
Edge(115594,321207,(3,9223372036854775807))
Edge(116752,300288,(3,9223372036854775807))
Edge(117455,442441,(1,9223372036854775807))
Edge(117814,40809,(3,9223372036854775807))
Edge(118081,491208,(1,3))
Edge(118107,133300,(3,9223372036854775807))
Edge(118281,440014,(1,9223372036854775807))
Edge(118306,193707,(3,9223372036854775807))
Edge(118497,334892,(3,9223372036854775807))
Edge(118679,82097,(3,9223372036854775807))
Edge(118727,58132,(3,9223372036854775807))
Edge(118880,275596,(3,9223372036854775807))
Edge(119057,333474,(3,9223372036854775807))
Edge(119159,457213,(3,9223372036854775807))
Edge(119328,453195,(3,9223372036854775807))
Edge(119567,342869,(3,9223372036854775807))
Edge(119595,240339,(3,9223372036854775807))
Edge(119709,162911,(3,9223372036854775807))
Edge(119998,336496,(3,9223372036854775807))
Edge(120102,130425,(1,9223372036854775807))
Edge(120443,210807,(3,9223372036854775807))
Edge(120587,498177,(1,9223372036854775807))
Edge(120598,145951,(1,9223372036854775807))
Edge(120800,307097,(3,9223372036854775807))
Edge(120901,195701,(3,9223372036854775807))
Edge(121060,464984,(3,9223372036854775807))
Edge(121232,294941,(3,9223372036854775807))
Edge(121416,279569,(1,9223372036854775807))
Edge(121898,497215,(3,9223372036854775807))
Edge(121964,6521,(1,9223372036854775807))
Edge(122089,396689,(1,9223372036854775807))
Edge(123124,381037,(3,9223372036854775807))
Edge(123478,318715,(3,9223372036854775807))
Edge(124040,367002,(3,9223372036854775807))
Edge(124201,53575,(3,9223372036854775807))
Edge(125265,124490,(3,9223372036854775807))
Edge(125593,86395,(3,9223372036854775807))
Edge(125768,41437,(1,9223372036854775807))
Edge(125898,440870,(1,9223372036854775807))
Edge(125947,435943,(3,9223372036854775807))
Edge(126499,440626,(3,9223372036854775807))
Edge(126810,387440,(3,9223372036854775807))
Edge(126963,205894,(1,9223372036854775807))
Edge(126995,449021,(1,9223372036854775807))
Edge(127679,271184,(1,9223372036854775807))
Edge(128255,336485,(3,9223372036854775807))
Edge(128454,189604,(3,9223372036854775807))
Edge(129426,169871,(1,9223372036854775807))
Edge(129607,43050,(3,9223372036854775807))
Edge(129675,491923,(3,9223372036854775807))
Edge(129679,193857,(3,9223372036854775807))
Edge(129969,365159,(3,9223372036854775807))
Edge(130304,33698,(3,9223372036854775807))
Edge(130319,95701,(3,9223372036854775807))
Edge(130359,53811,(3,9223372036854775807))
Edge(130378,298519,(1,9223372036854775807))
Edge(130461,45274,(3,9223372036854775807))
Edge(130623,312924,(3,9223372036854775807))
Edge(130779,237013,(3,9223372036854775807))
Edge(130964,406779,(3,9223372036854775807))
Edge(131421,274510,(3,9223372036854775807))
Edge(131756,224743,(3,9223372036854775807))
Edge(131768,10900,(3,9223372036854775807))
Edge(132022,323985,(3,9223372036854775807))
Edge(132514,5651,(3,9223372036854775807))
Edge(132875,326713,(3,9223372036854775807))
Edge(133656,450790,(3,9223372036854775807))
Edge(133727,214410,(3,9223372036854775807))
Edge(134040,158692,(1,9223372036854775807))
Edge(134089,301708,(3,9223372036854775807))
Edge(134205,297198,(3,9223372036854775807))
Edge(134721,107934,(3,9223372036854775807))
Edge(134960,322427,(3,9223372036854775807))
Edge(135072,232516,(3,9223372036854775807))
Edge(135151,428353,(1,9223372036854775807))
Edge(135279,68344,(3,9223372036854775807))
Edge(135312,359225,(3,9223372036854775807))
Edge(135404,82347,(3,9223372036854775807))
Edge(135411,464043,(3,9223372036854775807))
Edge(135471,91033,(1,9223372036854775807))
Edge(136249,362065,(3,9223372036854775807))
Edge(136423,432093,(3,9223372036854775807))
Edge(136563,11518,(3,9223372036854775807))
Edge(136662,120819,(3,9223372036854775807))
Edge(137335,306246,(3,9223372036854775807))
Edge(137733,308495,(3,9223372036854775807))
Edge(137786,178600,(3,9223372036854775807))
Edge(138076,375066,(3,9223372036854775807))
Edge(139782,292785,(1,3))
Edge(139853,497640,(3,9223372036854775807))
Edge(139933,286240,(3,9223372036854775807))
Edge(140019,471836,(3,9223372036854775807))
Edge(140456,58621,(3,9223372036854775807))
Edge(140615,261011,(3,9223372036854775807))
Edge(141202,283164,(3,9223372036854775807))
Edge(141238,278638,(3,9223372036854775807))
Edge(141400,93168,(3,9223372036854775807))
Edge(141427,488787,(3,9223372036854775807))
Edge(141813,67008,(3,9223372036854775807))
Edge(142019,249278,(3,9223372036854775807))
Edge(142113,470115,(3,9223372036854775807))
Edge(142201,50726,(3,9223372036854775807))
Edge(142601,195010,(1,9223372036854775807))
Edge(142722,138464,(1,9223372036854775807))
Edge(142747,26551,(1,9223372036854775807))
Edge(143001,323327,(3,9223372036854775807))
Edge(143031,476540,(3,9223372036854775807))
Edge(143105,49765,(3,9223372036854775807))
Edge(143124,168383,(3,9223372036854775807))
Edge(143476,469242,(3,9223372036854775807))
Edge(143684,120215,(3,9223372036854775807))
Edge(144138,443747,(3,9223372036854775807))
Edge(144933,215804,(3,9223372036854775807))
Edge(145266,141464,(3,9223372036854775807))
Edge(145338,200217,(1,9223372036854775807))
Edge(145751,279918,(3,9223372036854775807))
Edge(146152,211006,(1,9223372036854775807))
Edge(146432,210002,(3,9223372036854775807))
Edge(146463,266075,(1,9223372036854775807))
Edge(146554,7416,(3,9223372036854775807))
Edge(146664,187149,(3,9223372036854775807))
Edge(146785,212121,(3,9223372036854775807))
Edge(146931,359804,(1,9223372036854775807))
Edge(146974,157716,(3,9223372036854775807))
Edge(147079,156590,(3,9223372036854775807))
Edge(147162,134006,(3,9223372036854775807))
Edge(147607,180777,(3,9223372036854775807))
Edge(147744,495715,(3,9223372036854775807))
Edge(147887,201279,(3,9223372036854775807))
Edge(147911,190157,(3,9223372036854775807))
Edge(148627,477355,(3,9223372036854775807))
Edge(149363,29640,(1,9223372036854775807))
Edge(149787,388960,(3,9223372036854775807))
Edge(150234,288447,(3,9223372036854775807))
Edge(150526,343498,(3,9223372036854775807))
Edge(151154,235692,(3,9223372036854775807))
Edge(151557,363536,(3,9223372036854775807))
Edge(151560,116697,(3,9223372036854775807))
Edge(151628,257829,(1,9223372036854775807))
Edge(152792,316587,(1,9223372036854775807))
Edge(153201,352784,(3,9223372036854775807))
Edge(153654,10046,(3,9223372036854775807))
Edge(153739,352012,(3,9223372036854775807))
Edge(154576,317273,(1,9223372036854775807))
Edge(154993,40460,(3,9223372036854775807))
Edge(155181,155313,(3,9223372036854775807))
Edge(156187,228790,(1,9223372036854775807))
Edge(156337,200707,(3,9223372036854775807))
Edge(156474,329676,(3,9223372036854775807))
Edge(156989,206654,(3,9223372036854775807))
Edge(157183,58575,(1,9223372036854775807))
Edge(157225,21328,(3,9223372036854775807))
Edge(157332,241532,(1,3))
Edge(157898,331330,(3,9223372036854775807))
Edge(157957,391001,(3,9223372036854775807))
Edge(158120,103376,(1,3))
Edge(158545,131994,(3,9223372036854775807))
Edge(158800,292483,(3,9223372036854775807))
Edge(158988,43893,(3,9223372036854775807))
Edge(159037,233234,(3,9223372036854775807))
Edge(160094,496217,(3,9223372036854775807))
Edge(160174,235594,(3,9223372036854775807))
Edge(160220,423732,(3,9223372036854775807))
Edge(160380,499240,(1,9223372036854775807))
Edge(160588,101111,(1,9223372036854775807))
Edge(160786,462348,(3,9223372036854775807))
Edge(160916,267681,(3,9223372036854775807))
Edge(161215,65990,(3,9223372036854775807))
Edge(161333,106332,(4,9223372036854775807))
Edge(161815,454117,(3,9223372036854775807))
Edge(162048,377707,(3,9223372036854775807))
Edge(162114,320097,(3,9223372036854775807))
Edge(162237,384039,(3,9223372036854775807))
Edge(162358,91756,(3,9223372036854775807))
Edge(162433,223054,(1,9223372036854775807))
Edge(162580,345572,(3,9223372036854775807))
Edge(162797,208918,(3,9223372036854775807))
Edge(162857,52409,(3,9223372036854775807))
Edge(162895,461169,(1,9223372036854775807))
Edge(163675,345835,(3,9223372036854775807))
Edge(163876,497209,(1,9223372036854775807))
Edge(163936,22789,(3,9223372036854775807))
Edge(164559,309941,(1,9223372036854775807))
Edge(164570,277311,(3,9223372036854775807))
Edge(164674,136113,(3,9223372036854775807))
Edge(164895,440820,(3,9223372036854775807))
Edge(165314,481140,(3,9223372036854775807))
Edge(165729,183813,(3,9223372036854775807))
Edge(165851,416715,(3,9223372036854775807))
Edge(166114,440115,(3,9223372036854775807))
Edge(166636,312853,(3,9223372036854775807))
Edge(167051,325637,(3,9223372036854775807))
Edge(167092,176826,(1,9223372036854775807))
Edge(167810,383370,(3,9223372036854775807))
Edge(167859,14810,(3,9223372036854775807))
Edge(168095,451651,(3,9223372036854775807))
Edge(168147,153586,(3,9223372036854775807))
Edge(168519,414345,(1,9223372036854775807))
Edge(168889,410300,(1,9223372036854775807))
Edge(168950,254223,(3,9223372036854775807))
Edge(169322,401158,(3,9223372036854775807))
Edge(169491,148745,(3,9223372036854775807))
Edge(170205,437607,(3,9223372036854775807))
Edge(170687,421650,(3,9223372036854775807))
Edge(170932,171779,(3,9223372036854775807))
Edge(171483,187538,(1,3))
Edge(171800,180052,(3,9223372036854775807))
Edge(171810,161555,(1,9223372036854775807))
Edge(172556,321233,(3,9223372036854775807))
Edge(172593,308389,(1,9223372036854775807))
Edge(172663,362164,(1,9223372036854775807))
Edge(172834,451612,(3,9223372036854775807))
Edge(172951,328821,(3,9223372036854775807))
Edge(173002,432815,(3,9223372036854775807))
Edge(173590,105520,(1,3))
Edge(173999,260357,(3,9223372036854775807))
Edge(174369,485100,(3,9223372036854775807))
Edge(174598,497198,(3,9223372036854775807))
Edge(174707,222798,(3,9223372036854775807))
Edge(174731,266623,(3,9223372036854775807))
Edge(174793,283461,(3,9223372036854775807))
Edge(174868,455676,(3,9223372036854775807))
Edge(174938,316459,(3,9223372036854775807))
Edge(175059,419875,(3,9223372036854775807))
Edge(175126,176652,(1,9223372036854775807))
Edge(175469,314451,(1,3))
Edge(175505,493079,(3,9223372036854775807))
Edge(175864,338805,(3,9223372036854775807))
Edge(176351,128800,(3,9223372036854775807))
Edge(176425,72752,(3,9223372036854775807))
Edge(176931,434831,(3,9223372036854775807))
Edge(177201,274988,(4,9223372036854775807))
Edge(177355,397956,(1,9223372036854775807))
Edge(177457,455879,(3,9223372036854775807))
Edge(177535,359292,(3,9223372036854775807))
Edge(177560,93220,(1,9223372036854775807))
Edge(178156,31586,(1,3))
Edge(178192,107606,(1,9223372036854775807))
Edge(178749,408572,(3,9223372036854775807))
Edge(178750,159694,(3,9223372036854775807))
Edge(178922,41684,(3,9223372036854775807))
Edge(179137,55399,(3,9223372036854775807))
Edge(179357,126162,(3,9223372036854775807))
Edge(179391,290071,(3,9223372036854775807))
Edge(179454,5929,(3,9223372036854775807))
Edge(179503,9924,(3,9223372036854775807))
Edge(179507,75438,(3,9223372036854775807))
Edge(179656,425552,(3,9223372036854775807))
Edge(179800,390293,(3,9223372036854775807))
Edge(179961,342546,(3,9223372036854775807))
Edge(180350,105036,(3,9223372036854775807))
Edge(180859,26035,(1,9223372036854775807))
Edge(180983,369270,(1,3))
Edge(181217,29515,(3,9223372036854775807))
Edge(181231,176479,(1,3))
Edge(181236,288341,(3,9223372036854775807))
Edge(181287,185975,(3,9223372036854775807))
Edge(181415,92456,(3,9223372036854775807))
Edge(181540,42661,(3,9223372036854775807))
Edge(181708,155913,(3,9223372036854775807))
Edge(181785,407039,(3,9223372036854775807))
Edge(181870,103557,(1,3))
Edge(182079,118295,(3,9223372036854775807))
Edge(182564,20123,(3,9223372036854775807))
Edge(182854,293579,(3,9223372036854775807))
Edge(183111,216560,(3,9223372036854775807))
Edge(183196,355179,(3,9223372036854775807))
Edge(183269,36213,(3,9223372036854775807))
Edge(184186,86333,(1,9223372036854775807))
Edge(184357,462000,(1,9223372036854775807))
Edge(184666,303984,(1,9223372036854775807))
Edge(185248,202767,(3,9223372036854775807))
Edge(185394,197800,(3,9223372036854775807))
Edge(185762,282485,(1,9223372036854775807))
Edge(185835,153131,(3,9223372036854775807))
Edge(186241,93148,(1,9223372036854775807))
Edge(187229,27851,(3,9223372036854775807))
Edge(187258,349789,(3,9223372036854775807))
Edge(187584,200996,(1,9223372036854775807))
Edge(187896,20569,(3,9223372036854775807))
Edge(188555,321289,(1,9223372036854775807))
Edge(189222,220956,(3,9223372036854775807))
Edge(189226,462908,(3,9223372036854775807))
Edge(189272,307750,(3,9223372036854775807))
Edge(189345,119604,(3,9223372036854775807))
Edge(189397,284872,(1,9223372036854775807))
Edge(189689,233577,(3,9223372036854775807))
Edge(189932,242353,(3,9223372036854775807))
Edge(190425,92955,(3,9223372036854775807))
Edge(190461,201502,(3,9223372036854775807))
Edge(190518,83175,(3,9223372036854775807))
Edge(190608,134112,(3,9223372036854775807))
Edge(191262,175790,(3,9223372036854775807))
Edge(193070,323241,(3,9223372036854775807))
Edge(193359,404138,(3,9223372036854775807))
Edge(193530,14685,(1,9223372036854775807))
Edge(193611,60329,(3,9223372036854775807))
Edge(193694,208170,(3,9223372036854775807))
Edge(193972,284873,(3,9223372036854775807))
Edge(194010,290312,(3,9223372036854775807))
Edge(194691,88380,(3,9223372036854775807))
Edge(195048,486231,(3,9223372036854775807))
Edge(195650,459711,(3,9223372036854775807))
Edge(195737,205385,(3,9223372036854775807))
Edge(196006,59415,(3,9223372036854775807))
Edge(196172,495759,(3,9223372036854775807))
Edge(196353,184372,(3,9223372036854775807))
Edge(197057,125373,(3,9223372036854775807))
Edge(197436,322699,(3,9223372036854775807))
Edge(197496,24680,(3,9223372036854775807))
Edge(197506,8994,(3,9223372036854775807))
Edge(197513,421469,(3,9223372036854775807))
Edge(198407,427054,(1,9223372036854775807))
Edge(198808,209639,(3,9223372036854775807))
Edge(198827,170137,(3,9223372036854775807))
Edge(199341,177574,(3,9223372036854775807))
Edge(199478,466297,(3,9223372036854775807))
Edge(200003,255147,(1,3))
Edge(200006,385159,(3,9223372036854775807))
Edge(200825,258486,(1,9223372036854775807))
Edge(200948,385323,(3,9223372036854775807))
Edge(201337,185022,(1,9223372036854775807))
Edge(201377,372028,(3,9223372036854775807))
Edge(201850,38854,(3,9223372036854775807))
Edge(201942,155523,(3,9223372036854775807))
Edge(202815,268566,(3,9223372036854775807))
Edge(202829,387942,(3,9223372036854775807))
Edge(202893,499077,(1,9223372036854775807))
Edge(202912,144167,(3,9223372036854775807))
Edge(203988,21136,(3,9223372036854775807))
Edge(204510,34946,(3,9223372036854775807))
Edge(204754,265931,(3,9223372036854775807))
Edge(205376,347674,(3,9223372036854775807))
Edge(205548,400276,(1,9223372036854775807))
Edge(205684,75603,(3,9223372036854775807))
Edge(205804,93358,(4,9223372036854775807))
Edge(207419,59717,(3,9223372036854775807))
Edge(207517,419096,(3,9223372036854775807))
Edge(207698,252945,(1,9223372036854775807))
Edge(207716,137172,(3,9223372036854775807))
Edge(207812,121911,(3,9223372036854775807))
Edge(207834,139789,(3,9223372036854775807))
Edge(208324,265213,(3,9223372036854775807))
Edge(208395,86167,(3,9223372036854775807))
Edge(208470,220384,(3,9223372036854775807))
Edge(208487,110843,(3,9223372036854775807))
Edge(208614,271516,(3,9223372036854775807))
Edge(208721,196831,(1,3))
Edge(208893,267629,(3,9223372036854775807))
Edge(209125,370529,(3,9223372036854775807))
Edge(209155,261346,(1,3))
Edge(209604,334048,(3,9223372036854775807))
Edge(209838,291183,(3,9223372036854775807))
Edge(210242,198710,(3,9223372036854775807))
Edge(210432,53685,(3,9223372036854775807))
Edge(210861,425694,(3,9223372036854775807))
Edge(211064,191193,(3,9223372036854775807))
Edge(211090,147148,(1,9223372036854775807))
Edge(211455,81257,(3,9223372036854775807))
Edge(211470,61419,(3,9223372036854775807))
Edge(212101,194988,(3,9223372036854775807))
Edge(212397,72852,(1,9223372036854775807))
Edge(212537,326823,(3,9223372036854775807))
Edge(212658,464603,(3,9223372036854775807))
Edge(212937,364761,(3,9223372036854775807))
Edge(213054,79763,(3,9223372036854775807))
Edge(213085,347334,(3,9223372036854775807))
Edge(213210,87009,(1,9223372036854775807))
Edge(213238,465188,(3,9223372036854775807))
Edge(213718,481831,(3,9223372036854775807))
Edge(213755,3748,(1,9223372036854775807))
Edge(214653,45324,(3,9223372036854775807))
Edge(214749,14261,(3,9223372036854775807))
Edge(215162,420816,(3,9223372036854775807))
Edge(215177,476525,(3,9223372036854775807))
Edge(215204,56893,(3,9223372036854775807))
Edge(215291,492878,(3,9223372036854775807))
Edge(215460,398996,(1,9223372036854775807))
Edge(215529,490255,(3,9223372036854775807))
Edge(215995,89762,(3,9223372036854775807))
Edge(216001,283470,(1,9223372036854775807))
Edge(216029,170150,(1,9223372036854775807))
Edge(216290,301703,(3,9223372036854775807))
Edge(216704,32240,(3,9223372036854775807))
Edge(216942,221853,(3,9223372036854775807))
Edge(217089,330090,(3,9223372036854775807))
Edge(217435,380728,(3,9223372036854775807))
Edge(217565,403234,(3,9223372036854775807))
Edge(217956,406514,(3,9223372036854775807))
Edge(218283,422300,(3,9223372036854775807))
Edge(218917,20341,(3,9223372036854775807))
Edge(219124,145677,(1,3))
Edge(219963,357058,(3,9223372036854775807))
Edge(220017,191856,(3,9223372036854775807))
Edge(220690,27316,(3,9223372036854775807))
Edge(220767,443835,(3,9223372036854775807))
Edge(220866,30245,(3,9223372036854775807))
Edge(221137,282859,(3,9223372036854775807))
Edge(221187,290463,(3,9223372036854775807))
Edge(221613,232566,(3,9223372036854775807))
Edge(221934,79237,(3,9223372036854775807))
Edge(222068,186635,(3,9223372036854775807))
Edge(222260,337028,(1,3))
Edge(222489,424162,(3,9223372036854775807))
Edge(222671,488746,(3,9223372036854775807))
Edge(222850,451909,(1,3))
Edge(222924,489397,(3,9223372036854775807))
Edge(222954,165666,(3,9223372036854775807))
Edge(222973,100395,(3,9223372036854775807))
Edge(223316,126074,(3,9223372036854775807))
Edge(223331,47147,(3,9223372036854775807))
Edge(223620,89655,(1,3))
Edge(223766,412959,(3,9223372036854775807))
Edge(224379,202809,(3,9223372036854775807))
Edge(224583,212329,(3,9223372036854775807))
Edge(224817,326980,(3,9223372036854775807))
Edge(224946,125486,(3,9223372036854775807))
Edge(225071,420538,(3,9223372036854775807))
Edge(225268,464459,(3,9223372036854775807))
Edge(226179,67505,(3,9223372036854775807))
Edge(226708,222422,(1,9223372036854775807))
Edge(227571,4109,(3,9223372036854775807))
Edge(227618,89287,(1,9223372036854775807))
Edge(227880,481622,(3,9223372036854775807))
Edge(227969,90065,(3,9223372036854775807))
Edge(228016,55078,(3,9223372036854775807))
Edge(228423,433035,(1,9223372036854775807))
Edge(228648,131098,(3,9223372036854775807))
Edge(228731,377682,(3,9223372036854775807))
Edge(229882,418776,(1,9223372036854775807))
Edge(229884,9915,(3,9223372036854775807))
Edge(230072,338971,(1,9223372036854775807))
Edge(230163,278674,(3,9223372036854775807))
Edge(230196,284746,(3,9223372036854775807))
Edge(230207,1658,(3,9223372036854775807))
Edge(230363,141213,(3,9223372036854775807))
Edge(230484,497312,(1,9223372036854775807))
Edge(230560,192993,(3,9223372036854775807))
Edge(230589,352558,(3,9223372036854775807))
Edge(230951,272797,(3,9223372036854775807))
Edge(231202,141928,(3,9223372036854775807))
Edge(231880,220870,(3,9223372036854775807))
Edge(232136,172543,(3,9223372036854775807))
Edge(232136,270797,(1,3))
Edge(232330,63462,(3,9223372036854775807))
Edge(232377,336547,(1,9223372036854775807))
Edge(232412,195212,(3,9223372036854775807))
Edge(232471,65475,(3,9223372036854775807))
Edge(232957,152496,(3,9223372036854775807))
Edge(233048,291651,(3,9223372036854775807))
Edge(233167,142376,(3,9223372036854775807))
Edge(233528,204510,(1,3))
Edge(234116,104736,(3,9223372036854775807))
Edge(234162,43967,(3,9223372036854775807))
Edge(234837,179345,(3,9223372036854775807))
Edge(235077,268473,(1,3))
Edge(235452,46185,(3,9223372036854775807))
Edge(235695,163922,(3,9223372036854775807))
Edge(235894,160707,(3,9223372036854775807))
Edge(236282,150339,(3,9223372036854775807))
Edge(236960,108460,(1,3))
Edge(236999,142189,(1,9223372036854775807))
Edge(237133,211365,(3,9223372036854775807))
Edge(237268,186773,(3,9223372036854775807))
Edge(238642,160565,(3,9223372036854775807))
Edge(239155,409377,(3,9223372036854775807))
Edge(239202,442222,(3,9223372036854775807))
Edge(239365,322184,(3,9223372036854775807))
Edge(239396,114371,(1,9223372036854775807))
Edge(239852,374188,(3,9223372036854775807))
Edge(240113,442528,(3,9223372036854775807))
Edge(240608,151642,(3,9223372036854775807))
Edge(240930,226205,(1,3))
Edge(241900,184168,(1,3))
Edge(242200,338848,(3,9223372036854775807))
Edge(242417,150246,(3,9223372036854775807))
Edge(242599,182234,(1,9223372036854775807))
Edge(243168,438456,(1,3))
Edge(243562,420536,(3,9223372036854775807))
Edge(243592,257605,(3,9223372036854775807))
Edge(243746,482830,(3,9223372036854775807))
Edge(243878,473176,(3,9223372036854775807))
Edge(244113,32996,(3,9223372036854775807))
Edge(244125,234102,(3,9223372036854775807))
Edge(244366,69470,(3,9223372036854775807))
Edge(244488,420345,(3,9223372036854775807))
Edge(244524,450709,(3,9223372036854775807))
Edge(244866,102571,(3,9223372036854775807))
Edge(245093,314803,(3,9223372036854775807))
Edge(245118,446409,(3,9223372036854775807))
Edge(245685,379518,(3,9223372036854775807))
Edge(246078,315491,(3,9223372036854775807))
Edge(246154,176197,(3,9223372036854775807))
Edge(246790,375562,(1,9223372036854775807))
Edge(247086,263731,(3,9223372036854775807))
Edge(247119,154727,(3,9223372036854775807))
Edge(247191,367102,(3,9223372036854775807))
Edge(248148,259201,(3,9223372036854775807))
Edge(248483,322428,(3,9223372036854775807))
Edge(248613,31366,(3,9223372036854775807))
Edge(248615,379092,(1,3))
Edge(249021,249246,(1,9223372036854775807))
Edge(249312,473089,(3,9223372036854775807))
Edge(249706,391807,(3,9223372036854775807))
Edge(249948,132233,(1,9223372036854775807))
Edge(250132,378543,(3,9223372036854775807))
Edge(250305,256420,(3,9223372036854775807))
Edge(251274,390950,(1,9223372036854775807))
Edge(251287,166061,(3,9223372036854775807))
Edge(251652,11585,(3,9223372036854775807))
Edge(251704,226353,(3,9223372036854775807))
Edge(251775,363295,(1,9223372036854775807))
Edge(252084,493098,(3,9223372036854775807))
Edge(252295,180503,(1,3))
Edge(252445,235320,(1,9223372036854775807))
Edge(252504,246450,(3,9223372036854775807))
Edge(252594,68914,(3,9223372036854775807))
Edge(252673,289910,(3,9223372036854775807))
Edge(252695,310872,(3,9223372036854775807))
Edge(252828,96804,(3,9223372036854775807))
Edge(252897,158330,(3,9223372036854775807))
Edge(253306,127532,(3,9223372036854775807))
Edge(253319,359338,(3,9223372036854775807))
Edge(253444,202086,(1,9223372036854775807))
Edge(253450,102323,(3,9223372036854775807))
Edge(253744,283230,(3,9223372036854775807))
Edge(253769,221656,(3,9223372036854775807))
Edge(253797,19115,(3,9223372036854775807))
Edge(253933,324237,(3,9223372036854775807))
Edge(254361,244607,(3,9223372036854775807))
Edge(254813,11968,(3,9223372036854775807))
Edge(254969,368257,(3,9223372036854775807))
Edge(255090,203372,(3,9223372036854775807))
Edge(255657,47231,(1,3))
Edge(255719,398066,(3,9223372036854775807))
Edge(255739,25167,(3,9223372036854775807))
Edge(255803,199840,(1,9223372036854775807))
Edge(256560,472402,(3,9223372036854775807))
Edge(256864,345355,(1,9223372036854775807))
Edge(256986,205238,(3,9223372036854775807))
Edge(257068,205415,(3,9223372036854775807))
Edge(257128,14388,(3,9223372036854775807))
Edge(257667,275795,(3,9223372036854775807))
Edge(257680,453313,(3,9223372036854775807))
Edge(257883,119889,(3,9223372036854775807))
Edge(258030,196442,(3,9223372036854775807))
Edge(258397,131386,(3,9223372036854775807))
Edge(258765,59446,(1,9223372036854775807))
Edge(259111,159550,(3,9223372036854775807))
Edge(259648,82101,(3,9223372036854775807))
Edge(260006,427806,(1,3))
Edge(260072,483019,(3,9223372036854775807))
Edge(260365,402165,(3,9223372036854775807))
Edge(260598,283634,(1,9223372036854775807))
Edge(261007,440985,(1,9223372036854775807))
Edge(261249,343111,(1,3))
Edge(261777,114529,(3,9223372036854775807))
Edge(261820,461899,(1,9223372036854775807))
Edge(262027,110758,(3,9223372036854775807))
Edge(262601,499142,(1,9223372036854775807))
Edge(262865,454453,(4,9223372036854775807))
Edge(262971,301828,(3,9223372036854775807))
Edge(263110,379461,(1,3))
Edge(263258,427379,(3,9223372036854775807))
Edge(263379,381105,(1,3))
Edge(263411,307835,(3,9223372036854775807))
Edge(263432,145436,(1,3))
Edge(264789,117870,(1,3))
Edge(265000,499741,(3,9223372036854775807))
Edge(265599,144052,(1,9223372036854775807))
Edge(265821,192699,(3,9223372036854775807))
Edge(265964,204411,(3,9223372036854775807))
Edge(266262,279861,(1,9223372036854775807))
Edge(266469,313137,(3,9223372036854775807))
Edge(266569,472336,(3,9223372036854775807))
Edge(267373,402791,(3,9223372036854775807))
Edge(267684,61556,(3,9223372036854775807))
Edge(268414,180397,(3,9223372036854775807))
Edge(268773,157141,(3,9223372036854775807))
Edge(268817,474203,(3,9223372036854775807))
Edge(269464,136246,(3,9223372036854775807))
Edge(269480,485908,(3,9223372036854775807))
Edge(269840,104911,(3,9223372036854775807))
Edge(270511,291176,(3,9223372036854775807))
Edge(270581,403608,(1,9223372036854775807))
Edge(270826,255637,(3,9223372036854775807))
Edge(270882,66424,(3,9223372036854775807))
Edge(271096,136686,(3,9223372036854775807))
Edge(271111,239034,(3,9223372036854775807))
Edge(272240,362090,(3,9223372036854775807))
Edge(272774,87178,(3,9223372036854775807))
Edge(273405,34763,(3,9223372036854775807))
Edge(273587,24372,(3,9223372036854775807))
Edge(274197,276126,(3,9223372036854775807))
Edge(274285,201163,(3,9223372036854775807))
Edge(274346,12825,(1,3))
Edge(274655,423895,(3,9223372036854775807))
Edge(275043,282992,(3,9223372036854775807))
Edge(275087,458380,(1,9223372036854775807))
Edge(275295,449822,(3,9223372036854775807))
Edge(275344,76117,(1,9223372036854775807))
Edge(275638,467243,(3,9223372036854775807))
Edge(275842,21200,(1,3))
Edge(276086,326766,(1,3))
Edge(276805,182952,(1,9223372036854775807))
Edge(277182,409180,(3,9223372036854775807))
Edge(277254,109641,(3,9223372036854775807))
Edge(277315,260151,(3,9223372036854775807))
Edge(277402,312967,(3,9223372036854775807))
Edge(277765,335918,(3,9223372036854775807))
Edge(278386,326195,(3,9223372036854775807))
Edge(279261,132877,(1,3))
Edge(279442,411249,(3,9223372036854775807))
Edge(280133,398247,(3,9223372036854775807))
Edge(281007,447843,(3,9223372036854775807))
Edge(281217,458459,(3,9223372036854775807))
Edge(281573,291986,(3,9223372036854775807))
Edge(281727,229944,(1,9223372036854775807))
Edge(281852,362948,(3,9223372036854775807))
Edge(281944,107609,(3,9223372036854775807))
Edge(282491,308007,(3,9223372036854775807))
Edge(282630,301934,(3,9223372036854775807))
Edge(282672,421853,(3,9223372036854775807))
Edge(282731,286143,(3,9223372036854775807))
Edge(282813,5948,(3,9223372036854775807))
Edge(283015,316117,(1,9223372036854775807))
Edge(283101,215782,(3,9223372036854775807))
Edge(283248,74988,(3,9223372036854775807))
Edge(283763,128274,(3,9223372036854775807))
Edge(283877,102743,(3,9223372036854775807))
Edge(284022,218586,(3,9223372036854775807))
Edge(284276,56452,(3,9223372036854775807))
Edge(284574,475410,(4,9223372036854775807))
Edge(285040,462942,(3,9223372036854775807))
Edge(285156,210634,(3,9223372036854775807))
Edge(285394,248795,(3,9223372036854775807))
Edge(285431,148075,(1,9223372036854775807))
Edge(285946,8614,(3,9223372036854775807))
Edge(285965,237486,(1,9223372036854775807))
Edge(286137,341882,(3,9223372036854775807))
Edge(286155,442406,(1,9223372036854775807))
Edge(286244,298619,(3,9223372036854775807))
Edge(286884,195884,(3,9223372036854775807))
Edge(287156,113961,(1,9223372036854775807))
Edge(287624,265986,(3,9223372036854775807))
Edge(287654,204299,(3,9223372036854775807))
Edge(287834,241926,(3,9223372036854775807))
Edge(287887,278486,(3,9223372036854775807))
Edge(288616,78689,(3,9223372036854775807))
Edge(288982,197856,(3,9223372036854775807))
Edge(289669,210862,(1,9223372036854775807))
Edge(289671,292332,(3,9223372036854775807))
Edge(290109,187298,(3,9223372036854775807))
Edge(290254,42890,(1,9223372036854775807))
Edge(290665,74858,(4,9223372036854775807))
Edge(290964,83421,(3,9223372036854775807))
Edge(291021,247899,(1,3))
Edge(291060,452216,(3,9223372036854775807))
Edge(291154,259910,(3,9223372036854775807))
Edge(291639,486233,(3,9223372036854775807))
Edge(291676,87605,(3,9223372036854775807))
Edge(291872,416017,(3,9223372036854775807))
Edge(292236,404916,(1,3))
Edge(292254,197947,(3,9223372036854775807))
Edge(292548,250746,(3,9223372036854775807))
Edge(292715,367598,(3,9223372036854775807))
Edge(292716,425591,(1,3))
Edge(292765,487686,(3,9223372036854775807))
Edge(292840,23096,(3,9223372036854775807))
Edge(293317,68961,(1,3))
Edge(294606,200644,(1,3))
Edge(294802,429701,(3,9223372036854775807))
Edge(294879,454631,(3,9223372036854775807))
Edge(295254,364,(3,9223372036854775807))
Edge(295366,47950,(1,9223372036854775807))
Edge(295516,443667,(3,9223372036854775807))
Edge(295785,489935,(3,9223372036854775807))
Edge(296008,431659,(3,9223372036854775807))
Edge(296091,173885,(3,9223372036854775807))
Edge(296277,361756,(3,9223372036854775807))
Edge(296441,399514,(3,9223372036854775807))
Edge(296579,489667,(3,9223372036854775807))
Edge(297220,148218,(3,9223372036854775807))
Edge(297502,436385,(3,9223372036854775807))
Edge(297739,106236,(1,9223372036854775807))
Edge(297891,196047,(3,9223372036854775807))
Edge(298728,165144,(1,3))
Edge(299048,68737,(1,9223372036854775807))
Edge(299392,114736,(3,9223372036854775807))
Edge(299489,350433,(3,9223372036854775807))
Edge(299504,364230,(1,9223372036854775807))
Edge(299984,22753,(1,3))
Edge(300035,72352,(3,9223372036854775807))
Edge(300410,411242,(3,9223372036854775807))
Edge(300485,39931,(1,3))
Edge(301278,344364,(3,9223372036854775807))
Edge(301328,6701,(1,3))
Edge(301378,431967,(3,9223372036854775807))
Edge(301490,147485,(1,3))
Edge(301524,428362,(3,9223372036854775807))
Edge(301664,266710,(3,9223372036854775807))
Edge(301890,238116,(1,9223372036854775807))
Edge(301892,376732,(3,9223372036854775807))
Edge(302037,128851,(3,9223372036854775807))
Edge(302353,228213,(3,9223372036854775807))
Edge(302673,348428,(1,9223372036854775807))
Edge(303406,53901,(3,9223372036854775807))
Edge(303515,186086,(3,9223372036854775807))
Edge(303659,338302,(3,9223372036854775807))
Edge(303986,446058,(3,9223372036854775807))
Edge(303990,463358,(3,9223372036854775807))
Edge(304204,435147,(1,9223372036854775807))
Edge(304616,102414,(1,9223372036854775807))
Edge(304930,379406,(3,9223372036854775807))
Edge(305180,74500,(3,9223372036854775807))
Edge(306271,87281,(1,9223372036854775807))
Edge(306592,292191,(1,9223372036854775807))
Edge(306636,230790,(1,9223372036854775807))
Edge(306717,165863,(3,9223372036854775807))
Edge(306777,349191,(3,9223372036854775807))
Edge(306879,318125,(3,9223372036854775807))
Edge(307569,326541,(3,9223372036854775807))
Edge(307781,66187,(1,9223372036854775807))
Edge(308008,55824,(3,9223372036854775807))
Edge(308876,156801,(3,9223372036854775807))
Edge(309273,575,(3,9223372036854775807))
Edge(310336,95766,(1,3))
Edge(310519,125452,(3,9223372036854775807))
Edge(310687,3571,(3,9223372036854775807))
Edge(311078,490683,(3,9223372036854775807))
Edge(311864,43398,(3,9223372036854775807))
Edge(312385,41789,(3,9223372036854775807))
Edge(312484,180833,(3,9223372036854775807))
Edge(312703,458197,(3,9223372036854775807))
Edge(312821,33093,(3,9223372036854775807))
Edge(312838,30610,(1,3))
Edge(313363,283844,(3,9223372036854775807))
Edge(313371,435546,(1,9223372036854775807))
Edge(313497,202510,(3,9223372036854775807))
Edge(313577,42641,(3,9223372036854775807))
Edge(313713,472433,(3,9223372036854775807))
Edge(313714,433092,(3,9223372036854775807))
Edge(313929,292247,(3,9223372036854775807))
Edge(314223,351218,(3,9223372036854775807))
Edge(314485,361908,(3,9223372036854775807))
Edge(314560,317209,(3,9223372036854775807))
Edge(314613,493134,(3,9223372036854775807))
Edge(314749,60577,(3,9223372036854775807))
Edge(314776,115804,(1,3))
Edge(315418,268761,(3,9223372036854775807))
Edge(315791,104344,(3,9223372036854775807))
Edge(315792,246602,(1,3))
Edge(315924,132933,(3,9223372036854775807))
Edge(316129,376899,(1,9223372036854775807))
Edge(316512,181444,(3,9223372036854775807))
Edge(316544,21583,(3,9223372036854775807))
Edge(316598,157757,(3,9223372036854775807))
Edge(316781,360237,(3,9223372036854775807))
Edge(316784,60247,(1,3))
Edge(317333,413117,(3,9223372036854775807))
Edge(318328,286766,(3,9223372036854775807))
Edge(318376,395327,(1,9223372036854775807))
Edge(318547,397788,(3,9223372036854775807))
Edge(318672,200041,(1,9223372036854775807))
Edge(318965,276679,(3,9223372036854775807))
Edge(319240,3695,(3,9223372036854775807))
Edge(319868,402123,(1,9223372036854775807))
Edge(319905,153375,(3,9223372036854775807))
Edge(319936,402572,(3,9223372036854775807))
Edge(320505,259157,(3,9223372036854775807))
Edge(320621,277510,(3,9223372036854775807))
Edge(320651,74460,(1,3))
Edge(320895,149913,(3,9223372036854775807))
Edge(321532,441935,(1,9223372036854775807))
Edge(321559,151221,(3,9223372036854775807))
Edge(322413,102248,(3,9223372036854775807))
Edge(322677,56351,(3,9223372036854775807))
Edge(323081,185350,(3,9223372036854775807))
Edge(323942,315062,(3,9223372036854775807))
Edge(324063,70078,(3,9223372036854775807))
Edge(324174,300631,(1,9223372036854775807))
Edge(324239,430233,(3,9223372036854775807))
Edge(324414,169987,(3,9223372036854775807))
Edge(324689,107876,(3,9223372036854775807))
Edge(324735,27193,(3,9223372036854775807))
Edge(325390,386168,(3,9223372036854775807))
Edge(326352,254192,(3,9223372036854775807))
Edge(326574,426620,(3,9223372036854775807))
Edge(326610,97829,(3,9223372036854775807))
Edge(326797,117705,(1,9223372036854775807))
Edge(326830,305197,(3,9223372036854775807))
Edge(327115,80977,(3,9223372036854775807))
Edge(327537,333522,(3,9223372036854775807))
Edge(327578,273926,(3,9223372036854775807))
Edge(327580,414474,(3,9223372036854775807))
Edge(327680,437253,(3,9223372036854775807))
Edge(327782,461922,(1,9223372036854775807))
Edge(328058,470657,(3,9223372036854775807))
Edge(328331,226319,(3,9223372036854775807))
Edge(328523,393410,(3,9223372036854775807))
Edge(328596,437742,(3,9223372036854775807))
Edge(329128,334337,(3,9223372036854775807))
Edge(329546,367490,(3,9223372036854775807))
Edge(329949,252741,(3,9223372036854775807))
Edge(330099,27870,(3,9223372036854775807))
Edge(330319,11666,(1,9223372036854775807))
Edge(331298,439793,(3,9223372036854775807))
Edge(331521,211536,(3,9223372036854775807))
Edge(331623,17600,(1,9223372036854775807))
Edge(331729,330839,(3,9223372036854775807))
Edge(331888,353164,(1,9223372036854775807))
Edge(331955,158081,(3,9223372036854775807))
Edge(332177,439376,(3,9223372036854775807))
Edge(333011,309441,(3,9223372036854775807))
Edge(333034,351018,(3,9223372036854775807))
Edge(333236,295294,(3,9223372036854775807))
Edge(333545,119368,(1,9223372036854775807))
Edge(335317,427352,(1,9223372036854775807))
Edge(335467,373892,(3,9223372036854775807))
Edge(335610,178679,(3,9223372036854775807))
Edge(335747,90323,(3,9223372036854775807))
Edge(336173,127427,(1,9223372036854775807))
Edge(336182,498149,(3,9223372036854775807))
Edge(336263,148583,(3,9223372036854775807))
Edge(336447,185815,(3,9223372036854775807))
Edge(337400,40695,(3,9223372036854775807))
Edge(337488,375380,(1,9223372036854775807))
Edge(337581,470156,(3,9223372036854775807))
Edge(338096,326595,(3,9223372036854775807))
Edge(338377,439476,(3,9223372036854775807))
Edge(338457,354951,(3,9223372036854775807))
Edge(338576,247783,(3,9223372036854775807))
Edge(338608,264430,(3,9223372036854775807))
Edge(338736,19875,(3,9223372036854775807))
Edge(338891,433757,(3,9223372036854775807))
Edge(339482,207087,(3,9223372036854775807))
Edge(339511,309430,(3,9223372036854775807))
Edge(339565,165004,(3,9223372036854775807))
Edge(339786,393185,(4,9223372036854775807))
Edge(340077,21928,(1,9223372036854775807))
Edge(340117,124426,(1,9223372036854775807))
Edge(340161,264263,(3,9223372036854775807))
Edge(340231,315222,(3,9223372036854775807))
Edge(340863,394023,(3,9223372036854775807))
Edge(340981,425358,(3,9223372036854775807))
Edge(341073,199126,(3,9223372036854775807))
Edge(341574,482023,(3,9223372036854775807))
Edge(341709,447560,(3,9223372036854775807))
Edge(341898,381576,(3,9223372036854775807))
Edge(342271,323337,(3,9223372036854775807))
Edge(342422,74654,(3,9223372036854775807))
Edge(342516,462192,(3,9223372036854775807))
Edge(342558,412765,(3,9223372036854775807))
Edge(342559,472055,(1,9223372036854775807))
Edge(342615,96264,(3,9223372036854775807))
Edge(342934,220203,(1,9223372036854775807))
Edge(342994,487339,(3,9223372036854775807))
Edge(343019,53730,(3,9223372036854775807))
Edge(343116,212418,(3,9223372036854775807))
Edge(343314,50443,(3,9223372036854775807))
Edge(343620,24705,(3,9223372036854775807))
Edge(343625,478688,(3,9223372036854775807))
Edge(343784,25284,(3,9223372036854775807))
Edge(343984,11839,(1,3))
Edge(344159,157168,(3,9223372036854775807))
Edge(344407,457336,(3,9223372036854775807))
Edge(344828,344968,(3,9223372036854775807))
Edge(345046,10942,(3,9223372036854775807))
Edge(345205,11778,(3,9223372036854775807))
Edge(345614,342988,(1,3))
Edge(345797,134092,(1,9223372036854775807))
Edge(345834,155984,(3,9223372036854775807))
Edge(346101,47779,(3,9223372036854775807))
Edge(346565,48269,(3,9223372036854775807))
Edge(346786,136716,(3,9223372036854775807))
Edge(347522,160870,(3,9223372036854775807))
Edge(347599,351475,(3,9223372036854775807))
Edge(348696,124043,(3,9223372036854775807))
Edge(348873,427961,(3,9223372036854775807))
Edge(349360,2624,(3,9223372036854775807))
Edge(349582,257977,(3,9223372036854775807))
Edge(349642,114029,(1,9223372036854775807))
Edge(349706,282429,(1,9223372036854775807))
Edge(350255,289798,(3,9223372036854775807))
Edge(350307,239588,(3,9223372036854775807))
Edge(350583,133834,(3,9223372036854775807))
Edge(350766,175313,(1,9223372036854775807))
Edge(350966,382676,(3,9223372036854775807))
Edge(351237,86840,(3,9223372036854775807))
Edge(351418,63995,(3,9223372036854775807))
Edge(351912,58542,(3,9223372036854775807))
Edge(352040,65827,(3,9223372036854775807))
Edge(352642,37186,(1,9223372036854775807))
Edge(352812,399762,(3,9223372036854775807))
Edge(352850,420914,(3,9223372036854775807))
Edge(352952,273273,(1,9223372036854775807))
Edge(353009,302590,(3,9223372036854775807))
Edge(353304,169847,(3,9223372036854775807))
Edge(353314,215481,(3,9223372036854775807))
Edge(353440,336404,(3,9223372036854775807))
Edge(353512,409349,(3,9223372036854775807))
Edge(353654,37341,(3,9223372036854775807))
Edge(353894,248139,(3,9223372036854775807))
Edge(354017,219554,(3,9223372036854775807))
Edge(354307,345652,(3,9223372036854775807))
Edge(354348,208196,(3,9223372036854775807))
Edge(354550,286395,(1,3))
Edge(355128,103055,(1,9223372036854775807))
Edge(355237,11813,(3,9223372036854775807))
Edge(355762,228439,(3,9223372036854775807))
Edge(355829,240085,(1,2))
Edge(355940,74926,(3,9223372036854775807))
Edge(355990,453064,(1,9223372036854775807))
Edge(356034,50853,(3,9223372036854775807))
Edge(356091,242365,(3,9223372036854775807))
Edge(356145,108592,(1,9223372036854775807))
Edge(356728,355011,(3,9223372036854775807))
Edge(357090,182859,(3,9223372036854775807))
Edge(357131,393808,(3,9223372036854775807))
Edge(357222,432342,(3,9223372036854775807))
Edge(357534,206826,(3,9223372036854775807))
Edge(357636,55129,(3,9223372036854775807))
Edge(357669,363819,(3,9223372036854775807))
Edge(358567,285637,(3,9223372036854775807))
Edge(358680,123644,(3,9223372036854775807))
Edge(359016,272251,(3,9223372036854775807))
Edge(359039,413972,(3,9223372036854775807))
Edge(359395,124491,(3,9223372036854775807))
Edge(360092,349250,(1,9223372036854775807))
Edge(360495,95452,(3,9223372036854775807))
Edge(360549,307638,(3,9223372036854775807))
Edge(361169,345962,(3,9223372036854775807))
Edge(361739,84716,(1,9223372036854775807))
Edge(362064,15195,(3,9223372036854775807))
Edge(362453,286333,(3,9223372036854775807))
Edge(362626,94622,(1,9223372036854775807))
Edge(363061,387758,(3,9223372036854775807))
Edge(363183,192429,(1,3))
Edge(363278,204229,(3,9223372036854775807))
Edge(363498,378660,(3,9223372036854775807))
Edge(363666,288055,(1,3))
Edge(364093,463373,(3,9223372036854775807))
Edge(364254,379827,(1,3))
Edge(364308,127127,(1,3))
Edge(364750,60331,(3,9223372036854775807))
Edge(365142,20430,(3,9223372036854775807))
Edge(365425,433951,(3,9223372036854775807))
Edge(365455,165418,(3,9223372036854775807))
Edge(365756,347390,(3,9223372036854775807))
Edge(365942,272107,(3,9223372036854775807))
Edge(366108,392659,(3,9223372036854775807))
Edge(366479,38817,(1,3))
Edge(366519,132614,(3,9223372036854775807))
Edge(366575,498077,(1,9223372036854775807))
Edge(366834,384407,(1,9223372036854775807))
Edge(366960,177014,(1,3))
Edge(367002,429988,(3,9223372036854775807))
Edge(367021,482726,(3,9223372036854775807))
Edge(367026,113932,(3,9223372036854775807))
Edge(367187,447859,(1,9223372036854775807))
Edge(367361,347738,(3,9223372036854775807))
Edge(367546,495716,(3,9223372036854775807))
Edge(368368,373537,(3,9223372036854775807))
Edge(368629,381716,(3,9223372036854775807))
Edge(368709,285736,(1,3))
Edge(368737,23726,(3,9223372036854775807))
Edge(368934,41381,(1,9223372036854775807))
Edge(369113,75796,(3,9223372036854775807))
Edge(369249,465002,(3,9223372036854775807))
Edge(369762,256205,(3,9223372036854775807))
Edge(369947,144054,(3,9223372036854775807))
Edge(370993,483270,(3,9223372036854775807))
Edge(371163,296308,(3,9223372036854775807))
Edge(371260,262780,(1,9223372036854775807))
Edge(371433,217497,(3,9223372036854775807))
Edge(371466,131813,(3,9223372036854775807))
Edge(371561,437926,(3,9223372036854775807))
Edge(371950,225584,(3,9223372036854775807))
Edge(372065,234733,(1,9223372036854775807))
Edge(372154,203063,(3,9223372036854775807))
Edge(372529,372716,(3,9223372036854775807))
Edge(372715,176433,(3,9223372036854775807))
Edge(372733,396564,(3,9223372036854775807))
Edge(372795,244739,(3,9223372036854775807))
Edge(373588,38783,(3,9223372036854775807))
Edge(373820,271695,(3,9223372036854775807))
Edge(373951,338803,(1,9223372036854775807))
Edge(374124,27357,(3,9223372036854775807))
Edge(374291,79667,(4,9223372036854775807))
Edge(374552,301718,(3,9223372036854775807))
Edge(374558,69213,(3,9223372036854775807))
Edge(374582,242397,(3,9223372036854775807))
Edge(374732,241715,(3,9223372036854775807))
Edge(374841,456058,(3,9223372036854775807))
Edge(375544,88900,(3,9223372036854775807))
Edge(375563,259805,(3,9223372036854775807))
Edge(375658,137118,(3,9223372036854775807))
Edge(375952,38022,(3,9223372036854775807))
Edge(376251,4764,(3,9223372036854775807))
Edge(376457,98659,(3,9223372036854775807))
Edge(376607,176493,(3,9223372036854775807))
Edge(376881,436528,(3,9223372036854775807))
Edge(377066,188326,(1,9223372036854775807))
Edge(377702,361728,(3,9223372036854775807))
Edge(377886,292798,(3,9223372036854775807))
Edge(378043,248188,(3,9223372036854775807))
Edge(378160,192333,(1,9223372036854775807))
Edge(378768,239347,(1,9223372036854775807))
Edge(378786,432151,(3,9223372036854775807))
Edge(379120,217468,(1,9223372036854775807))
Edge(379184,71582,(3,9223372036854775807))
Edge(379186,22106,(3,9223372036854775807))
Edge(379361,22729,(3,9223372036854775807))
Edge(379514,95008,(3,9223372036854775807))
Edge(379847,445766,(1,9223372036854775807))
Edge(380009,252784,(3,9223372036854775807))
Edge(380319,465992,(1,9223372036854775807))
Edge(380605,410267,(3,9223372036854775807))
Edge(380825,455293,(3,9223372036854775807))
Edge(381228,315987,(3,9223372036854775807))
Edge(381541,346642,(3,9223372036854775807))
Edge(382309,304283,(3,9223372036854775807))
Edge(382323,328720,(3,9223372036854775807))
Edge(383045,164472,(3,9223372036854775807))
Edge(383407,177071,(3,9223372036854775807))
Edge(383514,407399,(3,9223372036854775807))
Edge(383628,307643,(3,9223372036854775807))
Edge(383764,285178,(3,9223372036854775807))
Edge(383917,481048,(3,9223372036854775807))
Edge(384116,432501,(3,9223372036854775807))
Edge(384357,484265,(3,9223372036854775807))
Edge(384427,86351,(1,9223372036854775807))
Edge(384729,55530,(3,9223372036854775807))
Edge(384903,446419,(3,9223372036854775807))
Edge(385344,465240,(3,9223372036854775807))
Edge(385601,370144,(1,9223372036854775807))
Edge(386125,136770,(1,9223372036854775807))
Edge(386608,495196,(3,9223372036854775807))
Edge(386741,335711,(1,9223372036854775807))
Edge(386889,456508,(3,9223372036854775807))
Edge(386922,207687,(1,9223372036854775807))
Edge(387692,298346,(3,9223372036854775807))
Edge(387922,25983,(1,3))
Edge(388260,77038,(3,9223372036854775807))
Edge(389173,90416,(3,9223372036854775807))
Edge(389440,208562,(3,9223372036854775807))
Edge(389475,140503,(3,9223372036854775807))
Edge(389583,383598,(1,9223372036854775807))
Edge(390107,357648,(3,9223372036854775807))
Edge(390504,221456,(3,9223372036854775807))
Edge(390928,157906,(3,9223372036854775807))
Edge(391293,480866,(3,9223372036854775807))
Edge(391336,344885,(3,9223372036854775807))
Edge(391544,244224,(3,9223372036854775807))
Edge(391796,396891,(3,9223372036854775807))
Edge(393292,368744,(3,9223372036854775807))
Edge(393313,252209,(3,9223372036854775807))
Edge(393619,157962,(3,9223372036854775807))
Edge(394189,268813,(3,9223372036854775807))
Edge(394322,177222,(3,9223372036854775807))
Edge(394587,202886,(3,9223372036854775807))
Edge(394711,50676,(1,9223372036854775807))
Edge(395147,476249,(3,9223372036854775807))
Edge(395260,347778,(1,9223372036854775807))
Edge(395485,393419,(3,9223372036854775807))
Edge(395544,53186,(1,3))
Edge(396745,301046,(1,3))
Edge(396931,249395,(3,9223372036854775807))
Edge(396973,48579,(3,9223372036854775807))
Edge(397051,95155,(3,9223372036854775807))
Edge(397091,441511,(3,9223372036854775807))
Edge(397618,79914,(3,9223372036854775807))
Edge(397786,28911,(1,9223372036854775807))
Edge(397831,379549,(1,3))
Edge(397978,5329,(1,9223372036854775807))
Edge(398148,157299,(1,9223372036854775807))
Edge(398361,353125,(1,9223372036854775807))
Edge(398672,78933,(3,9223372036854775807))
Edge(398907,433489,(3,9223372036854775807))
Edge(398963,318155,(3,9223372036854775807))
Edge(399968,365432,(1,9223372036854775807))
Edge(400187,379492,(3,9223372036854775807))
Edge(400522,66464,(3,9223372036854775807))
Edge(400602,161825,(3,9223372036854775807))
Edge(400857,223427,(3,9223372036854775807))
Edge(401083,281814,(3,9223372036854775807))
Edge(401108,141357,(3,9223372036854775807))
Edge(401213,54742,(3,9223372036854775807))
Edge(401452,262206,(3,9223372036854775807))
Edge(401486,4586,(3,9223372036854775807))
Edge(401643,311170,(3,9223372036854775807))
Edge(401747,152259,(3,9223372036854775807))
Edge(402256,243956,(3,9223372036854775807))
Edge(402532,170059,(3,9223372036854775807))
Edge(403045,320409,(3,9223372036854775807))
Edge(403076,402954,(3,9223372036854775807))
Edge(403373,59828,(1,9223372036854775807))
Edge(403388,471442,(3,9223372036854775807))
Edge(403442,266205,(3,9223372036854775807))
Edge(403609,355193,(3,9223372036854775807))
Edge(403693,13730,(3,9223372036854775807))
Edge(403727,391734,(4,9223372036854775807))
Edge(404044,116248,(3,9223372036854775807))
Edge(404221,216150,(3,9223372036854775807))
Edge(404790,427310,(1,9223372036854775807))
Edge(405376,490178,(1,9223372036854775807))
Edge(406131,440996,(1,3))
Edge(407023,488817,(3,9223372036854775807))
Edge(408262,362028,(1,9223372036854775807))
Edge(408499,275294,(3,9223372036854775807))
Edge(409176,124472,(3,9223372036854775807))
Edge(409555,53175,(3,9223372036854775807))
Edge(409714,49623,(1,9223372036854775807))
Edge(410163,270417,(3,9223372036854775807))
Edge(410254,287810,(1,9223372036854775807))
Edge(410563,11990,(1,9223372036854775807))
Edge(410655,359918,(3,9223372036854775807))
Edge(410966,183361,(3,9223372036854775807))
Edge(411202,321961,(3,9223372036854775807))
Edge(411661,263939,(3,9223372036854775807))
Edge(411671,177824,(3,9223372036854775807))
Edge(412969,318257,(3,9223372036854775807))
Edge(413701,185031,(3,9223372036854775807))
Edge(414113,486873,(3,9223372036854775807))
Edge(414301,481659,(3,9223372036854775807))
Edge(414547,322479,(3,9223372036854775807))
Edge(414704,60900,(3,9223372036854775807))
Edge(414716,320731,(3,9223372036854775807))
Edge(414903,212069,(3,9223372036854775807))
Edge(415492,490579,(3,9223372036854775807))
Edge(415641,323630,(3,9223372036854775807))
Edge(415878,120763,(3,9223372036854775807))
Edge(416006,451242,(3,9223372036854775807))
Edge(416111,132682,(3,9223372036854775807))
Edge(416113,33734,(3,9223372036854775807))
Edge(416765,77726,(3,9223372036854775807))
Edge(417002,53518,(3,9223372036854775807))
Edge(417032,84111,(3,9223372036854775807))
Edge(417083,321386,(3,9223372036854775807))
Edge(417845,48833,(1,9223372036854775807))
Edge(417885,390669,(3,9223372036854775807))
Edge(418094,331201,(3,9223372036854775807))
Edge(418307,233358,(3,9223372036854775807))
Edge(418481,148146,(3,9223372036854775807))
Edge(418919,405405,(3,9223372036854775807))
Edge(419148,281128,(3,9223372036854775807))
Edge(419486,238582,(3,9223372036854775807))
Edge(419700,468406,(3,9223372036854775807))
Edge(420050,452903,(3,9223372036854775807))
Edge(420406,253290,(3,9223372036854775807))
Edge(420426,436951,(3,9223372036854775807))
Edge(420871,351099,(4,9223372036854775807))
Edge(420916,302510,(3,9223372036854775807))
Edge(420934,374219,(1,9223372036854775807))
Edge(421276,234485,(3,9223372036854775807))
Edge(421378,336883,(3,9223372036854775807))
Edge(422461,403946,(3,9223372036854775807))
Edge(422472,305346,(3,9223372036854775807))
Edge(422749,418548,(3,9223372036854775807))
Edge(423003,218518,(3,9223372036854775807))
Edge(423310,273844,(3,9223372036854775807))
Edge(423502,55373,(1,9223372036854775807))
Edge(424037,194243,(3,9223372036854775807))
Edge(424129,393810,(3,9223372036854775807))
Edge(424751,35700,(3,9223372036854775807))
Edge(425324,301702,(3,9223372036854775807))
Edge(425497,340906,(3,9223372036854775807))
Edge(425879,347293,(3,9223372036854775807))
Edge(426367,395450,(1,9223372036854775807))
Edge(426710,54801,(3,9223372036854775807))
Edge(426748,121786,(3,9223372036854775807))
Edge(427013,481247,(1,9223372036854775807))
Edge(427108,77968,(3,9223372036854775807))
Edge(427222,464848,(3,9223372036854775807))
Edge(427322,237110,(1,9223372036854775807))
Edge(427419,476810,(3,9223372036854775807))
Edge(427676,490520,(3,9223372036854775807))
Edge(427779,121388,(3,9223372036854775807))
Edge(427811,439304,(3,9223372036854775807))
Edge(427873,378613,(3,9223372036854775807))
Edge(428028,372963,(1,9223372036854775807))
Edge(428037,334283,(3,9223372036854775807))
Edge(428670,101241,(1,9223372036854775807))
Edge(429475,72299,(3,9223372036854775807))
Edge(430042,22347,(3,9223372036854775807))
Edge(430374,91492,(1,3))
Edge(430746,189769,(3,9223372036854775807))
Edge(431045,93314,(3,9223372036854775807))
Edge(431166,143068,(1,9223372036854775807))
Edge(431324,273907,(1,9223372036854775807))
Edge(432027,345141,(3,9223372036854775807))
Edge(432144,326964,(1,3))
Edge(432208,294184,(3,9223372036854775807))
Edge(432805,86258,(3,9223372036854775807))
Edge(433143,403148,(3,9223372036854775807))
Edge(433146,350691,(1,9223372036854775807))
Edge(433559,108072,(3,9223372036854775807))
Edge(433776,244506,(3,9223372036854775807))
Edge(433992,310407,(3,9223372036854775807))
Edge(434057,420784,(3,9223372036854775807))
Edge(434090,373820,(4,9223372036854775807))
Edge(434206,30141,(1,9223372036854775807))
Edge(434572,195038,(3,9223372036854775807))
Edge(434573,247333,(3,9223372036854775807))
Edge(434659,410772,(1,3))
Edge(434743,4247,(1,9223372036854775807))
Edge(434789,143065,(3,9223372036854775807))
Edge(435158,347525,(3,9223372036854775807))
Edge(435186,131392,(3,9223372036854775807))
Edge(435280,260012,(3,9223372036854775807))
Edge(435714,184558,(3,9223372036854775807))
Edge(435767,311383,(3,9223372036854775807))
Edge(437301,443080,(3,9223372036854775807))
Edge(437572,138884,(3,9223372036854775807))
Edge(437945,48805,(3,9223372036854775807))
Edge(438032,270787,(3,9223372036854775807))
Edge(438695,269756,(3,9223372036854775807))
Edge(438787,185743,(3,9223372036854775807))
Edge(438868,60036,(3,9223372036854775807))
Edge(439375,99473,(1,3))
Edge(439397,224198,(3,9223372036854775807))
Edge(439703,322287,(1,9223372036854775807))
Edge(439824,105405,(3,9223372036854775807))
Edge(440166,374177,(3,9223372036854775807))
Edge(440812,64902,(3,9223372036854775807))
Edge(441108,154522,(3,9223372036854775807))
Edge(441111,13592,(3,9223372036854775807))
Edge(441485,168425,(3,9223372036854775807))
Edge(441795,339748,(3,9223372036854775807))
Edge(441847,288981,(3,9223372036854775807))
Edge(442042,294742,(1,9223372036854775807))
Edge(442049,88052,(3,9223372036854775807))
Edge(442068,227015,(3,9223372036854775807))
Edge(442119,423798,(3,9223372036854775807))
Edge(442125,172456,(1,3))
Edge(442209,125381,(3,9223372036854775807))
Edge(442743,28606,(3,9223372036854775807))
Edge(442790,402818,(3,9223372036854775807))
Edge(442906,219672,(3,9223372036854775807))
Edge(443304,253394,(1,9223372036854775807))
Edge(443369,362207,(3,9223372036854775807))
Edge(443661,9804,(3,9223372036854775807))
Edge(443879,89830,(3,9223372036854775807))
Edge(444197,454130,(1,9223372036854775807))
Edge(444639,421294,(3,9223372036854775807))
Edge(444724,350622,(3,9223372036854775807))
Edge(444771,365632,(3,9223372036854775807))
Edge(444782,415685,(3,9223372036854775807))
Edge(445581,228548,(3,9223372036854775807))
Edge(445591,207270,(1,3))
Edge(446414,401170,(3,9223372036854775807))
Edge(446427,458368,(1,9223372036854775807))
Edge(446613,244414,(3,9223372036854775807))
Edge(446615,165049,(3,9223372036854775807))
Edge(446635,486995,(1,9223372036854775807))
Edge(446725,323911,(3,9223372036854775807))
Edge(446975,398263,(3,9223372036854775807))
Edge(447430,283493,(3,9223372036854775807))
Edge(448330,120764,(3,9223372036854775807))
Edge(448741,346041,(1,9223372036854775807))
Edge(449156,81960,(3,9223372036854775807))
Edge(449502,404460,(3,9223372036854775807))
Edge(449560,245702,(1,9223372036854775807))
Edge(449570,442986,(3,9223372036854775807))
Edge(449628,387493,(3,9223372036854775807))
Edge(450007,202647,(3,9223372036854775807))
Edge(450987,28299,(3,9223372036854775807))
Edge(451173,389427,(1,9223372036854775807))
Edge(451262,438615,(3,9223372036854775807))
Edge(451612,267563,(3,9223372036854775807))
Edge(451673,245190,(3,9223372036854775807))
Edge(451870,400586,(3,9223372036854775807))
Edge(451876,67648,(1,9223372036854775807))
Edge(452205,105943,(3,9223372036854775807))
Edge(452277,279375,(3,9223372036854775807))
Edge(452523,182499,(3,9223372036854775807))
Edge(452682,212973,(3,9223372036854775807))
Edge(452731,181801,(1,9223372036854775807))
Edge(453057,333856,(3,9223372036854775807))
Edge(453325,411795,(3,9223372036854775807))
Edge(453545,31349,(3,9223372036854775807))
Edge(453869,308481,(3,9223372036854775807))
Edge(454453,143478,(1,9223372036854775807))
Edge(454463,342224,(1,9223372036854775807))
Edge(455454,74869,(1,9223372036854775807))
Edge(455724,199782,(3,9223372036854775807))
Edge(455742,70775,(3,9223372036854775807))
Edge(456068,497178,(3,9223372036854775807))
Edge(456305,453275,(3,9223372036854775807))
Edge(456663,473034,(1,9223372036854775807))
Edge(457503,290626,(3,9223372036854775807))
Edge(457526,116168,(3,9223372036854775807))
Edge(457628,356992,(4,9223372036854775807))
Edge(457841,277210,(1,9223372036854775807))
Edge(458758,377246,(3,9223372036854775807))
Edge(458810,147555,(1,9223372036854775807))
Edge(460171,498443,(3,9223372036854775807))
Edge(460199,192004,(3,9223372036854775807))
Edge(460427,250181,(3,9223372036854775807))
Edge(460846,103787,(3,9223372036854775807))
Edge(461392,421585,(3,9223372036854775807))
Edge(461515,368127,(3,9223372036854775807))
Edge(462316,36118,(1,9223372036854775807))
Edge(462914,257106,(1,9223372036854775807))
Edge(462950,133071,(3,9223372036854775807))
Edge(463047,284722,(3,9223372036854775807))
Edge(463793,200459,(3,9223372036854775807))
Edge(464016,305556,(3,9223372036854775807))
Edge(464069,99409,(3,9223372036854775807))
Edge(464134,426533,(3,9223372036854775807))
Edge(464246,86986,(3,9223372036854775807))
Edge(464319,320282,(3,9223372036854775807))
Edge(464685,214942,(3,9223372036854775807))
Edge(464905,333402,(3,9223372036854775807))
Edge(465238,462606,(3,9223372036854775807))
Edge(465524,380812,(3,9223372036854775807))
Edge(465565,309021,(3,9223372036854775807))
Edge(465567,39362,(3,9223372036854775807))
Edge(465724,274046,(3,9223372036854775807))
Edge(466061,433655,(1,9223372036854775807))
Edge(466523,94859,(3,9223372036854775807))
Edge(466524,292064,(3,9223372036854775807))
Edge(467040,309055,(3,9223372036854775807))
Edge(467458,462114,(3,9223372036854775807))
Edge(467464,300338,(3,9223372036854775807))
Edge(467908,446627,(3,9223372036854775807))
Edge(468161,194920,(3,9223372036854775807))
Edge(468471,281320,(3,9223372036854775807))
Edge(469010,51744,(3,9223372036854775807))
Edge(469210,480332,(3,9223372036854775807))
Edge(469376,430067,(3,9223372036854775807))
Edge(469422,257641,(3,9223372036854775807))
Edge(469510,400038,(1,9223372036854775807))
Edge(469660,327609,(3,9223372036854775807))
Edge(469742,108172,(3,9223372036854775807))
Edge(471104,281786,(3,9223372036854775807))
Edge(471392,346072,(3,9223372036854775807))
Edge(471432,207716,(3,9223372036854775807))
Edge(471600,269748,(3,9223372036854775807))
Edge(471615,34205,(3,9223372036854775807))
Edge(471672,163624,(1,3))
Edge(472635,449775,(1,3))
Edge(472939,420340,(4,9223372036854775807))
Edge(472989,187710,(1,3))
Edge(472989,407572,(3,9223372036854775807))
Edge(473173,370646,(3,9223372036854775807))
Edge(473337,114031,(1,9223372036854775807))
Edge(473471,136901,(1,9223372036854775807))
Edge(474032,436563,(3,9223372036854775807))
Edge(474225,396608,(3,9223372036854775807))
Edge(474304,340662,(3,9223372036854775807))
Edge(474442,399338,(3,9223372036854775807))
Edge(474629,48737,(1,3))
Edge(474773,375516,(3,9223372036854775807))
Edge(474776,321038,(3,9223372036854775807))
Edge(474923,332036,(3,9223372036854775807))
Edge(475277,21524,(1,9223372036854775807))
Edge(475387,31913,(1,9223372036854775807))
Edge(475500,117858,(1,9223372036854775807))
Edge(476639,232902,(3,9223372036854775807))
Edge(476873,365574,(3,9223372036854775807))
Edge(476971,462958,(3,9223372036854775807))
Edge(477075,312828,(3,9223372036854775807))
Edge(477171,361016,(3,9223372036854775807))
Edge(477190,63630,(1,9223372036854775807))
Edge(477506,117668,(3,9223372036854775807))
Edge(478223,457362,(3,9223372036854775807))
Edge(478347,337614,(3,9223372036854775807))
Edge(479221,441362,(1,3))
Edge(479320,407718,(3,9223372036854775807))
Edge(479709,361201,(4,9223372036854775807))
Edge(480214,325399,(3,9223372036854775807))
Edge(480291,161248,(3,9223372036854775807))
Edge(480780,225595,(3,9223372036854775807))
Edge(480813,241245,(1,9223372036854775807))
Edge(481146,189257,(1,3))
Edge(481262,361519,(1,9223372036854775807))
Edge(481642,195984,(3,9223372036854775807))
Edge(481713,24730,(1,9223372036854775807))
Edge(482442,32849,(3,9223372036854775807))
Edge(482513,11877,(3,9223372036854775807))
Edge(482755,457624,(1,9223372036854775807))
Edge(482809,335751,(3,9223372036854775807))
Edge(482832,414003,(3,9223372036854775807))
Edge(482923,202378,(3,9223372036854775807))
Edge(483171,292346,(3,9223372036854775807))
Edge(483207,92707,(1,9223372036854775807))
Edge(483467,360750,(3,9223372036854775807))
Edge(483618,175195,(3,9223372036854775807))
Edge(483632,100767,(3,9223372036854775807))
Edge(483791,98193,(3,9223372036854775807))
Edge(484781,479297,(3,9223372036854775807))
Edge(485258,59626,(3,9223372036854775807))
Edge(485655,457478,(1,9223372036854775807))
Edge(485726,113572,(3,9223372036854775807))
Edge(486431,215632,(3,9223372036854775807))
Edge(486953,284444,(3,9223372036854775807))
Edge(487356,211408,(3,9223372036854775807))
Edge(487639,78151,(3,9223372036854775807))
Edge(487818,36545,(3,9223372036854775807))
Edge(488269,18466,(3,9223372036854775807))
Edge(488637,389589,(3,9223372036854775807))
Edge(489065,279448,(1,3))
Edge(489254,416983,(3,9223372036854775807))
Edge(489275,159296,(1,3))
Edge(489304,11970,(1,9223372036854775807))
Edge(490438,347443,(3,9223372036854775807))
Edge(490613,439014,(1,9223372036854775807))
Edge(490628,114572,(3,9223372036854775807))
Edge(490649,367142,(3,9223372036854775807))
Edge(490712,281585,(1,3))
Edge(491007,360788,(3,9223372036854775807))
Edge(491144,449555,(3,9223372036854775807))
Edge(491274,153408,(3,9223372036854775807))
Edge(491435,35055,(1,9223372036854775807))
Edge(491475,248127,(3,9223372036854775807))
Edge(491524,471271,(3,9223372036854775807))
Edge(491789,458792,(3,9223372036854775807))
Edge(492179,279168,(3,9223372036854775807))
Edge(492190,225898,(3,9223372036854775807))
Edge(493008,433351,(3,9223372036854775807))
Edge(493163,79135,(3,9223372036854775807))
Edge(493230,488679,(3,9223372036854775807))
Edge(493341,103452,(1,9223372036854775807))
Edge(493783,232303,(3,9223372036854775807))
Edge(494570,477034,(1,9223372036854775807))
Edge(494882,179887,(3,9223372036854775807))
Edge(494966,475023,(3,9223372036854775807))
Edge(495044,90414,(3,9223372036854775807))
Edge(495053,48748,(3,9223372036854775807))
Edge(495339,159217,(3,9223372036854775807))
Edge(495444,178937,(1,3))
Edge(495519,254751,(1,9223372036854775807))
Edge(495611,187770,(3,9223372036854775807))
Edge(495803,475583,(3,9223372036854775807))
Edge(495855,146370,(3,9223372036854775807))
Edge(496163,477973,(3,9223372036854775807))
Edge(496731,294158,(3,9223372036854775807))
Edge(496970,102969,(3,9223372036854775807))
Edge(497172,420491,(3,9223372036854775807))
Edge(497188,95864,(1,3))
Edge(497793,475236,(3,9223372036854775807))
Edge(497847,90876,(3,9223372036854775807))
Edge(498294,262947,(3,9223372036854775807))
Edge(498527,304815,(3,9223372036854775807))
Edge(499072,242781,(3,9223372036854775807))
Edge(499103,476149,(3,9223372036854775807))
Edge(499246,217635,(1,9223372036854775807))
Edge(499396,375139,(3,9223372036854775807))
Edge(499417,293572,(3,9223372036854775807))
Edge(499506,203962,(3,9223372036854775807))
Edge(499649,469264,(3,9223372036854775807))
Edge(499713,222536,(3,9223372036854775807))
