Edge(3,98078,(3,9223372036854775807))
Edge(55,440303,(3,9223372036854775807))
Edge(263,23821,(3,9223372036854775807))
Edge(282,402896,(3,9223372036854775807))
Edge(332,334338,(3,9223372036854775807))
Edge(463,473325,(1,3))
Edge(545,389583,(3,9223372036854775807))
Edge(1313,435893,(3,9223372036854775807))
Edge(1487,465672,(3,9223372036854775807))
Edge(1792,497526,(3,9223372036854775807))
Edge(1827,409650,(3,9223372036854775807))
Edge(2195,245051,(3,9223372036854775807))
Edge(2258,68540,(3,9223372036854775807))
Edge(2358,83572,(3,9223372036854775807))
Edge(2934,312151,(1,3))
Edge(3020,14676,(1,9223372036854775807))
Edge(3115,458160,(1,9223372036854775807))
Edge(3135,170976,(3,9223372036854775807))
Edge(3347,10524,(1,9223372036854775807))
Edge(3542,400280,(3,9223372036854775807))
Edge(3740,382856,(3,9223372036854775807))
Edge(3917,314356,(3,9223372036854775807))
Edge(3922,54131,(3,9223372036854775807))
Edge(3960,449410,(3,9223372036854775807))
Edge(4165,484974,(3,9223372036854775807))
Edge(4238,164778,(1,3))
Edge(4560,177682,(3,9223372036854775807))
Edge(5028,487641,(3,9223372036854775807))
Edge(5039,386978,(1,3))
Edge(5279,48747,(3,9223372036854775807))
Edge(5655,130074,(3,9223372036854775807))
Edge(6204,418671,(3,9223372036854775807))
Edge(6255,210014,(1,3))
Edge(7104,335184,(3,9223372036854775807))
Edge(7170,265970,(3,9223372036854775807))
Edge(7215,153636,(3,9223372036854775807))
Edge(7514,377462,(3,9223372036854775807))
Edge(7778,352610,(3,9223372036854775807))
Edge(8072,57926,(3,9223372036854775807))
Edge(8319,107603,(1,9223372036854775807))
Edge(8828,113429,(3,9223372036854775807))
Edge(8958,271756,(1,3))
Edge(9666,267300,(3,9223372036854775807))
Edge(9857,361187,(3,9223372036854775807))
Edge(9933,10969,(3,9223372036854775807))
Edge(9965,352496,(3,9223372036854775807))
Edge(10140,281645,(3,9223372036854775807))
Edge(10718,345643,(3,9223372036854775807))
Edge(11329,78524,(3,9223372036854775807))
Edge(11701,477562,(3,9223372036854775807))
Edge(12008,193632,(3,9223372036854775807))
Edge(12238,120272,(1,3))
Edge(12374,145728,(1,9223372036854775807))
Edge(12500,456809,(3,9223372036854775807))
Edge(12576,27233,(3,9223372036854775807))
Edge(12697,205177,(3,9223372036854775807))
Edge(12731,162754,(3,9223372036854775807))
Edge(13065,480724,(3,9223372036854775807))
Edge(13478,103965,(1,9223372036854775807))
Edge(13869,165311,(3,9223372036854775807))
Edge(13964,194007,(3,9223372036854775807))
Edge(14092,345381,(3,9223372036854775807))
Edge(14109,301175,(3,9223372036854775807))
Edge(14524,15106,(3,9223372036854775807))
Edge(15181,123983,(3,9223372036854775807))
Edge(15424,326662,(3,9223372036854775807))
Edge(15736,272049,(3,9223372036854775807))
Edge(15974,69154,(3,9223372036854775807))
Edge(16140,412070,(3,9223372036854775807))
Edge(16898,53833,(3,9223372036854775807))
Edge(17022,239651,(1,9223372036854775807))
Edge(17198,166537,(3,9223372036854775807))
Edge(17620,429528,(3,9223372036854775807))
Edge(18508,20989,(1,3))
Edge(18785,191395,(3,9223372036854775807))
Edge(19046,417960,(3,9223372036854775807))
Edge(19443,411851,(3,9223372036854775807))
Edge(19688,340831,(3,9223372036854775807))
Edge(19893,111962,(1,3))
Edge(20109,225530,(3,9223372036854775807))
Edge(20333,56241,(3,9223372036854775807))
Edge(20478,186932,(3,9223372036854775807))
Edge(20681,444778,(3,9223372036854775807))
Edge(20704,495012,(3,9223372036854775807))
Edge(21455,217852,(3,9223372036854775807))
Edge(21456,419733,(1,9223372036854775807))
Edge(21759,418146,(3,9223372036854775807))
Edge(22053,301127,(1,9223372036854775807))
Edge(22159,237438,(1,3))
Edge(22255,473243,(3,9223372036854775807))
Edge(22377,131370,(3,9223372036854775807))
Edge(22520,241365,(3,9223372036854775807))
Edge(23114,93503,(3,9223372036854775807))
Edge(23766,466491,(3,9223372036854775807))
Edge(23813,454656,(3,9223372036854775807))
Edge(23897,220236,(3,9223372036854775807))
Edge(24019,72632,(1,9223372036854775807))
Edge(24043,333300,(3,9223372036854775807))
Edge(24045,151481,(3,9223372036854775807))
Edge(24180,279505,(3,9223372036854775807))
Edge(24531,386944,(3,9223372036854775807))
Edge(24742,107408,(3,9223372036854775807))
Edge(25889,363972,(3,9223372036854775807))
Edge(25961,295225,(3,9223372036854775807))
Edge(26773,104380,(3,9223372036854775807))
Edge(26789,160656,(3,9223372036854775807))
Edge(26921,303028,(3,9223372036854775807))
Edge(26999,110064,(3,9223372036854775807))
Edge(27019,196136,(3,9223372036854775807))
Edge(27298,484663,(3,9223372036854775807))
Edge(27373,139561,(3,9223372036854775807))
Edge(27737,93170,(3,9223372036854775807))
Edge(28260,232841,(1,9223372036854775807))
Edge(28327,296519,(3,9223372036854775807))
Edge(28581,446340,(3,9223372036854775807))
Edge(29602,35395,(3,9223372036854775807))
Edge(29754,451226,(3,9223372036854775807))
Edge(30019,248010,(3,9223372036854775807))
Edge(30046,90690,(3,9223372036854775807))
Edge(30104,366408,(1,9223372036854775807))
Edge(30271,31037,(3,9223372036854775807))
Edge(30400,499152,(1,9223372036854775807))
Edge(30452,201383,(1,3))
Edge(30476,19257,(3,9223372036854775807))
Edge(30527,483481,(3,9223372036854775807))
Edge(30604,345198,(3,9223372036854775807))
Edge(30740,119377,(3,9223372036854775807))
Edge(30865,422435,(3,9223372036854775807))
Edge(30874,323402,(3,9223372036854775807))
Edge(30895,171124,(1,3))
Edge(30958,15585,(3,9223372036854775807))
Edge(31198,72022,(1,9223372036854775807))
Edge(31438,83199,(3,9223372036854775807))
Edge(31584,312241,(3,9223372036854775807))
Edge(31710,314467,(3,9223372036854775807))
Edge(31746,136724,(3,9223372036854775807))
Edge(31965,298924,(3,9223372036854775807))
Edge(31969,98484,(3,9223372036854775807))
Edge(32344,439677,(3,9223372036854775807))
Edge(32439,60228,(3,9223372036854775807))
Edge(32760,435459,(3,9223372036854775807))
Edge(32861,349504,(3,9223372036854775807))
Edge(33602,37812,(1,3))
Edge(33998,333329,(3,9223372036854775807))
Edge(34295,195453,(3,9223372036854775807))
Edge(34414,462907,(3,9223372036854775807))
Edge(34796,91136,(3,9223372036854775807))
Edge(34986,346480,(3,9223372036854775807))
Edge(35145,396725,(3,9223372036854775807))
Edge(35225,36283,(3,9223372036854775807))
Edge(35564,415207,(3,9223372036854775807))
Edge(36614,280567,(3,9223372036854775807))
Edge(37011,39726,(3,9223372036854775807))
Edge(37349,435703,(3,9223372036854775807))
Edge(37804,66114,(3,9223372036854775807))
Edge(38543,372428,(3,9223372036854775807))
Edge(38574,140813,(3,9223372036854775807))
Edge(38921,264718,(3,9223372036854775807))
Edge(39372,443220,(3,9223372036854775807))
Edge(39466,489138,(3,9223372036854775807))
Edge(39820,99039,(1,9223372036854775807))
Edge(39937,235125,(3,9223372036854775807))
Edge(40067,222594,(3,9223372036854775807))
Edge(40269,409950,(3,9223372036854775807))
Edge(40414,50118,(3,9223372036854775807))
Edge(40417,5354,(3,9223372036854775807))
Edge(40462,69439,(3,9223372036854775807))
Edge(40544,69033,(3,9223372036854775807))
Edge(40766,179868,(3,9223372036854775807))
Edge(41193,110627,(3,9223372036854775807))
Edge(41521,103145,(3,9223372036854775807))
Edge(41773,366525,(1,9223372036854775807))
Edge(41940,95655,(1,9223372036854775807))
Edge(41944,300568,(3,9223372036854775807))
Edge(41958,426510,(3,9223372036854775807))
Edge(42162,37244,(3,9223372036854775807))
Edge(42561,354192,(3,9223372036854775807))
Edge(42774,80295,(3,9223372036854775807))
Edge(42904,158608,(3,9223372036854775807))
Edge(43431,377827,(1,9223372036854775807))
Edge(43701,455140,(3,9223372036854775807))
Edge(44025,206530,(1,9223372036854775807))
Edge(44367,176827,(1,3))
Edge(44555,390018,(3,9223372036854775807))
Edge(44726,256573,(3,9223372036854775807))
Edge(44929,473062,(3,9223372036854775807))
Edge(45047,447406,(3,9223372036854775807))
Edge(45395,415447,(3,9223372036854775807))
Edge(45722,35825,(3,9223372036854775807))
Edge(45843,83950,(3,9223372036854775807))
Edge(46075,324260,(3,9223372036854775807))
Edge(46469,275276,(3,9223372036854775807))
Edge(46931,33949,(3,9223372036854775807))
Edge(46967,1341,(3,9223372036854775807))
Edge(48318,337748,(3,9223372036854775807))
Edge(48892,436709,(1,9223372036854775807))
Edge(49113,184812,(3,9223372036854775807))
Edge(49275,305595,(1,9223372036854775807))
Edge(49610,86065,(3,9223372036854775807))
Edge(50418,208290,(1,9223372036854775807))
Edge(50709,80373,(3,9223372036854775807))
Edge(51257,98251,(3,9223372036854775807))
Edge(51430,221168,(3,9223372036854775807))
Edge(51699,483322,(3,9223372036854775807))
Edge(51716,260110,(1,3))
Edge(51934,57873,(3,9223372036854775807))
Edge(52634,413463,(3,9223372036854775807))
Edge(52794,54910,(3,9223372036854775807))
Edge(53215,114975,(3,9223372036854775807))
Edge(53571,45478,(3,9223372036854775807))
Edge(53893,276072,(3,9223372036854775807))
Edge(53952,200967,(1,3))
Edge(54013,162967,(3,9223372036854775807))
Edge(54118,346398,(1,9223372036854775807))
Edge(54129,66033,(3,9223372036854775807))
Edge(54154,229490,(3,9223372036854775807))
Edge(54747,346013,(3,9223372036854775807))
Edge(54928,33225,(1,9223372036854775807))
Edge(55189,229107,(3,9223372036854775807))
Edge(55355,417519,(3,9223372036854775807))
Edge(55633,259488,(1,9223372036854775807))
Edge(55796,382580,(3,9223372036854775807))
Edge(56238,222503,(3,9223372036854775807))
Edge(56741,132436,(3,9223372036854775807))
Edge(56743,378408,(3,9223372036854775807))
Edge(57316,222449,(3,9223372036854775807))
Edge(57498,476560,(3,9223372036854775807))
Edge(57520,34139,(3,9223372036854775807))
Edge(58009,10384,(1,9223372036854775807))
Edge(58500,145332,(1,3))
Edge(58594,64203,(3,9223372036854775807))
Edge(58666,489732,(3,9223372036854775807))
Edge(59810,301351,(1,3))
Edge(60020,406413,(1,9223372036854775807))
Edge(60160,35251,(3,9223372036854775807))
Edge(60325,104198,(3,9223372036854775807))
Edge(61281,134917,(3,9223372036854775807))
Edge(62179,368230,(1,9223372036854775807))
Edge(63186,292101,(3,9223372036854775807))
Edge(63211,310966,(3,9223372036854775807))
Edge(63335,90613,(3,9223372036854775807))
Edge(63886,49378,(3,9223372036854775807))
Edge(64172,380987,(3,9223372036854775807))
Edge(64178,233245,(3,9223372036854775807))
Edge(64396,162822,(3,9223372036854775807))
Edge(64656,94872,(3,9223372036854775807))
Edge(64881,70127,(3,9223372036854775807))
Edge(64996,374605,(3,9223372036854775807))
Edge(65144,330716,(3,9223372036854775807))
Edge(65289,496638,(3,9223372036854775807))
Edge(65539,230159,(3,9223372036854775807))
Edge(65626,374552,(1,9223372036854775807))
Edge(65711,445247,(3,9223372036854775807))
Edge(66085,126007,(3,9223372036854775807))
Edge(66444,462357,(3,9223372036854775807))
Edge(66647,425883,(3,9223372036854775807))
Edge(67432,475812,(3,9223372036854775807))
Edge(67580,175431,(3,9223372036854775807))
Edge(67865,171686,(3,9223372036854775807))
Edge(67895,497467,(3,9223372036854775807))
Edge(68562,203099,(3,9223372036854775807))
Edge(68878,155415,(3,9223372036854775807))
Edge(69010,86434,(3,9223372036854775807))
Edge(69489,24917,(3,9223372036854775807))
Edge(69575,352855,(3,9223372036854775807))
Edge(69864,425172,(3,9223372036854775807))
Edge(69920,143705,(3,9223372036854775807))
Edge(70124,321315,(3,9223372036854775807))
Edge(70733,112588,(3,9223372036854775807))
Edge(71304,120633,(3,9223372036854775807))
Edge(71864,12985,(3,9223372036854775807))
Edge(71930,443282,(3,9223372036854775807))
Edge(72462,284546,(3,9223372036854775807))
Edge(72523,413010,(3,9223372036854775807))
Edge(72791,486236,(3,9223372036854775807))
Edge(73336,32728,(1,9223372036854775807))
Edge(73355,128077,(3,9223372036854775807))
Edge(74290,181523,(3,9223372036854775807))
Edge(74375,57257,(3,9223372036854775807))
Edge(74691,218401,(3,9223372036854775807))
Edge(75122,32811,(3,9223372036854775807))
Edge(75470,213231,(3,9223372036854775807))
Edge(75775,271771,(3,9223372036854775807))
Edge(75812,358265,(3,9223372036854775807))
Edge(76351,8015,(3,9223372036854775807))
Edge(76770,330261,(3,9223372036854775807))
Edge(77117,435634,(3,9223372036854775807))
Edge(77164,495918,(3,9223372036854775807))
Edge(77516,362327,(3,9223372036854775807))
Edge(77732,209784,(3,9223372036854775807))
Edge(77739,434989,(3,9223372036854775807))
Edge(79125,450928,(3,9223372036854775807))
Edge(79330,281147,(3,9223372036854775807))
Edge(79573,287459,(3,9223372036854775807))
Edge(79576,254828,(3,9223372036854775807))
Edge(80240,41606,(3,9223372036854775807))
Edge(80249,421593,(3,9223372036854775807))
Edge(80416,217058,(3,9223372036854775807))
Edge(80555,11185,(3,9223372036854775807))
Edge(80628,101022,(3,9223372036854775807))
Edge(81331,251721,(3,9223372036854775807))
Edge(81685,345674,(3,9223372036854775807))
Edge(81730,115051,(1,3))
Edge(82219,498205,(3,9223372036854775807))
Edge(82263,382921,(3,9223372036854775807))
Edge(82267,440308,(3,9223372036854775807))
Edge(82286,117967,(3,9223372036854775807))
Edge(82721,322683,(1,9223372036854775807))
Edge(83558,280896,(3,9223372036854775807))
Edge(83939,197869,(3,9223372036854775807))
Edge(84945,470656,(1,9223372036854775807))
Edge(85785,376765,(3,9223372036854775807))
Edge(86263,297480,(1,9223372036854775807))
Edge(86270,400790,(3,9223372036854775807))
Edge(86374,438759,(1,9223372036854775807))
Edge(86843,42386,(3,9223372036854775807))
Edge(86937,291949,(1,3))
Edge(87718,274835,(3,9223372036854775807))
Edge(87871,127862,(3,9223372036854775807))
Edge(88061,478568,(3,9223372036854775807))
Edge(88175,215408,(3,9223372036854775807))
Edge(88313,461465,(3,9223372036854775807))
Edge(88589,58773,(3,9223372036854775807))
Edge(88694,324335,(3,9223372036854775807))
Edge(88827,94830,(1,9223372036854775807))
Edge(89799,485083,(3,9223372036854775807))
Edge(89816,67867,(1,9223372036854775807))
Edge(90165,21121,(3,9223372036854775807))
Edge(90344,113505,(3,9223372036854775807))
Edge(90570,88887,(3,9223372036854775807))
Edge(90597,90384,(3,9223372036854775807))
Edge(90680,198011,(3,9223372036854775807))
Edge(91166,230881,(3,9223372036854775807))
Edge(91387,123283,(3,9223372036854775807))
Edge(91602,389442,(3,9223372036854775807))
Edge(92365,352413,(1,9223372036854775807))
Edge(92525,271364,(3,9223372036854775807))
Edge(92710,371608,(3,9223372036854775807))
Edge(92796,203774,(3,9223372036854775807))
Edge(93033,246899,(3,9223372036854775807))
Edge(93117,412512,(3,9223372036854775807))
Edge(93594,353485,(3,9223372036854775807))
Edge(93629,495130,(3,9223372036854775807))
Edge(93832,26489,(3,9223372036854775807))
Edge(93860,27997,(3,9223372036854775807))
Edge(93934,53433,(3,9223372036854775807))
Edge(93938,332312,(3,9223372036854775807))
Edge(94135,77255,(3,9223372036854775807))
Edge(94527,97488,(1,9223372036854775807))
Edge(94960,498030,(1,9223372036854775807))
Edge(95218,213159,(3,9223372036854775807))
Edge(95580,299991,(3,9223372036854775807))
Edge(95720,427147,(3,9223372036854775807))
Edge(95721,171035,(3,9223372036854775807))
Edge(96041,245526,(3,9223372036854775807))
Edge(96069,454375,(3,9223372036854775807))
Edge(96112,14452,(3,9223372036854775807))
Edge(96132,60330,(1,3))
Edge(96147,294599,(3,9223372036854775807))
Edge(96641,348088,(3,9223372036854775807))
Edge(97223,203810,(3,9223372036854775807))
Edge(97230,6300,(3,9223372036854775807))
Edge(97416,99926,(3,9223372036854775807))
Edge(97579,322386,(3,9223372036854775807))
Edge(97667,394784,(1,3))
Edge(97862,34062,(3,9223372036854775807))
Edge(98516,28828,(3,9223372036854775807))
Edge(98568,47077,(3,9223372036854775807))
Edge(98751,483083,(1,9223372036854775807))
Edge(98803,104780,(3,9223372036854775807))
Edge(99745,332099,(1,9223372036854775807))
Edge(99959,134399,(3,9223372036854775807))
Edge(99963,43337,(3,9223372036854775807))
Edge(100072,400204,(3,9223372036854775807))
Edge(100496,348726,(3,9223372036854775807))
Edge(100515,373449,(1,9223372036854775807))
Edge(100654,199614,(3,9223372036854775807))
Edge(101308,128992,(3,9223372036854775807))
Edge(101344,198739,(3,9223372036854775807))
Edge(101818,69125,(3,9223372036854775807))
Edge(101826,12046,(3,9223372036854775807))
Edge(102163,130201,(3,9223372036854775807))
Edge(102374,161662,(3,9223372036854775807))
Edge(102692,457823,(3,9223372036854775807))
Edge(102705,432613,(3,9223372036854775807))
Edge(102955,40300,(3,9223372036854775807))
Edge(103119,266184,(3,9223372036854775807))
Edge(103324,287643,(1,3))
Edge(103967,405814,(3,9223372036854775807))
Edge(104159,410154,(3,9223372036854775807))
Edge(104615,448687,(3,9223372036854775807))
Edge(104821,365467,(1,9223372036854775807))
Edge(105044,475885,(3,9223372036854775807))
Edge(105422,248363,(1,9223372036854775807))
Edge(105643,190804,(1,3))
Edge(106143,104357,(3,9223372036854775807))
Edge(107381,441908,(3,9223372036854775807))
Edge(107456,420014,(3,9223372036854775807))
Edge(107644,292377,(3,9223372036854775807))
Edge(107755,105992,(3,9223372036854775807))
Edge(108242,262287,(1,9223372036854775807))
Edge(108249,16034,(1,3))
Edge(108272,92334,(3,9223372036854775807))
Edge(108287,156343,(3,9223372036854775807))
Edge(108881,449454,(3,9223372036854775807))
Edge(109554,342523,(1,3))
Edge(109754,91725,(3,9223372036854775807))
Edge(109779,262294,(1,9223372036854775807))
Edge(109913,423096,(3,9223372036854775807))
Edge(110007,79130,(3,9223372036854775807))
Edge(110067,77334,(3,9223372036854775807))
Edge(110177,276266,(1,9223372036854775807))
Edge(110358,361851,(3,9223372036854775807))
Edge(110549,398159,(3,9223372036854775807))
Edge(110750,1652,(3,9223372036854775807))
Edge(111770,200201,(1,9223372036854775807))
Edge(111901,232620,(3,9223372036854775807))
Edge(112014,299893,(3,9223372036854775807))
Edge(112639,284298,(3,9223372036854775807))
Edge(112752,193648,(3,9223372036854775807))
Edge(113270,450147,(3,9223372036854775807))
Edge(113831,214591,(3,9223372036854775807))
Edge(113845,104330,(3,9223372036854775807))
Edge(113887,332864,(3,9223372036854775807))
Edge(114036,490595,(3,9223372036854775807))
Edge(114436,208690,(3,9223372036854775807))
Edge(114803,481551,(3,9223372036854775807))
Edge(114928,225599,(3,9223372036854775807))
Edge(115283,339331,(3,9223372036854775807))
Edge(116095,328384,(3,9223372036854775807))
Edge(116837,246086,(1,9223372036854775807))
Edge(117387,425703,(3,9223372036854775807))
Edge(117451,248982,(3,9223372036854775807))
Edge(117577,206606,(3,9223372036854775807))
Edge(117683,429685,(1,9223372036854775807))
Edge(118102,460220,(3,9223372036854775807))
Edge(118177,112228,(1,9223372036854775807))
Edge(118314,5070,(3,9223372036854775807))
Edge(118461,326249,(3,9223372036854775807))
Edge(118715,480554,(3,9223372036854775807))
Edge(118746,456873,(3,9223372036854775807))
Edge(118807,277212,(1,9223372036854775807))
Edge(118901,186412,(3,9223372036854775807))
Edge(118915,426971,(3,9223372036854775807))
Edge(119586,267208,(3,9223372036854775807))
Edge(120015,367824,(3,9223372036854775807))
Edge(120839,138229,(3,9223372036854775807))
Edge(120862,201070,(3,9223372036854775807))
Edge(120972,379648,(3,9223372036854775807))
Edge(124091,232048,(3,9223372036854775807))
Edge(124122,156653,(3,9223372036854775807))
Edge(124456,349238,(3,9223372036854775807))
Edge(124686,475112,(3,9223372036854775807))
Edge(124690,292048,(3,9223372036854775807))
Edge(124702,134220,(3,9223372036854775807))
Edge(124758,60338,(3,9223372036854775807))
Edge(124931,136756,(3,9223372036854775807))
Edge(125219,163392,(3,9223372036854775807))
Edge(125391,306868,(1,9223372036854775807))
Edge(125395,132437,(3,9223372036854775807))
Edge(125516,270809,(3,9223372036854775807))
Edge(125879,68859,(3,9223372036854775807))
Edge(125957,479080,(3,9223372036854775807))
Edge(126158,248464,(3,9223372036854775807))
Edge(126950,48732,(1,9223372036854775807))
Edge(127071,187591,(3,9223372036854775807))
Edge(127195,31338,(3,9223372036854775807))
Edge(127967,252687,(3,9223372036854775807))
Edge(128059,379520,(3,9223372036854775807))
Edge(128232,466823,(1,3))
Edge(128402,376344,(3,9223372036854775807))
Edge(128793,95572,(3,9223372036854775807))
Edge(129076,206686,(3,9223372036854775807))
Edge(129313,482958,(3,9223372036854775807))
Edge(129317,279715,(3,9223372036854775807))
Edge(130029,324207,(3,9223372036854775807))
Edge(130139,246884,(3,9223372036854775807))
Edge(130463,390124,(3,9223372036854775807))
Edge(130651,355592,(3,9223372036854775807))
Edge(130755,30002,(1,9223372036854775807))
Edge(130858,43038,(3,9223372036854775807))
Edge(130966,68087,(3,9223372036854775807))
Edge(131027,65059,(3,9223372036854775807))
Edge(131393,36802,(3,9223372036854775807))
Edge(131554,258543,(3,9223372036854775807))
Edge(131706,17875,(3,9223372036854775807))
Edge(131999,362822,(3,9223372036854775807))
Edge(132011,96962,(3,9223372036854775807))
Edge(132350,492219,(3,9223372036854775807))
Edge(132387,335793,(3,9223372036854775807))
Edge(132478,387828,(3,9223372036854775807))
Edge(132636,454287,(3,9223372036854775807))
Edge(133311,304468,(3,9223372036854775807))
Edge(133461,271028,(3,9223372036854775807))
Edge(133865,420228,(3,9223372036854775807))
Edge(134199,248538,(3,9223372036854775807))
Edge(134285,222196,(3,9223372036854775807))
Edge(134948,306204,(1,9223372036854775807))
Edge(134971,226031,(3,9223372036854775807))
Edge(135009,112776,(3,9223372036854775807))
Edge(135456,275586,(3,9223372036854775807))
Edge(136194,391317,(3,9223372036854775807))
Edge(138017,119146,(3,9223372036854775807))
Edge(138223,473390,(3,9223372036854775807))
Edge(138728,467366,(3,9223372036854775807))
Edge(139281,454412,(3,9223372036854775807))
Edge(139391,388585,(3,9223372036854775807))
Edge(140653,146145,(3,9223372036854775807))
Edge(140676,407197,(3,9223372036854775807))
Edge(141116,11974,(1,9223372036854775807))
Edge(141223,410409,(3,9223372036854775807))
Edge(141296,271123,(3,9223372036854775807))
Edge(142127,362530,(3,9223372036854775807))
Edge(142250,385288,(1,3))
Edge(142822,714,(3,9223372036854775807))
Edge(143185,44679,(3,9223372036854775807))
Edge(143241,398319,(3,9223372036854775807))
Edge(143732,332807,(3,9223372036854775807))
Edge(143950,353,(3,9223372036854775807))
Edge(144195,33450,(3,9223372036854775807))
Edge(144375,492354,(3,9223372036854775807))
Edge(144590,491615,(1,3))
Edge(144660,50396,(1,9223372036854775807))
Edge(144771,408492,(3,9223372036854775807))
Edge(144806,135038,(1,9223372036854775807))
Edge(144908,486520,(3,9223372036854775807))
Edge(145398,295366,(3,9223372036854775807))
Edge(146602,279629,(3,9223372036854775807))
Edge(146795,201009,(3,9223372036854775807))
Edge(146896,375633,(1,3))
Edge(147010,396862,(3,9223372036854775807))
Edge(147033,357729,(3,9223372036854775807))
Edge(147202,181501,(1,9223372036854775807))
Edge(147248,346999,(3,9223372036854775807))
Edge(147258,146611,(3,9223372036854775807))
Edge(147270,467595,(3,9223372036854775807))
Edge(147712,79529,(3,9223372036854775807))
Edge(148214,415762,(3,9223372036854775807))
Edge(148274,352612,(3,9223372036854775807))
Edge(148346,238755,(3,9223372036854775807))
Edge(148497,219447,(4,9223372036854775807))
Edge(148919,29987,(3,9223372036854775807))
Edge(149399,157027,(3,9223372036854775807))
Edge(149846,97861,(1,9223372036854775807))
Edge(150475,398416,(3,9223372036854775807))
Edge(151723,223968,(3,9223372036854775807))
Edge(151851,80517,(1,9223372036854775807))
Edge(151876,68765,(3,9223372036854775807))
Edge(152867,487728,(3,9223372036854775807))
Edge(153509,67696,(3,9223372036854775807))
Edge(154927,350062,(3,9223372036854775807))
Edge(155015,498110,(3,9223372036854775807))
Edge(155131,172928,(4,9223372036854775807))
Edge(155408,67060,(3,9223372036854775807))
Edge(155624,197533,(3,9223372036854775807))
Edge(155693,107806,(3,9223372036854775807))
Edge(155936,56915,(3,9223372036854775807))
Edge(155953,262197,(3,9223372036854775807))
Edge(156217,85943,(3,9223372036854775807))
Edge(156253,294173,(1,3))
Edge(156451,130585,(3,9223372036854775807))
Edge(156545,494187,(3,9223372036854775807))
Edge(156548,475652,(3,9223372036854775807))
Edge(157395,58087,(1,9223372036854775807))
Edge(158337,471546,(3,9223372036854775807))
Edge(159196,266002,(3,9223372036854775807))
Edge(159231,79131,(3,9223372036854775807))
Edge(159549,70860,(3,9223372036854775807))
Edge(159598,426316,(1,3))
Edge(159750,270038,(3,9223372036854775807))
Edge(159970,326640,(1,9223372036854775807))
Edge(160116,162704,(3,9223372036854775807))
Edge(160471,291535,(3,9223372036854775807))
Edge(160646,370392,(1,9223372036854775807))
Edge(161523,340788,(3,9223372036854775807))
Edge(161848,286347,(1,3))
Edge(161949,388501,(3,9223372036854775807))
Edge(162379,273074,(3,9223372036854775807))
Edge(162416,342211,(3,9223372036854775807))
Edge(162541,427894,(3,9223372036854775807))
Edge(163014,70871,(3,9223372036854775807))
Edge(163041,75869,(1,9223372036854775807))
Edge(163100,416191,(3,9223372036854775807))
Edge(163591,250083,(1,9223372036854775807))
Edge(163745,229526,(3,9223372036854775807))
Edge(164194,168456,(3,9223372036854775807))
Edge(164281,71215,(3,9223372036854775807))
Edge(164532,53306,(3,9223372036854775807))
Edge(164580,91754,(3,9223372036854775807))
Edge(165167,353465,(3,9223372036854775807))
Edge(165174,162635,(3,9223372036854775807))
Edge(165187,374782,(3,9223372036854775807))
Edge(165732,229509,(3,9223372036854775807))
Edge(166075,395627,(3,9223372036854775807))
Edge(166134,21717,(3,9223372036854775807))
Edge(166149,405021,(1,9223372036854775807))
Edge(166426,245735,(3,9223372036854775807))
Edge(167211,486639,(1,9223372036854775807))
Edge(167256,60493,(3,9223372036854775807))
Edge(167740,140159,(3,9223372036854775807))
Edge(167768,270219,(3,9223372036854775807))
Edge(167841,170913,(3,9223372036854775807))
Edge(167982,199071,(1,9223372036854775807))
Edge(167992,324412,(3,9223372036854775807))
Edge(168035,59802,(3,9223372036854775807))
Edge(168606,186784,(3,9223372036854775807))
Edge(169131,432741,(3,9223372036854775807))
Edge(169149,5762,(1,9223372036854775807))
Edge(169630,86903,(3,9223372036854775807))
Edge(169870,47490,(3,9223372036854775807))
Edge(170010,365024,(1,9223372036854775807))
Edge(170185,56577,(3,9223372036854775807))
Edge(170193,493203,(3,9223372036854775807))
Edge(170802,392020,(3,9223372036854775807))
Edge(170823,380711,(1,3))
Edge(171005,339019,(3,9223372036854775807))
Edge(171036,410389,(3,9223372036854775807))
Edge(171190,181372,(1,3))
Edge(171215,170642,(3,9223372036854775807))
Edge(171476,361184,(1,3))
Edge(171521,26451,(3,9223372036854775807))
Edge(172406,70074,(1,3))
Edge(172987,357910,(3,9223372036854775807))
Edge(173374,478476,(3,9223372036854775807))
Edge(173773,363080,(3,9223372036854775807))
Edge(173898,56516,(3,9223372036854775807))
Edge(174035,15812,(3,9223372036854775807))
Edge(174213,455624,(3,9223372036854775807))
Edge(174249,461669,(3,9223372036854775807))
Edge(174329,145777,(1,9223372036854775807))
Edge(174722,247402,(3,9223372036854775807))
Edge(175551,265397,(3,9223372036854775807))
Edge(175636,466473,(3,9223372036854775807))
Edge(175683,55408,(1,9223372036854775807))
Edge(175750,207952,(3,9223372036854775807))
Edge(175835,318469,(3,9223372036854775807))
Edge(176824,490476,(3,9223372036854775807))
Edge(176909,38246,(3,9223372036854775807))
Edge(177128,187417,(3,9223372036854775807))
Edge(177343,408684,(3,9223372036854775807))
Edge(177456,470489,(3,9223372036854775807))
Edge(177872,456992,(3,9223372036854775807))
Edge(177923,187640,(3,9223372036854775807))
Edge(178450,111836,(3,9223372036854775807))
Edge(178577,475253,(3,9223372036854775807))
Edge(178702,409507,(1,9223372036854775807))
Edge(178894,62988,(3,9223372036854775807))
Edge(178966,143529,(3,9223372036854775807))
Edge(179475,134119,(1,9223372036854775807))
Edge(179678,159896,(3,9223372036854775807))
Edge(180447,56835,(1,9223372036854775807))
Edge(181223,218775,(3,9223372036854775807))
Edge(181869,203874,(3,9223372036854775807))
Edge(182285,144929,(1,9223372036854775807))
Edge(182431,460296,(3,9223372036854775807))
Edge(182588,320146,(3,9223372036854775807))
Edge(182775,168091,(3,9223372036854775807))
Edge(182778,422856,(3,9223372036854775807))
Edge(182889,429010,(3,9223372036854775807))
Edge(183120,288007,(3,9223372036854775807))
Edge(183152,312296,(3,9223372036854775807))
Edge(183360,231035,(3,9223372036854775807))
Edge(183373,134017,(1,3))
Edge(183478,270749,(3,9223372036854775807))
Edge(183848,335640,(3,9223372036854775807))
Edge(184370,461957,(3,9223372036854775807))
Edge(184611,184128,(3,9223372036854775807))
Edge(184758,339046,(3,9223372036854775807))
Edge(184911,422398,(3,9223372036854775807))
Edge(185494,454283,(4,9223372036854775807))
Edge(186347,72789,(3,9223372036854775807))
Edge(187319,136997,(3,9223372036854775807))
Edge(187527,302567,(3,9223372036854775807))
Edge(187669,36376,(3,9223372036854775807))
Edge(187852,184574,(1,9223372036854775807))
Edge(188110,478696,(1,9223372036854775807))
Edge(188289,41514,(1,9223372036854775807))
Edge(188390,46995,(3,9223372036854775807))
Edge(188661,141370,(1,9223372036854775807))
Edge(188839,485608,(3,9223372036854775807))
Edge(188989,46899,(3,9223372036854775807))
Edge(189717,374561,(1,9223372036854775807))
Edge(189903,182607,(1,3))
Edge(190584,235231,(3,9223372036854775807))
Edge(190787,175751,(1,9223372036854775807))
Edge(190869,35286,(1,9223372036854775807))
Edge(191010,401868,(3,9223372036854775807))
Edge(191029,369528,(3,9223372036854775807))
Edge(191239,466444,(3,9223372036854775807))
Edge(191392,407925,(3,9223372036854775807))
Edge(191406,177099,(3,9223372036854775807))
Edge(191537,259903,(3,9223372036854775807))
Edge(191851,164319,(3,9223372036854775807))
Edge(193271,244216,(3,9223372036854775807))
Edge(193279,492078,(3,9223372036854775807))
Edge(193339,48671,(1,9223372036854775807))
Edge(193550,101867,(3,9223372036854775807))
Edge(193866,215339,(1,9223372036854775807))
Edge(194947,84912,(3,9223372036854775807))
Edge(194964,78767,(1,9223372036854775807))
Edge(195194,382121,(3,9223372036854775807))
Edge(195378,296674,(3,9223372036854775807))
Edge(195759,250984,(3,9223372036854775807))
Edge(195881,46841,(3,9223372036854775807))
Edge(195892,367524,(3,9223372036854775807))
Edge(195973,66060,(1,9223372036854775807))
Edge(196274,267968,(3,9223372036854775807))
Edge(196298,335954,(3,9223372036854775807))
Edge(196420,78373,(3,9223372036854775807))
Edge(196443,159603,(3,9223372036854775807))
Edge(196457,223131,(3,9223372036854775807))
Edge(196740,43321,(1,9223372036854775807))
Edge(196878,123015,(3,9223372036854775807))
Edge(197085,451240,(1,3))
Edge(197253,46967,(3,9223372036854775807))
Edge(198943,473941,(3,9223372036854775807))
Edge(199315,268414,(1,9223372036854775807))
Edge(199462,103242,(3,9223372036854775807))
Edge(200301,205442,(3,9223372036854775807))
Edge(200513,247052,(3,9223372036854775807))
Edge(200812,426874,(3,9223372036854775807))
Edge(200857,217703,(3,9223372036854775807))
Edge(200950,456596,(1,3))
Edge(201073,434717,(3,9223372036854775807))
Edge(201256,106147,(3,9223372036854775807))
Edge(201947,348398,(3,9223372036854775807))
Edge(202575,59724,(3,9223372036854775807))
Edge(202844,479219,(1,3))
Edge(202903,491908,(3,9223372036854775807))
Edge(204318,345774,(1,3))
Edge(204916,459836,(3,9223372036854775807))
Edge(205080,252766,(3,9223372036854775807))
Edge(205290,221043,(3,9223372036854775807))
Edge(205494,212547,(1,9223372036854775807))
Edge(206617,135275,(3,9223372036854775807))
Edge(206694,288106,(1,3))
Edge(206793,464805,(1,9223372036854775807))
Edge(207177,162015,(3,9223372036854775807))
Edge(207442,218773,(1,3))
Edge(207577,419127,(3,9223372036854775807))
Edge(207650,341190,(4,9223372036854775807))
Edge(207794,41370,(3,9223372036854775807))
Edge(208258,210510,(3,9223372036854775807))
Edge(208558,193542,(1,9223372036854775807))
Edge(208724,227281,(3,9223372036854775807))
Edge(209345,98220,(3,9223372036854775807))
Edge(209692,254310,(3,9223372036854775807))
Edge(209933,476593,(1,3))
Edge(210256,280017,(3,9223372036854775807))
Edge(211142,173453,(3,9223372036854775807))
Edge(211484,197454,(3,9223372036854775807))
Edge(211811,368569,(3,9223372036854775807))
Edge(212020,92621,(3,9223372036854775807))
Edge(212362,301387,(3,9223372036854775807))
Edge(212526,441317,(1,9223372036854775807))
Edge(213438,294404,(3,9223372036854775807))
Edge(214135,429279,(3,9223372036854775807))
Edge(214209,247387,(3,9223372036854775807))
Edge(215154,215774,(3,9223372036854775807))
Edge(215368,287309,(3,9223372036854775807))
Edge(215792,228478,(3,9223372036854775807))
Edge(216735,406241,(4,9223372036854775807))
Edge(217104,121603,(3,9223372036854775807))
Edge(217554,132270,(3,9223372036854775807))
Edge(218926,374569,(3,9223372036854775807))
Edge(219020,165343,(1,3))
Edge(219117,56768,(3,9223372036854775807))
Edge(220656,77035,(1,9223372036854775807))
Edge(220670,18329,(3,9223372036854775807))
Edge(220816,427202,(3,9223372036854775807))
Edge(220829,206316,(3,9223372036854775807))
Edge(220974,368624,(1,3))
Edge(221373,298400,(3,9223372036854775807))
Edge(221517,98476,(1,9223372036854775807))
Edge(221524,449128,(3,9223372036854775807))
Edge(221772,440125,(3,9223372036854775807))
Edge(221998,119464,(3,9223372036854775807))
Edge(222168,173328,(3,9223372036854775807))
Edge(222506,450111,(1,9223372036854775807))
Edge(222581,496670,(3,9223372036854775807))
Edge(223115,349362,(3,9223372036854775807))
Edge(223348,48348,(3,9223372036854775807))
Edge(223622,278273,(3,9223372036854775807))
Edge(223768,305005,(3,9223372036854775807))
Edge(223968,134161,(3,9223372036854775807))
Edge(224057,470846,(3,9223372036854775807))
Edge(224269,385803,(4,9223372036854775807))
Edge(224453,202792,(3,9223372036854775807))
Edge(224484,140918,(3,9223372036854775807))
Edge(224539,462798,(3,9223372036854775807))
Edge(224666,433083,(3,9223372036854775807))
Edge(225200,331610,(3,9223372036854775807))
Edge(225234,456229,(1,9223372036854775807))
Edge(225380,175993,(3,9223372036854775807))
Edge(225714,266256,(1,3))
Edge(225741,342432,(3,9223372036854775807))
Edge(226046,480244,(3,9223372036854775807))
Edge(226107,365921,(3,9223372036854775807))
Edge(226162,467118,(1,3))
Edge(226406,273230,(1,3))
Edge(226484,340861,(3,9223372036854775807))
Edge(226515,13459,(3,9223372036854775807))
Edge(226582,471431,(3,9223372036854775807))
Edge(226641,11324,(3,9223372036854775807))
Edge(227341,257226,(3,9223372036854775807))
Edge(227911,236222,(3,9223372036854775807))
Edge(228258,23903,(3,9223372036854775807))
Edge(228314,193201,(3,9223372036854775807))
Edge(228781,403393,(3,9223372036854775807))
Edge(228982,118494,(3,9223372036854775807))
Edge(229109,147934,(3,9223372036854775807))
Edge(229358,356029,(3,9223372036854775807))
Edge(229555,459355,(3,9223372036854775807))
Edge(229639,147628,(3,9223372036854775807))
Edge(229945,118077,(3,9223372036854775807))
Edge(230020,326628,(3,9223372036854775807))
Edge(230185,370086,(3,9223372036854775807))
Edge(230702,7270,(3,9223372036854775807))
Edge(230801,46860,(1,3))
Edge(231421,205551,(3,9223372036854775807))
Edge(231573,23041,(3,9223372036854775807))
Edge(231635,365852,(1,3))
Edge(232168,97137,(3,9223372036854775807))
Edge(232363,457427,(3,9223372036854775807))
Edge(232518,308601,(3,9223372036854775807))
Edge(233070,198653,(3,9223372036854775807))
Edge(233399,343657,(1,9223372036854775807))
Edge(234234,58783,(3,9223372036854775807))
Edge(234386,309695,(3,9223372036854775807))
Edge(234801,212902,(3,9223372036854775807))
Edge(235020,164019,(3,9223372036854775807))
Edge(235529,260395,(3,9223372036854775807))
Edge(235608,366447,(3,9223372036854775807))
Edge(235724,292306,(3,9223372036854775807))
Edge(236108,436667,(1,9223372036854775807))
Edge(236159,415232,(3,9223372036854775807))
Edge(236311,423160,(3,9223372036854775807))
Edge(236568,124609,(3,9223372036854775807))
Edge(236629,407805,(3,9223372036854775807))
Edge(236736,21669,(3,9223372036854775807))
Edge(236791,112521,(3,9223372036854775807))
Edge(236909,450813,(3,9223372036854775807))
Edge(236944,358464,(3,9223372036854775807))
Edge(237871,188619,(3,9223372036854775807))
Edge(238458,26217,(4,9223372036854775807))
Edge(238548,168085,(3,9223372036854775807))
Edge(238629,131435,(1,9223372036854775807))
Edge(239170,393725,(3,9223372036854775807))
Edge(239284,360932,(3,9223372036854775807))
Edge(239572,473771,(3,9223372036854775807))
Edge(239833,460855,(3,9223372036854775807))
Edge(240454,30540,(3,9223372036854775807))
Edge(240613,174173,(3,9223372036854775807))
Edge(240765,37889,(3,9223372036854775807))
Edge(241152,280873,(3,9223372036854775807))
Edge(241319,285603,(3,9223372036854775807))
Edge(241517,29447,(1,9223372036854775807))
Edge(241722,343798,(1,3))
Edge(241813,151259,(1,9223372036854775807))
Edge(242104,104908,(3,9223372036854775807))
Edge(242344,354834,(1,3))
Edge(242535,25211,(3,9223372036854775807))
Edge(242608,454281,(3,9223372036854775807))
Edge(242787,274651,(3,9223372036854775807))
Edge(243191,141956,(3,9223372036854775807))
Edge(243558,77074,(3,9223372036854775807))
Edge(243751,366558,(3,9223372036854775807))
Edge(243907,40777,(3,9223372036854775807))
Edge(244102,245528,(3,9223372036854775807))
Edge(244367,490210,(3,9223372036854775807))
Edge(244512,321702,(3,9223372036854775807))
Edge(244534,285374,(3,9223372036854775807))
Edge(244688,190772,(3,9223372036854775807))
Edge(245239,328292,(1,3))
Edge(245617,462501,(3,9223372036854775807))
Edge(245881,198741,(3,9223372036854775807))
Edge(246117,472685,(1,9223372036854775807))
Edge(247220,486286,(3,9223372036854775807))
Edge(247776,357837,(1,9223372036854775807))
Edge(247897,187048,(1,3))
Edge(249386,453840,(1,9223372036854775807))
Edge(249742,73966,(1,3))
Edge(250131,478008,(3,9223372036854775807))
Edge(250162,202431,(1,3))
Edge(250217,154300,(3,9223372036854775807))
Edge(250227,8033,(3,9223372036854775807))
Edge(250270,70893,(3,9223372036854775807))
Edge(250806,122787,(3,9223372036854775807))
Edge(250825,450603,(3,9223372036854775807))
Edge(251107,276948,(3,9223372036854775807))
Edge(251342,379421,(3,9223372036854775807))
Edge(251376,52538,(3,9223372036854775807))
Edge(251616,80893,(1,3))
Edge(251841,57004,(1,9223372036854775807))
Edge(251871,423206,(3,9223372036854775807))
Edge(252424,361168,(3,9223372036854775807))
Edge(252813,241977,(3,9223372036854775807))
Edge(253302,441974,(3,9223372036854775807))
Edge(253351,18688,(3,9223372036854775807))
Edge(253413,17722,(3,9223372036854775807))
Edge(253939,376514,(3,9223372036854775807))
Edge(254363,204653,(3,9223372036854775807))
Edge(254578,397762,(3,9223372036854775807))
Edge(254767,114329,(3,9223372036854775807))
Edge(255185,470669,(3,9223372036854775807))
Edge(255659,99003,(1,9223372036854775807))
Edge(255670,394977,(3,9223372036854775807))
Edge(255739,475059,(3,9223372036854775807))
Edge(255787,111250,(3,9223372036854775807))
Edge(256128,104087,(1,9223372036854775807))
Edge(256389,334622,(3,9223372036854775807))
Edge(256463,380072,(3,9223372036854775807))
Edge(256552,109574,(3,9223372036854775807))
Edge(256558,182915,(3,9223372036854775807))
Edge(257373,432748,(1,9223372036854775807))
Edge(257695,116131,(3,9223372036854775807))
Edge(257822,380980,(1,9223372036854775807))
Edge(258261,422377,(3,9223372036854775807))
Edge(258682,167754,(3,9223372036854775807))
Edge(258768,280183,(3,9223372036854775807))
Edge(259085,75858,(3,9223372036854775807))
Edge(259558,469450,(3,9223372036854775807))
Edge(259599,5851,(3,9223372036854775807))
Edge(259843,59131,(1,3))
Edge(260244,86769,(3,9223372036854775807))
Edge(260587,124968,(3,9223372036854775807))
Edge(261205,230408,(1,9223372036854775807))
Edge(261590,382638,(2,9223372036854775807))
Edge(261878,331556,(1,9223372036854775807))
Edge(262242,384049,(3,9223372036854775807))
Edge(262341,321771,(3,9223372036854775807))
Edge(262737,309582,(3,9223372036854775807))
Edge(263092,358655,(3,9223372036854775807))
Edge(263262,10154,(1,9223372036854775807))
Edge(263322,191919,(3,9223372036854775807))
Edge(263369,479438,(3,9223372036854775807))
Edge(264138,145968,(3,9223372036854775807))
Edge(264439,384963,(1,9223372036854775807))
Edge(264665,346004,(3,9223372036854775807))
Edge(264806,3701,(3,9223372036854775807))
Edge(265273,138122,(1,3))
Edge(265348,46898,(3,9223372036854775807))
Edge(265450,478855,(3,9223372036854775807))
Edge(265584,28385,(3,9223372036854775807))
Edge(265976,99491,(3,9223372036854775807))
Edge(266022,84571,(3,9223372036854775807))
Edge(266647,92625,(3,9223372036854775807))
Edge(266760,414755,(3,9223372036854775807))
Edge(267171,26207,(3,9223372036854775807))
Edge(267790,153423,(1,9223372036854775807))
Edge(268032,389656,(3,9223372036854775807))
Edge(268279,235785,(3,9223372036854775807))
Edge(268511,107304,(3,9223372036854775807))
Edge(269250,3897,(3,9223372036854775807))
Edge(269494,5702,(3,9223372036854775807))
Edge(269556,157772,(1,3))
Edge(269632,308312,(3,9223372036854775807))
Edge(270163,98698,(3,9223372036854775807))
Edge(270198,421503,(3,9223372036854775807))
Edge(270464,66209,(3,9223372036854775807))
Edge(270475,233944,(1,9223372036854775807))
Edge(270593,43654,(3,9223372036854775807))
Edge(270752,382171,(3,9223372036854775807))
Edge(270929,371937,(1,9223372036854775807))
Edge(271605,484416,(3,9223372036854775807))
Edge(271966,232774,(1,3))
Edge(272404,107294,(3,9223372036854775807))
Edge(272493,386724,(3,9223372036854775807))
Edge(273165,436369,(1,3))
Edge(273840,488520,(3,9223372036854775807))
Edge(273861,269029,(3,9223372036854775807))
Edge(274418,499231,(1,9223372036854775807))
Edge(274423,58899,(1,9223372036854775807))
Edge(274522,22410,(3,9223372036854775807))
Edge(274665,100979,(3,9223372036854775807))
Edge(274768,227359,(1,3))
Edge(275478,215930,(3,9223372036854775807))
Edge(275958,159050,(1,9223372036854775807))
Edge(275965,48836,(3,9223372036854775807))
Edge(276191,233964,(1,3))
Edge(276214,340339,(3,9223372036854775807))
Edge(276431,172155,(3,9223372036854775807))
Edge(276648,475534,(3,9223372036854775807))
Edge(276690,486142,(1,9223372036854775807))
Edge(276742,414771,(3,9223372036854775807))
Edge(276757,37197,(3,9223372036854775807))
Edge(276823,130527,(3,9223372036854775807))
Edge(277110,348236,(3,9223372036854775807))
Edge(277488,136970,(3,9223372036854775807))
Edge(277886,319479,(3,9223372036854775807))
Edge(279029,491066,(3,9223372036854775807))
Edge(279197,258409,(3,9223372036854775807))
Edge(279286,304506,(3,9223372036854775807))
Edge(279791,25878,(3,9223372036854775807))
Edge(279878,76644,(3,9223372036854775807))
Edge(280054,424969,(3,9223372036854775807))
Edge(280720,1149,(3,9223372036854775807))
Edge(280924,401143,(3,9223372036854775807))
Edge(281499,488784,(3,9223372036854775807))
Edge(281872,301312,(4,9223372036854775807))
Edge(281996,456528,(1,9223372036854775807))
Edge(282061,241436,(3,9223372036854775807))
Edge(282233,32857,(3,9223372036854775807))
Edge(283136,4079,(3,9223372036854775807))
Edge(283203,2672,(3,9223372036854775807))
Edge(283223,211359,(3,9223372036854775807))
Edge(283282,223739,(1,9223372036854775807))
Edge(283374,447187,(3,9223372036854775807))
Edge(283911,214715,(3,9223372036854775807))
Edge(283952,142744,(1,9223372036854775807))
Edge(284662,294991,(3,9223372036854775807))
Edge(284675,271989,(3,9223372036854775807))
Edge(284687,169284,(1,3))
Edge(284707,114007,(1,9223372036854775807))
Edge(284755,397599,(1,9223372036854775807))
Edge(285158,49277,(1,3))
Edge(285160,499609,(3,9223372036854775807))
Edge(285871,231224,(3,9223372036854775807))
Edge(285934,395015,(3,9223372036854775807))
Edge(287095,414614,(3,9223372036854775807))
Edge(287486,271736,(3,9223372036854775807))
Edge(287694,119913,(3,9223372036854775807))
Edge(287782,371507,(3,9223372036854775807))
Edge(288271,246766,(3,9223372036854775807))
Edge(288521,482746,(1,3))
Edge(288726,20646,(3,9223372036854775807))
Edge(288802,201419,(1,9223372036854775807))
Edge(288897,92167,(3,9223372036854775807))
Edge(288955,58427,(3,9223372036854775807))
Edge(289200,169070,(3,9223372036854775807))
Edge(289224,285881,(3,9223372036854775807))
Edge(289606,423080,(3,9223372036854775807))
Edge(289959,342186,(3,9223372036854775807))
Edge(290760,253795,(3,9223372036854775807))
Edge(290866,62584,(3,9223372036854775807))
Edge(291009,205985,(3,9223372036854775807))
Edge(291127,294177,(1,3))
Edge(291602,448069,(3,9223372036854775807))
Edge(291708,154592,(3,9223372036854775807))
Edge(292033,17091,(1,9223372036854775807))
Edge(292492,445711,(3,9223372036854775807))
Edge(292535,41350,(3,9223372036854775807))
Edge(292936,46970,(3,9223372036854775807))
Edge(293141,355010,(3,9223372036854775807))
Edge(293292,372662,(3,9223372036854775807))
Edge(294043,352661,(3,9223372036854775807))
Edge(294686,380312,(3,9223372036854775807))
Edge(294832,24696,(3,9223372036854775807))
Edge(294894,275665,(1,9223372036854775807))
Edge(295655,294918,(1,3))
Edge(295758,476082,(3,9223372036854775807))
Edge(295849,39168,(3,9223372036854775807))
Edge(296113,417674,(3,9223372036854775807))
Edge(297429,338079,(3,9223372036854775807))
Edge(297461,484392,(1,9223372036854775807))
Edge(297607,120213,(1,9223372036854775807))
Edge(297962,105576,(1,9223372036854775807))
Edge(297986,309687,(3,9223372036854775807))
Edge(298196,47286,(3,9223372036854775807))
Edge(298600,37336,(3,9223372036854775807))
Edge(298953,361953,(3,9223372036854775807))
Edge(299132,22884,(1,3))
Edge(299299,35188,(3,9223372036854775807))
Edge(299657,178406,(1,3))
Edge(299866,477900,(1,3))
Edge(300001,394242,(3,9223372036854775807))
Edge(300070,248850,(3,9223372036854775807))
Edge(300290,260600,(3,9223372036854775807))
Edge(300476,480000,(3,9223372036854775807))
Edge(300492,456962,(3,9223372036854775807))
Edge(300513,111377,(1,9223372036854775807))
Edge(300840,292587,(3,9223372036854775807))
Edge(301519,181655,(3,9223372036854775807))
Edge(301902,286738,(3,9223372036854775807))
Edge(301965,87768,(3,9223372036854775807))
Edge(302018,381050,(3,9223372036854775807))
Edge(302291,425875,(1,9223372036854775807))
Edge(302718,90619,(3,9223372036854775807))
Edge(302723,255848,(3,9223372036854775807))
Edge(303178,439687,(3,9223372036854775807))
Edge(303244,3663,(3,9223372036854775807))
Edge(303460,415724,(3,9223372036854775807))
Edge(303503,431211,(3,9223372036854775807))
Edge(303507,465316,(3,9223372036854775807))
Edge(303689,360254,(3,9223372036854775807))
Edge(304267,99654,(3,9223372036854775807))
Edge(304893,148197,(3,9223372036854775807))
Edge(304925,382234,(3,9223372036854775807))
Edge(305010,62417,(3,9223372036854775807))
Edge(305094,395240,(3,9223372036854775807))
Edge(305372,199184,(3,9223372036854775807))
Edge(305451,224565,(1,9223372036854775807))
Edge(305821,309899,(3,9223372036854775807))
Edge(306320,325320,(1,9223372036854775807))
Edge(306538,449783,(3,9223372036854775807))
Edge(307251,314785,(1,9223372036854775807))
Edge(307697,215259,(3,9223372036854775807))
Edge(307740,442679,(3,9223372036854775807))
Edge(307893,38776,(3,9223372036854775807))
Edge(307893,319120,(3,9223372036854775807))
Edge(308672,118875,(3,9223372036854775807))
Edge(308948,326468,(1,9223372036854775807))
Edge(309149,345434,(3,9223372036854775807))
Edge(309501,82562,(3,9223372036854775807))
Edge(310403,104347,(1,3))
Edge(310932,465944,(3,9223372036854775807))
Edge(311199,16432,(3,9223372036854775807))
Edge(311650,213736,(1,9223372036854775807))
Edge(311930,158688,(3,9223372036854775807))
Edge(312009,394029,(3,9223372036854775807))
Edge(312554,393420,(3,9223372036854775807))
Edge(312919,432506,(3,9223372036854775807))
Edge(313342,201967,(1,3))
Edge(313348,114065,(1,3))
Edge(313484,341162,(1,9223372036854775807))
Edge(313502,366358,(3,9223372036854775807))
Edge(313978,115511,(3,9223372036854775807))
Edge(314061,322806,(3,9223372036854775807))
Edge(314224,416607,(1,9223372036854775807))
Edge(314651,304046,(3,9223372036854775807))
Edge(314814,337911,(1,9223372036854775807))
Edge(314893,463999,(4,9223372036854775807))
Edge(315056,30440,(3,9223372036854775807))
Edge(315754,440070,(3,9223372036854775807))
Edge(316211,304382,(1,9223372036854775807))
Edge(316262,497668,(1,9223372036854775807))
Edge(317582,481197,(1,9223372036854775807))
Edge(317818,221961,(3,9223372036854775807))
Edge(317821,378084,(3,9223372036854775807))
Edge(318395,116026,(3,9223372036854775807))
Edge(318484,202692,(3,9223372036854775807))
Edge(319894,434458,(3,9223372036854775807))
Edge(320188,279121,(3,9223372036854775807))
Edge(320226,475862,(3,9223372036854775807))
Edge(320512,335842,(1,9223372036854775807))
Edge(320599,95115,(3,9223372036854775807))
Edge(320698,251748,(3,9223372036854775807))
Edge(320701,247544,(3,9223372036854775807))
Edge(320945,406789,(1,3))
Edge(321059,224945,(3,9223372036854775807))
Edge(321816,89710,(3,9223372036854775807))
Edge(322216,48637,(1,3))
Edge(322783,197590,(1,3))
Edge(323604,182530,(3,9223372036854775807))
Edge(323808,70437,(3,9223372036854775807))
Edge(324314,414491,(3,9223372036854775807))
Edge(324589,481868,(3,9223372036854775807))
Edge(324755,41570,(3,9223372036854775807))
Edge(324871,243309,(3,9223372036854775807))
Edge(324962,499446,(1,3))
Edge(325215,310770,(1,3))
Edge(325332,284474,(3,9223372036854775807))
Edge(325526,434023,(3,9223372036854775807))
Edge(325579,434346,(3,9223372036854775807))
Edge(326006,125859,(3,9223372036854775807))
Edge(326103,216617,(1,9223372036854775807))
Edge(326436,100986,(3,9223372036854775807))
Edge(326679,471274,(1,9223372036854775807))
Edge(326780,272242,(1,3))
Edge(327269,161614,(3,9223372036854775807))
Edge(327432,404467,(3,9223372036854775807))
Edge(328543,99283,(3,9223372036854775807))
Edge(328885,479623,(3,9223372036854775807))
Edge(329058,467902,(3,9223372036854775807))
Edge(329197,437469,(3,9223372036854775807))
Edge(329323,192571,(3,9223372036854775807))
Edge(329484,44213,(3,9223372036854775807))
Edge(329684,20449,(4,9223372036854775807))
Edge(330038,255963,(3,9223372036854775807))
Edge(330327,451282,(3,9223372036854775807))
Edge(330330,338225,(3,9223372036854775807))
Edge(330441,2877,(1,9223372036854775807))
Edge(330686,180361,(3,9223372036854775807))
Edge(331218,283995,(3,9223372036854775807))
Edge(331255,467679,(1,9223372036854775807))
Edge(332078,134797,(3,9223372036854775807))
Edge(332168,495722,(3,9223372036854775807))
Edge(332741,193875,(3,9223372036854775807))
Edge(333021,24175,(3,9223372036854775807))
Edge(334035,404103,(3,9223372036854775807))
Edge(334397,218573,(3,9223372036854775807))
Edge(334531,24194,(4,9223372036854775807))
Edge(334911,492994,(3,9223372036854775807))
Edge(335671,2272,(3,9223372036854775807))
Edge(336472,298715,(3,9223372036854775807))
Edge(337239,90466,(3,9223372036854775807))
Edge(337355,397318,(3,9223372036854775807))
Edge(337422,483638,(3,9223372036854775807))
Edge(337473,33754,(3,9223372036854775807))
Edge(338047,163782,(3,9223372036854775807))
Edge(338272,40529,(3,9223372036854775807))
Edge(338279,43048,(3,9223372036854775807))
Edge(339579,390615,(3,9223372036854775807))
Edge(339900,439233,(3,9223372036854775807))
Edge(339935,115124,(3,9223372036854775807))
Edge(340219,251422,(3,9223372036854775807))
Edge(340727,186797,(3,9223372036854775807))
Edge(340742,247341,(3,9223372036854775807))
Edge(340807,383975,(3,9223372036854775807))
Edge(341201,400443,(1,3))
Edge(341381,268334,(3,9223372036854775807))
Edge(341562,423383,(3,9223372036854775807))
Edge(341790,105786,(3,9223372036854775807))
Edge(342171,228136,(3,9223372036854775807))
Edge(342203,115519,(3,9223372036854775807))
Edge(342331,176771,(3,9223372036854775807))
Edge(342624,130785,(3,9223372036854775807))
Edge(342972,392646,(3,9223372036854775807))
Edge(342984,396385,(3,9223372036854775807))
Edge(344279,133394,(3,9223372036854775807))
Edge(344359,288361,(1,9223372036854775807))
Edge(344577,289918,(1,9223372036854775807))
Edge(344756,247660,(1,3))
Edge(344824,490792,(3,9223372036854775807))
Edge(344852,487462,(3,9223372036854775807))
Edge(345466,48143,(1,9223372036854775807))
Edge(345567,156799,(3,9223372036854775807))
Edge(345707,490504,(3,9223372036854775807))
Edge(345958,149484,(1,9223372036854775807))
Edge(346321,266892,(3,9223372036854775807))
Edge(346786,371334,(3,9223372036854775807))
Edge(346921,158118,(3,9223372036854775807))
Edge(347035,46644,(3,9223372036854775807))
Edge(347186,411030,(3,9223372036854775807))
Edge(347389,14155,(3,9223372036854775807))
Edge(348083,494052,(3,9223372036854775807))
Edge(348358,128777,(3,9223372036854775807))
Edge(348535,369627,(3,9223372036854775807))
Edge(349324,129284,(3,9223372036854775807))
Edge(349457,226113,(3,9223372036854775807))
Edge(349599,287846,(3,9223372036854775807))
Edge(349679,338218,(3,9223372036854775807))
Edge(350418,283410,(3,9223372036854775807))
Edge(350422,187009,(3,9223372036854775807))
Edge(350670,481126,(3,9223372036854775807))
Edge(350850,383133,(3,9223372036854775807))
Edge(351195,226405,(3,9223372036854775807))
Edge(351740,331341,(3,9223372036854775807))
Edge(351997,210453,(3,9223372036854775807))
Edge(352114,331562,(1,9223372036854775807))
Edge(352135,39566,(3,9223372036854775807))
Edge(352250,42319,(1,9223372036854775807))
Edge(352276,161463,(3,9223372036854775807))
Edge(352307,233534,(3,9223372036854775807))
Edge(352788,152274,(1,9223372036854775807))
Edge(353475,33856,(1,9223372036854775807))
Edge(353712,265242,(3,9223372036854775807))
Edge(354233,146224,(3,9223372036854775807))
Edge(354462,191796,(1,9223372036854775807))
Edge(354466,209180,(3,9223372036854775807))
Edge(354807,249367,(3,9223372036854775807))
Edge(355075,220120,(3,9223372036854775807))
Edge(355543,245593,(1,9223372036854775807))
Edge(356110,340638,(3,9223372036854775807))
Edge(356194,161642,(3,9223372036854775807))
Edge(356194,461956,(3,9223372036854775807))
Edge(356411,367954,(3,9223372036854775807))
Edge(356740,281021,(3,9223372036854775807))
Edge(356952,42235,(3,9223372036854775807))
Edge(357046,69611,(1,3))
Edge(357060,186472,(3,9223372036854775807))
Edge(357340,121008,(1,3))
Edge(357848,202532,(3,9223372036854775807))
Edge(357867,229874,(3,9223372036854775807))
Edge(357904,95086,(3,9223372036854775807))
Edge(358170,104057,(3,9223372036854775807))
Edge(358224,208520,(1,9223372036854775807))
Edge(358293,63163,(3,9223372036854775807))
Edge(358417,251776,(1,3))
Edge(358536,282493,(4,9223372036854775807))
Edge(358848,255651,(1,9223372036854775807))
Edge(359114,415541,(3,9223372036854775807))
Edge(359684,5666,(3,9223372036854775807))
Edge(359763,82742,(1,3))
Edge(360515,479520,(3,9223372036854775807))
Edge(360549,287904,(3,9223372036854775807))
Edge(360806,175135,(3,9223372036854775807))
Edge(360858,4992,(1,9223372036854775807))
Edge(361004,132884,(3,9223372036854775807))
Edge(361075,275726,(3,9223372036854775807))
Edge(361165,160843,(3,9223372036854775807))
Edge(361400,405635,(3,9223372036854775807))
Edge(362598,411978,(3,9223372036854775807))
Edge(363246,153230,(3,9223372036854775807))
Edge(363463,353280,(3,9223372036854775807))
Edge(363558,45577,(1,9223372036854775807))
Edge(363660,229711,(3,9223372036854775807))
Edge(363776,447612,(3,9223372036854775807))
Edge(363923,272756,(1,9223372036854775807))
Edge(364207,466979,(3,9223372036854775807))
Edge(364256,294002,(1,3))
Edge(364564,224885,(3,9223372036854775807))
Edge(364804,207200,(3,9223372036854775807))
Edge(365317,295721,(3,9223372036854775807))
Edge(365412,367661,(3,9223372036854775807))
Edge(365570,319560,(3,9223372036854775807))
Edge(365599,59475,(1,3))
Edge(365754,444565,(1,9223372036854775807))
Edge(365802,430283,(1,9223372036854775807))
Edge(365812,248500,(3,9223372036854775807))
Edge(365938,214879,(1,3))
Edge(366189,100722,(3,9223372036854775807))
Edge(366356,316782,(3,9223372036854775807))
Edge(366551,75093,(3,9223372036854775807))
Edge(366726,188420,(3,9223372036854775807))
Edge(367062,23111,(3,9223372036854775807))
Edge(367069,274470,(3,9223372036854775807))
Edge(367148,166599,(3,9223372036854775807))
Edge(367781,415577,(3,9223372036854775807))
Edge(367871,217824,(1,9223372036854775807))
Edge(367908,319595,(3,9223372036854775807))
Edge(367979,364547,(3,9223372036854775807))
Edge(368229,68458,(3,9223372036854775807))
Edge(368438,384135,(3,9223372036854775807))
Edge(368467,407577,(3,9223372036854775807))
Edge(368642,367879,(3,9223372036854775807))
Edge(368689,27200,(3,9223372036854775807))
Edge(368813,147133,(3,9223372036854775807))
Edge(368996,76616,(3,9223372036854775807))
Edge(369920,433242,(3,9223372036854775807))
Edge(370040,231132,(3,9223372036854775807))
Edge(370517,192270,(3,9223372036854775807))
Edge(371228,184623,(1,9223372036854775807))
Edge(371365,133016,(3,9223372036854775807))
Edge(371386,175207,(4,9223372036854775807))
Edge(371609,153676,(3,9223372036854775807))
Edge(371716,444405,(1,9223372036854775807))
Edge(371870,425417,(3,9223372036854775807))
Edge(372293,178712,(3,9223372036854775807))
Edge(372416,435531,(3,9223372036854775807))
Edge(372474,91283,(3,9223372036854775807))
Edge(372647,86130,(1,9223372036854775807))
Edge(372712,217178,(1,9223372036854775807))
Edge(372754,391244,(1,3))
Edge(372942,271323,(3,9223372036854775807))
Edge(372948,39765,(3,9223372036854775807))
Edge(372969,187897,(3,9223372036854775807))
Edge(373504,59,(3,9223372036854775807))
Edge(373546,294498,(3,9223372036854775807))
Edge(373630,111201,(1,9223372036854775807))
Edge(373661,93881,(1,9223372036854775807))
Edge(373676,263020,(3,9223372036854775807))
Edge(373720,27223,(3,9223372036854775807))
Edge(374115,14757,(1,9223372036854775807))
Edge(374557,220141,(3,9223372036854775807))
Edge(374600,473436,(3,9223372036854775807))
Edge(374821,388088,(3,9223372036854775807))
Edge(374958,67528,(1,9223372036854775807))
Edge(374977,271562,(1,9223372036854775807))
Edge(375315,382994,(1,9223372036854775807))
Edge(375732,53079,(3,9223372036854775807))
Edge(375921,337731,(3,9223372036854775807))
Edge(375950,393451,(3,9223372036854775807))
Edge(376304,450058,(3,9223372036854775807))
Edge(376323,78488,(3,9223372036854775807))
Edge(376437,481226,(1,3))
Edge(376502,400412,(3,9223372036854775807))
Edge(376503,46443,(1,9223372036854775807))
Edge(376860,485883,(3,9223372036854775807))
Edge(376893,495168,(1,3))
Edge(377048,208018,(3,9223372036854775807))
Edge(377066,32490,(3,9223372036854775807))
Edge(377511,232284,(3,9223372036854775807))
Edge(377581,21745,(3,9223372036854775807))
Edge(377814,477901,(3,9223372036854775807))
Edge(377847,209772,(3,9223372036854775807))
Edge(377964,97642,(3,9223372036854775807))
Edge(378024,421576,(1,3))
Edge(378475,63912,(1,9223372036854775807))
Edge(378477,409901,(3,9223372036854775807))
Edge(378854,288385,(3,9223372036854775807))
Edge(378887,393603,(3,9223372036854775807))
Edge(379311,484540,(3,9223372036854775807))
Edge(379662,297325,(3,9223372036854775807))
Edge(379883,267576,(3,9223372036854775807))
Edge(380122,215594,(3,9223372036854775807))
Edge(380215,319770,(3,9223372036854775807))
Edge(380370,333948,(3,9223372036854775807))
Edge(381262,333809,(1,3))
Edge(381543,298652,(3,9223372036854775807))
Edge(381686,273434,(3,9223372036854775807))
Edge(381697,182626,(3,9223372036854775807))
Edge(381939,372554,(3,9223372036854775807))
Edge(381981,481328,(3,9223372036854775807))
Edge(382042,257379,(3,9223372036854775807))
Edge(382099,111224,(3,9223372036854775807))
Edge(382195,63896,(1,9223372036854775807))
Edge(382211,416167,(3,9223372036854775807))
Edge(383026,137244,(3,9223372036854775807))
Edge(383379,465056,(3,9223372036854775807))
Edge(383756,392175,(1,3))
Edge(383984,328856,(3,9223372036854775807))
Edge(384373,381607,(3,9223372036854775807))
Edge(385074,78338,(1,9223372036854775807))
Edge(385316,490075,(3,9223372036854775807))
Edge(385419,375724,(3,9223372036854775807))
Edge(385933,412383,(3,9223372036854775807))
Edge(386292,223480,(1,3))
Edge(386495,196922,(3,9223372036854775807))
Edge(386526,229834,(3,9223372036854775807))
Edge(386718,52809,(3,9223372036854775807))
Edge(386910,361927,(3,9223372036854775807))
Edge(387411,311961,(3,9223372036854775807))
Edge(388773,7956,(1,9223372036854775807))
Edge(388826,58977,(3,9223372036854775807))
Edge(388955,479750,(3,9223372036854775807))
Edge(390142,300660,(1,3))
Edge(390609,289760,(3,9223372036854775807))
Edge(390803,491430,(1,3))
Edge(391131,162172,(3,9223372036854775807))
Edge(391539,249216,(3,9223372036854775807))
Edge(391693,412816,(3,9223372036854775807))
Edge(392572,288102,(3,9223372036854775807))
Edge(392969,373210,(3,9223372036854775807))
Edge(393033,222360,(3,9223372036854775807))
Edge(393083,305688,(3,9223372036854775807))
Edge(393242,124206,(3,9223372036854775807))
Edge(393294,327841,(3,9223372036854775807))
Edge(393451,481784,(3,9223372036854775807))
Edge(395251,376842,(3,9223372036854775807))
Edge(395409,189720,(3,9223372036854775807))
Edge(395910,281721,(3,9223372036854775807))
Edge(396093,128554,(3,9223372036854775807))
Edge(396881,288257,(3,9223372036854775807))
Edge(397170,81247,(3,9223372036854775807))
Edge(397351,480349,(3,9223372036854775807))
Edge(397855,418306,(3,9223372036854775807))
Edge(398014,367750,(3,9223372036854775807))
Edge(398172,237008,(3,9223372036854775807))
Edge(399006,432560,(3,9223372036854775807))
Edge(399395,55681,(1,9223372036854775807))
Edge(399611,2230,(3,9223372036854775807))
Edge(400090,304098,(3,9223372036854775807))
Edge(400527,374939,(3,9223372036854775807))
Edge(400676,53166,(1,9223372036854775807))
Edge(401148,292669,(3,9223372036854775807))
Edge(401220,223757,(3,9223372036854775807))
Edge(401640,46518,(3,9223372036854775807))
Edge(401693,58168,(3,9223372036854775807))
Edge(401702,79411,(3,9223372036854775807))
Edge(401825,56227,(3,9223372036854775807))
Edge(401829,424472,(3,9223372036854775807))
Edge(403066,384129,(3,9223372036854775807))
Edge(403269,180740,(3,9223372036854775807))
Edge(403683,106437,(3,9223372036854775807))
Edge(403835,192132,(3,9223372036854775807))
Edge(404031,413795,(3,9223372036854775807))
Edge(404680,446901,(3,9223372036854775807))
Edge(404685,140611,(3,9223372036854775807))
Edge(404687,223413,(3,9223372036854775807))
Edge(405033,465102,(3,9223372036854775807))
Edge(405121,433073,(3,9223372036854775807))
Edge(405668,321924,(3,9223372036854775807))
Edge(406091,493327,(3,9223372036854775807))
Edge(406126,389281,(3,9223372036854775807))
Edge(406170,93667,(3,9223372036854775807))
Edge(406377,206653,(1,9223372036854775807))
Edge(406938,195578,(3,9223372036854775807))
Edge(407298,344407,(1,3))
Edge(407701,269564,(3,9223372036854775807))
Edge(408076,434651,(3,9223372036854775807))
Edge(408307,365242,(3,9223372036854775807))
Edge(408396,36067,(3,9223372036854775807))
Edge(408614,285758,(3,9223372036854775807))
Edge(408928,326146,(3,9223372036854775807))
Edge(409652,259661,(3,9223372036854775807))
Edge(410548,123375,(3,9223372036854775807))
Edge(410640,174355,(1,9223372036854775807))
Edge(410882,271097,(3,9223372036854775807))
Edge(410883,7225,(3,9223372036854775807))
Edge(411144,362026,(3,9223372036854775807))
Edge(411901,360447,(3,9223372036854775807))
Edge(412031,404783,(3,9223372036854775807))
Edge(412791,144125,(3,9223372036854775807))
Edge(413046,298145,(4,9223372036854775807))
Edge(413097,399099,(1,9223372036854775807))
Edge(413146,37375,(3,9223372036854775807))
Edge(413696,165679,(3,9223372036854775807))
Edge(413809,240973,(1,9223372036854775807))
Edge(414087,70516,(3,9223372036854775807))
Edge(415114,420164,(3,9223372036854775807))
Edge(415163,64381,(1,9223372036854775807))
Edge(415399,433832,(3,9223372036854775807))
Edge(415717,193412,(3,9223372036854775807))
Edge(416031,19044,(3,9223372036854775807))
Edge(416139,43178,(1,9223372036854775807))
Edge(416398,243449,(3,9223372036854775807))
Edge(416426,461983,(3,9223372036854775807))
Edge(416480,53402,(3,9223372036854775807))
Edge(416578,365808,(3,9223372036854775807))
Edge(416958,154048,(3,9223372036854775807))
Edge(417082,340009,(3,9223372036854775807))
Edge(418093,494793,(3,9223372036854775807))
Edge(418553,369754,(1,9223372036854775807))
Edge(418629,333387,(3,9223372036854775807))
Edge(419475,317570,(3,9223372036854775807))
Edge(419665,20660,(3,9223372036854775807))
Edge(419938,113750,(3,9223372036854775807))
Edge(420277,139764,(3,9223372036854775807))
Edge(420881,402800,(3,9223372036854775807))
Edge(421229,99650,(3,9223372036854775807))
Edge(421273,480896,(3,9223372036854775807))
Edge(421651,259032,(3,9223372036854775807))
Edge(421973,215213,(3,9223372036854775807))
Edge(422262,449964,(3,9223372036854775807))
Edge(422654,36458,(3,9223372036854775807))
Edge(423542,137438,(3,9223372036854775807))
Edge(423699,104131,(3,9223372036854775807))
Edge(423923,432476,(3,9223372036854775807))
Edge(423929,88555,(3,9223372036854775807))
Edge(424023,327975,(3,9223372036854775807))
Edge(424263,414089,(3,9223372036854775807))
Edge(424662,137854,(1,3))
Edge(424687,54783,(3,9223372036854775807))
Edge(425001,490501,(3,9223372036854775807))
Edge(425462,289425,(3,9223372036854775807))
Edge(425657,252076,(3,9223372036854775807))
Edge(426277,90636,(3,9223372036854775807))
Edge(426285,340144,(1,3))
Edge(426402,110525,(3,9223372036854775807))
Edge(426419,390821,(3,9223372036854775807))
Edge(426537,333652,(1,9223372036854775807))
Edge(426701,258178,(3,9223372036854775807))
Edge(426752,311044,(3,9223372036854775807))
Edge(426810,163057,(3,9223372036854775807))
Edge(426883,247500,(3,9223372036854775807))
Edge(427108,328705,(3,9223372036854775807))
Edge(427513,86874,(3,9223372036854775807))
Edge(427778,456273,(3,9223372036854775807))
Edge(428122,399645,(3,9223372036854775807))
Edge(428414,304303,(3,9223372036854775807))
Edge(428607,378445,(3,9223372036854775807))
Edge(428704,357259,(1,9223372036854775807))
Edge(429144,267436,(3,9223372036854775807))
Edge(429430,10067,(1,3))
Edge(429718,312729,(1,9223372036854775807))
Edge(429802,238640,(1,9223372036854775807))
Edge(430072,319904,(3,9223372036854775807))
Edge(430587,88874,(3,9223372036854775807))
Edge(431105,96384,(1,3))
Edge(431142,143005,(3,9223372036854775807))
Edge(431171,263725,(1,9223372036854775807))
Edge(431675,499054,(3,9223372036854775807))
Edge(431754,184213,(1,9223372036854775807))
Edge(431988,115340,(3,9223372036854775807))
Edge(432033,361011,(1,3))
Edge(432064,21298,(3,9223372036854775807))
Edge(432138,307745,(3,9223372036854775807))
Edge(432379,207673,(3,9223372036854775807))
Edge(432538,119567,(1,9223372036854775807))
Edge(432881,41689,(3,9223372036854775807))
Edge(433099,110312,(1,3))
Edge(433143,144598,(1,9223372036854775807))
Edge(433285,444320,(3,9223372036854775807))
Edge(433312,258467,(3,9223372036854775807))
Edge(433400,1098,(3,9223372036854775807))
Edge(433486,279209,(3,9223372036854775807))
Edge(433805,288698,(3,9223372036854775807))
Edge(434094,203866,(1,9223372036854775807))
Edge(434171,395367,(3,9223372036854775807))
Edge(434316,480249,(3,9223372036854775807))
Edge(434317,371212,(1,3))
Edge(434614,190937,(3,9223372036854775807))
Edge(434673,135050,(1,9223372036854775807))
Edge(434832,410488,(3,9223372036854775807))
Edge(435219,323168,(3,9223372036854775807))
Edge(435301,37772,(1,9223372036854775807))
Edge(435534,689,(3,9223372036854775807))
Edge(435598,78269,(1,3))
Edge(435819,301159,(1,9223372036854775807))
Edge(436145,94724,(3,9223372036854775807))
Edge(436319,151025,(1,3))
Edge(436325,488185,(3,9223372036854775807))
Edge(436599,325575,(1,3))
Edge(437088,118727,(3,9223372036854775807))
Edge(437196,441397,(3,9223372036854775807))
Edge(437477,465355,(3,9223372036854775807))
Edge(438012,17714,(3,9223372036854775807))
Edge(438245,222910,(3,9223372036854775807))
Edge(438772,445336,(3,9223372036854775807))
Edge(438801,103281,(1,3))
Edge(439114,179861,(1,3))
Edge(439332,397636,(3,9223372036854775807))
Edge(439456,215752,(3,9223372036854775807))
Edge(439964,277366,(3,9223372036854775807))
Edge(440156,428744,(3,9223372036854775807))
Edge(440430,150605,(3,9223372036854775807))
Edge(440551,24810,(3,9223372036854775807))
Edge(440582,204173,(3,9223372036854775807))
Edge(440645,127867,(3,9223372036854775807))
Edge(440924,333927,(1,9223372036854775807))
Edge(440990,258341,(1,9223372036854775807))
Edge(441077,488528,(3,9223372036854775807))
Edge(441247,343522,(3,9223372036854775807))
Edge(441402,102867,(1,3))
Edge(441738,181235,(1,9223372036854775807))
Edge(441829,448667,(3,9223372036854775807))
Edge(441863,130107,(3,9223372036854775807))
Edge(441870,408483,(1,9223372036854775807))
Edge(442285,249685,(1,3))
Edge(442352,119446,(3,9223372036854775807))
Edge(442441,292111,(3,9223372036854775807))
Edge(442753,291653,(3,9223372036854775807))
Edge(444261,12276,(3,9223372036854775807))
Edge(444866,160090,(3,9223372036854775807))
Edge(445010,375763,(3,9223372036854775807))
Edge(445161,46935,(1,3))
Edge(445286,196156,(3,9223372036854775807))
Edge(445647,209393,(3,9223372036854775807))
Edge(445714,202977,(3,9223372036854775807))
Edge(445943,212959,(3,9223372036854775807))
Edge(446057,313513,(3,9223372036854775807))
Edge(446255,282067,(3,9223372036854775807))
Edge(446414,346959,(3,9223372036854775807))
Edge(446775,288440,(3,9223372036854775807))
Edge(447213,356293,(3,9223372036854775807))
Edge(447330,244090,(3,9223372036854775807))
Edge(447405,172003,(3,9223372036854775807))
Edge(447614,494429,(3,9223372036854775807))
Edge(447828,275905,(3,9223372036854775807))
Edge(447830,437199,(3,9223372036854775807))
Edge(447870,361327,(3,9223372036854775807))
Edge(448225,224760,(1,9223372036854775807))
Edge(448368,142799,(3,9223372036854775807))
Edge(448610,31230,(3,9223372036854775807))
Edge(449192,367412,(3,9223372036854775807))
Edge(449206,382495,(3,9223372036854775807))
Edge(449416,446012,(3,9223372036854775807))
Edge(449907,230797,(3,9223372036854775807))
Edge(449958,140384,(3,9223372036854775807))
Edge(450860,424761,(3,9223372036854775807))
Edge(450882,486482,(3,9223372036854775807))
Edge(451922,370725,(3,9223372036854775807))
Edge(452360,299737,(3,9223372036854775807))
Edge(452967,106276,(3,9223372036854775807))
Edge(453696,382576,(3,9223372036854775807))
Edge(454168,161499,(3,9223372036854775807))
Edge(454494,421597,(3,9223372036854775807))
Edge(454565,84378,(3,9223372036854775807))
Edge(455175,116833,(3,9223372036854775807))
Edge(455230,428040,(3,9223372036854775807))
Edge(455645,421618,(3,9223372036854775807))
Edge(455826,413790,(3,9223372036854775807))
Edge(455960,49263,(3,9223372036854775807))
Edge(456077,287221,(3,9223372036854775807))
Edge(456602,125934,(1,9223372036854775807))
Edge(457038,212045,(3,9223372036854775807))
Edge(457181,458042,(3,9223372036854775807))
Edge(457895,59840,(3,9223372036854775807))
Edge(458295,21848,(3,9223372036854775807))
Edge(458381,301930,(3,9223372036854775807))
Edge(458660,345457,(3,9223372036854775807))
Edge(458739,169267,(3,9223372036854775807))
Edge(458790,253880,(3,9223372036854775807))
Edge(459566,374277,(3,9223372036854775807))
Edge(460046,307950,(3,9223372036854775807))
Edge(460318,191103,(3,9223372036854775807))
Edge(460800,165858,(3,9223372036854775807))
Edge(461134,292139,(3,9223372036854775807))
Edge(461199,404240,(3,9223372036854775807))
Edge(461300,338557,(3,9223372036854775807))
Edge(461569,107981,(1,3))
Edge(461852,140915,(3,9223372036854775807))
Edge(462014,493105,(3,9223372036854775807))
Edge(462058,486914,(3,9223372036854775807))
Edge(462273,132189,(1,3))
Edge(462380,147230,(3,9223372036854775807))
Edge(462572,404468,(3,9223372036854775807))
Edge(462767,121446,(3,9223372036854775807))
Edge(462817,90952,(3,9223372036854775807))
Edge(463253,74745,(1,9223372036854775807))
Edge(463315,223676,(3,9223372036854775807))
Edge(463456,189292,(3,9223372036854775807))
Edge(463739,129511,(3,9223372036854775807))
Edge(464187,324811,(1,9223372036854775807))
Edge(464211,451674,(1,9223372036854775807))
Edge(464516,116467,(1,3))
Edge(464902,119788,(3,9223372036854775807))
Edge(464942,364209,(3,9223372036854775807))
Edge(465114,12913,(3,9223372036854775807))
Edge(465302,80142,(3,9223372036854775807))
Edge(465393,20480,(3,9223372036854775807))
Edge(465434,300184,(3,9223372036854775807))
Edge(466347,269405,(3,9223372036854775807))
Edge(466399,332551,(3,9223372036854775807))
Edge(466418,481263,(1,3))
Edge(467359,457612,(3,9223372036854775807))
Edge(467440,392939,(1,9223372036854775807))
Edge(467578,378174,(3,9223372036854775807))
Edge(467737,96527,(3,9223372036854775807))
Edge(468493,339236,(3,9223372036854775807))
Edge(468790,416954,(3,9223372036854775807))
Edge(468872,386407,(3,9223372036854775807))
Edge(469622,276674,(3,9223372036854775807))
Edge(469704,43269,(1,9223372036854775807))
Edge(469799,115901,(1,9223372036854775807))
Edge(470056,16024,(3,9223372036854775807))
Edge(470317,258278,(1,9223372036854775807))
Edge(470394,201348,(3,9223372036854775807))
Edge(470630,227447,(3,9223372036854775807))
Edge(470843,225745,(3,9223372036854775807))
Edge(471480,193819,(3,9223372036854775807))
Edge(471699,13183,(3,9223372036854775807))
Edge(472090,1039,(3,9223372036854775807))
Edge(472253,478681,(1,9223372036854775807))
Edge(472503,252909,(3,9223372036854775807))
Edge(473191,252890,(3,9223372036854775807))
Edge(473324,176169,(3,9223372036854775807))
Edge(473409,75320,(3,9223372036854775807))
Edge(473482,189953,(1,9223372036854775807))
Edge(473596,335686,(1,9223372036854775807))
Edge(473647,385492,(3,9223372036854775807))
Edge(473833,383415,(3,9223372036854775807))
Edge(474388,390714,(3,9223372036854775807))
Edge(474635,412142,(3,9223372036854775807))
Edge(474804,424048,(3,9223372036854775807))
Edge(475618,447265,(3,9223372036854775807))
Edge(475674,88590,(3,9223372036854775807))
Edge(475823,491224,(3,9223372036854775807))
Edge(475863,105205,(3,9223372036854775807))
Edge(476039,18813,(3,9223372036854775807))
Edge(476127,434059,(3,9223372036854775807))
Edge(476134,459174,(3,9223372036854775807))
Edge(476286,75175,(3,9223372036854775807))
Edge(476327,445946,(3,9223372036854775807))
Edge(476418,58517,(3,9223372036854775807))
Edge(476512,245253,(3,9223372036854775807))
Edge(476555,44828,(3,9223372036854775807))
Edge(476815,136025,(3,9223372036854775807))
Edge(476964,364395,(3,9223372036854775807))
Edge(477561,252917,(1,9223372036854775807))
Edge(478254,346113,(3,9223372036854775807))
Edge(478372,89103,(3,9223372036854775807))
Edge(478438,132761,(3,9223372036854775807))
Edge(478483,462279,(3,9223372036854775807))
Edge(478571,495738,(1,9223372036854775807))
Edge(478605,150986,(3,9223372036854775807))
Edge(478703,20680,(1,3))
Edge(478852,199580,(3,9223372036854775807))
Edge(480008,146620,(3,9223372036854775807))
Edge(480569,441329,(3,9223372036854775807))
Edge(480625,392844,(1,9223372036854775807))
Edge(480810,15582,(1,9223372036854775807))
Edge(480936,111517,(3,9223372036854775807))
Edge(481050,388014,(3,9223372036854775807))
Edge(481190,492063,(3,9223372036854775807))
Edge(481541,106512,(1,9223372036854775807))
Edge(481670,108398,(3,9223372036854775807))
Edge(481897,346468,(3,9223372036854775807))
Edge(482359,432509,(3,9223372036854775807))
Edge(482396,331476,(3,9223372036854775807))
Edge(482464,74688,(3,9223372036854775807))
Edge(482533,222751,(4,9223372036854775807))
Edge(482631,147583,(1,9223372036854775807))
Edge(483242,177352,(3,9223372036854775807))
Edge(483589,269173,(3,9223372036854775807))
Edge(483631,354636,(3,9223372036854775807))
Edge(483676,234070,(3,9223372036854775807))
Edge(484045,395534,(3,9223372036854775807))
Edge(484149,428452,(3,9223372036854775807))
Edge(484161,339999,(3,9223372036854775807))
Edge(484357,314577,(1,9223372036854775807))
Edge(484475,232752,(1,3))
Edge(484857,236443,(3,9223372036854775807))
Edge(485379,104233,(3,9223372036854775807))
Edge(485601,328077,(3,9223372036854775807))
Edge(485660,109658,(3,9223372036854775807))
Edge(485969,81207,(3,9223372036854775807))
Edge(486027,323391,(3,9223372036854775807))
Edge(486165,259073,(1,3))
Edge(486227,321291,(3,9223372036854775807))
Edge(487303,403287,(3,9223372036854775807))
Edge(487505,493165,(1,9223372036854775807))
Edge(487510,212775,(3,9223372036854775807))
Edge(487640,78226,(3,9223372036854775807))
Edge(488196,279809,(3,9223372036854775807))
Edge(488347,223575,(3,9223372036854775807))
Edge(488575,436,(3,9223372036854775807))
Edge(488838,417767,(3,9223372036854775807))
Edge(488847,207357,(3,9223372036854775807))
Edge(489258,129164,(3,9223372036854775807))
Edge(489671,205630,(3,9223372036854775807))
Edge(489964,274685,(3,9223372036854775807))
Edge(490360,80909,(3,9223372036854775807))
Edge(490460,223665,(3,9223372036854775807))
Edge(491903,242297,(3,9223372036854775807))
Edge(492285,117761,(3,9223372036854775807))
Edge(492500,279735,(3,9223372036854775807))
Edge(492728,272503,(3,9223372036854775807))
Edge(492942,371211,(3,9223372036854775807))
Edge(493086,23075,(3,9223372036854775807))
Edge(493133,113797,(3,9223372036854775807))
Edge(493208,11161,(3,9223372036854775807))
Edge(493507,256853,(3,9223372036854775807))
Edge(493944,131641,(3,9223372036854775807))
Edge(494223,402462,(3,9223372036854775807))
Edge(494227,363703,(3,9223372036854775807))
Edge(494234,15925,(3,9223372036854775807))
Edge(494773,166718,(1,9223372036854775807))
Edge(495160,404937,(3,9223372036854775807))
Edge(495257,468540,(4,9223372036854775807))
Edge(495852,26483,(3,9223372036854775807))
Edge(495890,134179,(3,9223372036854775807))
Edge(495905,203604,(1,9223372036854775807))
Edge(496385,328944,(3,9223372036854775807))
Edge(497074,463796,(3,9223372036854775807))
Edge(497123,211942,(4,9223372036854775807))
Edge(497635,365332,(1,9223372036854775807))
Edge(497818,52751,(1,9223372036854775807))
Edge(497820,293668,(3,9223372036854775807))
Edge(497893,209040,(3,9223372036854775807))
Edge(498198,439694,(1,9223372036854775807))
Edge(498693,388485,(3,9223372036854775807))
Edge(498723,145118,(3,9223372036854775807))
Edge(499172,411309,(3,9223372036854775807))
Edge(499601,23445,(1,3))
