Edge(78,50609,(3,9223372036854775807))
Edge(99,322559,(3,9223372036854775807))
Edge(423,160127,(3,9223372036854775807))
Edge(460,83943,(1,9223372036854775807))
Edge(481,331479,(3,9223372036854775807))
Edge(697,191286,(3,9223372036854775807))
Edge(822,470283,(3,9223372036854775807))
Edge(1009,111627,(3,9223372036854775807))
Edge(1432,103738,(3,9223372036854775807))
Edge(1893,109467,(3,9223372036854775807))
Edge(2778,350302,(3,9223372036854775807))
Edge(3460,76279,(3,9223372036854775807))
Edge(4247,122150,(3,9223372036854775807))
Edge(4439,103116,(3,9223372036854775807))
Edge(4549,333578,(3,9223372036854775807))
Edge(4808,93554,(3,9223372036854775807))
Edge(5742,88403,(3,9223372036854775807))
Edge(6405,229009,(3,9223372036854775807))
Edge(6583,124763,(1,9223372036854775807))
Edge(6731,140099,(3,9223372036854775807))
Edge(7272,234600,(3,9223372036854775807))
Edge(7646,104890,(3,9223372036854775807))
Edge(8053,433461,(3,9223372036854775807))
Edge(9465,8767,(3,9223372036854775807))
Edge(9860,384324,(3,9223372036854775807))
Edge(10103,212994,(3,9223372036854775807))
Edge(10843,483064,(3,9223372036854775807))
Edge(10873,192040,(3,9223372036854775807))
Edge(11031,191436,(3,9223372036854775807))
Edge(11094,9378,(3,9223372036854775807))
Edge(11764,45609,(3,9223372036854775807))
Edge(11885,1803,(3,9223372036854775807))
Edge(12172,258408,(3,9223372036854775807))
Edge(12361,195571,(3,9223372036854775807))
Edge(12663,129706,(3,9223372036854775807))
Edge(12809,317675,(3,9223372036854775807))
Edge(12984,223851,(1,9223372036854775807))
Edge(13001,171333,(4,9223372036854775807))
Edge(13010,49634,(3,9223372036854775807))
Edge(13016,424090,(3,9223372036854775807))
Edge(13096,223915,(3,9223372036854775807))
Edge(13193,380200,(3,9223372036854775807))
Edge(13243,305901,(1,9223372036854775807))
Edge(13724,153881,(3,9223372036854775807))
Edge(14285,224328,(3,9223372036854775807))
Edge(14362,44174,(3,9223372036854775807))
Edge(14708,319494,(3,9223372036854775807))
Edge(15048,402385,(3,9223372036854775807))
Edge(15212,239786,(3,9223372036854775807))
Edge(15531,316303,(1,3))
Edge(15634,223917,(3,9223372036854775807))
Edge(15966,62020,(3,9223372036854775807))
Edge(16271,228502,(3,9223372036854775807))
Edge(16477,385882,(3,9223372036854775807))
Edge(16992,355523,(1,9223372036854775807))
Edge(17352,213676,(3,9223372036854775807))
Edge(18150,163523,(3,9223372036854775807))
Edge(20658,388997,(3,9223372036854775807))
Edge(20960,229158,(3,9223372036854775807))
Edge(21025,26469,(3,9223372036854775807))
Edge(21100,199810,(1,9223372036854775807))
Edge(21745,328597,(3,9223372036854775807))
Edge(22197,72075,(1,3))
Edge(22591,220970,(3,9223372036854775807))
Edge(22791,372922,(3,9223372036854775807))
Edge(22804,253896,(3,9223372036854775807))
Edge(22821,298322,(3,9223372036854775807))
Edge(22845,291317,(3,9223372036854775807))
Edge(23486,336937,(3,9223372036854775807))
Edge(23585,150810,(3,9223372036854775807))
Edge(23613,453059,(3,9223372036854775807))
Edge(23861,458448,(3,9223372036854775807))
Edge(24900,300200,(3,9223372036854775807))
Edge(25240,365863,(1,3))
Edge(25471,467871,(3,9223372036854775807))
Edge(25480,263200,(3,9223372036854775807))
Edge(25538,344246,(3,9223372036854775807))
Edge(25599,299834,(3,9223372036854775807))
Edge(25737,456522,(3,9223372036854775807))
Edge(26058,438990,(3,9223372036854775807))
Edge(26187,452354,(1,9223372036854775807))
Edge(26705,176751,(3,9223372036854775807))
Edge(26884,486704,(1,9223372036854775807))
Edge(26940,480356,(3,9223372036854775807))
Edge(27587,1196,(1,9223372036854775807))
Edge(27817,15469,(3,9223372036854775807))
Edge(27971,92785,(1,9223372036854775807))
Edge(28160,111414,(1,9223372036854775807))
Edge(28181,333509,(3,9223372036854775807))
Edge(28237,172408,(3,9223372036854775807))
Edge(28327,378652,(3,9223372036854775807))
Edge(28331,266734,(3,9223372036854775807))
Edge(28343,479695,(3,9223372036854775807))
Edge(28970,284163,(1,9223372036854775807))
Edge(29417,34717,(3,9223372036854775807))
Edge(29641,110785,(1,9223372036854775807))
Edge(29679,300812,(3,9223372036854775807))
Edge(30726,171777,(3,9223372036854775807))
Edge(30908,174273,(4,9223372036854775807))
Edge(30995,403122,(3,9223372036854775807))
Edge(31027,497287,(1,3))
Edge(31747,49682,(3,9223372036854775807))
Edge(31948,429302,(3,9223372036854775807))
Edge(31968,135307,(3,9223372036854775807))
Edge(32641,103037,(3,9223372036854775807))
Edge(33687,121305,(3,9223372036854775807))
Edge(33699,202002,(3,9223372036854775807))
Edge(34272,269641,(1,9223372036854775807))
Edge(34357,192282,(3,9223372036854775807))
Edge(34951,179849,(3,9223372036854775807))
Edge(35066,466607,(3,9223372036854775807))
Edge(35195,411199,(3,9223372036854775807))
Edge(35729,222694,(3,9223372036854775807))
Edge(37052,334591,(1,3))
Edge(37307,224900,(3,9223372036854775807))
Edge(38006,420789,(3,9223372036854775807))
Edge(38093,30072,(3,9223372036854775807))
Edge(38169,16981,(3,9223372036854775807))
Edge(38231,462446,(3,9223372036854775807))
Edge(38585,181437,(3,9223372036854775807))
Edge(38792,118353,(3,9223372036854775807))
Edge(39556,178393,(3,9223372036854775807))
Edge(39929,231620,(3,9223372036854775807))
Edge(40300,182929,(3,9223372036854775807))
Edge(40387,209336,(3,9223372036854775807))
Edge(40482,232495,(3,9223372036854775807))
Edge(40645,256818,(3,9223372036854775807))
Edge(40744,439707,(3,9223372036854775807))
Edge(41191,178127,(1,9223372036854775807))
Edge(41205,31245,(1,3))
Edge(41362,485960,(3,9223372036854775807))
Edge(41420,353975,(3,9223372036854775807))
Edge(41653,353797,(3,9223372036854775807))
Edge(41785,307189,(1,9223372036854775807))
Edge(42093,334632,(3,9223372036854775807))
Edge(42250,273478,(3,9223372036854775807))
Edge(42686,308205,(3,9223372036854775807))
Edge(42769,467996,(3,9223372036854775807))
Edge(43021,69911,(3,9223372036854775807))
Edge(43253,118543,(3,9223372036854775807))
Edge(43278,282783,(3,9223372036854775807))
Edge(43955,431429,(3,9223372036854775807))
Edge(43996,456400,(3,9223372036854775807))
Edge(44088,111787,(1,9223372036854775807))
Edge(44302,380907,(3,9223372036854775807))
Edge(44361,476108,(3,9223372036854775807))
Edge(44652,99689,(3,9223372036854775807))
Edge(45446,403317,(3,9223372036854775807))
Edge(45709,471151,(3,9223372036854775807))
Edge(45840,5532,(3,9223372036854775807))
Edge(46215,295389,(3,9223372036854775807))
Edge(47334,273087,(3,9223372036854775807))
Edge(47338,83625,(3,9223372036854775807))
Edge(47558,460364,(3,9223372036854775807))
Edge(47939,23842,(3,9223372036854775807))
Edge(48373,138068,(3,9223372036854775807))
Edge(48643,316200,(3,9223372036854775807))
Edge(48644,174225,(3,9223372036854775807))
Edge(48810,81854,(1,9223372036854775807))
Edge(48922,349618,(3,9223372036854775807))
Edge(50269,72748,(3,9223372036854775807))
Edge(50298,296067,(3,9223372036854775807))
Edge(50500,196923,(1,3))
Edge(51024,454923,(3,9223372036854775807))
Edge(51182,459566,(3,9223372036854775807))
Edge(52098,201115,(1,9223372036854775807))
Edge(52169,86029,(3,9223372036854775807))
Edge(52248,269648,(3,9223372036854775807))
Edge(52377,123323,(3,9223372036854775807))
Edge(52621,325803,(3,9223372036854775807))
Edge(52807,319684,(3,9223372036854775807))
Edge(52866,281689,(3,9223372036854775807))
Edge(53298,287213,(1,9223372036854775807))
Edge(54036,449864,(3,9223372036854775807))
Edge(54319,267190,(3,9223372036854775807))
Edge(54354,185157,(3,9223372036854775807))
Edge(54532,319188,(1,9223372036854775807))
Edge(54715,473627,(4,9223372036854775807))
Edge(54818,45465,(3,9223372036854775807))
Edge(54983,484201,(1,9223372036854775807))
Edge(55406,289311,(1,9223372036854775807))
Edge(55510,395969,(3,9223372036854775807))
Edge(55539,267166,(3,9223372036854775807))
Edge(55590,326791,(3,9223372036854775807))
Edge(55760,138625,(3,9223372036854775807))
Edge(55850,222870,(3,9223372036854775807))
Edge(56058,120939,(3,9223372036854775807))
Edge(56469,496160,(3,9223372036854775807))
Edge(56684,142610,(3,9223372036854775807))
Edge(57000,394606,(3,9223372036854775807))
Edge(58051,427305,(3,9223372036854775807))
Edge(58380,392186,(3,9223372036854775807))
Edge(58387,109916,(3,9223372036854775807))
Edge(58859,350905,(3,9223372036854775807))
Edge(59077,195042,(3,9223372036854775807))
Edge(59279,362287,(3,9223372036854775807))
Edge(59307,425691,(3,9223372036854775807))
Edge(59339,194824,(3,9223372036854775807))
Edge(60459,445833,(1,9223372036854775807))
Edge(60472,497922,(3,9223372036854775807))
Edge(60582,93246,(3,9223372036854775807))
Edge(60611,66556,(1,3))
Edge(60985,5959,(1,9223372036854775807))
Edge(61495,266523,(3,9223372036854775807))
Edge(61500,38064,(3,9223372036854775807))
Edge(61742,38140,(3,9223372036854775807))
Edge(61982,423948,(1,3))
Edge(62336,455079,(3,9223372036854775807))
Edge(62349,233823,(3,9223372036854775807))
Edge(62605,403699,(3,9223372036854775807))
Edge(62788,117380,(1,9223372036854775807))
Edge(63072,349763,(3,9223372036854775807))
Edge(63426,243074,(3,9223372036854775807))
Edge(64323,222051,(3,9223372036854775807))
Edge(64400,432816,(3,9223372036854775807))
Edge(64439,200937,(3,9223372036854775807))
Edge(64715,243159,(3,9223372036854775807))
Edge(64910,424615,(3,9223372036854775807))
Edge(65366,336599,(3,9223372036854775807))
Edge(65404,481955,(1,9223372036854775807))
Edge(65537,166809,(3,9223372036854775807))
Edge(65780,188283,(3,9223372036854775807))
Edge(66272,323801,(1,3))
Edge(66549,319934,(3,9223372036854775807))
Edge(66767,108112,(3,9223372036854775807))
Edge(67363,497574,(3,9223372036854775807))
Edge(67932,485267,(3,9223372036854775807))
Edge(68286,436169,(3,9223372036854775807))
Edge(68507,385078,(3,9223372036854775807))
Edge(68675,217335,(3,9223372036854775807))
Edge(68974,138370,(3,9223372036854775807))
Edge(69104,393748,(3,9223372036854775807))
Edge(69597,53118,(3,9223372036854775807))
Edge(70695,72305,(1,9223372036854775807))
Edge(71487,183921,(1,9223372036854775807))
Edge(71711,457316,(4,9223372036854775807))
Edge(71712,493071,(3,9223372036854775807))
Edge(71851,213369,(3,9223372036854775807))
Edge(71959,224351,(3,9223372036854775807))
Edge(72247,497356,(3,9223372036854775807))
Edge(72793,265693,(3,9223372036854775807))
Edge(73479,349552,(1,9223372036854775807))
Edge(73563,161989,(3,9223372036854775807))
Edge(73988,198259,(3,9223372036854775807))
Edge(74039,395481,(3,9223372036854775807))
Edge(74596,450367,(3,9223372036854775807))
Edge(75087,236112,(3,9223372036854775807))
Edge(75824,129793,(3,9223372036854775807))
Edge(75877,23966,(3,9223372036854775807))
Edge(76264,463233,(1,3))
Edge(76401,243837,(1,3))
Edge(76650,466847,(3,9223372036854775807))
Edge(77052,315519,(3,9223372036854775807))
Edge(77205,195243,(3,9223372036854775807))
Edge(77338,353217,(1,9223372036854775807))
Edge(77376,24587,(3,9223372036854775807))
Edge(77475,413651,(3,9223372036854775807))
Edge(77918,492147,(1,9223372036854775807))
Edge(78862,243686,(1,9223372036854775807))
Edge(78955,142944,(3,9223372036854775807))
Edge(79047,390285,(3,9223372036854775807))
Edge(79119,266420,(3,9223372036854775807))
Edge(79151,10778,(3,9223372036854775807))
Edge(79213,408687,(3,9223372036854775807))
Edge(79333,442349,(1,9223372036854775807))
Edge(79465,48046,(3,9223372036854775807))
Edge(79620,438871,(1,9223372036854775807))
Edge(79661,368769,(3,9223372036854775807))
Edge(79915,90526,(3,9223372036854775807))
Edge(79923,242882,(3,9223372036854775807))
Edge(80574,38622,(3,9223372036854775807))
Edge(80579,98632,(3,9223372036854775807))
Edge(80820,212127,(3,9223372036854775807))
Edge(80850,370566,(3,9223372036854775807))
Edge(81491,308102,(3,9223372036854775807))
Edge(81687,182323,(1,3))
Edge(81948,4870,(3,9223372036854775807))
Edge(82009,36108,(1,9223372036854775807))
Edge(82219,117873,(3,9223372036854775807))
Edge(82470,238878,(3,9223372036854775807))
Edge(82672,143482,(3,9223372036854775807))
Edge(82718,327737,(3,9223372036854775807))
Edge(83642,35429,(3,9223372036854775807))
Edge(83647,397003,(1,9223372036854775807))
Edge(83782,286505,(3,9223372036854775807))
Edge(83872,106985,(3,9223372036854775807))
Edge(84642,484878,(3,9223372036854775807))
Edge(84666,355346,(1,9223372036854775807))
Edge(85134,69919,(3,9223372036854775807))
Edge(85219,30213,(3,9223372036854775807))
Edge(85228,171764,(3,9223372036854775807))
Edge(85279,190604,(1,3))
Edge(85627,412616,(3,9223372036854775807))
Edge(85927,446436,(1,3))
Edge(86166,133778,(3,9223372036854775807))
Edge(87303,178247,(3,9223372036854775807))
Edge(87365,44030,(3,9223372036854775807))
Edge(87548,343164,(3,9223372036854775807))
Edge(87695,189686,(3,9223372036854775807))
Edge(87965,246619,(3,9223372036854775807))
Edge(88296,180474,(1,3))
Edge(88475,409770,(3,9223372036854775807))
Edge(88603,229989,(3,9223372036854775807))
Edge(89394,36800,(1,3))
Edge(89490,257140,(3,9223372036854775807))
Edge(89838,191705,(1,3))
Edge(90385,42907,(3,9223372036854775807))
Edge(90958,35223,(1,3))
Edge(90969,424953,(3,9223372036854775807))
Edge(91398,436605,(3,9223372036854775807))
Edge(91661,355867,(3,9223372036854775807))
Edge(91757,493438,(3,9223372036854775807))
Edge(91772,301680,(3,9223372036854775807))
Edge(91785,162954,(3,9223372036854775807))
Edge(91849,155700,(3,9223372036854775807))
Edge(92149,205226,(3,9223372036854775807))
Edge(92655,215114,(3,9223372036854775807))
Edge(92954,291574,(3,9223372036854775807))
Edge(93173,20590,(1,3))
Edge(93504,55891,(3,9223372036854775807))
Edge(93591,69932,(3,9223372036854775807))
Edge(93645,321088,(3,9223372036854775807))
Edge(93654,366995,(1,9223372036854775807))
Edge(93711,217587,(1,9223372036854775807))
Edge(93736,173993,(1,3))
Edge(95041,399721,(3,9223372036854775807))
Edge(95304,314441,(3,9223372036854775807))
Edge(95400,318350,(3,9223372036854775807))
Edge(96120,290123,(3,9223372036854775807))
Edge(96280,245925,(3,9223372036854775807))
Edge(96283,277017,(3,9223372036854775807))
Edge(96638,420299,(3,9223372036854775807))
Edge(96692,107879,(3,9223372036854775807))
Edge(97404,393571,(3,9223372036854775807))
Edge(97997,199891,(4,9223372036854775807))
Edge(98115,207190,(3,9223372036854775807))
Edge(98123,349216,(3,9223372036854775807))
Edge(98211,90741,(3,9223372036854775807))
Edge(98250,113767,(3,9223372036854775807))
Edge(98415,334403,(3,9223372036854775807))
Edge(98685,380513,(3,9223372036854775807))
Edge(98724,87,(3,9223372036854775807))
Edge(98985,241814,(3,9223372036854775807))
Edge(99240,70508,(1,9223372036854775807))
Edge(99787,455929,(3,9223372036854775807))
Edge(100083,201992,(3,9223372036854775807))
Edge(100237,68222,(3,9223372036854775807))
Edge(100476,384485,(3,9223372036854775807))
Edge(100633,297793,(3,9223372036854775807))
Edge(100989,465644,(3,9223372036854775807))
Edge(101028,246609,(1,3))
Edge(101597,125919,(3,9223372036854775807))
Edge(101848,322340,(3,9223372036854775807))
Edge(101975,303545,(3,9223372036854775807))
Edge(102139,354921,(3,9223372036854775807))
Edge(102317,67254,(3,9223372036854775807))
Edge(102349,211268,(3,9223372036854775807))
Edge(102492,36399,(1,9223372036854775807))
Edge(103191,125833,(3,9223372036854775807))
Edge(103246,255209,(3,9223372036854775807))
Edge(103340,212305,(3,9223372036854775807))
Edge(104287,385069,(3,9223372036854775807))
Edge(104755,258110,(3,9223372036854775807))
Edge(105045,331823,(3,9223372036854775807))
Edge(105750,108700,(3,9223372036854775807))
Edge(106084,383342,(3,9223372036854775807))
Edge(106187,159036,(3,9223372036854775807))
Edge(106236,453617,(3,9223372036854775807))
Edge(106823,158588,(3,9223372036854775807))
Edge(107051,238247,(3,9223372036854775807))
Edge(107576,103627,(3,9223372036854775807))
Edge(107881,193748,(3,9223372036854775807))
Edge(108130,190766,(3,9223372036854775807))
Edge(108417,87354,(3,9223372036854775807))
Edge(108681,147949,(3,9223372036854775807))
Edge(108808,351477,(3,9223372036854775807))
Edge(108921,129029,(3,9223372036854775807))
Edge(109730,75826,(3,9223372036854775807))
Edge(109767,168148,(3,9223372036854775807))
Edge(109941,159030,(3,9223372036854775807))
Edge(110269,413705,(3,9223372036854775807))
Edge(110804,452821,(3,9223372036854775807))
Edge(110917,325069,(3,9223372036854775807))
Edge(111721,366366,(1,9223372036854775807))
Edge(111842,459260,(3,9223372036854775807))
Edge(111919,16781,(1,3))
Edge(112200,63026,(1,9223372036854775807))
Edge(112437,461972,(3,9223372036854775807))
Edge(112988,283071,(3,9223372036854775807))
Edge(113519,365696,(3,9223372036854775807))
Edge(113803,336633,(1,9223372036854775807))
Edge(113871,30395,(3,9223372036854775807))
Edge(114048,330489,(3,9223372036854775807))
Edge(114145,94413,(3,9223372036854775807))
Edge(114436,480694,(3,9223372036854775807))
Edge(114816,1756,(1,9223372036854775807))
Edge(114870,416304,(3,9223372036854775807))
Edge(115056,419651,(3,9223372036854775807))
Edge(115073,289943,(2,9223372036854775807))
Edge(115384,244277,(3,9223372036854775807))
Edge(115437,310163,(3,9223372036854775807))
Edge(116101,218814,(1,3))
Edge(116527,174256,(3,9223372036854775807))
Edge(116955,297936,(3,9223372036854775807))
Edge(117032,118873,(4,9223372036854775807))
Edge(117333,414411,(3,9223372036854775807))
Edge(117445,291831,(3,9223372036854775807))
Edge(117912,377157,(3,9223372036854775807))
Edge(118203,208174,(3,9223372036854775807))
Edge(118397,66985,(3,9223372036854775807))
Edge(118861,113458,(3,9223372036854775807))
Edge(118963,23685,(3,9223372036854775807))
Edge(119050,444648,(3,9223372036854775807))
Edge(119214,287682,(3,9223372036854775807))
Edge(119221,176910,(3,9223372036854775807))
Edge(119634,322513,(3,9223372036854775807))
Edge(120010,68565,(3,9223372036854775807))
Edge(120978,442821,(3,9223372036854775807))
Edge(121099,15133,(3,9223372036854775807))
Edge(121594,304048,(3,9223372036854775807))
Edge(122396,248446,(1,3))
Edge(122403,24121,(1,3))
Edge(122463,196288,(3,9223372036854775807))
Edge(122479,32872,(3,9223372036854775807))
Edge(123288,463898,(3,9223372036854775807))
Edge(123678,393044,(1,9223372036854775807))
Edge(123719,248201,(2,9223372036854775807))
Edge(124073,422581,(1,3))
Edge(124504,239928,(3,9223372036854775807))
Edge(124660,306566,(3,9223372036854775807))
Edge(125024,326445,(3,9223372036854775807))
Edge(125295,346016,(3,9223372036854775807))
Edge(125379,389341,(3,9223372036854775807))
Edge(125679,16976,(3,9223372036854775807))
Edge(125695,403021,(3,9223372036854775807))
Edge(125707,459058,(3,9223372036854775807))
Edge(125900,377031,(3,9223372036854775807))
Edge(126015,463929,(3,9223372036854775807))
Edge(126630,194122,(3,9223372036854775807))
Edge(126776,40264,(3,9223372036854775807))
Edge(126992,378603,(3,9223372036854775807))
Edge(127068,120672,(3,9223372036854775807))
Edge(127081,31340,(3,9223372036854775807))
Edge(127167,201574,(1,9223372036854775807))
Edge(127423,40771,(3,9223372036854775807))
Edge(127523,55789,(3,9223372036854775807))
Edge(128009,8619,(1,9223372036854775807))
Edge(128648,80002,(3,9223372036854775807))
Edge(129047,365603,(3,9223372036854775807))
Edge(129170,307435,(3,9223372036854775807))
Edge(129616,153946,(1,9223372036854775807))
Edge(129863,148087,(3,9223372036854775807))
Edge(130150,205052,(3,9223372036854775807))
Edge(130533,155748,(1,3))
Edge(130665,389451,(3,9223372036854775807))
Edge(130737,14276,(3,9223372036854775807))
Edge(132082,112355,(3,9223372036854775807))
Edge(132339,94169,(3,9223372036854775807))
Edge(132810,91201,(1,3))
Edge(133176,462395,(3,9223372036854775807))
Edge(133408,207462,(3,9223372036854775807))
Edge(133973,201515,(3,9223372036854775807))
Edge(134802,316816,(3,9223372036854775807))
Edge(134940,388528,(3,9223372036854775807))
Edge(135214,114377,(1,9223372036854775807))
Edge(135217,143897,(3,9223372036854775807))
Edge(135763,28624,(3,9223372036854775807))
Edge(135943,165405,(3,9223372036854775807))
Edge(136661,366194,(3,9223372036854775807))
Edge(137070,152011,(1,3))
Edge(137174,45197,(3,9223372036854775807))
Edge(137769,389954,(3,9223372036854775807))
Edge(138233,429365,(3,9223372036854775807))
Edge(138383,177567,(3,9223372036854775807))
Edge(138497,191375,(3,9223372036854775807))
Edge(138755,189009,(3,9223372036854775807))
Edge(139720,276783,(3,9223372036854775807))
Edge(140051,344612,(3,9223372036854775807))
Edge(141077,291743,(1,9223372036854775807))
Edge(141225,392254,(3,9223372036854775807))
Edge(142003,226804,(3,9223372036854775807))
Edge(142132,217129,(3,9223372036854775807))
Edge(142155,449646,(1,3))
Edge(142552,62567,(3,9223372036854775807))
Edge(142871,281802,(3,9223372036854775807))
Edge(143484,174647,(3,9223372036854775807))
Edge(143759,487189,(3,9223372036854775807))
Edge(144030,364108,(3,9223372036854775807))
Edge(144065,100913,(3,9223372036854775807))
Edge(144309,18065,(3,9223372036854775807))
Edge(144482,37552,(1,3))
Edge(144679,208132,(3,9223372036854775807))
Edge(144770,368193,(3,9223372036854775807))
Edge(144835,432430,(3,9223372036854775807))
Edge(144913,402609,(3,9223372036854775807))
Edge(145286,423561,(3,9223372036854775807))
Edge(145587,157916,(1,3))
Edge(145741,321919,(3,9223372036854775807))
Edge(145856,16865,(3,9223372036854775807))
Edge(146207,416701,(3,9223372036854775807))
Edge(146646,306223,(3,9223372036854775807))
Edge(146982,356669,(3,9223372036854775807))
Edge(147651,6852,(3,9223372036854775807))
Edge(147725,406432,(3,9223372036854775807))
Edge(147894,248889,(3,9223372036854775807))
Edge(148273,84693,(3,9223372036854775807))
Edge(149072,155091,(3,9223372036854775807))
Edge(149118,283944,(3,9223372036854775807))
Edge(149160,215412,(3,9223372036854775807))
Edge(149676,449873,(3,9223372036854775807))
Edge(149947,122499,(3,9223372036854775807))
Edge(150198,68978,(3,9223372036854775807))
Edge(150462,41175,(3,9223372036854775807))
Edge(150617,383576,(3,9223372036854775807))
Edge(150636,462734,(3,9223372036854775807))
Edge(150975,213542,(3,9223372036854775807))
Edge(151020,157142,(1,9223372036854775807))
Edge(151195,396700,(3,9223372036854775807))
Edge(151213,451926,(3,9223372036854775807))
Edge(151232,48488,(1,3))
Edge(151597,379757,(1,3))
Edge(151606,416312,(3,9223372036854775807))
Edge(151673,446206,(3,9223372036854775807))
Edge(151725,290852,(3,9223372036854775807))
Edge(152080,406277,(1,9223372036854775807))
Edge(152284,428580,(3,9223372036854775807))
Edge(152465,105054,(3,9223372036854775807))
Edge(152790,494535,(3,9223372036854775807))
Edge(152920,198269,(3,9223372036854775807))
Edge(153149,55651,(3,9223372036854775807))
Edge(153163,383746,(3,9223372036854775807))
Edge(153265,293888,(3,9223372036854775807))
Edge(153446,70197,(1,9223372036854775807))
Edge(154122,133049,(1,3))
Edge(154376,350256,(3,9223372036854775807))
Edge(154904,102497,(3,9223372036854775807))
Edge(155034,166578,(3,9223372036854775807))
Edge(155744,371409,(3,9223372036854775807))
Edge(156087,414789,(3,9223372036854775807))
Edge(156267,335046,(3,9223372036854775807))
Edge(156808,355697,(3,9223372036854775807))
Edge(156842,257172,(3,9223372036854775807))
Edge(156972,400687,(3,9223372036854775807))
Edge(157199,58916,(3,9223372036854775807))
Edge(157328,480918,(3,9223372036854775807))
Edge(158137,125048,(3,9223372036854775807))
Edge(158181,93972,(3,9223372036854775807))
Edge(158550,452947,(1,9223372036854775807))
Edge(159097,54060,(3,9223372036854775807))
Edge(159370,60110,(3,9223372036854775807))
Edge(159600,317450,(3,9223372036854775807))
Edge(159793,384661,(3,9223372036854775807))
Edge(159896,224585,(3,9223372036854775807))
Edge(160247,159625,(3,9223372036854775807))
Edge(160519,364443,(3,9223372036854775807))
Edge(160704,175251,(3,9223372036854775807))
Edge(161526,384189,(1,9223372036854775807))
Edge(161740,450613,(3,9223372036854775807))
Edge(161750,10712,(1,9223372036854775807))
Edge(161901,244207,(3,9223372036854775807))
Edge(161943,398812,(3,9223372036854775807))
Edge(162127,295553,(3,9223372036854775807))
Edge(162172,272969,(3,9223372036854775807))
Edge(162476,214620,(3,9223372036854775807))
Edge(162696,466622,(1,9223372036854775807))
Edge(163432,126332,(3,9223372036854775807))
Edge(163465,251868,(3,9223372036854775807))
Edge(164297,421118,(3,9223372036854775807))
Edge(165040,84380,(3,9223372036854775807))
Edge(165318,303326,(3,9223372036854775807))
Edge(165786,437329,(3,9223372036854775807))
Edge(165865,221306,(1,3))
Edge(165888,281745,(3,9223372036854775807))
Edge(165946,56646,(3,9223372036854775807))
Edge(165981,172701,(1,9223372036854775807))
Edge(166353,12395,(3,9223372036854775807))
Edge(166612,296038,(3,9223372036854775807))
Edge(166634,35671,(3,9223372036854775807))
Edge(167447,388214,(3,9223372036854775807))
Edge(167542,311075,(3,9223372036854775807))
Edge(167601,42408,(3,9223372036854775807))
Edge(167686,130195,(3,9223372036854775807))
Edge(167692,409216,(1,3))
Edge(167797,365299,(3,9223372036854775807))
Edge(167851,92923,(3,9223372036854775807))
Edge(168227,147255,(3,9223372036854775807))
Edge(168936,117532,(3,9223372036854775807))
Edge(169294,234657,(3,9223372036854775807))
Edge(169302,54420,(3,9223372036854775807))
Edge(169341,363584,(3,9223372036854775807))
Edge(169571,355353,(3,9223372036854775807))
Edge(170062,34886,(3,9223372036854775807))
Edge(170358,283779,(3,9223372036854775807))
Edge(170508,237118,(3,9223372036854775807))
Edge(170657,19339,(1,9223372036854775807))
Edge(170706,208872,(3,9223372036854775807))
Edge(170913,109592,(1,9223372036854775807))
Edge(171162,274618,(3,9223372036854775807))
Edge(171256,379511,(1,9223372036854775807))
Edge(171533,370094,(3,9223372036854775807))
Edge(172147,298019,(3,9223372036854775807))
Edge(172736,426430,(3,9223372036854775807))
Edge(172811,186139,(3,9223372036854775807))
Edge(172967,295994,(1,9223372036854775807))
Edge(173050,343195,(3,9223372036854775807))
Edge(173444,324574,(3,9223372036854775807))
Edge(173465,167484,(4,9223372036854775807))
Edge(173626,460722,(3,9223372036854775807))
Edge(173947,239676,(3,9223372036854775807))
Edge(174167,495427,(3,9223372036854775807))
Edge(174265,80322,(3,9223372036854775807))
Edge(174515,31248,(3,9223372036854775807))
Edge(174544,128684,(3,9223372036854775807))
Edge(175054,306543,(3,9223372036854775807))
Edge(175371,204581,(1,9223372036854775807))
Edge(175597,165663,(1,3))
Edge(176160,298332,(3,9223372036854775807))
Edge(176960,169062,(3,9223372036854775807))
Edge(177662,453557,(3,9223372036854775807))
Edge(177837,369576,(3,9223372036854775807))
Edge(178176,226042,(1,3))
Edge(178233,59405,(1,9223372036854775807))
Edge(178351,5787,(3,9223372036854775807))
Edge(178487,486033,(3,9223372036854775807))
Edge(178534,93165,(3,9223372036854775807))
Edge(178566,357634,(3,9223372036854775807))
Edge(178661,219450,(3,9223372036854775807))
Edge(178707,421721,(3,9223372036854775807))
Edge(179563,58310,(3,9223372036854775807))
Edge(179764,406680,(3,9223372036854775807))
Edge(179785,394159,(1,3))
Edge(180067,198376,(3,9223372036854775807))
Edge(180302,237223,(3,9223372036854775807))
Edge(180616,160145,(3,9223372036854775807))
Edge(181073,421335,(3,9223372036854775807))
Edge(181448,86938,(3,9223372036854775807))
Edge(182013,44972,(3,9223372036854775807))
Edge(182368,231258,(3,9223372036854775807))
Edge(182428,130335,(1,9223372036854775807))
Edge(182507,180403,(3,9223372036854775807))
Edge(182742,322467,(1,3))
Edge(182849,7666,(3,9223372036854775807))
Edge(182896,406977,(3,9223372036854775807))
Edge(182909,424902,(3,9223372036854775807))
Edge(183249,157619,(3,9223372036854775807))
Edge(183427,384688,(3,9223372036854775807))
Edge(183812,487440,(3,9223372036854775807))
Edge(184089,226305,(3,9223372036854775807))
Edge(184184,21687,(3,9223372036854775807))
Edge(184227,197734,(3,9223372036854775807))
Edge(184753,208080,(3,9223372036854775807))
Edge(184851,395983,(3,9223372036854775807))
Edge(184970,303400,(3,9223372036854775807))
Edge(185170,176300,(1,3))
Edge(185725,277861,(3,9223372036854775807))
Edge(185909,178315,(1,9223372036854775807))
Edge(186386,317050,(3,9223372036854775807))
Edge(186848,422477,(3,9223372036854775807))
Edge(187077,66263,(1,9223372036854775807))
Edge(187365,167602,(3,9223372036854775807))
Edge(187843,348686,(3,9223372036854775807))
Edge(187876,5623,(3,9223372036854775807))
Edge(188500,441270,(1,9223372036854775807))
Edge(189280,455699,(3,9223372036854775807))
Edge(189501,306914,(3,9223372036854775807))
Edge(189824,75793,(3,9223372036854775807))
Edge(189969,477220,(3,9223372036854775807))
Edge(190123,486515,(1,9223372036854775807))
Edge(190602,207112,(3,9223372036854775807))
Edge(190802,460877,(3,9223372036854775807))
Edge(190872,377108,(3,9223372036854775807))
Edge(191065,147124,(3,9223372036854775807))
Edge(191089,200724,(3,9223372036854775807))
Edge(191472,382604,(3,9223372036854775807))
Edge(191576,351773,(3,9223372036854775807))
Edge(191693,477931,(3,9223372036854775807))
Edge(191914,242614,(3,9223372036854775807))
Edge(192268,174583,(3,9223372036854775807))
Edge(192572,90203,(3,9223372036854775807))
Edge(192803,330339,(3,9223372036854775807))
Edge(192989,425620,(3,9223372036854775807))
Edge(193093,152147,(1,3))
Edge(194259,3924,(3,9223372036854775807))
Edge(194970,236843,(1,9223372036854775807))
Edge(195240,21012,(3,9223372036854775807))
Edge(195362,68534,(3,9223372036854775807))
Edge(195563,280357,(3,9223372036854775807))
Edge(195894,485874,(1,3))
Edge(196112,86364,(1,9223372036854775807))
Edge(196307,348325,(1,9223372036854775807))
Edge(196645,195285,(3,9223372036854775807))
Edge(196954,487839,(3,9223372036854775807))
Edge(197617,294925,(3,9223372036854775807))
Edge(197909,12681,(3,9223372036854775807))
Edge(198215,164958,(3,9223372036854775807))
Edge(198442,250062,(3,9223372036854775807))
Edge(198705,378665,(3,9223372036854775807))
Edge(199280,280099,(1,9223372036854775807))
Edge(199309,489587,(3,9223372036854775807))
Edge(199356,318483,(3,9223372036854775807))
Edge(199407,460638,(3,9223372036854775807))
Edge(200034,141525,(3,9223372036854775807))
Edge(200084,54581,(1,9223372036854775807))
Edge(200238,190469,(3,9223372036854775807))
Edge(200485,69028,(3,9223372036854775807))
Edge(200530,274802,(3,9223372036854775807))
Edge(200550,261137,(3,9223372036854775807))
Edge(200695,113368,(1,9223372036854775807))
Edge(200744,98833,(3,9223372036854775807))
Edge(201177,165496,(3,9223372036854775807))
Edge(201193,141073,(1,3))
Edge(201591,207849,(3,9223372036854775807))
Edge(201775,302866,(3,9223372036854775807))
Edge(202256,167724,(3,9223372036854775807))
Edge(202703,7140,(3,9223372036854775807))
Edge(202715,354548,(1,3))
Edge(203105,147114,(3,9223372036854775807))
Edge(204284,402272,(1,3))
Edge(204756,221118,(3,9223372036854775807))
Edge(205221,375736,(3,9223372036854775807))
Edge(205682,426016,(1,9223372036854775807))
Edge(205729,456507,(3,9223372036854775807))
Edge(205972,413883,(1,3))
Edge(206366,270863,(1,9223372036854775807))
Edge(206428,1706,(3,9223372036854775807))
Edge(206504,87524,(3,9223372036854775807))
Edge(206612,325752,(3,9223372036854775807))
Edge(207051,327466,(3,9223372036854775807))
Edge(207427,265483,(3,9223372036854775807))
Edge(207449,205297,(3,9223372036854775807))
Edge(207848,354443,(3,9223372036854775807))
Edge(208395,20346,(1,3))
Edge(208467,460779,(3,9223372036854775807))
Edge(209083,277481,(3,9223372036854775807))
Edge(209291,340255,(1,9223372036854775807))
Edge(209389,45724,(3,9223372036854775807))
Edge(209793,282271,(3,9223372036854775807))
Edge(209926,448415,(1,3))
Edge(209964,58282,(3,9223372036854775807))
Edge(210039,10071,(3,9223372036854775807))
Edge(210097,439973,(3,9223372036854775807))
Edge(210249,136008,(3,9223372036854775807))
Edge(210449,85966,(3,9223372036854775807))
Edge(210543,379435,(3,9223372036854775807))
Edge(210595,360783,(1,3))
Edge(210842,304256,(3,9223372036854775807))
Edge(210938,236839,(3,9223372036854775807))
Edge(211050,121127,(3,9223372036854775807))
Edge(211332,427866,(3,9223372036854775807))
Edge(211474,386198,(3,9223372036854775807))
Edge(211724,35200,(3,9223372036854775807))
Edge(212215,444811,(1,9223372036854775807))
Edge(212342,47628,(1,3))
Edge(212681,340631,(3,9223372036854775807))
Edge(213605,145248,(3,9223372036854775807))
Edge(213650,69872,(3,9223372036854775807))
Edge(214358,419505,(3,9223372036854775807))
Edge(214529,46901,(3,9223372036854775807))
Edge(215481,160633,(1,3))
Edge(215576,466792,(3,9223372036854775807))
Edge(215752,398697,(1,3))
Edge(215961,100522,(3,9223372036854775807))
Edge(216344,66535,(3,9223372036854775807))
Edge(216884,311058,(3,9223372036854775807))
Edge(217085,115696,(3,9223372036854775807))
Edge(217519,207831,(3,9223372036854775807))
Edge(217716,375810,(1,3))
Edge(218219,285058,(3,9223372036854775807))
Edge(218298,431581,(3,9223372036854775807))
Edge(219077,106202,(3,9223372036854775807))
Edge(219528,453041,(3,9223372036854775807))
Edge(219948,455488,(3,9223372036854775807))
Edge(219951,33485,(3,9223372036854775807))
Edge(220079,438432,(4,9223372036854775807))
Edge(220144,430624,(1,9223372036854775807))
Edge(220540,490144,(3,9223372036854775807))
Edge(221001,495333,(3,9223372036854775807))
Edge(221052,483643,(3,9223372036854775807))
Edge(221203,105326,(1,9223372036854775807))
Edge(221390,173251,(1,3))
Edge(221841,136574,(3,9223372036854775807))
Edge(222120,163047,(3,9223372036854775807))
Edge(222473,194843,(3,9223372036854775807))
Edge(222573,286601,(3,9223372036854775807))
Edge(222837,90477,(3,9223372036854775807))
Edge(223060,474702,(1,9223372036854775807))
Edge(223450,296629,(3,9223372036854775807))
Edge(223468,395057,(3,9223372036854775807))
Edge(223852,371816,(3,9223372036854775807))
Edge(224088,100719,(3,9223372036854775807))
Edge(224135,149759,(1,9223372036854775807))
Edge(224305,360209,(1,9223372036854775807))
Edge(224664,203650,(3,9223372036854775807))
Edge(225404,290993,(3,9223372036854775807))
Edge(225504,46769,(3,9223372036854775807))
Edge(225800,50707,(3,9223372036854775807))
Edge(226178,295281,(3,9223372036854775807))
Edge(226603,466390,(3,9223372036854775807))
Edge(226774,331630,(1,9223372036854775807))
Edge(226793,2427,(3,9223372036854775807))
Edge(227277,442435,(3,9223372036854775807))
Edge(227763,403051,(3,9223372036854775807))
Edge(227892,9356,(3,9223372036854775807))
Edge(228331,350356,(3,9223372036854775807))
Edge(228449,293796,(3,9223372036854775807))
Edge(228584,40735,(1,3))
Edge(228663,94966,(1,9223372036854775807))
Edge(228676,325362,(3,9223372036854775807))
Edge(229095,425395,(3,9223372036854775807))
Edge(229128,47663,(1,3))
Edge(229167,465343,(3,9223372036854775807))
Edge(229433,366316,(3,9223372036854775807))
Edge(229917,65040,(1,3))
Edge(230173,210914,(3,9223372036854775807))
Edge(230219,285717,(3,9223372036854775807))
Edge(230221,456060,(3,9223372036854775807))
Edge(230303,77002,(3,9223372036854775807))
Edge(230660,378112,(3,9223372036854775807))
Edge(231185,57018,(1,3))
Edge(231411,170890,(1,9223372036854775807))
Edge(231783,445980,(1,9223372036854775807))
Edge(232127,21126,(3,9223372036854775807))
Edge(232394,25787,(3,9223372036854775807))
Edge(232690,421584,(3,9223372036854775807))
Edge(232760,230750,(3,9223372036854775807))
Edge(233252,299992,(3,9223372036854775807))
Edge(233431,19065,(3,9223372036854775807))
Edge(233431,233124,(3,9223372036854775807))
Edge(234024,413684,(3,9223372036854775807))
Edge(234147,218578,(3,9223372036854775807))
Edge(234361,325716,(3,9223372036854775807))
Edge(234426,490198,(3,9223372036854775807))
Edge(234970,158109,(1,9223372036854775807))
Edge(235590,493810,(3,9223372036854775807))
Edge(235651,158187,(1,9223372036854775807))
Edge(236379,182434,(3,9223372036854775807))
Edge(237073,30428,(3,9223372036854775807))
Edge(237956,21495,(3,9223372036854775807))
Edge(238427,302136,(1,3))
Edge(238597,159718,(3,9223372036854775807))
Edge(238972,483235,(3,9223372036854775807))
Edge(239019,47841,(3,9223372036854775807))
Edge(239602,300172,(1,3))
Edge(239645,408946,(1,9223372036854775807))
Edge(239792,244166,(3,9223372036854775807))
Edge(240180,207149,(1,3))
Edge(240288,348346,(1,9223372036854775807))
Edge(240635,202027,(3,9223372036854775807))
Edge(240826,132194,(1,9223372036854775807))
Edge(240895,179830,(1,9223372036854775807))
Edge(241287,123216,(3,9223372036854775807))
Edge(241406,312733,(3,9223372036854775807))
Edge(241479,375642,(1,9223372036854775807))
Edge(241807,93279,(3,9223372036854775807))
Edge(242030,324361,(3,9223372036854775807))
Edge(242393,159922,(3,9223372036854775807))
Edge(242564,258529,(3,9223372036854775807))
Edge(243356,75123,(3,9223372036854775807))
Edge(243570,154245,(3,9223372036854775807))
Edge(243798,24119,(3,9223372036854775807))
Edge(243845,278217,(3,9223372036854775807))
Edge(244411,331988,(3,9223372036854775807))
Edge(244469,190427,(3,9223372036854775807))
Edge(245053,409791,(3,9223372036854775807))
Edge(245281,304154,(3,9223372036854775807))
Edge(245529,214150,(3,9223372036854775807))
Edge(245771,498434,(1,3))
Edge(245898,85304,(3,9223372036854775807))
Edge(245945,396475,(3,9223372036854775807))
Edge(246502,397238,(1,3))
Edge(246641,119817,(3,9223372036854775807))
Edge(246657,421474,(3,9223372036854775807))
Edge(246739,131279,(3,9223372036854775807))
Edge(247173,357542,(3,9223372036854775807))
Edge(247178,5763,(3,9223372036854775807))
Edge(247330,183931,(3,9223372036854775807))
Edge(247784,261863,(3,9223372036854775807))
Edge(247792,350260,(3,9223372036854775807))
Edge(247877,125932,(3,9223372036854775807))
Edge(247991,239961,(3,9223372036854775807))
Edge(248141,475238,(3,9223372036854775807))
Edge(248522,215739,(1,3))
Edge(248642,167384,(3,9223372036854775807))
Edge(248884,147597,(3,9223372036854775807))
Edge(249304,207028,(1,3))
Edge(249338,386090,(3,9223372036854775807))
Edge(249501,372702,(3,9223372036854775807))
Edge(249970,296026,(3,9223372036854775807))
Edge(250047,173922,(3,9223372036854775807))
Edge(250053,105126,(1,3))
Edge(250161,92530,(3,9223372036854775807))
Edge(250175,333939,(3,9223372036854775807))
Edge(250648,446970,(3,9223372036854775807))
Edge(251412,74202,(3,9223372036854775807))
Edge(251595,143004,(3,9223372036854775807))
Edge(251610,247884,(3,9223372036854775807))
Edge(251683,365930,(1,3))
Edge(252134,190423,(3,9223372036854775807))
Edge(252282,113181,(1,3))
Edge(252412,493081,(3,9223372036854775807))
Edge(252554,58551,(3,9223372036854775807))
Edge(252797,212910,(3,9223372036854775807))
Edge(252831,439062,(3,9223372036854775807))
Edge(252919,219190,(3,9223372036854775807))
Edge(254113,471594,(3,9223372036854775807))
Edge(254137,232169,(4,9223372036854775807))
Edge(254402,282375,(1,3))
Edge(254431,499576,(3,9223372036854775807))
Edge(254962,218560,(3,9223372036854775807))
Edge(255326,84689,(3,9223372036854775807))
Edge(255500,214585,(3,9223372036854775807))
Edge(255810,413038,(3,9223372036854775807))
Edge(256179,312526,(3,9223372036854775807))
Edge(256249,361718,(3,9223372036854775807))
Edge(256366,263870,(1,3))
Edge(256622,255536,(3,9223372036854775807))
Edge(256809,449521,(3,9223372036854775807))
Edge(257440,258534,(3,9223372036854775807))
Edge(257754,476716,(3,9223372036854775807))
Edge(257774,206053,(1,9223372036854775807))
Edge(257955,464891,(3,9223372036854775807))
Edge(258056,326244,(1,3))
Edge(258170,170910,(3,9223372036854775807))
Edge(258440,403193,(3,9223372036854775807))
Edge(258488,297555,(3,9223372036854775807))
Edge(258632,124875,(3,9223372036854775807))
Edge(259525,46978,(3,9223372036854775807))
Edge(259956,267878,(3,9223372036854775807))
Edge(260409,293945,(1,3))
Edge(261131,74023,(3,9223372036854775807))
Edge(261218,6090,(1,9223372036854775807))
Edge(261308,298325,(3,9223372036854775807))
Edge(261374,135970,(4,9223372036854775807))
Edge(261389,413186,(3,9223372036854775807))
Edge(261530,80057,(3,9223372036854775807))
Edge(261649,5259,(3,9223372036854775807))
Edge(261711,301624,(3,9223372036854775807))
Edge(261775,190125,(3,9223372036854775807))
Edge(262749,374972,(3,9223372036854775807))
Edge(262908,110177,(1,3))
Edge(263010,176536,(3,9223372036854775807))
Edge(263338,126602,(1,9223372036854775807))
Edge(263463,110446,(3,9223372036854775807))
Edge(265497,150549,(3,9223372036854775807))
Edge(265668,324544,(3,9223372036854775807))
Edge(265803,167730,(3,9223372036854775807))
Edge(266326,308579,(1,9223372036854775807))
Edge(266474,330734,(3,9223372036854775807))
Edge(267008,390151,(1,9223372036854775807))
Edge(267008,394515,(1,9223372036854775807))
Edge(267257,375899,(1,3))
Edge(267598,24957,(3,9223372036854775807))
Edge(268007,306739,(1,3))
Edge(269095,47158,(3,9223372036854775807))
Edge(269329,400817,(3,9223372036854775807))
Edge(269859,18783,(1,9223372036854775807))
Edge(269997,401814,(3,9223372036854775807))
Edge(270295,201145,(3,9223372036854775807))
Edge(270371,273722,(3,9223372036854775807))
Edge(270444,401220,(3,9223372036854775807))
Edge(270697,7468,(3,9223372036854775807))
Edge(271293,182799,(3,9223372036854775807))
Edge(271564,415903,(1,9223372036854775807))
Edge(271597,282798,(3,9223372036854775807))
Edge(271598,180360,(1,3))
Edge(271646,34247,(3,9223372036854775807))
Edge(271696,164335,(3,9223372036854775807))
Edge(272237,115408,(3,9223372036854775807))
Edge(272358,48765,(1,9223372036854775807))
Edge(272387,55898,(3,9223372036854775807))
Edge(273447,332913,(1,9223372036854775807))
Edge(273922,74044,(3,9223372036854775807))
Edge(274811,341155,(3,9223372036854775807))
Edge(274945,407755,(3,9223372036854775807))
Edge(275057,122267,(3,9223372036854775807))
Edge(275101,256619,(3,9223372036854775807))
Edge(275718,128789,(3,9223372036854775807))
Edge(276712,265172,(1,9223372036854775807))
Edge(276974,102949,(3,9223372036854775807))
Edge(277197,256083,(3,9223372036854775807))
Edge(277202,245476,(3,9223372036854775807))
Edge(277371,198729,(3,9223372036854775807))
Edge(277755,303645,(1,3))
Edge(277973,7960,(1,9223372036854775807))
Edge(278726,416084,(1,3))
Edge(279000,459602,(3,9223372036854775807))
Edge(279270,478389,(1,9223372036854775807))
Edge(279590,475147,(3,9223372036854775807))
Edge(279669,197961,(1,9223372036854775807))
Edge(279785,147155,(3,9223372036854775807))
Edge(279947,281825,(1,9223372036854775807))
Edge(280104,445843,(3,9223372036854775807))
Edge(280389,259789,(3,9223372036854775807))
Edge(280498,177309,(3,9223372036854775807))
Edge(280537,367525,(3,9223372036854775807))
Edge(280909,302210,(3,9223372036854775807))
Edge(281053,269183,(3,9223372036854775807))
Edge(281056,210096,(3,9223372036854775807))
Edge(281131,249974,(1,9223372036854775807))
Edge(281233,275646,(3,9223372036854775807))
Edge(281234,74248,(3,9223372036854775807))
Edge(281855,428706,(3,9223372036854775807))
Edge(282094,327454,(3,9223372036854775807))
Edge(282332,21889,(3,9223372036854775807))
Edge(282353,152182,(3,9223372036854775807))
Edge(282615,118815,(3,9223372036854775807))
Edge(282702,276415,(3,9223372036854775807))
Edge(283596,19018,(3,9223372036854775807))
Edge(283681,127600,(3,9223372036854775807))
Edge(284177,417619,(3,9223372036854775807))
Edge(284224,342392,(3,9223372036854775807))
Edge(284775,122909,(3,9223372036854775807))
Edge(284923,98296,(3,9223372036854775807))
Edge(285083,486486,(1,3))
Edge(285203,416094,(3,9223372036854775807))
Edge(285326,209953,(1,9223372036854775807))
Edge(285338,295018,(3,9223372036854775807))
Edge(285662,453781,(3,9223372036854775807))
Edge(285787,497188,(3,9223372036854775807))
Edge(285964,197406,(3,9223372036854775807))
Edge(286000,417733,(3,9223372036854775807))
Edge(286363,66515,(3,9223372036854775807))
Edge(286498,343897,(3,9223372036854775807))
Edge(286592,9605,(3,9223372036854775807))
Edge(286713,108445,(3,9223372036854775807))
Edge(286854,110005,(3,9223372036854775807))
Edge(287166,349726,(3,9223372036854775807))
Edge(287229,159855,(3,9223372036854775807))
Edge(287502,439279,(3,9223372036854775807))
Edge(287606,308212,(3,9223372036854775807))
Edge(287999,333333,(3,9223372036854775807))
Edge(288052,333947,(3,9223372036854775807))
Edge(288813,16697,(3,9223372036854775807))
Edge(289266,24465,(3,9223372036854775807))
Edge(289477,28779,(4,9223372036854775807))
Edge(289687,428817,(3,9223372036854775807))
Edge(289900,332431,(1,3))
Edge(290131,315247,(3,9223372036854775807))
Edge(290456,217555,(1,9223372036854775807))
Edge(290503,96204,(3,9223372036854775807))
Edge(290954,380665,(3,9223372036854775807))
Edge(291080,314963,(3,9223372036854775807))
Edge(291131,432533,(3,9223372036854775807))
Edge(291792,87813,(3,9223372036854775807))
Edge(291856,140995,(3,9223372036854775807))
Edge(292191,379858,(3,9223372036854775807))
Edge(292561,464601,(3,9223372036854775807))
Edge(292573,448309,(3,9223372036854775807))
Edge(292839,138272,(3,9223372036854775807))
Edge(293158,286433,(3,9223372036854775807))
Edge(293234,157964,(3,9223372036854775807))
Edge(293975,114339,(3,9223372036854775807))
Edge(294001,155215,(3,9223372036854775807))
Edge(294544,447497,(3,9223372036854775807))
Edge(295366,123500,(3,9223372036854775807))
Edge(295390,120347,(4,9223372036854775807))
Edge(296016,413550,(3,9223372036854775807))
Edge(297130,453797,(1,9223372036854775807))
Edge(297239,309890,(3,9223372036854775807))
Edge(297308,369951,(3,9223372036854775807))
Edge(297448,331815,(3,9223372036854775807))
Edge(297520,66382,(3,9223372036854775807))
Edge(299065,287949,(3,9223372036854775807))
Edge(299244,352350,(1,9223372036854775807))
Edge(299506,346046,(3,9223372036854775807))
Edge(299620,421272,(3,9223372036854775807))
Edge(299625,448620,(3,9223372036854775807))
Edge(299782,40854,(3,9223372036854775807))
Edge(299915,441399,(3,9223372036854775807))
Edge(299931,7631,(3,9223372036854775807))
Edge(300191,243524,(1,9223372036854775807))
Edge(300274,382872,(3,9223372036854775807))
Edge(301407,39147,(1,9223372036854775807))
Edge(302004,386093,(3,9223372036854775807))
Edge(302080,227554,(3,9223372036854775807))
Edge(302152,240520,(3,9223372036854775807))
Edge(303027,44710,(3,9223372036854775807))
Edge(303084,348376,(3,9223372036854775807))
Edge(303331,349140,(3,9223372036854775807))
Edge(303532,209053,(1,3))
Edge(303722,137721,(3,9223372036854775807))
Edge(303811,449163,(3,9223372036854775807))
Edge(303987,499034,(1,9223372036854775807))
Edge(304201,368747,(3,9223372036854775807))
Edge(304314,338895,(1,3))
Edge(304335,243124,(3,9223372036854775807))
Edge(304905,495064,(3,9223372036854775807))
Edge(305300,82576,(3,9223372036854775807))
Edge(305322,371990,(3,9223372036854775807))
Edge(305754,468875,(3,9223372036854775807))
Edge(305755,138036,(3,9223372036854775807))
Edge(305767,431269,(3,9223372036854775807))
Edge(305822,330457,(3,9223372036854775807))
Edge(306480,367797,(3,9223372036854775807))
Edge(306892,39525,(3,9223372036854775807))
Edge(306961,486496,(3,9223372036854775807))
Edge(307022,381484,(3,9223372036854775807))
Edge(307142,206916,(3,9223372036854775807))
Edge(307144,418487,(1,9223372036854775807))
Edge(307433,16737,(3,9223372036854775807))
Edge(307525,124970,(3,9223372036854775807))
Edge(307704,47713,(3,9223372036854775807))
Edge(307806,170814,(3,9223372036854775807))
Edge(308435,357300,(3,9223372036854775807))
Edge(309348,189053,(3,9223372036854775807))
Edge(310068,266846,(3,9223372036854775807))
Edge(310156,493187,(3,9223372036854775807))
Edge(310542,202758,(3,9223372036854775807))
Edge(311123,467756,(3,9223372036854775807))
Edge(311265,438586,(3,9223372036854775807))
Edge(311308,247677,(1,9223372036854775807))
Edge(311472,299167,(1,9223372036854775807))
Edge(311546,236650,(3,9223372036854775807))
Edge(311608,378146,(1,9223372036854775807))
Edge(311661,44646,(3,9223372036854775807))
Edge(311667,481297,(3,9223372036854775807))
Edge(311959,203993,(3,9223372036854775807))
Edge(311963,171781,(3,9223372036854775807))
Edge(312291,301164,(3,9223372036854775807))
Edge(312771,294508,(3,9223372036854775807))
Edge(312785,467667,(3,9223372036854775807))
Edge(312808,432838,(3,9223372036854775807))
Edge(313704,484581,(3,9223372036854775807))
Edge(314039,222826,(3,9223372036854775807))
Edge(314545,211117,(3,9223372036854775807))
Edge(314586,341917,(1,9223372036854775807))
Edge(314817,294811,(3,9223372036854775807))
Edge(314976,407143,(1,3))
Edge(314979,391710,(3,9223372036854775807))
Edge(315260,242392,(3,9223372036854775807))
Edge(315419,394904,(3,9223372036854775807))
Edge(315575,54139,(1,3))
Edge(315592,487946,(3,9223372036854775807))
Edge(315683,317975,(1,9223372036854775807))
Edge(315786,32550,(3,9223372036854775807))
Edge(315859,295344,(3,9223372036854775807))
Edge(316119,176801,(1,9223372036854775807))
Edge(316265,101040,(3,9223372036854775807))
Edge(316369,190025,(1,9223372036854775807))
Edge(316442,4654,(3,9223372036854775807))
Edge(316689,228887,(1,3))
Edge(316792,334600,(3,9223372036854775807))
Edge(317307,385687,(3,9223372036854775807))
Edge(317573,403328,(1,9223372036854775807))
Edge(318078,212215,(3,9223372036854775807))
Edge(318234,319204,(3,9223372036854775807))
Edge(318252,390594,(3,9223372036854775807))
Edge(318662,66888,(1,9223372036854775807))
Edge(318766,247761,(3,9223372036854775807))
Edge(318822,164939,(3,9223372036854775807))
Edge(319065,97149,(3,9223372036854775807))
Edge(319239,222842,(3,9223372036854775807))
Edge(319390,225161,(3,9223372036854775807))
Edge(319630,34257,(3,9223372036854775807))
Edge(319664,56229,(3,9223372036854775807))
Edge(320779,41833,(3,9223372036854775807))
Edge(321025,324965,(1,9223372036854775807))
Edge(321041,481344,(3,9223372036854775807))
Edge(321139,407947,(3,9223372036854775807))
Edge(321168,399929,(3,9223372036854775807))
Edge(321249,468235,(3,9223372036854775807))
Edge(321308,451408,(3,9223372036854775807))
Edge(322229,173095,(3,9223372036854775807))
Edge(322364,73268,(1,9223372036854775807))
Edge(322691,401199,(1,9223372036854775807))
Edge(322860,425182,(3,9223372036854775807))
Edge(322964,279668,(3,9223372036854775807))
Edge(324105,242337,(3,9223372036854775807))
Edge(324727,489179,(3,9223372036854775807))
Edge(324818,33617,(3,9223372036854775807))
Edge(325578,144527,(3,9223372036854775807))
Edge(326399,450378,(3,9223372036854775807))
Edge(326442,94206,(1,9223372036854775807))
Edge(326792,126585,(3,9223372036854775807))
Edge(326811,499211,(3,9223372036854775807))
Edge(327190,461893,(3,9223372036854775807))
Edge(327364,375094,(3,9223372036854775807))
Edge(327662,413753,(1,9223372036854775807))
Edge(327855,107452,(3,9223372036854775807))
Edge(327999,289968,(1,9223372036854775807))
Edge(328480,323541,(3,9223372036854775807))
Edge(329184,78693,(3,9223372036854775807))
Edge(329312,29534,(3,9223372036854775807))
Edge(329509,51131,(3,9223372036854775807))
Edge(330300,465924,(3,9223372036854775807))
Edge(330355,42684,(3,9223372036854775807))
Edge(330684,185306,(3,9223372036854775807))
Edge(330928,498904,(1,9223372036854775807))
Edge(331448,271938,(3,9223372036854775807))
Edge(331713,460652,(3,9223372036854775807))
Edge(331749,411421,(3,9223372036854775807))
Edge(332727,258338,(3,9223372036854775807))
Edge(332942,389769,(3,9223372036854775807))
Edge(333047,455602,(3,9223372036854775807))
Edge(333125,351308,(3,9223372036854775807))
Edge(333261,257702,(1,9223372036854775807))
Edge(333376,386430,(3,9223372036854775807))
Edge(334150,477234,(1,9223372036854775807))
Edge(334213,370056,(3,9223372036854775807))
Edge(334336,66807,(3,9223372036854775807))
Edge(334426,324375,(3,9223372036854775807))
Edge(334471,172773,(1,3))
Edge(334883,43794,(1,9223372036854775807))
Edge(335122,267549,(1,3))
Edge(335523,169560,(3,9223372036854775807))
Edge(335558,273979,(3,9223372036854775807))
Edge(335859,254951,(3,9223372036854775807))
Edge(336145,9947,(3,9223372036854775807))
Edge(336672,81352,(3,9223372036854775807))
Edge(336889,328329,(1,3))
Edge(336992,134443,(1,9223372036854775807))
Edge(337041,197785,(3,9223372036854775807))
Edge(337166,113757,(3,9223372036854775807))
Edge(337455,89709,(1,9223372036854775807))
Edge(337520,35884,(1,9223372036854775807))
Edge(337869,278114,(3,9223372036854775807))
Edge(337999,268883,(3,9223372036854775807))
Edge(338050,102475,(3,9223372036854775807))
Edge(338052,13497,(3,9223372036854775807))
Edge(338194,219979,(1,9223372036854775807))
Edge(338358,28636,(3,9223372036854775807))
Edge(338461,455554,(3,9223372036854775807))
Edge(338515,64176,(1,9223372036854775807))
Edge(338556,113097,(3,9223372036854775807))
Edge(339365,326216,(3,9223372036854775807))
Edge(340080,336408,(3,9223372036854775807))
Edge(340093,241364,(1,9223372036854775807))
Edge(340125,29435,(3,9223372036854775807))
Edge(340766,67511,(3,9223372036854775807))
Edge(341546,121553,(3,9223372036854775807))
Edge(341661,436290,(3,9223372036854775807))
Edge(341682,69972,(3,9223372036854775807))
Edge(341904,423174,(3,9223372036854775807))
Edge(342786,66570,(3,9223372036854775807))
Edge(343058,430911,(3,9223372036854775807))
Edge(343398,137726,(3,9223372036854775807))
Edge(343683,415066,(3,9223372036854775807))
Edge(344076,409124,(3,9223372036854775807))
Edge(344133,354232,(1,9223372036854775807))
Edge(344712,55151,(3,9223372036854775807))
Edge(344815,320380,(3,9223372036854775807))
Edge(345019,128726,(1,3))
Edge(345234,429622,(3,9223372036854775807))
Edge(345238,216776,(3,9223372036854775807))
Edge(345282,193931,(3,9223372036854775807))
Edge(345415,338288,(3,9223372036854775807))
Edge(345446,163566,(3,9223372036854775807))
Edge(345999,462088,(3,9223372036854775807))
Edge(346046,372629,(3,9223372036854775807))
Edge(346653,126273,(3,9223372036854775807))
Edge(346757,89581,(3,9223372036854775807))
Edge(346796,176954,(3,9223372036854775807))
Edge(347062,57556,(3,9223372036854775807))
Edge(347097,475620,(3,9223372036854775807))
Edge(347737,260376,(1,3))
Edge(348382,124728,(3,9223372036854775807))
Edge(348556,203706,(3,9223372036854775807))
Edge(348870,299832,(3,9223372036854775807))
Edge(349344,418414,(3,9223372036854775807))
Edge(349387,446504,(1,9223372036854775807))
Edge(349437,496223,(1,3))
Edge(349580,28289,(3,9223372036854775807))
Edge(349661,190968,(3,9223372036854775807))
Edge(349851,273010,(3,9223372036854775807))
Edge(350210,447080,(1,9223372036854775807))
Edge(350411,172515,(3,9223372036854775807))
Edge(350450,419940,(1,9223372036854775807))
Edge(350496,324777,(3,9223372036854775807))
Edge(351030,375316,(3,9223372036854775807))
Edge(351124,129911,(3,9223372036854775807))
Edge(351792,372590,(3,9223372036854775807))
Edge(352190,84398,(3,9223372036854775807))
Edge(352391,105922,(1,3))
Edge(353086,449563,(3,9223372036854775807))
Edge(353528,85712,(1,3))
Edge(353678,216826,(3,9223372036854775807))
Edge(353993,212814,(3,9223372036854775807))
Edge(354132,336413,(3,9223372036854775807))
Edge(354170,135467,(1,9223372036854775807))
Edge(354758,38393,(3,9223372036854775807))
Edge(355157,300866,(3,9223372036854775807))
Edge(355217,499454,(1,9223372036854775807))
Edge(355224,147350,(3,9223372036854775807))
Edge(355372,348896,(3,9223372036854775807))
Edge(355538,351286,(1,9223372036854775807))
Edge(355575,184498,(3,9223372036854775807))
Edge(355821,454364,(3,9223372036854775807))
Edge(356173,78435,(3,9223372036854775807))
Edge(356407,443466,(3,9223372036854775807))
Edge(356943,12346,(4,9223372036854775807))
Edge(357181,299555,(3,9223372036854775807))
Edge(357192,375691,(3,9223372036854775807))
Edge(357347,360109,(3,9223372036854775807))
Edge(357482,141371,(3,9223372036854775807))
Edge(357689,162572,(1,9223372036854775807))
Edge(357689,185943,(3,9223372036854775807))
Edge(357770,168914,(3,9223372036854775807))
Edge(358092,425306,(3,9223372036854775807))
Edge(358861,141255,(3,9223372036854775807))
Edge(359037,32463,(3,9223372036854775807))
Edge(359523,449004,(3,9223372036854775807))
Edge(359870,183872,(3,9223372036854775807))
Edge(359935,335015,(1,3))
Edge(360447,229904,(3,9223372036854775807))
Edge(360586,100111,(3,9223372036854775807))
Edge(361294,444755,(1,9223372036854775807))
Edge(361338,133417,(3,9223372036854775807))
Edge(361758,21401,(3,9223372036854775807))
Edge(362115,47256,(3,9223372036854775807))
Edge(362783,30310,(3,9223372036854775807))
Edge(362892,365361,(3,9223372036854775807))
Edge(363175,245435,(1,9223372036854775807))
Edge(363288,158452,(3,9223372036854775807))
Edge(363694,174251,(3,9223372036854775807))
Edge(363790,287466,(1,3))
Edge(364211,254480,(3,9223372036854775807))
Edge(365114,287835,(3,9223372036854775807))
Edge(365400,474784,(1,3))
Edge(365456,103031,(1,9223372036854775807))
Edge(365526,37849,(3,9223372036854775807))
Edge(365688,376697,(1,3))
Edge(365974,353209,(3,9223372036854775807))
Edge(366009,461097,(3,9223372036854775807))
Edge(366524,346171,(3,9223372036854775807))
Edge(366574,342187,(3,9223372036854775807))
Edge(366772,271773,(3,9223372036854775807))
Edge(366949,237768,(3,9223372036854775807))
Edge(367006,180829,(3,9223372036854775807))
Edge(367172,279692,(1,9223372036854775807))
Edge(367545,283376,(1,9223372036854775807))
Edge(367673,164827,(3,9223372036854775807))
Edge(367904,32910,(1,9223372036854775807))
Edge(368101,30227,(1,3))
Edge(368148,99275,(3,9223372036854775807))
Edge(369334,200208,(1,3))
Edge(369602,9877,(1,9223372036854775807))
Edge(369852,28045,(3,9223372036854775807))
Edge(369915,241357,(3,9223372036854775807))
Edge(370128,181648,(3,9223372036854775807))
Edge(370452,318873,(3,9223372036854775807))
Edge(370589,399851,(3,9223372036854775807))
Edge(370895,116146,(1,9223372036854775807))
Edge(370920,256149,(1,3))
Edge(371878,64516,(3,9223372036854775807))
Edge(372219,265847,(3,9223372036854775807))
Edge(372392,3644,(3,9223372036854775807))
Edge(372565,380483,(1,3))
Edge(372902,21993,(3,9223372036854775807))
Edge(373117,109898,(1,3))
Edge(373521,26299,(3,9223372036854775807))
Edge(373743,469473,(1,9223372036854775807))
Edge(373876,307642,(3,9223372036854775807))
Edge(374054,5558,(1,3))
Edge(374065,359421,(3,9223372036854775807))
Edge(374135,134813,(3,9223372036854775807))
Edge(374151,8088,(3,9223372036854775807))
Edge(374437,493313,(3,9223372036854775807))
Edge(375001,397518,(3,9223372036854775807))
Edge(375197,456224,(3,9223372036854775807))
Edge(375399,268710,(3,9223372036854775807))
Edge(375777,87788,(1,9223372036854775807))
Edge(375907,361675,(3,9223372036854775807))
Edge(376144,394656,(3,9223372036854775807))
Edge(376705,403619,(1,9223372036854775807))
Edge(376841,134668,(3,9223372036854775807))
Edge(378100,322797,(1,3))
Edge(378102,262609,(1,9223372036854775807))
Edge(378141,290531,(1,3))
Edge(378275,31881,(1,3))
Edge(378528,116351,(3,9223372036854775807))
Edge(378633,493051,(3,9223372036854775807))
Edge(378774,298017,(3,9223372036854775807))
Edge(379110,169830,(3,9223372036854775807))
Edge(379183,67684,(3,9223372036854775807))
Edge(379263,248197,(3,9223372036854775807))
Edge(379353,40516,(3,9223372036854775807))
Edge(379431,406759,(3,9223372036854775807))
Edge(379546,345904,(1,9223372036854775807))
Edge(379795,259974,(3,9223372036854775807))
Edge(379869,114733,(3,9223372036854775807))
Edge(380071,481889,(1,3))
Edge(380231,208920,(3,9223372036854775807))
Edge(380768,333031,(3,9223372036854775807))
Edge(381182,496659,(1,3))
Edge(381485,146870,(1,9223372036854775807))
Edge(382357,400269,(3,9223372036854775807))
Edge(382415,431010,(3,9223372036854775807))
Edge(382639,432171,(3,9223372036854775807))
Edge(382661,413083,(3,9223372036854775807))
Edge(383023,48568,(1,3))
Edge(383691,255157,(3,9223372036854775807))
Edge(383880,454073,(1,9223372036854775807))
Edge(383968,321706,(3,9223372036854775807))
Edge(384169,349933,(3,9223372036854775807))
Edge(385166,146204,(3,9223372036854775807))
Edge(386689,461202,(1,3))
Edge(386917,189145,(1,3))
Edge(387639,66083,(3,9223372036854775807))
Edge(387645,256392,(3,9223372036854775807))
Edge(387834,377118,(1,9223372036854775807))
Edge(387884,189683,(1,9223372036854775807))
Edge(388070,232792,(1,9223372036854775807))
Edge(388095,83676,(3,9223372036854775807))
Edge(388116,107215,(3,9223372036854775807))
Edge(388173,217220,(3,9223372036854775807))
Edge(388324,251603,(3,9223372036854775807))
Edge(388490,406365,(3,9223372036854775807))
Edge(388644,208511,(3,9223372036854775807))
Edge(389609,396402,(3,9223372036854775807))
Edge(389643,263008,(3,9223372036854775807))
Edge(390800,295292,(1,9223372036854775807))
Edge(391095,435414,(3,9223372036854775807))
Edge(391145,232959,(3,9223372036854775807))
Edge(391186,32428,(1,3))
Edge(391803,243256,(3,9223372036854775807))
Edge(392151,395721,(3,9223372036854775807))
Edge(392291,15551,(1,9223372036854775807))
Edge(392331,207916,(3,9223372036854775807))
Edge(392369,5566,(3,9223372036854775807))
Edge(392413,424657,(3,9223372036854775807))
Edge(393324,171785,(3,9223372036854775807))
Edge(393931,467058,(1,9223372036854775807))
Edge(394270,327257,(3,9223372036854775807))
Edge(394389,33026,(3,9223372036854775807))
Edge(394442,307224,(3,9223372036854775807))
Edge(394468,455400,(3,9223372036854775807))
Edge(394577,466123,(3,9223372036854775807))
Edge(395459,253107,(3,9223372036854775807))
Edge(395465,4986,(1,3))
Edge(396378,172446,(3,9223372036854775807))
Edge(396391,405389,(3,9223372036854775807))
Edge(396873,311980,(3,9223372036854775807))
Edge(397628,270114,(3,9223372036854775807))
Edge(398430,88967,(3,9223372036854775807))
Edge(398564,227405,(1,9223372036854775807))
Edge(398605,74381,(3,9223372036854775807))
Edge(398698,246751,(1,9223372036854775807))
Edge(398703,31059,(3,9223372036854775807))
Edge(398739,292821,(3,9223372036854775807))
Edge(398947,442290,(3,9223372036854775807))
Edge(399042,216644,(1,9223372036854775807))
Edge(399058,33480,(3,9223372036854775807))
Edge(399182,93734,(3,9223372036854775807))
Edge(399358,309868,(3,9223372036854775807))
Edge(400455,443442,(3,9223372036854775807))
Edge(401135,183390,(3,9223372036854775807))
Edge(401611,297083,(3,9223372036854775807))
Edge(402109,142726,(3,9223372036854775807))
Edge(402780,392104,(3,9223372036854775807))
Edge(402929,172008,(3,9223372036854775807))
Edge(403468,382998,(3,9223372036854775807))
Edge(403832,353419,(3,9223372036854775807))
Edge(403959,491400,(1,9223372036854775807))
Edge(404074,36519,(3,9223372036854775807))
Edge(404488,8253,(1,9223372036854775807))
Edge(404497,477088,(3,9223372036854775807))
Edge(404608,344132,(1,9223372036854775807))
Edge(405433,290292,(3,9223372036854775807))
Edge(405612,251256,(3,9223372036854775807))
Edge(405715,452241,(3,9223372036854775807))
Edge(405747,452093,(3,9223372036854775807))
Edge(405839,164776,(1,3))
Edge(406690,82365,(3,9223372036854775807))
Edge(407020,201567,(3,9223372036854775807))
Edge(407627,376429,(3,9223372036854775807))
Edge(408213,316574,(3,9223372036854775807))
Edge(408364,248888,(1,9223372036854775807))
Edge(408414,450860,(1,9223372036854775807))
Edge(408707,99345,(3,9223372036854775807))
Edge(408776,316486,(3,9223372036854775807))
Edge(409248,417712,(3,9223372036854775807))
Edge(409366,495968,(1,9223372036854775807))
Edge(410278,168898,(1,3))
Edge(410551,426568,(3,9223372036854775807))
Edge(410641,106441,(1,9223372036854775807))
Edge(411008,396883,(3,9223372036854775807))
Edge(411065,276569,(1,9223372036854775807))
Edge(411069,239818,(1,3))
Edge(411214,27871,(3,9223372036854775807))
Edge(411557,132473,(3,9223372036854775807))
Edge(411620,460275,(3,9223372036854775807))
Edge(411843,100250,(3,9223372036854775807))
Edge(411843,270911,(3,9223372036854775807))
Edge(412278,370923,(3,9223372036854775807))
Edge(412310,441772,(3,9223372036854775807))
Edge(412953,327805,(1,9223372036854775807))
Edge(412970,166324,(3,9223372036854775807))
Edge(413721,298343,(3,9223372036854775807))
Edge(414281,277694,(3,9223372036854775807))
Edge(414416,420781,(3,9223372036854775807))
Edge(414436,33697,(3,9223372036854775807))
Edge(414577,153165,(3,9223372036854775807))
Edge(414878,386397,(3,9223372036854775807))
Edge(415354,411327,(3,9223372036854775807))
Edge(415668,4229,(3,9223372036854775807))
Edge(415851,172170,(3,9223372036854775807))
Edge(415905,107880,(3,9223372036854775807))
Edge(416040,159828,(1,3))
Edge(416482,159859,(3,9223372036854775807))
Edge(416533,373221,(3,9223372036854775807))
Edge(416693,182192,(3,9223372036854775807))
Edge(417006,472346,(3,9223372036854775807))
Edge(417518,94839,(1,9223372036854775807))
Edge(417576,43342,(3,9223372036854775807))
Edge(417605,300475,(1,9223372036854775807))
Edge(417939,190440,(3,9223372036854775807))
Edge(418169,403009,(1,3))
Edge(418711,487631,(1,9223372036854775807))
Edge(418783,143165,(3,9223372036854775807))
Edge(418946,262988,(3,9223372036854775807))
Edge(418996,19975,(1,3))
Edge(419241,58757,(3,9223372036854775807))
Edge(419682,461077,(3,9223372036854775807))
Edge(420073,468085,(3,9223372036854775807))
Edge(420288,62638,(3,9223372036854775807))
Edge(420465,49335,(3,9223372036854775807))
Edge(420673,157209,(3,9223372036854775807))
Edge(420826,195324,(3,9223372036854775807))
Edge(421133,334109,(3,9223372036854775807))
Edge(421614,440213,(3,9223372036854775807))
Edge(422020,356110,(3,9223372036854775807))
Edge(422033,298341,(1,9223372036854775807))
Edge(422596,150953,(3,9223372036854775807))
Edge(423082,395577,(3,9223372036854775807))
Edge(423242,254937,(3,9223372036854775807))
Edge(423551,477566,(3,9223372036854775807))
Edge(423644,145210,(3,9223372036854775807))
Edge(424196,498471,(1,9223372036854775807))
Edge(424213,371230,(3,9223372036854775807))
Edge(424275,114,(1,3))
Edge(425134,438025,(1,9223372036854775807))
Edge(425261,31658,(1,3))
Edge(425493,496533,(1,3))
Edge(426031,183081,(3,9223372036854775807))
Edge(426119,189558,(3,9223372036854775807))
Edge(426393,463868,(1,9223372036854775807))
Edge(426588,242095,(3,9223372036854775807))
Edge(426911,427357,(3,9223372036854775807))
Edge(426964,182457,(4,9223372036854775807))
Edge(426979,76847,(1,3))
Edge(427109,417240,(1,3))
Edge(427241,335291,(3,9223372036854775807))
Edge(427521,280927,(3,9223372036854775807))
Edge(427649,146278,(3,9223372036854775807))
Edge(427731,291239,(3,9223372036854775807))
Edge(427915,163929,(1,3))
Edge(428031,217020,(3,9223372036854775807))
Edge(428192,120502,(3,9223372036854775807))
Edge(428307,455358,(3,9223372036854775807))
Edge(428324,38874,(1,9223372036854775807))
Edge(428524,289457,(1,9223372036854775807))
Edge(428940,311105,(3,9223372036854775807))
Edge(429026,29944,(3,9223372036854775807))
Edge(429192,215025,(3,9223372036854775807))
Edge(429236,426960,(3,9223372036854775807))
Edge(429543,59965,(3,9223372036854775807))
Edge(430434,303178,(3,9223372036854775807))
Edge(430770,247667,(1,9223372036854775807))
Edge(431349,290619,(1,3))
Edge(431630,487092,(3,9223372036854775807))
Edge(431988,196512,(3,9223372036854775807))
Edge(432022,491606,(3,9223372036854775807))
Edge(432360,186793,(3,9223372036854775807))
Edge(432402,453279,(3,9223372036854775807))
Edge(432498,412322,(3,9223372036854775807))
Edge(432724,66697,(3,9223372036854775807))
Edge(432807,461631,(3,9223372036854775807))
Edge(433105,148651,(3,9223372036854775807))
Edge(433235,98559,(1,9223372036854775807))
Edge(433456,452174,(3,9223372036854775807))
Edge(433646,138500,(3,9223372036854775807))
Edge(433709,459651,(3,9223372036854775807))
Edge(433862,154910,(3,9223372036854775807))
Edge(434294,434721,(3,9223372036854775807))
Edge(434599,16423,(3,9223372036854775807))
Edge(434706,400031,(3,9223372036854775807))
Edge(435562,183676,(3,9223372036854775807))
Edge(436230,185716,(3,9223372036854775807))
Edge(436460,212168,(3,9223372036854775807))
Edge(436764,58294,(3,9223372036854775807))
Edge(436766,169191,(3,9223372036854775807))
Edge(436881,377217,(3,9223372036854775807))
Edge(436914,497184,(3,9223372036854775807))
Edge(436932,326507,(3,9223372036854775807))
Edge(437029,221843,(3,9223372036854775807))
Edge(437261,285120,(3,9223372036854775807))
Edge(437537,292399,(1,9223372036854775807))
Edge(437712,218321,(3,9223372036854775807))
Edge(438147,84444,(1,3))
Edge(438337,185135,(3,9223372036854775807))
Edge(438354,489583,(1,9223372036854775807))
Edge(438429,241126,(3,9223372036854775807))
Edge(438590,174387,(3,9223372036854775807))
Edge(438833,57472,(3,9223372036854775807))
Edge(438905,208938,(3,9223372036854775807))
Edge(439429,297705,(3,9223372036854775807))
Edge(439473,298634,(1,9223372036854775807))
Edge(439487,294818,(3,9223372036854775807))
Edge(439616,4776,(3,9223372036854775807))
Edge(439909,446751,(1,9223372036854775807))
Edge(440010,284012,(3,9223372036854775807))
Edge(440020,181536,(3,9223372036854775807))
Edge(441226,353924,(1,3))
Edge(441246,241812,(1,9223372036854775807))
Edge(441381,235912,(1,9223372036854775807))
Edge(442498,7348,(3,9223372036854775807))
Edge(442725,467599,(3,9223372036854775807))
Edge(442923,36020,(3,9223372036854775807))
Edge(443020,255972,(3,9223372036854775807))
Edge(443426,206016,(3,9223372036854775807))
Edge(444109,315503,(3,9223372036854775807))
Edge(444115,460394,(3,9223372036854775807))
Edge(444197,189271,(3,9223372036854775807))
Edge(444358,85980,(3,9223372036854775807))
Edge(444732,302805,(3,9223372036854775807))
Edge(444778,101826,(3,9223372036854775807))
Edge(444869,204435,(3,9223372036854775807))
Edge(444988,438816,(3,9223372036854775807))
Edge(445745,21549,(1,9223372036854775807))
Edge(446197,260890,(3,9223372036854775807))
Edge(447232,293422,(1,3))
Edge(447299,129073,(3,9223372036854775807))
Edge(447439,483548,(1,3))
Edge(448182,220387,(3,9223372036854775807))
Edge(448566,475021,(1,9223372036854775807))
Edge(449067,389418,(3,9223372036854775807))
Edge(449430,129726,(3,9223372036854775807))
Edge(449619,107906,(3,9223372036854775807))
Edge(449767,183520,(3,9223372036854775807))
Edge(449938,108858,(3,9223372036854775807))
Edge(450056,120724,(3,9223372036854775807))
Edge(450059,87931,(3,9223372036854775807))
Edge(450716,280889,(3,9223372036854775807))
Edge(450783,84019,(1,9223372036854775807))
Edge(450827,19466,(3,9223372036854775807))
Edge(451303,387123,(1,3))
Edge(451682,409264,(3,9223372036854775807))
Edge(451858,344084,(3,9223372036854775807))
Edge(451958,433185,(3,9223372036854775807))
Edge(451988,447593,(3,9223372036854775807))
Edge(452035,309933,(4,9223372036854775807))
Edge(452689,71588,(3,9223372036854775807))
Edge(452891,269839,(3,9223372036854775807))
Edge(453284,468196,(3,9223372036854775807))
Edge(453451,314529,(1,3))
Edge(453493,109540,(3,9223372036854775807))
Edge(453542,334064,(1,9223372036854775807))
Edge(453875,129367,(3,9223372036854775807))
Edge(454034,219559,(3,9223372036854775807))
Edge(454444,348163,(1,3))
Edge(455203,86455,(3,9223372036854775807))
Edge(455267,137786,(3,9223372036854775807))
Edge(457180,184389,(1,3))
Edge(457745,343302,(3,9223372036854775807))
Edge(458066,168405,(3,9223372036854775807))
Edge(458148,456329,(3,9223372036854775807))
Edge(458265,417721,(3,9223372036854775807))
Edge(458667,52,(3,9223372036854775807))
Edge(459170,24953,(3,9223372036854775807))
Edge(459268,106611,(1,3))
Edge(459281,64960,(3,9223372036854775807))
Edge(459777,122395,(3,9223372036854775807))
Edge(459919,404390,(3,9223372036854775807))
Edge(459979,321001,(3,9223372036854775807))
Edge(460582,473923,(1,9223372036854775807))
Edge(461352,207502,(3,9223372036854775807))
Edge(461386,335872,(1,9223372036854775807))
Edge(461464,245274,(3,9223372036854775807))
Edge(461517,303373,(3,9223372036854775807))
Edge(461532,375849,(3,9223372036854775807))
Edge(461969,487830,(3,9223372036854775807))
Edge(462001,455287,(3,9223372036854775807))
Edge(462029,359341,(3,9223372036854775807))
Edge(462144,158558,(3,9223372036854775807))
Edge(462820,153579,(1,9223372036854775807))
Edge(463475,300837,(3,9223372036854775807))
Edge(464463,69364,(3,9223372036854775807))
Edge(464596,405390,(3,9223372036854775807))
Edge(464989,87522,(3,9223372036854775807))
Edge(465087,9651,(3,9223372036854775807))
Edge(465283,403909,(3,9223372036854775807))
Edge(465528,302220,(3,9223372036854775807))
Edge(465577,245629,(1,9223372036854775807))
Edge(465862,158652,(3,9223372036854775807))
Edge(465955,381992,(1,3))
Edge(466321,71654,(3,9223372036854775807))
Edge(466420,490508,(3,9223372036854775807))
Edge(466796,207821,(3,9223372036854775807))
Edge(467011,283253,(3,9223372036854775807))
Edge(467319,378483,(3,9223372036854775807))
Edge(467348,235047,(1,3))
Edge(467511,122053,(1,9223372036854775807))
Edge(467631,175509,(3,9223372036854775807))
Edge(468528,236329,(3,9223372036854775807))
Edge(468582,98263,(3,9223372036854775807))
Edge(469058,361418,(3,9223372036854775807))
Edge(469275,124723,(3,9223372036854775807))
Edge(469326,384750,(3,9223372036854775807))
Edge(469406,258164,(1,9223372036854775807))
Edge(469415,277399,(3,9223372036854775807))
Edge(470056,99550,(3,9223372036854775807))
Edge(470330,184499,(3,9223372036854775807))
Edge(470843,123707,(1,3))
Edge(471244,441961,(1,9223372036854775807))
Edge(471403,114121,(3,9223372036854775807))
Edge(471462,103684,(1,9223372036854775807))
Edge(472019,133236,(3,9223372036854775807))
Edge(472124,39748,(3,9223372036854775807))
Edge(473126,437784,(3,9223372036854775807))
Edge(473219,8151,(3,9223372036854775807))
Edge(473995,189425,(3,9223372036854775807))
Edge(474708,434182,(1,9223372036854775807))
Edge(475399,160411,(3,9223372036854775807))
Edge(475415,20350,(1,3))
Edge(475634,126553,(3,9223372036854775807))
Edge(476372,408617,(3,9223372036854775807))
Edge(476447,363488,(1,9223372036854775807))
Edge(476477,136481,(3,9223372036854775807))
Edge(476795,467566,(3,9223372036854775807))
Edge(477042,292114,(3,9223372036854775807))
Edge(477052,478859,(3,9223372036854775807))
Edge(477180,260003,(3,9223372036854775807))
Edge(477272,33678,(3,9223372036854775807))
Edge(477910,130224,(1,9223372036854775807))
Edge(477949,427039,(3,9223372036854775807))
Edge(477988,39704,(1,3))
Edge(478716,270390,(1,9223372036854775807))
Edge(479414,149621,(3,9223372036854775807))
Edge(479650,43602,(3,9223372036854775807))
Edge(479656,402925,(3,9223372036854775807))
Edge(480214,434229,(3,9223372036854775807))
Edge(480258,466676,(3,9223372036854775807))
Edge(480408,55857,(3,9223372036854775807))
Edge(480409,359759,(1,9223372036854775807))
Edge(480562,379185,(3,9223372036854775807))
Edge(480883,364661,(1,3))
Edge(481413,296193,(1,3))
Edge(481630,34406,(3,9223372036854775807))
Edge(483908,203311,(1,9223372036854775807))
Edge(483939,486689,(3,9223372036854775807))
Edge(483951,181852,(3,9223372036854775807))
Edge(484139,62192,(1,9223372036854775807))
Edge(484261,109932,(1,3))
Edge(484566,130277,(3,9223372036854775807))
Edge(484699,223330,(3,9223372036854775807))
Edge(484899,483207,(3,9223372036854775807))
Edge(485368,454401,(3,9223372036854775807))
Edge(485386,381685,(3,9223372036854775807))
Edge(485416,332209,(3,9223372036854775807))
Edge(485490,112921,(3,9223372036854775807))
Edge(486078,148850,(3,9223372036854775807))
Edge(486369,361889,(1,9223372036854775807))
Edge(486668,213335,(3,9223372036854775807))
Edge(486744,138266,(3,9223372036854775807))
Edge(487045,366073,(3,9223372036854775807))
Edge(487327,351204,(3,9223372036854775807))
Edge(487385,422060,(3,9223372036854775807))
Edge(487397,160723,(3,9223372036854775807))
Edge(487526,113238,(3,9223372036854775807))
Edge(488008,230130,(3,9223372036854775807))
Edge(488399,491677,(3,9223372036854775807))
Edge(488409,308273,(3,9223372036854775807))
Edge(488466,143557,(1,9223372036854775807))
Edge(488495,78799,(3,9223372036854775807))
Edge(489030,74191,(1,9223372036854775807))
Edge(489153,485808,(3,9223372036854775807))
Edge(489416,135289,(1,3))
Edge(489690,499872,(3,9223372036854775807))
Edge(489788,396556,(1,9223372036854775807))
Edge(489803,82047,(3,9223372036854775807))
Edge(489928,5883,(3,9223372036854775807))
Edge(490220,226607,(3,9223372036854775807))
Edge(490590,332218,(4,9223372036854775807))
Edge(490825,201926,(3,9223372036854775807))
Edge(490827,84477,(1,9223372036854775807))
Edge(490873,151929,(3,9223372036854775807))
Edge(490883,27974,(1,9223372036854775807))
Edge(491098,283603,(3,9223372036854775807))
Edge(492083,948,(1,9223372036854775807))
Edge(492255,337599,(3,9223372036854775807))
Edge(492331,118150,(3,9223372036854775807))
Edge(492769,294751,(3,9223372036854775807))
Edge(492804,487696,(3,9223372036854775807))
Edge(492872,412220,(3,9223372036854775807))
Edge(493347,97081,(3,9223372036854775807))
Edge(493461,126603,(3,9223372036854775807))
Edge(494563,438973,(3,9223372036854775807))
Edge(494599,464423,(3,9223372036854775807))
Edge(494830,373549,(1,9223372036854775807))
Edge(495025,87021,(1,3))
Edge(495108,47452,(1,9223372036854775807))
Edge(495597,126544,(3,9223372036854775807))
Edge(495735,142558,(1,9223372036854775807))
Edge(496765,115973,(3,9223372036854775807))
Edge(496785,24511,(1,9223372036854775807))
Edge(497207,491675,(3,9223372036854775807))
Edge(497282,334712,(3,9223372036854775807))
Edge(497624,145268,(3,9223372036854775807))
Edge(497956,103430,(3,9223372036854775807))
Edge(498343,39366,(1,9223372036854775807))
Edge(498474,77136,(1,9223372036854775807))
Edge(498486,59164,(3,9223372036854775807))
Edge(498668,387313,(1,3))
Edge(498999,16431,(3,9223372036854775807))
Edge(499162,492874,(3,9223372036854775807))
Edge(499202,361936,(3,9223372036854775807))
Edge(499863,340947,(3,9223372036854775807))
