Edge(372,203925,(1,9223372036854775807))
Edge(609,13071,(1,9223372036854775807))
Edge(778,28173,(3,9223372036854775807))
Edge(1632,370491,(3,9223372036854775807))
Edge(1939,404141,(1,9223372036854775807))
Edge(2671,262379,(3,9223372036854775807))
Edge(2679,404201,(3,9223372036854775807))
Edge(3504,160696,(1,9223372036854775807))
Edge(3550,390538,(3,9223372036854775807))
Edge(4055,368699,(3,9223372036854775807))
Edge(4556,131500,(1,3))
Edge(4744,24754,(1,9223372036854775807))
Edge(5003,133195,(1,9223372036854775807))
Edge(5583,59908,(1,3))
Edge(5897,50875,(3,9223372036854775807))
Edge(6261,336532,(1,3))
Edge(6829,206068,(3,9223372036854775807))
Edge(7017,410179,(3,9223372036854775807))
Edge(7049,493025,(3,9223372036854775807))
Edge(7064,468816,(3,9223372036854775807))
Edge(7198,344331,(3,9223372036854775807))
Edge(7248,470439,(3,9223372036854775807))
Edge(7513,260494,(3,9223372036854775807))
Edge(8348,450875,(3,9223372036854775807))
Edge(8746,437767,(1,9223372036854775807))
Edge(8786,150384,(3,9223372036854775807))
Edge(8809,287058,(3,9223372036854775807))
Edge(9217,360975,(3,9223372036854775807))
Edge(9277,391123,(3,9223372036854775807))
Edge(9365,330576,(3,9223372036854775807))
Edge(9393,228039,(1,9223372036854775807))
Edge(9882,164104,(1,3))
Edge(10001,435807,(3,9223372036854775807))
Edge(10240,415097,(3,9223372036854775807))
Edge(10434,357926,(1,9223372036854775807))
Edge(10776,258994,(1,9223372036854775807))
Edge(11200,140251,(3,9223372036854775807))
Edge(11337,495557,(3,9223372036854775807))
Edge(11665,94861,(3,9223372036854775807))
Edge(11666,181595,(3,9223372036854775807))
Edge(11666,270086,(3,9223372036854775807))
Edge(12560,364274,(3,9223372036854775807))
Edge(12880,157293,(1,9223372036854775807))
Edge(13370,141390,(3,9223372036854775807))
Edge(13376,333172,(3,9223372036854775807))
Edge(13889,382629,(3,9223372036854775807))
Edge(13992,375468,(3,9223372036854775807))
Edge(14034,363995,(1,9223372036854775807))
Edge(14327,147778,(3,9223372036854775807))
Edge(14335,223586,(3,9223372036854775807))
Edge(15138,397404,(3,9223372036854775807))
Edge(15150,216141,(1,3))
Edge(15860,123225,(3,9223372036854775807))
Edge(16291,323587,(1,9223372036854775807))
Edge(16435,223944,(3,9223372036854775807))
Edge(16481,59565,(1,3))
Edge(16688,38250,(1,3))
Edge(17102,83543,(1,3))
Edge(17699,342781,(3,9223372036854775807))
Edge(17965,200250,(3,9223372036854775807))
Edge(18006,165128,(3,9223372036854775807))
Edge(18229,227904,(3,9223372036854775807))
Edge(18289,3759,(3,9223372036854775807))
Edge(18398,405759,(3,9223372036854775807))
Edge(18661,258802,(3,9223372036854775807))
Edge(18718,431415,(3,9223372036854775807))
Edge(19176,80754,(3,9223372036854775807))
Edge(20011,275226,(3,9223372036854775807))
Edge(20658,173277,(1,3))
Edge(20810,476661,(3,9223372036854775807))
Edge(21121,498952,(3,9223372036854775807))
Edge(21680,432894,(1,9223372036854775807))
Edge(22474,143203,(3,9223372036854775807))
Edge(22860,497154,(3,9223372036854775807))
Edge(23131,265421,(3,9223372036854775807))
Edge(23314,118560,(3,9223372036854775807))
Edge(24524,386361,(1,9223372036854775807))
Edge(25885,224496,(1,9223372036854775807))
Edge(26472,466162,(3,9223372036854775807))
Edge(26824,380805,(1,9223372036854775807))
Edge(27033,468824,(1,9223372036854775807))
Edge(27498,173678,(3,9223372036854775807))
Edge(27958,192228,(3,9223372036854775807))
Edge(28266,317355,(3,9223372036854775807))
Edge(28275,324992,(1,3))
Edge(28867,238894,(3,9223372036854775807))
Edge(28997,413914,(3,9223372036854775807))
Edge(29418,163267,(1,9223372036854775807))
Edge(30094,432686,(3,9223372036854775807))
Edge(30288,181063,(3,9223372036854775807))
Edge(31326,398775,(3,9223372036854775807))
Edge(31457,479877,(3,9223372036854775807))
Edge(31880,18991,(1,9223372036854775807))
Edge(31887,270173,(1,9223372036854775807))
Edge(31938,63879,(3,9223372036854775807))
Edge(32925,143960,(3,9223372036854775807))
Edge(33029,385031,(3,9223372036854775807))
Edge(33075,152934,(1,3))
Edge(33464,94473,(3,9223372036854775807))
Edge(34298,4845,(3,9223372036854775807))
Edge(34425,367916,(3,9223372036854775807))
Edge(34469,479425,(3,9223372036854775807))
Edge(34534,135026,(3,9223372036854775807))
Edge(34600,352779,(1,9223372036854775807))
Edge(34797,252155,(3,9223372036854775807))
Edge(34944,51128,(1,3))
Edge(35084,276424,(3,9223372036854775807))
Edge(35193,191020,(3,9223372036854775807))
Edge(35548,265093,(3,9223372036854775807))
Edge(36046,221697,(3,9223372036854775807))
Edge(36190,407923,(3,9223372036854775807))
Edge(36247,99160,(3,9223372036854775807))
Edge(36290,370333,(3,9223372036854775807))
Edge(36405,359897,(3,9223372036854775807))
Edge(36704,87409,(3,9223372036854775807))
Edge(37177,21551,(3,9223372036854775807))
Edge(37346,96300,(3,9223372036854775807))
Edge(37363,56759,(1,3))
Edge(37406,435744,(3,9223372036854775807))
Edge(38062,305609,(3,9223372036854775807))
Edge(38187,61791,(3,9223372036854775807))
Edge(38949,496958,(3,9223372036854775807))
Edge(39140,480225,(3,9223372036854775807))
Edge(39292,9362,(1,3))
Edge(39474,78814,(3,9223372036854775807))
Edge(39494,124740,(3,9223372036854775807))
Edge(39673,67584,(3,9223372036854775807))
Edge(40373,487186,(3,9223372036854775807))
Edge(40512,445579,(3,9223372036854775807))
Edge(40658,110653,(3,9223372036854775807))
Edge(40667,5440,(1,9223372036854775807))
Edge(41337,145648,(1,3))
Edge(41501,425725,(3,9223372036854775807))
Edge(41882,6041,(3,9223372036854775807))
Edge(42152,244087,(3,9223372036854775807))
Edge(42672,402057,(3,9223372036854775807))
Edge(42807,92512,(3,9223372036854775807))
Edge(43018,215174,(3,9223372036854775807))
Edge(43048,359112,(3,9223372036854775807))
Edge(43080,303640,(3,9223372036854775807))
Edge(43214,237093,(1,9223372036854775807))
Edge(43851,245837,(3,9223372036854775807))
Edge(44098,178200,(3,9223372036854775807))
Edge(44179,292640,(1,3))
Edge(44323,1594,(3,9223372036854775807))
Edge(44691,39706,(1,3))
Edge(44791,214783,(3,9223372036854775807))
Edge(45071,463526,(1,3))
Edge(45376,3994,(3,9223372036854775807))
Edge(45460,394453,(3,9223372036854775807))
Edge(45623,18487,(3,9223372036854775807))
Edge(46025,442024,(3,9223372036854775807))
Edge(46505,106165,(3,9223372036854775807))
Edge(46543,209060,(1,9223372036854775807))
Edge(46902,48225,(3,9223372036854775807))
Edge(47268,374744,(3,9223372036854775807))
Edge(47457,401216,(3,9223372036854775807))
Edge(47464,78333,(1,3))
Edge(47515,249540,(3,9223372036854775807))
Edge(47549,167673,(3,9223372036854775807))
Edge(48277,459031,(3,9223372036854775807))
Edge(48539,198373,(1,9223372036854775807))
Edge(49792,201010,(3,9223372036854775807))
Edge(50229,138308,(3,9223372036854775807))
Edge(50249,209298,(3,9223372036854775807))
Edge(50583,160641,(3,9223372036854775807))
Edge(50864,221274,(3,9223372036854775807))
Edge(50955,224352,(3,9223372036854775807))
Edge(51552,210888,(3,9223372036854775807))
Edge(51814,343265,(3,9223372036854775807))
Edge(51991,127540,(3,9223372036854775807))
Edge(52057,413503,(3,9223372036854775807))
Edge(52806,444440,(3,9223372036854775807))
Edge(53117,225026,(3,9223372036854775807))
Edge(53288,139886,(3,9223372036854775807))
Edge(53596,363266,(1,3))
Edge(53638,15613,(3,9223372036854775807))
Edge(53707,473539,(3,9223372036854775807))
Edge(53952,301896,(3,9223372036854775807))
Edge(53987,456098,(3,9223372036854775807))
Edge(53991,81462,(3,9223372036854775807))
Edge(54445,196431,(3,9223372036854775807))
Edge(54474,359989,(3,9223372036854775807))
Edge(55102,132519,(3,9223372036854775807))
Edge(55469,333763,(3,9223372036854775807))
Edge(55798,330863,(1,3))
Edge(55808,319396,(3,9223372036854775807))
Edge(55922,82998,(3,9223372036854775807))
Edge(55984,368905,(1,9223372036854775807))
Edge(56507,495576,(3,9223372036854775807))
Edge(56841,141200,(3,9223372036854775807))
Edge(56949,188429,(1,9223372036854775807))
Edge(58043,343710,(3,9223372036854775807))
Edge(58185,103453,(3,9223372036854775807))
Edge(58247,194204,(3,9223372036854775807))
Edge(58500,418115,(3,9223372036854775807))
Edge(58962,88033,(3,9223372036854775807))
Edge(59091,199323,(1,9223372036854775807))
Edge(59114,254042,(3,9223372036854775807))
Edge(59442,255438,(1,3))
Edge(59739,278798,(3,9223372036854775807))
Edge(60556,304143,(3,9223372036854775807))
Edge(61326,407,(3,9223372036854775807))
Edge(61346,302480,(3,9223372036854775807))
Edge(61547,148485,(3,9223372036854775807))
Edge(61603,422381,(3,9223372036854775807))
Edge(62031,67459,(3,9223372036854775807))
Edge(62220,378183,(1,9223372036854775807))
Edge(63570,394184,(3,9223372036854775807))
Edge(63750,205769,(3,9223372036854775807))
Edge(64077,205828,(3,9223372036854775807))
Edge(64913,271788,(3,9223372036854775807))
Edge(65007,100453,(3,9223372036854775807))
Edge(65296,42338,(1,9223372036854775807))
Edge(65317,85195,(1,9223372036854775807))
Edge(65515,405292,(3,9223372036854775807))
Edge(65852,282577,(3,9223372036854775807))
Edge(65916,145180,(3,9223372036854775807))
Edge(65968,124284,(3,9223372036854775807))
Edge(66195,334984,(3,9223372036854775807))
Edge(66358,345909,(1,9223372036854775807))
Edge(66390,200240,(3,9223372036854775807))
Edge(68038,303027,(3,9223372036854775807))
Edge(68106,491784,(1,3))
Edge(68127,285531,(1,3))
Edge(68594,254035,(3,9223372036854775807))
Edge(68735,424755,(3,9223372036854775807))
Edge(69686,109527,(3,9223372036854775807))
Edge(69901,204292,(3,9223372036854775807))
Edge(70236,150741,(3,9223372036854775807))
Edge(70259,336845,(3,9223372036854775807))
Edge(70601,23284,(3,9223372036854775807))
Edge(70606,496254,(3,9223372036854775807))
Edge(71170,205857,(3,9223372036854775807))
Edge(71219,291912,(3,9223372036854775807))
Edge(71323,294064,(3,9223372036854775807))
Edge(71811,399126,(3,9223372036854775807))
Edge(72542,371210,(1,3))
Edge(72794,55778,(3,9223372036854775807))
Edge(73312,75240,(3,9223372036854775807))
Edge(73827,229889,(3,9223372036854775807))
Edge(73926,458294,(3,9223372036854775807))
Edge(74353,244905,(3,9223372036854775807))
Edge(74396,270578,(3,9223372036854775807))
Edge(74978,348624,(1,9223372036854775807))
Edge(75160,81305,(3,9223372036854775807))
Edge(75242,271720,(1,3))
Edge(75398,471339,(3,9223372036854775807))
Edge(75504,128163,(3,9223372036854775807))
Edge(75785,436093,(3,9223372036854775807))
Edge(76332,373406,(3,9223372036854775807))
Edge(77137,334191,(3,9223372036854775807))
Edge(77598,46869,(3,9223372036854775807))
Edge(77879,344108,(3,9223372036854775807))
Edge(77944,454060,(3,9223372036854775807))
Edge(78092,333877,(3,9223372036854775807))
Edge(78361,437590,(3,9223372036854775807))
Edge(78716,465153,(3,9223372036854775807))
Edge(78876,2778,(3,9223372036854775807))
Edge(78951,246484,(3,9223372036854775807))
Edge(79066,184218,(3,9223372036854775807))
Edge(79235,185772,(1,9223372036854775807))
Edge(79384,190118,(3,9223372036854775807))
Edge(79861,363509,(3,9223372036854775807))
Edge(80271,450185,(3,9223372036854775807))
Edge(80416,495753,(3,9223372036854775807))
Edge(80549,288093,(3,9223372036854775807))
Edge(81229,244642,(1,9223372036854775807))
Edge(81356,268908,(3,9223372036854775807))
Edge(81412,22808,(3,9223372036854775807))
Edge(81532,499019,(3,9223372036854775807))
Edge(81733,67853,(3,9223372036854775807))
Edge(81873,152776,(3,9223372036854775807))
Edge(81896,279717,(3,9223372036854775807))
Edge(82062,56811,(1,9223372036854775807))
Edge(82105,229704,(3,9223372036854775807))
Edge(82266,118898,(3,9223372036854775807))
Edge(83106,106468,(3,9223372036854775807))
Edge(83496,478704,(3,9223372036854775807))
Edge(83915,299806,(1,9223372036854775807))
Edge(84353,451044,(3,9223372036854775807))
Edge(84690,336851,(3,9223372036854775807))
Edge(85483,402061,(3,9223372036854775807))
Edge(85798,494819,(3,9223372036854775807))
Edge(85918,111419,(3,9223372036854775807))
Edge(86013,126059,(3,9223372036854775807))
Edge(86436,498359,(3,9223372036854775807))
Edge(86507,331944,(3,9223372036854775807))
Edge(86581,69320,(3,9223372036854775807))
Edge(86984,251212,(3,9223372036854775807))
Edge(87244,375507,(3,9223372036854775807))
Edge(88502,283613,(3,9223372036854775807))
Edge(88621,19564,(3,9223372036854775807))
Edge(88657,378409,(3,9223372036854775807))
Edge(88668,285705,(3,9223372036854775807))
Edge(88692,386007,(3,9223372036854775807))
Edge(88980,489327,(1,9223372036854775807))
Edge(89237,59978,(3,9223372036854775807))
Edge(89652,37372,(1,3))
Edge(89733,375857,(1,9223372036854775807))
Edge(89960,253600,(3,9223372036854775807))
Edge(90035,311070,(1,9223372036854775807))
Edge(90087,335304,(3,9223372036854775807))
Edge(90117,221268,(3,9223372036854775807))
Edge(90538,104103,(3,9223372036854775807))
Edge(91358,180131,(3,9223372036854775807))
Edge(91531,205914,(3,9223372036854775807))
Edge(91881,195542,(3,9223372036854775807))
Edge(92238,306560,(3,9223372036854775807))
Edge(92297,431640,(3,9223372036854775807))
Edge(92695,51819,(3,9223372036854775807))
Edge(92728,478490,(3,9223372036854775807))
Edge(92743,115402,(3,9223372036854775807))
Edge(93148,151666,(3,9223372036854775807))
Edge(93193,454588,(3,9223372036854775807))
Edge(93238,290386,(3,9223372036854775807))
Edge(93566,40747,(3,9223372036854775807))
Edge(93621,201252,(1,9223372036854775807))
Edge(93631,369515,(3,9223372036854775807))
Edge(93798,132158,(1,9223372036854775807))
Edge(94243,438544,(3,9223372036854775807))
Edge(94897,232622,(3,9223372036854775807))
Edge(95005,321503,(3,9223372036854775807))
Edge(95298,201033,(1,9223372036854775807))
Edge(95303,173629,(1,9223372036854775807))
Edge(95696,126402,(1,9223372036854775807))
Edge(95761,85854,(3,9223372036854775807))
Edge(95802,201817,(3,9223372036854775807))
Edge(95806,49686,(3,9223372036854775807))
Edge(95906,409993,(3,9223372036854775807))
Edge(96353,192671,(3,9223372036854775807))
Edge(96452,493593,(1,3))
Edge(96623,170666,(3,9223372036854775807))
Edge(96626,119588,(1,9223372036854775807))
Edge(97261,350442,(3,9223372036854775807))
Edge(97403,134039,(3,9223372036854775807))
Edge(97774,384079,(3,9223372036854775807))
Edge(97799,58194,(3,9223372036854775807))
Edge(98135,319719,(3,9223372036854775807))
Edge(98299,495830,(3,9223372036854775807))
Edge(98750,69533,(3,9223372036854775807))
Edge(99813,132190,(3,9223372036854775807))
Edge(99865,376940,(1,3))
Edge(100177,125156,(3,9223372036854775807))
Edge(101374,419063,(3,9223372036854775807))
Edge(101637,230771,(1,9223372036854775807))
Edge(101718,286938,(3,9223372036854775807))
Edge(101787,419132,(3,9223372036854775807))
Edge(101872,404281,(1,9223372036854775807))
Edge(102308,57042,(1,9223372036854775807))
Edge(102319,230512,(3,9223372036854775807))
Edge(102756,8822,(3,9223372036854775807))
Edge(102932,342446,(3,9223372036854775807))
Edge(103171,261721,(3,9223372036854775807))
Edge(103172,315766,(3,9223372036854775807))
Edge(103425,152927,(3,9223372036854775807))
Edge(103431,71962,(3,9223372036854775807))
Edge(103588,401890,(1,3))
Edge(103757,478369,(3,9223372036854775807))
Edge(103927,299591,(3,9223372036854775807))
Edge(103978,228203,(3,9223372036854775807))
Edge(104070,184908,(3,9223372036854775807))
Edge(104282,244422,(3,9223372036854775807))
Edge(104455,366044,(3,9223372036854775807))
Edge(104569,224571,(3,9223372036854775807))
Edge(104787,310107,(1,3))
Edge(104798,44618,(1,3))
Edge(105084,485167,(3,9223372036854775807))
Edge(105221,263157,(3,9223372036854775807))
Edge(105492,208486,(3,9223372036854775807))
Edge(105665,400988,(3,9223372036854775807))
Edge(105840,145172,(3,9223372036854775807))
Edge(106111,150180,(3,9223372036854775807))
Edge(107032,275535,(3,9223372036854775807))
Edge(107418,485216,(3,9223372036854775807))
Edge(108398,329597,(3,9223372036854775807))
Edge(108720,136228,(3,9223372036854775807))
Edge(109128,291072,(3,9223372036854775807))
Edge(109562,159890,(3,9223372036854775807))
Edge(109565,402149,(3,9223372036854775807))
Edge(109824,38665,(1,9223372036854775807))
Edge(110007,402421,(3,9223372036854775807))
Edge(110084,55383,(3,9223372036854775807))
Edge(110413,338352,(3,9223372036854775807))
Edge(110512,63139,(3,9223372036854775807))
Edge(110542,5584,(3,9223372036854775807))
Edge(110856,499302,(3,9223372036854775807))
Edge(111327,426808,(3,9223372036854775807))
Edge(111327,482410,(3,9223372036854775807))
Edge(111499,318249,(1,9223372036854775807))
Edge(111713,111754,(3,9223372036854775807))
Edge(111939,284606,(3,9223372036854775807))
Edge(112196,2321,(3,9223372036854775807))
Edge(112228,47678,(3,9223372036854775807))
Edge(112799,440328,(3,9223372036854775807))
Edge(113036,467170,(3,9223372036854775807))
Edge(113459,7862,(3,9223372036854775807))
Edge(113661,226054,(3,9223372036854775807))
Edge(113670,283530,(3,9223372036854775807))
Edge(113907,252093,(3,9223372036854775807))
Edge(113927,241920,(3,9223372036854775807))
Edge(114151,236334,(3,9223372036854775807))
Edge(114525,414065,(3,9223372036854775807))
Edge(114773,101,(3,9223372036854775807))
Edge(115212,437506,(3,9223372036854775807))
Edge(116295,158846,(1,9223372036854775807))
Edge(116464,423779,(3,9223372036854775807))
Edge(116792,458647,(3,9223372036854775807))
Edge(116898,4031,(3,9223372036854775807))
Edge(116923,374910,(3,9223372036854775807))
Edge(118244,178295,(3,9223372036854775807))
Edge(118635,493464,(1,9223372036854775807))
Edge(119001,116192,(3,9223372036854775807))
Edge(119212,36946,(1,9223372036854775807))
Edge(119464,39667,(1,3))
Edge(119959,204166,(3,9223372036854775807))
Edge(120029,210952,(3,9223372036854775807))
Edge(120242,420799,(1,9223372036854775807))
Edge(120796,261027,(3,9223372036854775807))
Edge(121437,439534,(1,9223372036854775807))
Edge(121514,21784,(3,9223372036854775807))
Edge(121579,75715,(3,9223372036854775807))
Edge(121927,345088,(3,9223372036854775807))
Edge(121958,360990,(1,9223372036854775807))
Edge(121958,490382,(3,9223372036854775807))
Edge(122167,431017,(3,9223372036854775807))
Edge(122344,67441,(3,9223372036854775807))
Edge(122499,317198,(3,9223372036854775807))
Edge(122603,33056,(3,9223372036854775807))
Edge(122711,233176,(3,9223372036854775807))
Edge(123015,134439,(1,9223372036854775807))
Edge(123148,145643,(3,9223372036854775807))
Edge(123468,18442,(1,3))
Edge(123727,290648,(3,9223372036854775807))
Edge(125310,290382,(3,9223372036854775807))
Edge(125852,212736,(3,9223372036854775807))
Edge(126595,217601,(3,9223372036854775807))
Edge(126915,231408,(3,9223372036854775807))
Edge(126920,196966,(3,9223372036854775807))
Edge(127133,75588,(3,9223372036854775807))
Edge(127159,396490,(3,9223372036854775807))
Edge(127264,327888,(3,9223372036854775807))
Edge(127498,157151,(1,3))
Edge(127855,129322,(1,3))
Edge(128299,300786,(4,9223372036854775807))
Edge(128413,302688,(1,9223372036854775807))
Edge(129257,402511,(3,9223372036854775807))
Edge(129303,372863,(3,9223372036854775807))
Edge(130476,317240,(3,9223372036854775807))
Edge(130497,412661,(3,9223372036854775807))
Edge(130501,251647,(3,9223372036854775807))
Edge(130527,106156,(3,9223372036854775807))
Edge(130673,58125,(3,9223372036854775807))
Edge(130703,315179,(3,9223372036854775807))
Edge(130791,329796,(3,9223372036854775807))
Edge(130822,498048,(3,9223372036854775807))
Edge(131057,328900,(3,9223372036854775807))
Edge(131700,383420,(3,9223372036854775807))
Edge(131734,409765,(3,9223372036854775807))
Edge(132211,289689,(3,9223372036854775807))
Edge(132260,200422,(1,9223372036854775807))
Edge(132711,243260,(3,9223372036854775807))
Edge(133167,200429,(3,9223372036854775807))
Edge(133258,328606,(3,9223372036854775807))
Edge(133636,104674,(3,9223372036854775807))
Edge(133813,383796,(3,9223372036854775807))
Edge(133815,250102,(3,9223372036854775807))
Edge(135086,268010,(3,9223372036854775807))
Edge(135142,161939,(1,3))
Edge(136247,422716,(1,3))
Edge(136281,278007,(3,9223372036854775807))
Edge(136679,182655,(1,9223372036854775807))
Edge(136857,35401,(1,9223372036854775807))
Edge(137916,410671,(1,3))
Edge(137944,227516,(1,3))
Edge(138178,93731,(3,9223372036854775807))
Edge(138244,88931,(3,9223372036854775807))
Edge(138283,319496,(1,9223372036854775807))
Edge(138394,429835,(3,9223372036854775807))
Edge(138603,133433,(3,9223372036854775807))
Edge(138682,226652,(1,9223372036854775807))
Edge(138861,433187,(3,9223372036854775807))
Edge(138951,186928,(3,9223372036854775807))
Edge(139034,237201,(3,9223372036854775807))
Edge(139056,450501,(3,9223372036854775807))
Edge(139546,204140,(3,9223372036854775807))
Edge(139734,121143,(1,9223372036854775807))
Edge(140078,363792,(1,3))
Edge(140211,492828,(3,9223372036854775807))
Edge(140321,488075,(3,9223372036854775807))
Edge(140325,33490,(3,9223372036854775807))
Edge(140665,255158,(1,9223372036854775807))
Edge(141096,153609,(1,9223372036854775807))
Edge(141173,91361,(1,3))
Edge(141337,309751,(3,9223372036854775807))
Edge(141369,151209,(3,9223372036854775807))
Edge(141415,150932,(1,9223372036854775807))
Edge(141631,3013,(1,9223372036854775807))
Edge(141787,314919,(3,9223372036854775807))
Edge(142192,57728,(3,9223372036854775807))
Edge(143617,306368,(1,9223372036854775807))
Edge(143696,490619,(1,9223372036854775807))
Edge(143795,16603,(3,9223372036854775807))
Edge(143991,312594,(1,3))
Edge(144107,141724,(1,9223372036854775807))
Edge(144225,229689,(3,9223372036854775807))
Edge(144439,219378,(3,9223372036854775807))
Edge(144585,179664,(3,9223372036854775807))
Edge(144616,203883,(4,9223372036854775807))
Edge(144747,90964,(3,9223372036854775807))
Edge(145566,414796,(3,9223372036854775807))
Edge(145627,494408,(3,9223372036854775807))
Edge(145640,471959,(3,9223372036854775807))
Edge(146000,281096,(3,9223372036854775807))
Edge(146533,125680,(3,9223372036854775807))
Edge(146637,287802,(3,9223372036854775807))
Edge(146762,497949,(3,9223372036854775807))
Edge(147331,419597,(3,9223372036854775807))
Edge(147424,38804,(3,9223372036854775807))
Edge(147426,148433,(3,9223372036854775807))
Edge(147804,153907,(1,9223372036854775807))
Edge(148101,176,(1,3))
Edge(148357,302133,(3,9223372036854775807))
Edge(148998,44937,(3,9223372036854775807))
Edge(149044,160695,(3,9223372036854775807))
Edge(149246,299194,(3,9223372036854775807))
Edge(149305,397884,(3,9223372036854775807))
Edge(149602,208927,(3,9223372036854775807))
Edge(149715,45418,(3,9223372036854775807))
Edge(150143,474299,(3,9223372036854775807))
Edge(150765,294216,(1,3))
Edge(151224,470407,(3,9223372036854775807))
Edge(151503,363533,(3,9223372036854775807))
Edge(151528,462605,(3,9223372036854775807))
Edge(151847,21734,(3,9223372036854775807))
Edge(152272,278322,(1,9223372036854775807))
Edge(152347,445214,(3,9223372036854775807))
Edge(153893,16126,(3,9223372036854775807))
Edge(154419,30307,(1,9223372036854775807))
Edge(154517,186009,(3,9223372036854775807))
Edge(154615,208434,(3,9223372036854775807))
Edge(154979,73435,(3,9223372036854775807))
Edge(155428,381498,(3,9223372036854775807))
Edge(155721,400729,(3,9223372036854775807))
Edge(155774,40498,(3,9223372036854775807))
Edge(155951,287909,(3,9223372036854775807))
Edge(156107,215729,(3,9223372036854775807))
Edge(156738,472140,(3,9223372036854775807))
Edge(157085,53984,(1,9223372036854775807))
Edge(157150,9160,(1,9223372036854775807))
Edge(157166,243487,(1,3))
Edge(157227,491566,(3,9223372036854775807))
Edge(157331,205839,(3,9223372036854775807))
Edge(157583,271271,(3,9223372036854775807))
Edge(158345,466733,(3,9223372036854775807))
Edge(158975,430786,(1,9223372036854775807))
Edge(159407,190990,(1,3))
Edge(159508,189887,(1,9223372036854775807))
Edge(159876,320681,(1,9223372036854775807))
Edge(160803,159165,(3,9223372036854775807))
Edge(160862,889,(3,9223372036854775807))
Edge(161037,135104,(1,9223372036854775807))
Edge(161048,186271,(3,9223372036854775807))
Edge(161341,387773,(3,9223372036854775807))
Edge(161780,284147,(3,9223372036854775807))
Edge(161800,350455,(3,9223372036854775807))
Edge(162817,453358,(3,9223372036854775807))
Edge(163460,18332,(3,9223372036854775807))
Edge(163471,482766,(3,9223372036854775807))
Edge(164018,89573,(3,9223372036854775807))
Edge(164455,194475,(3,9223372036854775807))
Edge(164695,382383,(3,9223372036854775807))
Edge(164839,116931,(3,9223372036854775807))
Edge(164918,232374,(3,9223372036854775807))
Edge(165495,450666,(3,9223372036854775807))
Edge(165633,70855,(3,9223372036854775807))
Edge(165657,17016,(3,9223372036854775807))
Edge(165657,211209,(3,9223372036854775807))
Edge(165913,284505,(1,3))
Edge(165984,102186,(1,9223372036854775807))
Edge(166104,396196,(1,9223372036854775807))
Edge(167136,247847,(3,9223372036854775807))
Edge(167725,404439,(3,9223372036854775807))
Edge(167766,290304,(3,9223372036854775807))
Edge(167785,491211,(1,3))
Edge(167853,137767,(1,9223372036854775807))
Edge(168086,176337,(3,9223372036854775807))
Edge(168572,477166,(3,9223372036854775807))
Edge(169270,331941,(3,9223372036854775807))
Edge(169463,472696,(3,9223372036854775807))
Edge(169795,482866,(3,9223372036854775807))
Edge(169850,190112,(3,9223372036854775807))
Edge(169918,367181,(1,3))
Edge(170263,209022,(3,9223372036854775807))
Edge(170618,49282,(1,3))
Edge(170619,306114,(3,9223372036854775807))
Edge(171696,465976,(3,9223372036854775807))
Edge(171724,494790,(3,9223372036854775807))
Edge(173499,417884,(3,9223372036854775807))
Edge(173601,327616,(3,9223372036854775807))
Edge(173818,109442,(3,9223372036854775807))
Edge(174200,236584,(3,9223372036854775807))
Edge(174318,37825,(3,9223372036854775807))
Edge(174346,265441,(3,9223372036854775807))
Edge(174519,215445,(3,9223372036854775807))
Edge(174893,325826,(3,9223372036854775807))
Edge(174954,241372,(3,9223372036854775807))
Edge(175283,271676,(3,9223372036854775807))
Edge(175530,129039,(1,9223372036854775807))
Edge(175607,477523,(3,9223372036854775807))
Edge(176004,392246,(3,9223372036854775807))
Edge(176535,265324,(3,9223372036854775807))
Edge(176716,9494,(3,9223372036854775807))
Edge(176990,348630,(3,9223372036854775807))
Edge(177239,278627,(3,9223372036854775807))
Edge(177503,263567,(3,9223372036854775807))
Edge(177832,146164,(3,9223372036854775807))
Edge(177849,38709,(3,9223372036854775807))
Edge(177885,120684,(3,9223372036854775807))
Edge(177959,93021,(3,9223372036854775807))
Edge(178187,95504,(1,9223372036854775807))
Edge(178270,347116,(3,9223372036854775807))
Edge(178377,60880,(3,9223372036854775807))
Edge(178655,115716,(3,9223372036854775807))
Edge(179200,360851,(3,9223372036854775807))
Edge(179578,481768,(1,3))
Edge(179632,201141,(1,9223372036854775807))
Edge(179656,311098,(3,9223372036854775807))
Edge(179971,363960,(3,9223372036854775807))
Edge(180240,331874,(1,9223372036854775807))
Edge(180507,366076,(3,9223372036854775807))
Edge(180667,91458,(1,9223372036854775807))
Edge(180758,270072,(1,9223372036854775807))
Edge(181052,193703,(1,3))
Edge(181175,95342,(3,9223372036854775807))
Edge(181543,33407,(3,9223372036854775807))
Edge(181840,320818,(3,9223372036854775807))
Edge(182851,413264,(3,9223372036854775807))
Edge(183087,158538,(3,9223372036854775807))
Edge(183465,14822,(3,9223372036854775807))
Edge(183498,480776,(1,3))
Edge(183812,52827,(3,9223372036854775807))
Edge(183920,289673,(3,9223372036854775807))
Edge(184327,233137,(3,9223372036854775807))
Edge(184988,224136,(3,9223372036854775807))
Edge(185168,465010,(3,9223372036854775807))
Edge(185260,78251,(1,9223372036854775807))
Edge(185381,264953,(3,9223372036854775807))
Edge(185541,79870,(3,9223372036854775807))
Edge(185817,453437,(3,9223372036854775807))
Edge(185901,407283,(1,9223372036854775807))
Edge(186012,283338,(3,9223372036854775807))
Edge(186179,201794,(3,9223372036854775807))
Edge(186463,116476,(3,9223372036854775807))
Edge(186485,224537,(3,9223372036854775807))
Edge(186689,191660,(3,9223372036854775807))
Edge(186781,217569,(3,9223372036854775807))
Edge(187885,257689,(1,9223372036854775807))
Edge(187947,195857,(3,9223372036854775807))
Edge(188047,281724,(3,9223372036854775807))
Edge(189093,381007,(3,9223372036854775807))
Edge(189186,476080,(1,9223372036854775807))
Edge(189426,318287,(3,9223372036854775807))
Edge(189639,178276,(1,9223372036854775807))
Edge(190161,299369,(4,9223372036854775807))
Edge(190237,198284,(1,9223372036854775807))
Edge(190308,328108,(3,9223372036854775807))
Edge(190858,387819,(3,9223372036854775807))
Edge(190952,288713,(3,9223372036854775807))
Edge(190965,128910,(3,9223372036854775807))
Edge(191029,262870,(3,9223372036854775807))
Edge(191165,26445,(3,9223372036854775807))
Edge(192250,248827,(3,9223372036854775807))
Edge(192451,64579,(3,9223372036854775807))
Edge(192532,306476,(3,9223372036854775807))
Edge(192589,484196,(3,9223372036854775807))
Edge(192687,274364,(1,9223372036854775807))
Edge(193211,76920,(3,9223372036854775807))
Edge(193813,190607,(3,9223372036854775807))
Edge(193909,483972,(3,9223372036854775807))
Edge(194011,415798,(3,9223372036854775807))
Edge(194155,107255,(1,9223372036854775807))
Edge(194735,230858,(3,9223372036854775807))
Edge(194837,206864,(3,9223372036854775807))
Edge(194896,399071,(3,9223372036854775807))
Edge(194962,339515,(3,9223372036854775807))
Edge(195085,235025,(3,9223372036854775807))
Edge(195118,166715,(3,9223372036854775807))
Edge(195949,303555,(3,9223372036854775807))
Edge(196052,199308,(3,9223372036854775807))
Edge(196666,454886,(3,9223372036854775807))
Edge(196994,293222,(3,9223372036854775807))
Edge(197090,122201,(1,9223372036854775807))
Edge(197798,385294,(3,9223372036854775807))
Edge(198060,487048,(3,9223372036854775807))
Edge(198284,458945,(3,9223372036854775807))
Edge(199027,145284,(3,9223372036854775807))
Edge(199284,463698,(3,9223372036854775807))
Edge(199498,257779,(3,9223372036854775807))
Edge(199692,41274,(1,3))
Edge(199815,161171,(3,9223372036854775807))
Edge(199833,38846,(3,9223372036854775807))
Edge(199999,44868,(3,9223372036854775807))
Edge(200029,114215,(3,9223372036854775807))
Edge(200138,117529,(3,9223372036854775807))
Edge(200171,24883,(3,9223372036854775807))
Edge(200932,262445,(3,9223372036854775807))
Edge(200976,134907,(3,9223372036854775807))
Edge(201437,398923,(3,9223372036854775807))
Edge(201664,188155,(1,3))
Edge(201762,446381,(3,9223372036854775807))
Edge(201791,107699,(3,9223372036854775807))
Edge(201895,84990,(1,9223372036854775807))
Edge(202014,148588,(3,9223372036854775807))
Edge(202063,19160,(3,9223372036854775807))
Edge(202340,195750,(3,9223372036854775807))
Edge(202459,99914,(1,9223372036854775807))
Edge(202644,198608,(1,9223372036854775807))
Edge(203504,151880,(3,9223372036854775807))
Edge(203933,350205,(3,9223372036854775807))
Edge(203999,140313,(3,9223372036854775807))
Edge(204286,447231,(1,3))
Edge(204393,382311,(3,9223372036854775807))
Edge(204872,945,(1,9223372036854775807))
Edge(205042,137306,(3,9223372036854775807))
Edge(205607,245644,(1,9223372036854775807))
Edge(205795,403730,(3,9223372036854775807))
Edge(206320,246945,(3,9223372036854775807))
Edge(206443,368425,(1,9223372036854775807))
Edge(206578,381613,(1,9223372036854775807))
Edge(206801,90449,(3,9223372036854775807))
Edge(207207,131146,(3,9223372036854775807))
Edge(207281,214268,(3,9223372036854775807))
Edge(207424,9318,(3,9223372036854775807))
Edge(207457,69381,(3,9223372036854775807))
Edge(207708,498304,(3,9223372036854775807))
Edge(207919,399498,(1,3))
Edge(208255,160712,(3,9223372036854775807))
Edge(208478,268870,(3,9223372036854775807))
Edge(208839,67714,(3,9223372036854775807))
Edge(208920,45834,(3,9223372036854775807))
Edge(209021,289465,(3,9223372036854775807))
Edge(209121,258574,(3,9223372036854775807))
Edge(209229,300713,(3,9223372036854775807))
Edge(209814,122725,(3,9223372036854775807))
Edge(210177,224801,(3,9223372036854775807))
Edge(210300,14355,(3,9223372036854775807))
Edge(210429,355878,(3,9223372036854775807))
Edge(210625,307729,(3,9223372036854775807))
Edge(210959,118422,(3,9223372036854775807))
Edge(211211,78065,(1,9223372036854775807))
Edge(211247,452670,(1,9223372036854775807))
Edge(211499,226396,(3,9223372036854775807))
Edge(211524,26671,(3,9223372036854775807))
Edge(211577,216798,(3,9223372036854775807))
Edge(211873,58886,(3,9223372036854775807))
Edge(212222,363595,(3,9223372036854775807))
Edge(213291,405508,(3,9223372036854775807))
Edge(213415,16003,(3,9223372036854775807))
Edge(213638,231388,(1,9223372036854775807))
Edge(214498,426032,(3,9223372036854775807))
Edge(214862,285789,(1,9223372036854775807))
Edge(214960,44688,(3,9223372036854775807))
Edge(215841,166737,(3,9223372036854775807))
Edge(215994,471864,(3,9223372036854775807))
Edge(216252,447609,(3,9223372036854775807))
Edge(216981,359339,(3,9223372036854775807))
Edge(216981,408455,(3,9223372036854775807))
Edge(216993,143164,(3,9223372036854775807))
Edge(217552,9997,(3,9223372036854775807))
Edge(217705,380952,(1,3))
Edge(218355,431629,(3,9223372036854775807))
Edge(218793,476838,(3,9223372036854775807))
Edge(219448,35059,(3,9223372036854775807))
Edge(220232,261729,(3,9223372036854775807))
Edge(220261,358241,(3,9223372036854775807))
Edge(220271,199195,(3,9223372036854775807))
Edge(220791,228195,(3,9223372036854775807))
Edge(221289,402526,(3,9223372036854775807))
Edge(221410,242145,(3,9223372036854775807))
Edge(221944,97779,(1,3))
Edge(222079,228532,(1,9223372036854775807))
Edge(222219,129791,(3,9223372036854775807))
Edge(222237,252178,(3,9223372036854775807))
Edge(222251,484329,(3,9223372036854775807))
Edge(222795,142613,(1,3))
Edge(222932,112384,(3,9223372036854775807))
Edge(223200,485413,(3,9223372036854775807))
Edge(223773,253119,(1,9223372036854775807))
Edge(223818,266864,(3,9223372036854775807))
Edge(223975,234707,(3,9223372036854775807))
Edge(224283,311142,(1,3))
Edge(225093,67069,(3,9223372036854775807))
Edge(225163,135049,(1,9223372036854775807))
Edge(225304,330436,(1,9223372036854775807))
Edge(225502,383969,(3,9223372036854775807))
Edge(226166,389266,(3,9223372036854775807))
Edge(226437,206172,(3,9223372036854775807))
Edge(227120,135906,(1,9223372036854775807))
Edge(227243,5975,(1,3))
Edge(227468,105472,(3,9223372036854775807))
Edge(227622,98621,(1,9223372036854775807))
Edge(227670,140726,(3,9223372036854775807))
Edge(227884,98189,(3,9223372036854775807))
Edge(228143,268787,(1,9223372036854775807))
Edge(229617,448041,(3,9223372036854775807))
Edge(230199,369565,(3,9223372036854775807))
Edge(231122,366368,(1,3))
Edge(231626,222267,(1,9223372036854775807))
Edge(231969,353160,(1,9223372036854775807))
Edge(232065,481203,(3,9223372036854775807))
Edge(232343,71918,(3,9223372036854775807))
Edge(232617,467665,(3,9223372036854775807))
Edge(232718,133903,(3,9223372036854775807))
Edge(233782,477297,(3,9223372036854775807))
Edge(233818,443590,(3,9223372036854775807))
Edge(233990,488809,(3,9223372036854775807))
Edge(234199,266110,(1,9223372036854775807))
Edge(234272,152829,(1,3))
Edge(234772,397037,(4,9223372036854775807))
Edge(234821,169878,(3,9223372036854775807))
Edge(234837,399167,(3,9223372036854775807))
Edge(235728,108598,(3,9223372036854775807))
Edge(235789,121810,(3,9223372036854775807))
Edge(235943,218267,(3,9223372036854775807))
Edge(236360,202589,(3,9223372036854775807))
Edge(236524,412617,(3,9223372036854775807))
Edge(236809,251496,(3,9223372036854775807))
Edge(236916,325484,(3,9223372036854775807))
Edge(237107,433281,(3,9223372036854775807))
Edge(237112,352680,(3,9223372036854775807))
Edge(237130,99643,(3,9223372036854775807))
Edge(237461,302380,(3,9223372036854775807))
Edge(237550,256964,(1,3))
Edge(237567,182205,(3,9223372036854775807))
Edge(237921,836,(3,9223372036854775807))
Edge(238121,262578,(1,9223372036854775807))
Edge(238610,488844,(3,9223372036854775807))
Edge(238981,76851,(3,9223372036854775807))
Edge(239172,451196,(3,9223372036854775807))
Edge(239210,352528,(3,9223372036854775807))
Edge(239376,198736,(3,9223372036854775807))
Edge(239590,149473,(3,9223372036854775807))
Edge(239610,441825,(3,9223372036854775807))
Edge(239617,424822,(1,3))
Edge(241227,344982,(3,9223372036854775807))
Edge(241544,428207,(1,3))
Edge(241976,255810,(1,9223372036854775807))
Edge(242328,371954,(3,9223372036854775807))
Edge(243554,14090,(1,9223372036854775807))
Edge(244009,480035,(3,9223372036854775807))
Edge(244073,402969,(3,9223372036854775807))
Edge(244131,39376,(3,9223372036854775807))
Edge(244232,48649,(3,9223372036854775807))
Edge(244638,424557,(4,9223372036854775807))
Edge(244701,348252,(3,9223372036854775807))
Edge(245086,264849,(1,9223372036854775807))
Edge(245310,230396,(3,9223372036854775807))
Edge(245321,238993,(1,3))
Edge(245384,428705,(1,9223372036854775807))
Edge(245496,119887,(3,9223372036854775807))
Edge(245784,493576,(3,9223372036854775807))
Edge(245847,162839,(1,9223372036854775807))
Edge(246211,449505,(3,9223372036854775807))
Edge(246660,89520,(3,9223372036854775807))
Edge(246684,364357,(3,9223372036854775807))
Edge(247085,277048,(3,9223372036854775807))
Edge(247172,43588,(3,9223372036854775807))
Edge(247214,491886,(3,9223372036854775807))
Edge(247692,130068,(3,9223372036854775807))
Edge(247900,144681,(3,9223372036854775807))
Edge(248175,227831,(3,9223372036854775807))
Edge(248434,205257,(3,9223372036854775807))
Edge(248660,418483,(1,9223372036854775807))
Edge(249367,278504,(1,9223372036854775807))
Edge(249658,490071,(3,9223372036854775807))
Edge(249827,72989,(3,9223372036854775807))
Edge(251149,245609,(3,9223372036854775807))
Edge(251294,354768,(3,9223372036854775807))
Edge(251314,481368,(3,9223372036854775807))
Edge(251322,346861,(3,9223372036854775807))
Edge(251395,201412,(1,9223372036854775807))
Edge(251936,197697,(3,9223372036854775807))
Edge(252418,217490,(3,9223372036854775807))
Edge(252505,45737,(3,9223372036854775807))
Edge(252651,242394,(3,9223372036854775807))
Edge(252673,281171,(1,3))
Edge(252902,73074,(3,9223372036854775807))
Edge(252957,244858,(3,9223372036854775807))
Edge(253397,279116,(3,9223372036854775807))
Edge(253490,233598,(3,9223372036854775807))
Edge(254132,74601,(3,9223372036854775807))
Edge(254198,273933,(3,9223372036854775807))
Edge(254327,435555,(3,9223372036854775807))
Edge(254386,232654,(3,9223372036854775807))
Edge(254785,122063,(3,9223372036854775807))
Edge(254795,295882,(3,9223372036854775807))
Edge(254853,497512,(3,9223372036854775807))
Edge(254907,96521,(3,9223372036854775807))
Edge(254988,128979,(3,9223372036854775807))
Edge(255177,456915,(3,9223372036854775807))
Edge(255336,195849,(3,9223372036854775807))
Edge(255361,456115,(3,9223372036854775807))
Edge(255567,412447,(3,9223372036854775807))
Edge(255698,214405,(3,9223372036854775807))
Edge(255746,413424,(1,3))
Edge(255967,327601,(3,9223372036854775807))
Edge(256139,464786,(3,9223372036854775807))
Edge(256203,405709,(3,9223372036854775807))
Edge(256284,158639,(3,9223372036854775807))
Edge(256867,399015,(3,9223372036854775807))
Edge(257055,276284,(3,9223372036854775807))
Edge(257299,473969,(3,9223372036854775807))
Edge(257519,475363,(3,9223372036854775807))
Edge(258077,305596,(3,9223372036854775807))
Edge(259230,469684,(3,9223372036854775807))
Edge(259263,258645,(3,9223372036854775807))
Edge(259265,117832,(3,9223372036854775807))
Edge(259420,96367,(3,9223372036854775807))
Edge(259471,395089,(3,9223372036854775807))
Edge(259796,256516,(3,9223372036854775807))
Edge(259800,435226,(3,9223372036854775807))
Edge(259966,428760,(3,9223372036854775807))
Edge(260207,182211,(3,9223372036854775807))
Edge(260387,182227,(3,9223372036854775807))
Edge(260736,48164,(3,9223372036854775807))
Edge(260853,204808,(3,9223372036854775807))
Edge(261099,127425,(3,9223372036854775807))
Edge(261328,479115,(3,9223372036854775807))
Edge(261366,82276,(3,9223372036854775807))
Edge(261446,380248,(3,9223372036854775807))
Edge(261659,273423,(3,9223372036854775807))
Edge(261807,490615,(3,9223372036854775807))
Edge(262190,397083,(1,9223372036854775807))
Edge(262419,112595,(3,9223372036854775807))
Edge(262587,137068,(1,9223372036854775807))
Edge(262742,392937,(1,3))
Edge(262830,376908,(3,9223372036854775807))
Edge(263134,444227,(3,9223372036854775807))
Edge(263203,229345,(1,9223372036854775807))
Edge(263522,249071,(3,9223372036854775807))
Edge(263963,417820,(3,9223372036854775807))
Edge(264074,485891,(1,3))
Edge(264447,79343,(3,9223372036854775807))
Edge(264605,360994,(3,9223372036854775807))
Edge(265193,71418,(3,9223372036854775807))
Edge(265371,170750,(1,9223372036854775807))
Edge(265892,498774,(1,9223372036854775807))
Edge(265902,317289,(3,9223372036854775807))
Edge(266143,21977,(3,9223372036854775807))
Edge(266221,131305,(3,9223372036854775807))
Edge(267582,121692,(3,9223372036854775807))
Edge(267734,356489,(3,9223372036854775807))
Edge(267749,285398,(3,9223372036854775807))
Edge(268071,20775,(3,9223372036854775807))
Edge(268176,333755,(3,9223372036854775807))
Edge(268375,144329,(3,9223372036854775807))
Edge(269387,489349,(3,9223372036854775807))
Edge(269774,395021,(3,9223372036854775807))
Edge(270017,63552,(3,9223372036854775807))
Edge(270478,101254,(3,9223372036854775807))
Edge(271340,130795,(3,9223372036854775807))
Edge(271410,429467,(3,9223372036854775807))
Edge(271514,90522,(3,9223372036854775807))
Edge(272275,402317,(3,9223372036854775807))
Edge(273143,271584,(3,9223372036854775807))
Edge(273391,144695,(3,9223372036854775807))
Edge(273469,268268,(3,9223372036854775807))
Edge(273477,313993,(1,9223372036854775807))
Edge(273734,24939,(3,9223372036854775807))
Edge(274041,273012,(3,9223372036854775807))
Edge(274542,143289,(3,9223372036854775807))
Edge(275105,436744,(1,9223372036854775807))
Edge(275819,321848,(3,9223372036854775807))
Edge(276012,35469,(3,9223372036854775807))
Edge(276142,274198,(3,9223372036854775807))
Edge(277045,402545,(3,9223372036854775807))
Edge(277303,305334,(3,9223372036854775807))
Edge(277696,89032,(3,9223372036854775807))
Edge(278296,266665,(1,3))
Edge(278318,245558,(3,9223372036854775807))
Edge(278533,338642,(1,9223372036854775807))
Edge(278537,266925,(3,9223372036854775807))
Edge(278617,8931,(3,9223372036854775807))
Edge(278884,254546,(3,9223372036854775807))
Edge(279249,119270,(3,9223372036854775807))
Edge(279267,397426,(3,9223372036854775807))
Edge(279643,119938,(3,9223372036854775807))
Edge(279759,33467,(3,9223372036854775807))
Edge(280335,195779,(3,9223372036854775807))
Edge(280422,218810,(3,9223372036854775807))
Edge(281101,452761,(1,3))
Edge(281191,154566,(3,9223372036854775807))
Edge(282691,115762,(3,9223372036854775807))
Edge(284652,116788,(3,9223372036854775807))
Edge(284660,492104,(3,9223372036854775807))
Edge(284904,468979,(3,9223372036854775807))
Edge(285035,497592,(3,9223372036854775807))
Edge(285626,349369,(1,3))
Edge(285716,492324,(3,9223372036854775807))
Edge(286555,147548,(3,9223372036854775807))
Edge(286713,437627,(3,9223372036854775807))
Edge(287249,2883,(3,9223372036854775807))
Edge(287558,233128,(3,9223372036854775807))
Edge(287975,180465,(3,9223372036854775807))
Edge(288193,84632,(3,9223372036854775807))
Edge(288404,200634,(3,9223372036854775807))
Edge(289073,118834,(3,9223372036854775807))
Edge(289131,198586,(3,9223372036854775807))
Edge(289633,9810,(1,9223372036854775807))
Edge(289719,408977,(3,9223372036854775807))
Edge(290408,386653,(3,9223372036854775807))
Edge(290522,285001,(3,9223372036854775807))
Edge(291458,207034,(3,9223372036854775807))
Edge(291623,464682,(3,9223372036854775807))
Edge(291947,169648,(3,9223372036854775807))
Edge(292392,414181,(3,9223372036854775807))
Edge(292591,73031,(3,9223372036854775807))
Edge(292716,51408,(3,9223372036854775807))
Edge(292908,486894,(3,9223372036854775807))
Edge(293226,361880,(3,9223372036854775807))
Edge(293519,440582,(3,9223372036854775807))
Edge(293824,413848,(3,9223372036854775807))
Edge(294131,443142,(3,9223372036854775807))
Edge(294193,229481,(3,9223372036854775807))
Edge(294197,121393,(3,9223372036854775807))
Edge(294484,203011,(1,9223372036854775807))
Edge(294719,224457,(1,9223372036854775807))
Edge(295121,6518,(3,9223372036854775807))
Edge(295234,323186,(3,9223372036854775807))
Edge(295714,363629,(3,9223372036854775807))
Edge(295950,38574,(3,9223372036854775807))
Edge(296041,463745,(3,9223372036854775807))
Edge(296174,426468,(3,9223372036854775807))
Edge(296633,247527,(3,9223372036854775807))
Edge(296952,187103,(1,9223372036854775807))
Edge(297148,8096,(1,9223372036854775807))
Edge(297601,151003,(3,9223372036854775807))
Edge(298323,356031,(3,9223372036854775807))
Edge(298341,443662,(3,9223372036854775807))
Edge(298889,246741,(3,9223372036854775807))
Edge(299254,186052,(3,9223372036854775807))
Edge(299406,226973,(3,9223372036854775807))
Edge(299482,222014,(3,9223372036854775807))
Edge(299665,161297,(3,9223372036854775807))
Edge(300073,105099,(3,9223372036854775807))
Edge(301185,331481,(3,9223372036854775807))
Edge(301479,364110,(3,9223372036854775807))
Edge(301517,378305,(3,9223372036854775807))
Edge(301570,208149,(3,9223372036854775807))
Edge(301953,285464,(3,9223372036854775807))
Edge(302085,144876,(3,9223372036854775807))
Edge(302248,445938,(3,9223372036854775807))
Edge(302404,89751,(3,9223372036854775807))
Edge(302441,200926,(3,9223372036854775807))
Edge(302866,13151,(3,9223372036854775807))
Edge(304269,339139,(3,9223372036854775807))
Edge(304407,345301,(1,9223372036854775807))
Edge(304624,305727,(3,9223372036854775807))
Edge(304964,495749,(3,9223372036854775807))
Edge(305102,229734,(3,9223372036854775807))
Edge(305495,383885,(3,9223372036854775807))
Edge(305563,403343,(3,9223372036854775807))
Edge(305660,178265,(1,9223372036854775807))
Edge(305864,262598,(3,9223372036854775807))
Edge(306139,194057,(3,9223372036854775807))
Edge(306266,158732,(1,3))
Edge(307134,21694,(3,9223372036854775807))
Edge(307690,416246,(3,9223372036854775807))
Edge(307868,412022,(3,9223372036854775807))
Edge(307884,417324,(3,9223372036854775807))
Edge(308415,290070,(3,9223372036854775807))
Edge(308419,221666,(3,9223372036854775807))
Edge(309608,38883,(3,9223372036854775807))
Edge(310073,395718,(3,9223372036854775807))
Edge(310142,476411,(3,9223372036854775807))
Edge(310617,487141,(3,9223372036854775807))
Edge(311235,292575,(1,3))
Edge(311391,141858,(3,9223372036854775807))
Edge(312196,324778,(1,3))
Edge(312338,357082,(3,9223372036854775807))
Edge(312455,341785,(3,9223372036854775807))
Edge(312820,285714,(1,9223372036854775807))
Edge(313764,104828,(1,9223372036854775807))
Edge(314077,308656,(3,9223372036854775807))
Edge(314339,455895,(3,9223372036854775807))
Edge(314614,193509,(3,9223372036854775807))
Edge(315474,30017,(3,9223372036854775807))
Edge(315612,232463,(3,9223372036854775807))
Edge(315614,84709,(1,9223372036854775807))
Edge(315741,123509,(3,9223372036854775807))
Edge(315955,18346,(3,9223372036854775807))
Edge(315977,377401,(3,9223372036854775807))
Edge(316280,443682,(3,9223372036854775807))
Edge(316452,150511,(1,3))
Edge(316776,397866,(3,9223372036854775807))
Edge(316949,192274,(1,9223372036854775807))
Edge(317170,343116,(1,9223372036854775807))
Edge(317511,83456,(3,9223372036854775807))
Edge(317965,90247,(1,9223372036854775807))
Edge(318196,42989,(3,9223372036854775807))
Edge(318425,146660,(3,9223372036854775807))
Edge(318530,460451,(3,9223372036854775807))
Edge(319168,309322,(3,9223372036854775807))
Edge(319768,423529,(3,9223372036854775807))
Edge(319873,336677,(3,9223372036854775807))
Edge(320108,185032,(3,9223372036854775807))
Edge(321961,150332,(1,3))
Edge(322235,70644,(3,9223372036854775807))
Edge(322817,26119,(3,9223372036854775807))
Edge(323028,166601,(3,9223372036854775807))
Edge(323715,68949,(3,9223372036854775807))
Edge(323838,20193,(3,9223372036854775807))
Edge(324636,477749,(3,9223372036854775807))
Edge(324667,166811,(3,9223372036854775807))
Edge(324793,42855,(3,9223372036854775807))
Edge(324836,213076,(1,9223372036854775807))
Edge(324928,406745,(3,9223372036854775807))
Edge(325024,27217,(3,9223372036854775807))
Edge(325045,117427,(1,9223372036854775807))
Edge(325667,50575,(1,3))
Edge(326059,64768,(3,9223372036854775807))
Edge(326409,229442,(1,9223372036854775807))
Edge(326743,196430,(3,9223372036854775807))
Edge(326830,224054,(1,9223372036854775807))
Edge(327194,333872,(3,9223372036854775807))
Edge(327388,423628,(3,9223372036854775807))
Edge(327485,132032,(1,3))
Edge(328314,396036,(3,9223372036854775807))
Edge(328377,396754,(3,9223372036854775807))
Edge(329254,324480,(3,9223372036854775807))
Edge(329367,240934,(3,9223372036854775807))
Edge(329468,386760,(3,9223372036854775807))
Edge(329776,332491,(3,9223372036854775807))
Edge(329875,245909,(3,9223372036854775807))
Edge(329994,166526,(3,9223372036854775807))
Edge(330079,357986,(1,3))
Edge(330554,64615,(1,3))
Edge(330681,68504,(3,9223372036854775807))
Edge(330761,394997,(3,9223372036854775807))
Edge(330960,86472,(3,9223372036854775807))
Edge(331008,310680,(3,9223372036854775807))
Edge(331216,348423,(3,9223372036854775807))
Edge(332035,165614,(1,9223372036854775807))
Edge(332186,50239,(3,9223372036854775807))
Edge(332190,145200,(3,9223372036854775807))
Edge(332227,41889,(1,9223372036854775807))
Edge(332285,304281,(3,9223372036854775807))
Edge(332362,405489,(3,9223372036854775807))
Edge(332712,95049,(1,9223372036854775807))
Edge(333337,152819,(3,9223372036854775807))
Edge(333426,132130,(3,9223372036854775807))
Edge(334451,56580,(3,9223372036854775807))
Edge(334913,461049,(3,9223372036854775807))
Edge(334942,92570,(3,9223372036854775807))
Edge(335341,388383,(3,9223372036854775807))
Edge(335574,43201,(1,9223372036854775807))
Edge(335814,142437,(3,9223372036854775807))
Edge(335852,82443,(3,9223372036854775807))
Edge(335981,87554,(3,9223372036854775807))
Edge(336224,132967,(3,9223372036854775807))
Edge(336372,443933,(3,9223372036854775807))
Edge(336472,174459,(3,9223372036854775807))
Edge(336815,175498,(3,9223372036854775807))
Edge(337055,9694,(3,9223372036854775807))
Edge(337302,310887,(3,9223372036854775807))
Edge(337318,247082,(3,9223372036854775807))
Edge(337576,455251,(3,9223372036854775807))
Edge(337988,147354,(3,9223372036854775807))
Edge(338345,310781,(3,9223372036854775807))
Edge(338397,379900,(3,9223372036854775807))
Edge(338892,5370,(3,9223372036854775807))
Edge(338966,330817,(3,9223372036854775807))
Edge(339062,495018,(3,9223372036854775807))
Edge(339275,112530,(3,9223372036854775807))
Edge(339283,307973,(3,9223372036854775807))
Edge(339495,353080,(3,9223372036854775807))
Edge(340081,272951,(3,9223372036854775807))
Edge(340739,450873,(3,9223372036854775807))
Edge(341218,188590,(3,9223372036854775807))
Edge(341916,498404,(3,9223372036854775807))
Edge(342522,390624,(3,9223372036854775807))
Edge(342542,293553,(3,9223372036854775807))
Edge(342970,37500,(1,9223372036854775807))
Edge(343033,256995,(3,9223372036854775807))
Edge(343043,51572,(3,9223372036854775807))
Edge(343854,337919,(1,9223372036854775807))
Edge(343948,420865,(3,9223372036854775807))
Edge(344501,203783,(3,9223372036854775807))
Edge(345156,42924,(3,9223372036854775807))
Edge(345269,361979,(3,9223372036854775807))
Edge(345395,472953,(3,9223372036854775807))
Edge(345641,421703,(3,9223372036854775807))
Edge(346471,377161,(1,9223372036854775807))
Edge(346587,289735,(3,9223372036854775807))
Edge(346665,241080,(1,3))
Edge(347012,419807,(3,9223372036854775807))
Edge(347283,43435,(1,9223372036854775807))
Edge(347588,307765,(3,9223372036854775807))
Edge(347643,315589,(3,9223372036854775807))
Edge(347961,292124,(1,3))
Edge(348091,133268,(1,9223372036854775807))
Edge(348444,415531,(3,9223372036854775807))
Edge(348596,259272,(3,9223372036854775807))
Edge(348762,147532,(3,9223372036854775807))
Edge(348765,327071,(1,9223372036854775807))
Edge(348931,171354,(3,9223372036854775807))
Edge(349219,125885,(3,9223372036854775807))
Edge(349276,77142,(3,9223372036854775807))
Edge(349455,114632,(1,9223372036854775807))
Edge(349468,133860,(3,9223372036854775807))
Edge(349915,71838,(3,9223372036854775807))
Edge(350007,155449,(1,9223372036854775807))
Edge(350675,4456,(3,9223372036854775807))
Edge(350958,391599,(3,9223372036854775807))
Edge(351159,59963,(3,9223372036854775807))
Edge(351513,193068,(3,9223372036854775807))
Edge(352231,119694,(3,9223372036854775807))
Edge(352807,447394,(3,9223372036854775807))
Edge(353311,200583,(3,9223372036854775807))
Edge(353684,420540,(3,9223372036854775807))
Edge(353883,202338,(1,3))
Edge(353911,359163,(1,3))
Edge(355069,197337,(3,9223372036854775807))
Edge(355647,235142,(3,9223372036854775807))
Edge(355855,260340,(3,9223372036854775807))
Edge(356028,195603,(3,9223372036854775807))
Edge(356035,67160,(3,9223372036854775807))
Edge(356324,257793,(3,9223372036854775807))
Edge(356397,50261,(3,9223372036854775807))
Edge(356445,420583,(3,9223372036854775807))
Edge(356532,194470,(3,9223372036854775807))
Edge(357140,280047,(1,9223372036854775807))
Edge(357662,32139,(3,9223372036854775807))
Edge(357707,78668,(3,9223372036854775807))
Edge(357982,27726,(3,9223372036854775807))
Edge(358712,416373,(3,9223372036854775807))
Edge(358796,238303,(1,3))
Edge(358805,473126,(3,9223372036854775807))
Edge(359100,135120,(3,9223372036854775807))
Edge(359256,40489,(3,9223372036854775807))
Edge(359817,403362,(3,9223372036854775807))
Edge(360019,200744,(3,9223372036854775807))
Edge(360359,298039,(3,9223372036854775807))
Edge(360390,479057,(3,9223372036854775807))
Edge(360745,435951,(3,9223372036854775807))
Edge(361011,250342,(3,9223372036854775807))
Edge(361306,173231,(1,9223372036854775807))
Edge(361429,337818,(3,9223372036854775807))
Edge(361996,459399,(1,9223372036854775807))
Edge(362692,156466,(3,9223372036854775807))
Edge(362802,266609,(1,3))
Edge(363043,232552,(3,9223372036854775807))
Edge(363108,165543,(3,9223372036854775807))
Edge(363207,1287,(1,9223372036854775807))
Edge(363207,173444,(3,9223372036854775807))
Edge(363239,323088,(1,3))
Edge(363523,309821,(3,9223372036854775807))
Edge(364395,413980,(3,9223372036854775807))
Edge(364430,108207,(3,9223372036854775807))
Edge(365407,260777,(3,9223372036854775807))
Edge(365454,408781,(3,9223372036854775807))
Edge(365583,38165,(3,9223372036854775807))
Edge(365656,335599,(3,9223372036854775807))
Edge(365706,282508,(3,9223372036854775807))
Edge(365849,263326,(3,9223372036854775807))
Edge(366610,388683,(3,9223372036854775807))
Edge(366622,338168,(3,9223372036854775807))
Edge(367347,315698,(3,9223372036854775807))
Edge(367638,407708,(3,9223372036854775807))
Edge(367872,301129,(1,9223372036854775807))
Edge(368252,321696,(1,9223372036854775807))
Edge(368654,289020,(3,9223372036854775807))
Edge(368720,48237,(3,9223372036854775807))
Edge(368726,29922,(3,9223372036854775807))
Edge(368782,45582,(3,9223372036854775807))
Edge(369172,154333,(3,9223372036854775807))
Edge(369253,333371,(3,9223372036854775807))
Edge(369612,180386,(3,9223372036854775807))
Edge(369765,27896,(3,9223372036854775807))
Edge(369916,331726,(3,9223372036854775807))
Edge(370361,37528,(1,9223372036854775807))
Edge(370551,255743,(1,9223372036854775807))
Edge(370576,476799,(3,9223372036854775807))
Edge(370791,456439,(3,9223372036854775807))
Edge(370919,20300,(3,9223372036854775807))
Edge(371008,469128,(3,9223372036854775807))
Edge(371061,181396,(3,9223372036854775807))
Edge(371367,7125,(3,9223372036854775807))
Edge(371429,279860,(3,9223372036854775807))
Edge(371534,435646,(3,9223372036854775807))
Edge(371859,361036,(1,3))
Edge(372038,399171,(3,9223372036854775807))
Edge(372344,137277,(3,9223372036854775807))
Edge(372423,429873,(3,9223372036854775807))
Edge(372477,36640,(3,9223372036854775807))
Edge(372720,357725,(3,9223372036854775807))
Edge(373178,447623,(3,9223372036854775807))
Edge(373297,402839,(3,9223372036854775807))
Edge(373422,403748,(3,9223372036854775807))
Edge(373613,425739,(1,9223372036854775807))
Edge(373834,389113,(3,9223372036854775807))
Edge(373948,387428,(1,9223372036854775807))
Edge(373960,221225,(3,9223372036854775807))
Edge(374053,207738,(3,9223372036854775807))
Edge(374076,329601,(1,9223372036854775807))
Edge(374165,469956,(3,9223372036854775807))
Edge(374508,242660,(3,9223372036854775807))
Edge(374819,299016,(3,9223372036854775807))
Edge(375506,73357,(3,9223372036854775807))
Edge(375742,438062,(3,9223372036854775807))
Edge(375837,301658,(3,9223372036854775807))
Edge(376097,165194,(3,9223372036854775807))
Edge(376259,300655,(3,9223372036854775807))
Edge(376716,360523,(3,9223372036854775807))
Edge(376883,409063,(3,9223372036854775807))
Edge(377864,436033,(3,9223372036854775807))
Edge(378107,488354,(3,9223372036854775807))
Edge(378194,359728,(1,3))
Edge(378290,404531,(3,9223372036854775807))
Edge(378661,77157,(3,9223372036854775807))
Edge(378809,316029,(3,9223372036854775807))
Edge(379007,358068,(3,9223372036854775807))
Edge(379204,39388,(1,9223372036854775807))
Edge(379247,70660,(3,9223372036854775807))
Edge(380151,209510,(3,9223372036854775807))
Edge(380178,370626,(3,9223372036854775807))
Edge(380317,116803,(3,9223372036854775807))
Edge(381050,34191,(3,9223372036854775807))
Edge(381090,161823,(1,9223372036854775807))
Edge(381193,240794,(3,9223372036854775807))
Edge(381258,112151,(1,9223372036854775807))
Edge(381410,225846,(3,9223372036854775807))
Edge(381864,310630,(1,9223372036854775807))
Edge(381963,442480,(3,9223372036854775807))
Edge(382045,464716,(3,9223372036854775807))
Edge(382769,446393,(3,9223372036854775807))
Edge(383633,313161,(3,9223372036854775807))
Edge(383832,132681,(3,9223372036854775807))
Edge(384009,207634,(3,9223372036854775807))
Edge(384132,378757,(3,9223372036854775807))
Edge(384176,484273,(3,9223372036854775807))
Edge(384845,206465,(3,9223372036854775807))
Edge(385139,10248,(3,9223372036854775807))
Edge(385805,346796,(3,9223372036854775807))
Edge(385846,62854,(3,9223372036854775807))
Edge(387149,451327,(3,9223372036854775807))
Edge(387376,28182,(3,9223372036854775807))
Edge(387444,373604,(3,9223372036854775807))
Edge(387479,259957,(1,9223372036854775807))
Edge(387807,491902,(3,9223372036854775807))
Edge(388287,264205,(3,9223372036854775807))
Edge(388551,83601,(3,9223372036854775807))
Edge(389398,303963,(3,9223372036854775807))
Edge(390118,478152,(3,9223372036854775807))
Edge(390668,88252,(3,9223372036854775807))
Edge(390686,274694,(3,9223372036854775807))
Edge(391168,119711,(3,9223372036854775807))
Edge(391194,22643,(1,9223372036854775807))
Edge(391464,371247,(3,9223372036854775807))
Edge(392095,227533,(3,9223372036854775807))
Edge(392185,90514,(3,9223372036854775807))
Edge(392620,400289,(3,9223372036854775807))
Edge(392668,121016,(3,9223372036854775807))
Edge(393279,340042,(3,9223372036854775807))
Edge(393570,370744,(3,9223372036854775807))
Edge(394650,293513,(1,9223372036854775807))
Edge(394890,144297,(4,9223372036854775807))
Edge(394948,331749,(3,9223372036854775807))
Edge(395050,61594,(3,9223372036854775807))
Edge(395129,330306,(3,9223372036854775807))
Edge(395757,171635,(3,9223372036854775807))
Edge(396080,264896,(3,9223372036854775807))
Edge(396746,390671,(3,9223372036854775807))
Edge(397097,73675,(3,9223372036854775807))
Edge(397592,435580,(3,9223372036854775807))
Edge(397664,371299,(1,9223372036854775807))
Edge(397805,171650,(1,9223372036854775807))
Edge(397897,364055,(3,9223372036854775807))
Edge(398045,197670,(1,3))
Edge(398629,145518,(3,9223372036854775807))
Edge(398659,127786,(3,9223372036854775807))
Edge(398666,150025,(1,9223372036854775807))
Edge(399349,391729,(1,3))
Edge(399493,381702,(3,9223372036854775807))
Edge(400345,462879,(3,9223372036854775807))
Edge(400404,295701,(1,3))
Edge(400654,259489,(1,9223372036854775807))
Edge(401461,55976,(1,3))
Edge(401507,120461,(3,9223372036854775807))
Edge(402000,493687,(3,9223372036854775807))
Edge(402034,165946,(3,9223372036854775807))
Edge(402157,199293,(3,9223372036854775807))
Edge(402394,410579,(3,9223372036854775807))
Edge(402578,194203,(1,9223372036854775807))
Edge(402714,2964,(3,9223372036854775807))
Edge(402947,14915,(4,9223372036854775807))
Edge(403180,286172,(3,9223372036854775807))
Edge(403297,469634,(1,3))
Edge(403545,375532,(1,3))
Edge(404215,145297,(3,9223372036854775807))
Edge(404227,281225,(3,9223372036854775807))
Edge(404325,83393,(3,9223372036854775807))
Edge(404701,480770,(3,9223372036854775807))
Edge(404719,285680,(3,9223372036854775807))
Edge(405045,369011,(3,9223372036854775807))
Edge(405156,333121,(1,9223372036854775807))
Edge(405512,221629,(3,9223372036854775807))
Edge(405652,13155,(3,9223372036854775807))
Edge(405737,134267,(3,9223372036854775807))
Edge(406807,165873,(3,9223372036854775807))
Edge(407274,100013,(1,9223372036854775807))
Edge(407472,147037,(3,9223372036854775807))
Edge(407485,49323,(3,9223372036854775807))
Edge(407775,141719,(3,9223372036854775807))
Edge(408364,496408,(3,9223372036854775807))
Edge(409321,320186,(3,9223372036854775807))
Edge(409457,288461,(1,9223372036854775807))
Edge(410109,456665,(3,9223372036854775807))
Edge(410688,45740,(3,9223372036854775807))
Edge(411009,134337,(1,9223372036854775807))
Edge(411350,466955,(3,9223372036854775807))
Edge(411409,192676,(3,9223372036854775807))
Edge(411428,71189,(3,9223372036854775807))
Edge(411607,193223,(3,9223372036854775807))
Edge(411743,420037,(3,9223372036854775807))
Edge(412206,495114,(3,9223372036854775807))
Edge(412695,212424,(3,9223372036854775807))
Edge(412993,353104,(3,9223372036854775807))
Edge(413000,120559,(3,9223372036854775807))
Edge(413085,413984,(1,3))
Edge(413553,16227,(3,9223372036854775807))
Edge(413793,107728,(3,9223372036854775807))
Edge(413831,314615,(3,9223372036854775807))
Edge(414008,129921,(3,9223372036854775807))
Edge(414117,370647,(1,3))
Edge(414638,311263,(3,9223372036854775807))
Edge(414790,131093,(3,9223372036854775807))
Edge(414821,294948,(3,9223372036854775807))
Edge(415188,266281,(1,9223372036854775807))
Edge(416015,441968,(3,9223372036854775807))
Edge(416110,441026,(3,9223372036854775807))
Edge(416478,353383,(3,9223372036854775807))
Edge(416817,432081,(3,9223372036854775807))
Edge(417450,443820,(3,9223372036854775807))
Edge(417702,491291,(3,9223372036854775807))
Edge(417719,76725,(3,9223372036854775807))
Edge(418095,206889,(3,9223372036854775807))
Edge(418202,386013,(3,9223372036854775807))
Edge(418238,325984,(3,9223372036854775807))
Edge(418631,33086,(1,9223372036854775807))
Edge(418929,284781,(1,9223372036854775807))
Edge(418945,495074,(3,9223372036854775807))
Edge(418996,484890,(1,9223372036854775807))
Edge(419238,330143,(3,9223372036854775807))
Edge(419525,145166,(3,9223372036854775807))
Edge(419974,125276,(3,9223372036854775807))
Edge(420178,77328,(3,9223372036854775807))
Edge(420278,245670,(1,3))
Edge(420530,103987,(3,9223372036854775807))
Edge(421079,214910,(1,9223372036854775807))
Edge(421150,205008,(3,9223372036854775807))
Edge(421265,73408,(3,9223372036854775807))
Edge(421330,310258,(3,9223372036854775807))
Edge(421359,354981,(1,9223372036854775807))
Edge(421409,269626,(3,9223372036854775807))
Edge(421573,136097,(3,9223372036854775807))
Edge(421665,190102,(3,9223372036854775807))
Edge(422334,122004,(3,9223372036854775807))
Edge(422630,193869,(3,9223372036854775807))
Edge(423719,435069,(3,9223372036854775807))
Edge(424603,87633,(3,9223372036854775807))
Edge(424867,429070,(3,9223372036854775807))
Edge(424895,346305,(3,9223372036854775807))
Edge(424918,5595,(3,9223372036854775807))
Edge(425109,196658,(3,9223372036854775807))
Edge(425901,246972,(3,9223372036854775807))
Edge(426047,309467,(3,9223372036854775807))
Edge(426058,359389,(3,9223372036854775807))
Edge(426109,330349,(3,9223372036854775807))
Edge(426545,346074,(3,9223372036854775807))
Edge(427545,8404,(1,3))
Edge(427808,19201,(3,9223372036854775807))
Edge(427978,329571,(3,9223372036854775807))
Edge(428014,468840,(3,9223372036854775807))
Edge(428367,238558,(3,9223372036854775807))
Edge(428439,452253,(1,3))
Edge(428627,451637,(3,9223372036854775807))
Edge(429025,290128,(3,9223372036854775807))
Edge(429110,400605,(3,9223372036854775807))
Edge(429123,32167,(3,9223372036854775807))
Edge(429144,124335,(3,9223372036854775807))
Edge(429789,137432,(3,9223372036854775807))
Edge(430787,277450,(3,9223372036854775807))
Edge(431345,474371,(3,9223372036854775807))
Edge(431650,328127,(3,9223372036854775807))
Edge(432048,272000,(3,9223372036854775807))
Edge(432203,50662,(3,9223372036854775807))
Edge(433080,276136,(3,9223372036854775807))
Edge(433087,67317,(3,9223372036854775807))
Edge(433902,182865,(3,9223372036854775807))
Edge(434081,242226,(1,9223372036854775807))
Edge(434362,313909,(3,9223372036854775807))
Edge(434373,44314,(3,9223372036854775807))
Edge(435796,98881,(3,9223372036854775807))
Edge(436036,333311,(3,9223372036854775807))
Edge(436343,210003,(1,9223372036854775807))
Edge(436469,354789,(3,9223372036854775807))
Edge(437164,442755,(3,9223372036854775807))
Edge(437903,272307,(3,9223372036854775807))
Edge(438716,56179,(4,9223372036854775807))
Edge(438773,219198,(3,9223372036854775807))
Edge(438932,346898,(1,3))
Edge(439259,273372,(1,9223372036854775807))
Edge(439467,384672,(3,9223372036854775807))
Edge(439497,103399,(3,9223372036854775807))
Edge(440131,455367,(3,9223372036854775807))
Edge(440156,217010,(3,9223372036854775807))
Edge(440667,392109,(3,9223372036854775807))
Edge(441034,41443,(3,9223372036854775807))
Edge(441140,10980,(3,9223372036854775807))
Edge(441368,344959,(3,9223372036854775807))
Edge(441467,183802,(3,9223372036854775807))
Edge(442209,381764,(3,9223372036854775807))
Edge(442858,26324,(3,9223372036854775807))
Edge(443548,429064,(1,9223372036854775807))
Edge(443745,402596,(1,9223372036854775807))
Edge(444175,168317,(3,9223372036854775807))
Edge(444558,47218,(3,9223372036854775807))
Edge(444822,213506,(3,9223372036854775807))
Edge(444862,82185,(3,9223372036854775807))
Edge(444974,462887,(3,9223372036854775807))
Edge(445267,331401,(3,9223372036854775807))
Edge(445823,433826,(3,9223372036854775807))
Edge(446178,122867,(3,9223372036854775807))
Edge(446896,149956,(1,9223372036854775807))
Edge(446929,186126,(1,9223372036854775807))
Edge(447253,431466,(3,9223372036854775807))
Edge(447445,96015,(3,9223372036854775807))
Edge(447544,233446,(3,9223372036854775807))
Edge(447743,286007,(1,3))
Edge(448229,390582,(3,9223372036854775807))
Edge(448333,27252,(3,9223372036854775807))
Edge(448552,43754,(3,9223372036854775807))
Edge(448564,117949,(3,9223372036854775807))
Edge(448977,249793,(3,9223372036854775807))
Edge(449017,351832,(1,3))
Edge(449209,26149,(3,9223372036854775807))
Edge(449522,150288,(3,9223372036854775807))
Edge(449884,48461,(1,3))
Edge(449934,115769,(3,9223372036854775807))
Edge(450208,463232,(3,9223372036854775807))
Edge(450427,286306,(1,9223372036854775807))
Edge(450464,287223,(3,9223372036854775807))
Edge(450578,400137,(1,3))
Edge(450922,251394,(3,9223372036854775807))
Edge(451210,26392,(3,9223372036854775807))
Edge(451563,424447,(3,9223372036854775807))
Edge(452053,373727,(3,9223372036854775807))
Edge(452799,493961,(3,9223372036854775807))
Edge(453121,71923,(3,9223372036854775807))
Edge(453265,425076,(3,9223372036854775807))
Edge(453354,347242,(3,9223372036854775807))
Edge(453924,163963,(1,9223372036854775807))
Edge(453954,452809,(1,9223372036854775807))
Edge(454714,458198,(3,9223372036854775807))
Edge(455162,397241,(3,9223372036854775807))
Edge(455596,23077,(3,9223372036854775807))
Edge(455644,144361,(1,9223372036854775807))
Edge(455683,54419,(3,9223372036854775807))
Edge(456334,93164,(3,9223372036854775807))
Edge(456469,226717,(3,9223372036854775807))
Edge(456894,339366,(3,9223372036854775807))
Edge(456947,82860,(3,9223372036854775807))
Edge(457292,61677,(3,9223372036854775807))
Edge(457827,234928,(1,3))
Edge(458122,70885,(3,9223372036854775807))
Edge(458459,42110,(3,9223372036854775807))
Edge(458841,124087,(3,9223372036854775807))
Edge(458904,86987,(1,3))
Edge(458963,429858,(3,9223372036854775807))
Edge(459436,442862,(3,9223372036854775807))
Edge(459856,74331,(1,9223372036854775807))
Edge(459873,58272,(3,9223372036854775807))
Edge(460163,54052,(3,9223372036854775807))
Edge(460201,254371,(3,9223372036854775807))
Edge(460222,163866,(3,9223372036854775807))
Edge(460528,493150,(3,9223372036854775807))
Edge(460637,388807,(3,9223372036854775807))
Edge(460784,40312,(3,9223372036854775807))
Edge(461064,248440,(3,9223372036854775807))
Edge(461156,482749,(1,3))
Edge(461172,496976,(3,9223372036854775807))
Edge(461588,243347,(3,9223372036854775807))
Edge(462252,171742,(3,9223372036854775807))
Edge(462385,48953,(3,9223372036854775807))
Edge(462953,369039,(1,3))
Edge(463282,457648,(3,9223372036854775807))
Edge(463537,329413,(3,9223372036854775807))
Edge(463837,121901,(3,9223372036854775807))
Edge(464102,408108,(3,9223372036854775807))
Edge(464233,237095,(3,9223372036854775807))
Edge(464246,412738,(3,9223372036854775807))
Edge(464419,280715,(1,9223372036854775807))
Edge(464589,233414,(3,9223372036854775807))
Edge(464735,368162,(1,3))
Edge(465232,222820,(3,9223372036854775807))
Edge(465253,401691,(3,9223372036854775807))
Edge(465260,421900,(3,9223372036854775807))
Edge(465348,38988,(3,9223372036854775807))
Edge(465616,166618,(3,9223372036854775807))
Edge(466072,56176,(3,9223372036854775807))
Edge(466073,220952,(3,9223372036854775807))
Edge(466593,8855,(3,9223372036854775807))
Edge(466754,368501,(1,9223372036854775807))
Edge(466858,135727,(1,9223372036854775807))
Edge(467682,198713,(1,9223372036854775807))
Edge(467693,396183,(3,9223372036854775807))
Edge(468554,491361,(3,9223372036854775807))
Edge(468655,482613,(3,9223372036854775807))
Edge(468831,32691,(1,3))
Edge(469019,248251,(1,9223372036854775807))
Edge(469068,245852,(3,9223372036854775807))
Edge(469422,466981,(4,9223372036854775807))
Edge(470551,448630,(3,9223372036854775807))
Edge(470562,273668,(3,9223372036854775807))
Edge(470588,82566,(1,9223372036854775807))
Edge(470787,8408,(3,9223372036854775807))
Edge(471100,430291,(3,9223372036854775807))
Edge(471112,296696,(3,9223372036854775807))
Edge(471712,454189,(3,9223372036854775807))
Edge(471912,215000,(3,9223372036854775807))
Edge(472053,59987,(3,9223372036854775807))
Edge(473139,186877,(3,9223372036854775807))
Edge(473227,177487,(3,9223372036854775807))
Edge(473408,175471,(1,9223372036854775807))
Edge(473644,89289,(3,9223372036854775807))
Edge(473873,34213,(3,9223372036854775807))
Edge(474432,317844,(3,9223372036854775807))
Edge(475266,481433,(3,9223372036854775807))
Edge(475855,286335,(3,9223372036854775807))
Edge(476468,119117,(3,9223372036854775807))
Edge(476561,149481,(3,9223372036854775807))
Edge(476791,290874,(3,9223372036854775807))
Edge(476895,61862,(3,9223372036854775807))
Edge(477227,465430,(3,9223372036854775807))
Edge(477260,192687,(3,9223372036854775807))
Edge(477363,327936,(3,9223372036854775807))
Edge(478003,268932,(3,9223372036854775807))
Edge(478653,251589,(1,3))
Edge(479189,351441,(3,9223372036854775807))
Edge(479353,117035,(1,9223372036854775807))
Edge(479847,191955,(3,9223372036854775807))
Edge(479930,300908,(3,9223372036854775807))
Edge(480203,147969,(1,9223372036854775807))
Edge(480624,179733,(3,9223372036854775807))
Edge(480783,220543,(3,9223372036854775807))
Edge(481683,441452,(1,9223372036854775807))
Edge(481697,353823,(3,9223372036854775807))
Edge(481955,186210,(3,9223372036854775807))
Edge(482109,482121,(3,9223372036854775807))
Edge(482326,349660,(3,9223372036854775807))
Edge(482944,318639,(3,9223372036854775807))
Edge(483452,228899,(1,9223372036854775807))
Edge(483738,416418,(3,9223372036854775807))
Edge(484869,216280,(1,9223372036854775807))
Edge(485039,443106,(3,9223372036854775807))
Edge(485180,161872,(3,9223372036854775807))
Edge(485309,198701,(3,9223372036854775807))
Edge(486121,436473,(3,9223372036854775807))
Edge(486287,280541,(3,9223372036854775807))
Edge(486340,15375,(3,9223372036854775807))
Edge(486701,426261,(3,9223372036854775807))
Edge(487150,25527,(3,9223372036854775807))
Edge(487657,7946,(3,9223372036854775807))
Edge(487879,121484,(1,9223372036854775807))
Edge(487892,101950,(3,9223372036854775807))
Edge(488066,193328,(3,9223372036854775807))
Edge(488178,453454,(3,9223372036854775807))
Edge(489469,415746,(3,9223372036854775807))
Edge(489749,5909,(3,9223372036854775807))
Edge(489810,141779,(3,9223372036854775807))
Edge(490578,289957,(3,9223372036854775807))
Edge(490607,312647,(3,9223372036854775807))
Edge(490966,60898,(3,9223372036854775807))
Edge(490969,326434,(3,9223372036854775807))
Edge(490999,318716,(3,9223372036854775807))
Edge(491016,352551,(3,9223372036854775807))
Edge(491199,53249,(3,9223372036854775807))
Edge(491361,451162,(3,9223372036854775807))
Edge(491824,162202,(1,9223372036854775807))
Edge(492053,200720,(3,9223372036854775807))
Edge(492078,437054,(3,9223372036854775807))
Edge(492129,141662,(3,9223372036854775807))
Edge(492435,463927,(3,9223372036854775807))
Edge(492747,250356,(3,9223372036854775807))
Edge(492807,248089,(3,9223372036854775807))
Edge(492807,288031,(1,9223372036854775807))
Edge(493070,402350,(3,9223372036854775807))
Edge(493090,135608,(3,9223372036854775807))
Edge(493463,373937,(3,9223372036854775807))
Edge(494104,96650,(3,9223372036854775807))
Edge(494737,110561,(3,9223372036854775807))
Edge(494911,199971,(3,9223372036854775807))
Edge(495241,374078,(3,9223372036854775807))
Edge(495294,138776,(3,9223372036854775807))
Edge(495309,413405,(3,9223372036854775807))
Edge(495643,148361,(3,9223372036854775807))
Edge(496452,471023,(3,9223372036854775807))
Edge(496513,113140,(3,9223372036854775807))
Edge(496706,443137,(3,9223372036854775807))
Edge(496760,363994,(3,9223372036854775807))
Edge(497196,92776,(1,9223372036854775807))
Edge(497513,303194,(3,9223372036854775807))
Edge(497734,25045,(3,9223372036854775807))
Edge(497865,282523,(3,9223372036854775807))
Edge(497987,29357,(3,9223372036854775807))
Edge(498170,127024,(3,9223372036854775807))
Edge(498211,413403,(3,9223372036854775807))
Edge(498461,66121,(1,9223372036854775807))
Edge(498467,373099,(1,9223372036854775807))
Edge(498632,400158,(3,9223372036854775807))
Edge(498946,351698,(3,9223372036854775807))
Edge(498981,20583,(3,9223372036854775807))
Edge(499374,342679,(3,9223372036854775807))
Edge(499771,371471,(1,3))
Edge(499920,323770,(3,9223372036854775807))
Edge(499948,309624,(3,9223372036854775807))
