Edge(230,180389,(3,9223372036854775807))
Edge(459,415936,(3,9223372036854775807))
Edge(573,80962,(3,9223372036854775807))
Edge(695,94663,(3,9223372036854775807))
Edge(944,327832,(1,9223372036854775807))
Edge(1190,379642,(3,9223372036854775807))
Edge(1558,87131,(3,9223372036854775807))
Edge(1969,144998,(3,9223372036854775807))
Edge(2810,234586,(3,9223372036854775807))
Edge(2870,157231,(3,9223372036854775807))
Edge(3361,172202,(3,9223372036854775807))
Edge(3554,423126,(1,9223372036854775807))
Edge(3928,25067,(1,3))
Edge(4192,49633,(3,9223372036854775807))
Edge(4331,216586,(3,9223372036854775807))
Edge(4697,40248,(3,9223372036854775807))
Edge(4770,108269,(3,9223372036854775807))
Edge(5343,226663,(3,9223372036854775807))
Edge(6540,350533,(3,9223372036854775807))
Edge(6732,84638,(3,9223372036854775807))
Edge(6972,437745,(1,9223372036854775807))
Edge(7307,211339,(1,9223372036854775807))
Edge(7821,336175,(3,9223372036854775807))
Edge(8276,238474,(1,9223372036854775807))
Edge(8832,66316,(3,9223372036854775807))
Edge(8978,302783,(3,9223372036854775807))
Edge(9173,352356,(1,9223372036854775807))
Edge(9323,68845,(3,9223372036854775807))
Edge(9518,359268,(3,9223372036854775807))
Edge(9568,218738,(1,3))
Edge(9573,449433,(3,9223372036854775807))
Edge(9641,40937,(3,9223372036854775807))
Edge(9724,51972,(3,9223372036854775807))
Edge(9737,198544,(1,9223372036854775807))
Edge(10526,314990,(3,9223372036854775807))
Edge(10555,280249,(1,9223372036854775807))
Edge(11252,390153,(3,9223372036854775807))
Edge(11346,160948,(3,9223372036854775807))
Edge(11440,2024,(3,9223372036854775807))
Edge(12387,259998,(3,9223372036854775807))
Edge(12614,483785,(1,9223372036854775807))
Edge(12968,3115,(3,9223372036854775807))
Edge(13126,146201,(3,9223372036854775807))
Edge(13969,334148,(3,9223372036854775807))
Edge(14290,23887,(1,9223372036854775807))
Edge(14462,17380,(3,9223372036854775807))
Edge(14536,257484,(3,9223372036854775807))
Edge(14568,464665,(3,9223372036854775807))
Edge(14608,491371,(3,9223372036854775807))
Edge(14795,194207,(3,9223372036854775807))
Edge(15081,229619,(1,9223372036854775807))
Edge(15112,371916,(3,9223372036854775807))
Edge(15131,354257,(3,9223372036854775807))
Edge(15448,471108,(3,9223372036854775807))
Edge(16422,238649,(3,9223372036854775807))
Edge(17851,400944,(3,9223372036854775807))
Edge(17892,442644,(1,3))
Edge(18035,434267,(3,9223372036854775807))
Edge(18059,450840,(3,9223372036854775807))
Edge(19043,261274,(3,9223372036854775807))
Edge(19418,286473,(3,9223372036854775807))
Edge(19469,161302,(3,9223372036854775807))
Edge(19532,409139,(3,9223372036854775807))
Edge(19750,98805,(3,9223372036854775807))
Edge(20101,115690,(1,3))
Edge(20203,359186,(3,9223372036854775807))
Edge(20353,312001,(3,9223372036854775807))
Edge(20460,491004,(3,9223372036854775807))
Edge(20699,130536,(1,3))
Edge(20784,284003,(1,9223372036854775807))
Edge(21033,371054,(3,9223372036854775807))
Edge(21462,353971,(3,9223372036854775807))
Edge(21541,362728,(3,9223372036854775807))
Edge(21803,143175,(3,9223372036854775807))
Edge(23308,395581,(3,9223372036854775807))
Edge(23573,163539,(1,9223372036854775807))
Edge(23823,116893,(1,9223372036854775807))
Edge(23928,453623,(1,9223372036854775807))
Edge(24095,381847,(3,9223372036854775807))
Edge(24111,473218,(3,9223372036854775807))
Edge(24118,182581,(3,9223372036854775807))
Edge(24343,412902,(1,9223372036854775807))
Edge(24423,106876,(1,9223372036854775807))
Edge(24549,238793,(1,9223372036854775807))
Edge(25032,57635,(3,9223372036854775807))
Edge(25621,90711,(3,9223372036854775807))
Edge(25996,20764,(3,9223372036854775807))
Edge(26900,112044,(3,9223372036854775807))
Edge(26959,474313,(3,9223372036854775807))
Edge(26982,641,(3,9223372036854775807))
Edge(26989,307886,(3,9223372036854775807))
Edge(27925,162220,(1,3))
Edge(27953,183334,(3,9223372036854775807))
Edge(27962,259832,(3,9223372036854775807))
Edge(28773,188798,(3,9223372036854775807))
Edge(28885,294431,(3,9223372036854775807))
Edge(29602,197104,(3,9223372036854775807))
Edge(29889,357270,(3,9223372036854775807))
Edge(29936,446689,(1,9223372036854775807))
Edge(30085,359783,(3,9223372036854775807))
Edge(30411,286323,(3,9223372036854775807))
Edge(31169,223227,(3,9223372036854775807))
Edge(31802,192801,(1,9223372036854775807))
Edge(32342,356970,(3,9223372036854775807))
Edge(33028,436835,(3,9223372036854775807))
Edge(33558,102833,(1,9223372036854775807))
Edge(33581,326597,(1,9223372036854775807))
Edge(33589,88235,(1,3))
Edge(33602,134881,(3,9223372036854775807))
Edge(34015,312533,(3,9223372036854775807))
Edge(34329,199550,(3,9223372036854775807))
Edge(34408,366413,(3,9223372036854775807))
Edge(34444,331861,(3,9223372036854775807))
Edge(35300,291262,(3,9223372036854775807))
Edge(35403,218595,(3,9223372036854775807))
Edge(35793,389189,(3,9223372036854775807))
Edge(35809,41210,(3,9223372036854775807))
Edge(36181,126353,(3,9223372036854775807))
Edge(36364,9245,(3,9223372036854775807))
Edge(36542,406653,(3,9223372036854775807))
Edge(36690,411398,(3,9223372036854775807))
Edge(37442,234341,(3,9223372036854775807))
Edge(37645,294148,(3,9223372036854775807))
Edge(38453,116124,(1,9223372036854775807))
Edge(38491,376794,(3,9223372036854775807))
Edge(38618,192293,(1,3))
Edge(39682,67037,(3,9223372036854775807))
Edge(40217,100196,(3,9223372036854775807))
Edge(40622,233761,(3,9223372036854775807))
Edge(40664,235311,(3,9223372036854775807))
Edge(40886,393890,(3,9223372036854775807))
Edge(41071,177529,(3,9223372036854775807))
Edge(41095,45954,(3,9223372036854775807))
Edge(41132,84367,(3,9223372036854775807))
Edge(41190,301213,(3,9223372036854775807))
Edge(42269,2827,(1,3))
Edge(42531,475047,(3,9223372036854775807))
Edge(43032,378458,(3,9223372036854775807))
Edge(43092,373588,(3,9223372036854775807))
Edge(43350,16279,(3,9223372036854775807))
Edge(43594,266156,(3,9223372036854775807))
Edge(44098,483320,(3,9223372036854775807))
Edge(44287,190726,(3,9223372036854775807))
Edge(44315,327815,(3,9223372036854775807))
Edge(44487,234558,(3,9223372036854775807))
Edge(44537,102161,(1,3))
Edge(44626,306977,(1,9223372036854775807))
Edge(44682,59249,(3,9223372036854775807))
Edge(47329,259640,(1,9223372036854775807))
Edge(48341,427017,(1,3))
Edge(49073,71678,(1,9223372036854775807))
Edge(49234,40429,(3,9223372036854775807))
Edge(49619,108544,(3,9223372036854775807))
Edge(49901,231476,(3,9223372036854775807))
Edge(50566,25615,(3,9223372036854775807))
Edge(51184,151735,(3,9223372036854775807))
Edge(51617,366928,(3,9223372036854775807))
Edge(52075,422131,(3,9223372036854775807))
Edge(52324,488951,(3,9223372036854775807))
Edge(52484,453640,(3,9223372036854775807))
Edge(52859,363194,(3,9223372036854775807))
Edge(53247,41998,(3,9223372036854775807))
Edge(53403,14687,(3,9223372036854775807))
Edge(53823,207429,(3,9223372036854775807))
Edge(54032,293072,(3,9223372036854775807))
Edge(54223,31379,(3,9223372036854775807))
Edge(54320,160556,(3,9223372036854775807))
Edge(55019,36010,(3,9223372036854775807))
Edge(55051,68467,(3,9223372036854775807))
Edge(55468,431964,(3,9223372036854775807))
Edge(56074,234158,(3,9223372036854775807))
Edge(56328,382004,(1,3))
Edge(56551,491067,(3,9223372036854775807))
Edge(56591,255329,(3,9223372036854775807))
Edge(56722,274789,(3,9223372036854775807))
Edge(57124,240475,(3,9223372036854775807))
Edge(57166,421548,(3,9223372036854775807))
Edge(57254,168436,(3,9223372036854775807))
Edge(57392,170824,(3,9223372036854775807))
Edge(57678,438265,(3,9223372036854775807))
Edge(57682,86423,(1,3))
Edge(57960,477893,(3,9223372036854775807))
Edge(58056,314711,(1,9223372036854775807))
Edge(58143,136885,(3,9223372036854775807))
Edge(58277,54385,(3,9223372036854775807))
Edge(59015,341043,(3,9223372036854775807))
Edge(59249,155682,(3,9223372036854775807))
Edge(59399,152651,(3,9223372036854775807))
Edge(60072,279795,(3,9223372036854775807))
Edge(60683,497237,(3,9223372036854775807))
Edge(60769,486779,(3,9223372036854775807))
Edge(60799,284767,(1,3))
Edge(61248,311156,(3,9223372036854775807))
Edge(61281,445735,(3,9223372036854775807))
Edge(61829,191559,(3,9223372036854775807))
Edge(62248,380819,(3,9223372036854775807))
Edge(62396,130421,(3,9223372036854775807))
Edge(62959,424065,(3,9223372036854775807))
Edge(63088,390943,(3,9223372036854775807))
Edge(63330,409647,(3,9223372036854775807))
Edge(63516,45055,(3,9223372036854775807))
Edge(63621,43809,(3,9223372036854775807))
Edge(63867,291917,(3,9223372036854775807))
Edge(63889,430999,(1,3))
Edge(65140,236319,(1,9223372036854775807))
Edge(65228,468241,(3,9223372036854775807))
Edge(65366,174181,(1,9223372036854775807))
Edge(65471,407385,(3,9223372036854775807))
Edge(66039,267804,(1,9223372036854775807))
Edge(66545,335931,(3,9223372036854775807))
Edge(66569,345877,(3,9223372036854775807))
Edge(66976,244703,(3,9223372036854775807))
Edge(67152,434726,(3,9223372036854775807))
Edge(67279,218462,(3,9223372036854775807))
Edge(69284,410438,(3,9223372036854775807))
Edge(69457,17103,(3,9223372036854775807))
Edge(70291,203692,(3,9223372036854775807))
Edge(70621,391907,(3,9223372036854775807))
Edge(70958,254969,(3,9223372036854775807))
Edge(70988,23631,(3,9223372036854775807))
Edge(71559,363212,(1,9223372036854775807))
Edge(71900,73142,(3,9223372036854775807))
Edge(71978,107121,(1,9223372036854775807))
Edge(72321,222280,(4,9223372036854775807))
Edge(72640,80171,(3,9223372036854775807))
Edge(72712,415478,(3,9223372036854775807))
Edge(73304,62264,(3,9223372036854775807))
Edge(73328,194384,(3,9223372036854775807))
Edge(73364,43332,(3,9223372036854775807))
Edge(73494,360503,(3,9223372036854775807))
Edge(73619,138144,(3,9223372036854775807))
Edge(73741,361854,(3,9223372036854775807))
Edge(73788,131863,(3,9223372036854775807))
Edge(73962,255995,(3,9223372036854775807))
Edge(74020,453925,(1,9223372036854775807))
Edge(74248,98464,(3,9223372036854775807))
Edge(74343,331918,(3,9223372036854775807))
Edge(74432,491771,(3,9223372036854775807))
Edge(74617,458784,(3,9223372036854775807))
Edge(74858,130162,(1,9223372036854775807))
Edge(75501,186025,(3,9223372036854775807))
Edge(76000,156274,(3,9223372036854775807))
Edge(76217,202154,(3,9223372036854775807))
Edge(76386,74165,(3,9223372036854775807))
Edge(76653,330998,(3,9223372036854775807))
Edge(77063,487090,(3,9223372036854775807))
Edge(77198,329708,(1,9223372036854775807))
Edge(77416,465981,(1,9223372036854775807))
Edge(77496,73899,(3,9223372036854775807))
Edge(77834,333986,(3,9223372036854775807))
Edge(78019,71864,(3,9223372036854775807))
Edge(78314,122515,(3,9223372036854775807))
Edge(79420,64291,(3,9223372036854775807))
Edge(79932,189748,(3,9223372036854775807))
Edge(80574,48283,(3,9223372036854775807))
Edge(80752,65028,(3,9223372036854775807))
Edge(80770,355619,(3,9223372036854775807))
Edge(80963,131834,(3,9223372036854775807))
Edge(81109,64177,(1,9223372036854775807))
Edge(81741,134754,(3,9223372036854775807))
Edge(82176,67516,(3,9223372036854775807))
Edge(82780,72260,(3,9223372036854775807))
Edge(82989,300762,(3,9223372036854775807))
Edge(83081,52740,(3,9223372036854775807))
Edge(83121,106465,(1,9223372036854775807))
Edge(83493,416032,(3,9223372036854775807))
Edge(83670,447641,(3,9223372036854775807))
Edge(83855,198642,(3,9223372036854775807))
Edge(84028,333208,(3,9223372036854775807))
Edge(84124,360835,(3,9223372036854775807))
Edge(84260,348513,(3,9223372036854775807))
Edge(84630,437966,(3,9223372036854775807))
Edge(85099,300275,(3,9223372036854775807))
Edge(85642,230246,(3,9223372036854775807))
Edge(86026,29851,(3,9223372036854775807))
Edge(86479,290864,(1,3))
Edge(87432,50927,(3,9223372036854775807))
Edge(87628,268079,(3,9223372036854775807))
Edge(87714,51850,(3,9223372036854775807))
Edge(87841,302426,(3,9223372036854775807))
Edge(88875,57845,(1,9223372036854775807))
Edge(88890,126272,(1,9223372036854775807))
Edge(89285,259030,(3,9223372036854775807))
Edge(89406,190342,(1,9223372036854775807))
Edge(89786,297470,(3,9223372036854775807))
Edge(90036,73953,(3,9223372036854775807))
Edge(90218,119733,(3,9223372036854775807))
Edge(90459,354200,(3,9223372036854775807))
Edge(90582,484803,(3,9223372036854775807))
Edge(90873,2968,(3,9223372036854775807))
Edge(90943,296196,(3,9223372036854775807))
Edge(91137,331496,(3,9223372036854775807))
Edge(91297,125653,(3,9223372036854775807))
Edge(91809,76451,(3,9223372036854775807))
Edge(92228,246837,(3,9223372036854775807))
Edge(92448,178156,(3,9223372036854775807))
Edge(92513,457307,(3,9223372036854775807))
Edge(92628,459844,(3,9223372036854775807))
Edge(92870,372196,(3,9223372036854775807))
Edge(93238,72010,(3,9223372036854775807))
Edge(93520,305778,(3,9223372036854775807))
Edge(93596,103122,(3,9223372036854775807))
Edge(93625,418544,(3,9223372036854775807))
Edge(93779,279981,(1,9223372036854775807))
Edge(94724,980,(3,9223372036854775807))
Edge(95256,428935,(3,9223372036854775807))
Edge(95284,92826,(3,9223372036854775807))
Edge(95943,217374,(3,9223372036854775807))
Edge(96140,182662,(3,9223372036854775807))
Edge(96825,170020,(1,9223372036854775807))
Edge(97132,13499,(3,9223372036854775807))
Edge(97610,44655,(3,9223372036854775807))
Edge(97792,345896,(1,9223372036854775807))
Edge(97874,88875,(1,3))
Edge(97947,350791,(3,9223372036854775807))
Edge(98731,342719,(3,9223372036854775807))
Edge(98754,197634,(3,9223372036854775807))
Edge(98886,435355,(3,9223372036854775807))
Edge(98999,31131,(3,9223372036854775807))
Edge(99019,396227,(3,9223372036854775807))
Edge(99812,364308,(3,9223372036854775807))
Edge(100451,74514,(1,3))
Edge(100724,180715,(1,9223372036854775807))
Edge(100974,255325,(1,3))
Edge(101162,2947,(3,9223372036854775807))
Edge(101165,130108,(1,9223372036854775807))
Edge(101281,61511,(3,9223372036854775807))
Edge(102038,67151,(3,9223372036854775807))
Edge(102555,118226,(3,9223372036854775807))
Edge(102968,284218,(3,9223372036854775807))
Edge(103071,281459,(3,9223372036854775807))
Edge(103094,463347,(3,9223372036854775807))
Edge(103130,327502,(3,9223372036854775807))
Edge(103788,154034,(3,9223372036854775807))
Edge(104092,330268,(3,9223372036854775807))
Edge(104098,149242,(3,9223372036854775807))
Edge(104137,87355,(3,9223372036854775807))
Edge(104583,291026,(3,9223372036854775807))
Edge(104884,174179,(3,9223372036854775807))
Edge(105670,149897,(3,9223372036854775807))
Edge(105907,443177,(1,9223372036854775807))
Edge(106007,115455,(3,9223372036854775807))
Edge(106384,225263,(3,9223372036854775807))
Edge(106887,455864,(3,9223372036854775807))
Edge(107032,223624,(3,9223372036854775807))
Edge(107797,456114,(3,9223372036854775807))
Edge(108061,110889,(3,9223372036854775807))
Edge(108597,297884,(3,9223372036854775807))
Edge(108633,444921,(4,9223372036854775807))
Edge(110012,299314,(3,9223372036854775807))
Edge(110228,314199,(3,9223372036854775807))
Edge(110864,320255,(3,9223372036854775807))
Edge(110970,76523,(3,9223372036854775807))
Edge(111315,251724,(3,9223372036854775807))
Edge(112010,465476,(3,9223372036854775807))
Edge(112320,437189,(3,9223372036854775807))
Edge(112418,297725,(3,9223372036854775807))
Edge(112426,62245,(3,9223372036854775807))
Edge(112546,376365,(3,9223372036854775807))
Edge(112611,402428,(3,9223372036854775807))
Edge(112656,131134,(3,9223372036854775807))
Edge(112758,352142,(3,9223372036854775807))
Edge(112929,132810,(3,9223372036854775807))
Edge(113209,481188,(3,9223372036854775807))
Edge(113760,23336,(1,3))
Edge(114680,435287,(3,9223372036854775807))
Edge(114700,362679,(3,9223372036854775807))
Edge(114715,130927,(3,9223372036854775807))
Edge(114769,383684,(3,9223372036854775807))
Edge(115348,481745,(3,9223372036854775807))
Edge(115590,458164,(3,9223372036854775807))
Edge(115802,63607,(3,9223372036854775807))
Edge(115806,408974,(1,3))
Edge(116319,116269,(3,9223372036854775807))
Edge(116378,86793,(1,9223372036854775807))
Edge(116466,181418,(3,9223372036854775807))
Edge(116621,497649,(3,9223372036854775807))
Edge(116752,234962,(3,9223372036854775807))
Edge(116847,88192,(3,9223372036854775807))
Edge(117292,189554,(3,9223372036854775807))
Edge(117526,447327,(3,9223372036854775807))
Edge(118093,420163,(3,9223372036854775807))
Edge(118335,18594,(3,9223372036854775807))
Edge(118526,40101,(3,9223372036854775807))
Edge(119083,328958,(3,9223372036854775807))
Edge(119724,328870,(1,9223372036854775807))
Edge(120447,59884,(3,9223372036854775807))
Edge(120524,424944,(3,9223372036854775807))
Edge(121385,198388,(3,9223372036854775807))
Edge(121757,261478,(3,9223372036854775807))
Edge(122453,38167,(3,9223372036854775807))
Edge(123257,322357,(1,9223372036854775807))
Edge(123488,126147,(3,9223372036854775807))
Edge(123491,222534,(3,9223372036854775807))
Edge(123633,427192,(1,3))
Edge(124197,39951,(3,9223372036854775807))
Edge(124734,109068,(1,9223372036854775807))
Edge(125191,217447,(3,9223372036854775807))
Edge(125200,388189,(3,9223372036854775807))
Edge(125312,480574,(1,3))
Edge(125933,318269,(3,9223372036854775807))
Edge(125991,287618,(3,9223372036854775807))
Edge(126215,374161,(1,9223372036854775807))
Edge(126354,162584,(3,9223372036854775807))
Edge(126522,3178,(1,9223372036854775807))
Edge(126545,372737,(3,9223372036854775807))
Edge(126622,481340,(4,9223372036854775807))
Edge(126869,4969,(1,9223372036854775807))
Edge(127475,19930,(1,3))
Edge(127642,468197,(1,9223372036854775807))
Edge(127860,322955,(3,9223372036854775807))
Edge(128100,125161,(3,9223372036854775807))
Edge(128200,457925,(1,3))
Edge(128464,121022,(3,9223372036854775807))
Edge(128586,96105,(1,3))
Edge(128621,99346,(1,9223372036854775807))
Edge(128803,27668,(1,9223372036854775807))
Edge(129099,184302,(1,9223372036854775807))
Edge(129589,213823,(3,9223372036854775807))
Edge(130254,64785,(3,9223372036854775807))
Edge(130415,445888,(3,9223372036854775807))
Edge(130751,251015,(1,9223372036854775807))
Edge(130904,234103,(1,9223372036854775807))
Edge(131657,74867,(1,9223372036854775807))
Edge(131751,304314,(3,9223372036854775807))
Edge(131898,1625,(3,9223372036854775807))
Edge(132048,334825,(3,9223372036854775807))
Edge(132267,161589,(1,3))
Edge(132534,405562,(3,9223372036854775807))
Edge(132550,260391,(3,9223372036854775807))
Edge(132937,448075,(3,9223372036854775807))
Edge(133276,98556,(1,9223372036854775807))
Edge(133665,372199,(3,9223372036854775807))
Edge(133797,137047,(3,9223372036854775807))
Edge(133938,457642,(3,9223372036854775807))
Edge(134669,97151,(3,9223372036854775807))
Edge(135014,441103,(3,9223372036854775807))
Edge(135046,359748,(3,9223372036854775807))
Edge(135086,318396,(3,9223372036854775807))
Edge(136132,80334,(3,9223372036854775807))
Edge(136214,347346,(3,9223372036854775807))
Edge(136599,110466,(1,9223372036854775807))
Edge(136807,300585,(3,9223372036854775807))
Edge(136874,407379,(3,9223372036854775807))
Edge(137093,69295,(3,9223372036854775807))
Edge(137110,225944,(3,9223372036854775807))
Edge(137188,10171,(3,9223372036854775807))
Edge(137651,227195,(3,9223372036854775807))
Edge(137733,271335,(3,9223372036854775807))
Edge(137873,179145,(3,9223372036854775807))
Edge(137921,331912,(3,9223372036854775807))
Edge(138078,419286,(1,9223372036854775807))
Edge(138088,95269,(3,9223372036854775807))
Edge(138190,306018,(3,9223372036854775807))
Edge(138207,435644,(3,9223372036854775807))
Edge(138344,231216,(3,9223372036854775807))
Edge(138351,217162,(3,9223372036854775807))
Edge(138393,52480,(3,9223372036854775807))
Edge(138441,142644,(3,9223372036854775807))
Edge(138470,204495,(3,9223372036854775807))
Edge(138494,333860,(3,9223372036854775807))
Edge(138632,224549,(3,9223372036854775807))
Edge(138877,127640,(3,9223372036854775807))
Edge(140536,126522,(3,9223372036854775807))
Edge(141204,261009,(3,9223372036854775807))
Edge(141478,345537,(3,9223372036854775807))
Edge(141722,331157,(3,9223372036854775807))
Edge(142318,229813,(1,9223372036854775807))
Edge(142714,3896,(3,9223372036854775807))
Edge(142907,174356,(1,9223372036854775807))
Edge(143137,345507,(3,9223372036854775807))
Edge(143550,380491,(3,9223372036854775807))
Edge(144162,383538,(3,9223372036854775807))
Edge(144929,310230,(1,3))
Edge(145026,389606,(3,9223372036854775807))
Edge(145059,413358,(1,9223372036854775807))
Edge(145168,239911,(3,9223372036854775807))
Edge(145775,13629,(3,9223372036854775807))
Edge(145794,448882,(3,9223372036854775807))
Edge(146469,494127,(3,9223372036854775807))
Edge(146827,232407,(1,3))
Edge(147000,170245,(3,9223372036854775807))
Edge(147018,469575,(3,9223372036854775807))
Edge(147317,290582,(3,9223372036854775807))
Edge(147961,29328,(3,9223372036854775807))
Edge(148996,417766,(3,9223372036854775807))
Edge(149317,84146,(3,9223372036854775807))
Edge(149978,328694,(1,3))
Edge(150211,485329,(3,9223372036854775807))
Edge(150270,257267,(3,9223372036854775807))
Edge(150972,230148,(3,9223372036854775807))
Edge(151852,184301,(3,9223372036854775807))
Edge(151872,64735,(3,9223372036854775807))
Edge(151904,320915,(1,3))
Edge(151908,277394,(3,9223372036854775807))
Edge(152737,146855,(3,9223372036854775807))
Edge(152819,205000,(3,9223372036854775807))
Edge(154294,460702,(3,9223372036854775807))
Edge(154397,94700,(3,9223372036854775807))
Edge(154807,162906,(3,9223372036854775807))
Edge(155115,89725,(3,9223372036854775807))
Edge(155414,496555,(3,9223372036854775807))
Edge(155521,330414,(1,9223372036854775807))
Edge(155763,68160,(3,9223372036854775807))
Edge(156093,341454,(3,9223372036854775807))
Edge(156216,463231,(3,9223372036854775807))
Edge(156584,378132,(3,9223372036854775807))
Edge(156839,254594,(3,9223372036854775807))
Edge(156944,470707,(3,9223372036854775807))
Edge(157011,491257,(1,9223372036854775807))
Edge(157093,352422,(3,9223372036854775807))
Edge(157256,223965,(3,9223372036854775807))
Edge(157318,339169,(3,9223372036854775807))
Edge(157616,380889,(1,9223372036854775807))
Edge(158508,239276,(3,9223372036854775807))
Edge(158808,413377,(3,9223372036854775807))
Edge(158953,314487,(3,9223372036854775807))
Edge(159003,34841,(3,9223372036854775807))
Edge(159153,464282,(3,9223372036854775807))
Edge(159201,124503,(3,9223372036854775807))
Edge(159282,325009,(3,9223372036854775807))
Edge(159295,205589,(3,9223372036854775807))
Edge(159551,234261,(3,9223372036854775807))
Edge(159699,208565,(3,9223372036854775807))
Edge(160052,471755,(1,3))
Edge(160093,47876,(3,9223372036854775807))
Edge(160147,326569,(1,9223372036854775807))
Edge(160427,158489,(3,9223372036854775807))
Edge(160886,290924,(3,9223372036854775807))
Edge(161069,391538,(3,9223372036854775807))
Edge(161653,100309,(3,9223372036854775807))
Edge(161698,336495,(3,9223372036854775807))
Edge(161931,353752,(3,9223372036854775807))
Edge(162035,489932,(2,3))
Edge(162704,58794,(3,9223372036854775807))
Edge(162751,293731,(1,3))
Edge(162752,309022,(1,3))
Edge(163218,100031,(3,9223372036854775807))
Edge(164311,137517,(3,9223372036854775807))
Edge(164678,189652,(1,3))
Edge(164797,211136,(3,9223372036854775807))
Edge(164998,154711,(3,9223372036854775807))
Edge(165038,241475,(3,9223372036854775807))
Edge(165080,455182,(1,9223372036854775807))
Edge(165236,234183,(3,9223372036854775807))
Edge(165274,82689,(3,9223372036854775807))
Edge(165554,242463,(3,9223372036854775807))
Edge(165955,387594,(3,9223372036854775807))
Edge(166435,424153,(3,9223372036854775807))
Edge(166661,397508,(3,9223372036854775807))
Edge(166742,473312,(1,9223372036854775807))
Edge(166755,53674,(3,9223372036854775807))
Edge(167120,245631,(3,9223372036854775807))
Edge(167573,8466,(1,9223372036854775807))
Edge(167706,491761,(3,9223372036854775807))
Edge(167949,144139,(3,9223372036854775807))
Edge(168120,48368,(3,9223372036854775807))
Edge(168305,495184,(1,3))
Edge(168580,43865,(3,9223372036854775807))
Edge(168797,46353,(3,9223372036854775807))
Edge(169674,376682,(3,9223372036854775807))
Edge(169755,246723,(3,9223372036854775807))
Edge(170136,171210,(3,9223372036854775807))
Edge(170659,254063,(3,9223372036854775807))
Edge(170905,134641,(1,9223372036854775807))
Edge(171367,243618,(3,9223372036854775807))
Edge(171992,376285,(3,9223372036854775807))
Edge(172052,160042,(3,9223372036854775807))
Edge(172306,378579,(3,9223372036854775807))
Edge(172385,427248,(1,3))
Edge(172563,64142,(3,9223372036854775807))
Edge(173054,251143,(3,9223372036854775807))
Edge(173594,284797,(3,9223372036854775807))
Edge(173604,347283,(1,3))
Edge(173676,445022,(1,3))
Edge(174256,152415,(3,9223372036854775807))
Edge(174405,26821,(1,9223372036854775807))
Edge(174943,19388,(3,9223372036854775807))
Edge(175075,229909,(1,9223372036854775807))
Edge(175276,29103,(3,9223372036854775807))
Edge(175340,277050,(3,9223372036854775807))
Edge(175479,363807,(1,9223372036854775807))
Edge(175637,221911,(3,9223372036854775807))
Edge(175725,172058,(3,9223372036854775807))
Edge(176016,185495,(3,9223372036854775807))
Edge(176019,297483,(3,9223372036854775807))
Edge(176068,153208,(3,9223372036854775807))
Edge(176081,88628,(3,9223372036854775807))
Edge(176136,490525,(3,9223372036854775807))
Edge(176676,72682,(3,9223372036854775807))
Edge(177535,119995,(1,3))
Edge(177578,405837,(1,3))
Edge(177845,450894,(3,9223372036854775807))
Edge(177939,61377,(3,9223372036854775807))
Edge(177940,21232,(3,9223372036854775807))
Edge(177946,23694,(3,9223372036854775807))
Edge(178568,397098,(3,9223372036854775807))
Edge(178625,6824,(3,9223372036854775807))
Edge(179491,401340,(3,9223372036854775807))
Edge(179691,256978,(1,3))
Edge(179968,232982,(3,9223372036854775807))
Edge(180290,124722,(3,9223372036854775807))
Edge(180378,414416,(3,9223372036854775807))
Edge(180625,441546,(3,9223372036854775807))
Edge(180665,263825,(3,9223372036854775807))
Edge(181471,491767,(3,9223372036854775807))
Edge(181572,402306,(3,9223372036854775807))
Edge(181596,136365,(3,9223372036854775807))
Edge(181605,326213,(3,9223372036854775807))
Edge(181649,362927,(3,9223372036854775807))
Edge(182277,398193,(1,9223372036854775807))
Edge(182411,11589,(3,9223372036854775807))
Edge(182785,191185,(1,9223372036854775807))
Edge(183137,141029,(3,9223372036854775807))
Edge(183565,470285,(3,9223372036854775807))
Edge(183602,119692,(3,9223372036854775807))
Edge(183764,60249,(1,9223372036854775807))
Edge(183951,316934,(3,9223372036854775807))
Edge(184557,456852,(3,9223372036854775807))
Edge(184640,36816,(3,9223372036854775807))
Edge(184793,105751,(1,9223372036854775807))
Edge(184834,212996,(3,9223372036854775807))
Edge(185021,241088,(1,9223372036854775807))
Edge(185037,125238,(3,9223372036854775807))
Edge(185249,119869,(3,9223372036854775807))
Edge(185397,149393,(3,9223372036854775807))
Edge(185459,90434,(1,3))
Edge(186894,306342,(3,9223372036854775807))
Edge(186905,488742,(3,9223372036854775807))
Edge(187068,453668,(3,9223372036854775807))
Edge(187540,478029,(1,9223372036854775807))
Edge(187573,274260,(3,9223372036854775807))
Edge(187873,389201,(3,9223372036854775807))
Edge(188221,334997,(3,9223372036854775807))
Edge(188744,387950,(3,9223372036854775807))
Edge(188882,411241,(1,9223372036854775807))
Edge(189279,97638,(3,9223372036854775807))
Edge(189307,4337,(3,9223372036854775807))
Edge(189967,483475,(3,9223372036854775807))
Edge(190120,425528,(3,9223372036854775807))
Edge(190207,356606,(1,9223372036854775807))
Edge(190471,356212,(3,9223372036854775807))
Edge(190587,49739,(3,9223372036854775807))
Edge(190788,77959,(3,9223372036854775807))
Edge(190917,174726,(1,3))
Edge(191526,89909,(3,9223372036854775807))
Edge(191919,314257,(3,9223372036854775807))
Edge(192375,379516,(1,9223372036854775807))
Edge(192499,84902,(3,9223372036854775807))
Edge(192558,131439,(3,9223372036854775807))
Edge(193013,338654,(4,9223372036854775807))
Edge(193040,489739,(1,9223372036854775807))
Edge(193098,70448,(3,9223372036854775807))
Edge(193413,146273,(1,3))
Edge(193882,80342,(3,9223372036854775807))
Edge(193922,334721,(3,9223372036854775807))
Edge(194116,124466,(3,9223372036854775807))
Edge(194487,441588,(3,9223372036854775807))
Edge(194663,263462,(3,9223372036854775807))
Edge(194890,435256,(3,9223372036854775807))
Edge(195728,302592,(3,9223372036854775807))
Edge(195769,102839,(3,9223372036854775807))
Edge(195960,32678,(3,9223372036854775807))
Edge(195991,307815,(1,9223372036854775807))
Edge(196435,431195,(3,9223372036854775807))
Edge(196529,371828,(1,9223372036854775807))
Edge(196841,365219,(3,9223372036854775807))
Edge(197551,474615,(3,9223372036854775807))
Edge(197854,474663,(3,9223372036854775807))
Edge(198391,321112,(3,9223372036854775807))
Edge(198483,362292,(3,9223372036854775807))
Edge(198801,384777,(3,9223372036854775807))
Edge(199062,344152,(3,9223372036854775807))
Edge(199327,390084,(3,9223372036854775807))
Edge(199712,291131,(3,9223372036854775807))
Edge(199948,284449,(3,9223372036854775807))
Edge(199997,83446,(1,9223372036854775807))
Edge(200027,401863,(3,9223372036854775807))
Edge(200107,361861,(3,9223372036854775807))
Edge(200248,137363,(1,2))
Edge(200377,128779,(3,9223372036854775807))
Edge(200903,462093,(3,9223372036854775807))
Edge(201040,38695,(3,9223372036854775807))
Edge(201574,399540,(3,9223372036854775807))
Edge(201948,124014,(3,9223372036854775807))
Edge(202251,67907,(3,9223372036854775807))
Edge(202549,416495,(3,9223372036854775807))
Edge(203455,273773,(3,9223372036854775807))
Edge(203537,364117,(3,9223372036854775807))
Edge(203870,58808,(1,9223372036854775807))
Edge(203996,244482,(3,9223372036854775807))
Edge(204115,243262,(3,9223372036854775807))
Edge(204643,404998,(3,9223372036854775807))
Edge(205117,83202,(3,9223372036854775807))
Edge(205137,137145,(3,9223372036854775807))
Edge(205979,429237,(3,9223372036854775807))
Edge(206320,433778,(3,9223372036854775807))
Edge(206375,48788,(4,9223372036854775807))
Edge(206565,20514,(3,9223372036854775807))
Edge(207148,210024,(3,9223372036854775807))
Edge(208281,89467,(3,9223372036854775807))
Edge(208509,325292,(3,9223372036854775807))
Edge(208558,403183,(3,9223372036854775807))
Edge(208678,207113,(3,9223372036854775807))
Edge(208896,236276,(3,9223372036854775807))
Edge(210218,91934,(1,3))
Edge(210630,190643,(3,9223372036854775807))
Edge(211275,198393,(3,9223372036854775807))
Edge(211707,197273,(3,9223372036854775807))
Edge(212012,96828,(1,9223372036854775807))
Edge(212031,418968,(1,9223372036854775807))
Edge(212249,467113,(3,9223372036854775807))
Edge(212386,324357,(3,9223372036854775807))
Edge(213140,339947,(3,9223372036854775807))
Edge(213158,30887,(3,9223372036854775807))
Edge(213246,297950,(3,9223372036854775807))
Edge(213526,471739,(1,3))
Edge(213959,85024,(3,9223372036854775807))
Edge(214049,196716,(3,9223372036854775807))
Edge(214059,55288,(3,9223372036854775807))
Edge(214908,139653,(3,9223372036854775807))
Edge(214975,45512,(3,9223372036854775807))
Edge(215122,192107,(3,9223372036854775807))
Edge(215629,378946,(1,9223372036854775807))
Edge(216135,311634,(3,9223372036854775807))
Edge(216335,358275,(3,9223372036854775807))
Edge(216550,398694,(3,9223372036854775807))
Edge(216727,474656,(1,9223372036854775807))
Edge(216805,462635,(3,9223372036854775807))
Edge(216808,207332,(3,9223372036854775807))
Edge(217925,482380,(1,9223372036854775807))
Edge(217954,208418,(3,9223372036854775807))
Edge(218675,69855,(1,9223372036854775807))
Edge(218816,365356,(3,9223372036854775807))
Edge(219043,477814,(3,9223372036854775807))
Edge(219182,96118,(3,9223372036854775807))
Edge(219636,183312,(3,9223372036854775807))
Edge(219981,361316,(3,9223372036854775807))
Edge(220258,202787,(3,9223372036854775807))
Edge(220554,116855,(3,9223372036854775807))
Edge(220563,217723,(3,9223372036854775807))
Edge(220853,16038,(3,9223372036854775807))
Edge(220973,38097,(3,9223372036854775807))
Edge(221649,270789,(1,9223372036854775807))
Edge(222020,92982,(3,9223372036854775807))
Edge(222070,415245,(3,9223372036854775807))
Edge(222102,309397,(3,9223372036854775807))
Edge(222246,24880,(1,3))
Edge(222342,178029,(3,9223372036854775807))
Edge(222438,394531,(3,9223372036854775807))
Edge(222439,82106,(3,9223372036854775807))
Edge(222454,15964,(3,9223372036854775807))
Edge(222520,33845,(3,9223372036854775807))
Edge(222600,242191,(3,9223372036854775807))
Edge(223435,221234,(3,9223372036854775807))
Edge(223858,285600,(1,9223372036854775807))
Edge(224012,292758,(3,9223372036854775807))
Edge(224414,334768,(1,9223372036854775807))
Edge(224478,166965,(3,9223372036854775807))
Edge(224759,416829,(3,9223372036854775807))
Edge(224821,83916,(3,9223372036854775807))
Edge(225174,98017,(3,9223372036854775807))
Edge(225256,397660,(3,9223372036854775807))
Edge(225261,327231,(3,9223372036854775807))
Edge(225577,10432,(3,9223372036854775807))
Edge(226005,266801,(3,9223372036854775807))
Edge(226209,232702,(3,9223372036854775807))
Edge(226391,284721,(3,9223372036854775807))
Edge(227017,161885,(3,9223372036854775807))
Edge(227757,300237,(1,9223372036854775807))
Edge(227882,192156,(3,9223372036854775807))
Edge(228264,39396,(3,9223372036854775807))
Edge(228303,418715,(3,9223372036854775807))
Edge(228438,425433,(3,9223372036854775807))
Edge(228465,135003,(3,9223372036854775807))
Edge(228500,305637,(3,9223372036854775807))
Edge(228544,27170,(3,9223372036854775807))
Edge(228757,483480,(3,9223372036854775807))
Edge(229012,26350,(3,9223372036854775807))
Edge(229033,334321,(3,9223372036854775807))
Edge(229347,91245,(3,9223372036854775807))
Edge(229524,422814,(3,9223372036854775807))
Edge(230163,285595,(3,9223372036854775807))
Edge(230310,214720,(3,9223372036854775807))
Edge(230378,375318,(3,9223372036854775807))
Edge(231017,306403,(3,9223372036854775807))
Edge(232189,191535,(3,9223372036854775807))
Edge(232237,424900,(3,9223372036854775807))
Edge(232465,50772,(3,9223372036854775807))
Edge(232954,260237,(3,9223372036854775807))
Edge(233045,123026,(3,9223372036854775807))
Edge(233235,294251,(3,9223372036854775807))
Edge(233547,427728,(1,9223372036854775807))
Edge(234376,306406,(1,9223372036854775807))
Edge(234428,319578,(3,9223372036854775807))
Edge(234449,35828,(3,9223372036854775807))
Edge(234778,498141,(1,3))
Edge(234844,248001,(1,9223372036854775807))
Edge(235035,335239,(1,9223372036854775807))
Edge(235158,62783,(3,9223372036854775807))
Edge(235586,134658,(1,9223372036854775807))
Edge(236206,359151,(3,9223372036854775807))
Edge(236530,31277,(3,9223372036854775807))
Edge(237246,260780,(3,9223372036854775807))
Edge(237381,118873,(3,9223372036854775807))
Edge(237418,91903,(3,9223372036854775807))
Edge(237571,9388,(1,3))
Edge(237599,476754,(3,9223372036854775807))
Edge(237760,238248,(3,9223372036854775807))
Edge(238552,407381,(3,9223372036854775807))
Edge(238755,88430,(1,3))
Edge(238822,482086,(3,9223372036854775807))
Edge(239083,69455,(3,9223372036854775807))
Edge(239472,157264,(3,9223372036854775807))
Edge(239625,320411,(1,9223372036854775807))
Edge(239770,285429,(3,9223372036854775807))
Edge(239965,290675,(3,9223372036854775807))
Edge(240011,431312,(3,9223372036854775807))
Edge(240676,185238,(3,9223372036854775807))
Edge(240772,159885,(1,9223372036854775807))
Edge(240915,93983,(3,9223372036854775807))
Edge(240941,298808,(1,9223372036854775807))
Edge(241476,412384,(3,9223372036854775807))
Edge(242481,8711,(1,9223372036854775807))
Edge(242508,22436,(3,9223372036854775807))
Edge(242920,69194,(1,9223372036854775807))
Edge(244516,275186,(3,9223372036854775807))
Edge(244609,287324,(3,9223372036854775807))
Edge(244839,163483,(3,9223372036854775807))
Edge(245161,327751,(1,3))
Edge(245505,411586,(3,9223372036854775807))
Edge(246054,146871,(1,9223372036854775807))
Edge(246143,166437,(1,9223372036854775807))
Edge(246396,230644,(1,9223372036854775807))
Edge(246754,32035,(3,9223372036854775807))
Edge(246875,139409,(3,9223372036854775807))
Edge(247103,113467,(3,9223372036854775807))
Edge(247285,148212,(1,9223372036854775807))
Edge(247433,162350,(1,9223372036854775807))
Edge(247454,205183,(3,9223372036854775807))
Edge(247454,391691,(1,3))
Edge(247537,250118,(3,9223372036854775807))
Edge(247916,437774,(3,9223372036854775807))
Edge(248276,424202,(3,9223372036854775807))
Edge(248568,367489,(3,9223372036854775807))
Edge(248682,124081,(3,9223372036854775807))
Edge(248686,50135,(3,9223372036854775807))
Edge(248995,347979,(3,9223372036854775807))
Edge(249003,379243,(3,9223372036854775807))
Edge(249091,453242,(3,9223372036854775807))
Edge(249222,325551,(3,9223372036854775807))
Edge(249311,310095,(3,9223372036854775807))
Edge(250163,405267,(3,9223372036854775807))
Edge(250695,490605,(3,9223372036854775807))
Edge(250733,317363,(3,9223372036854775807))
Edge(250903,1958,(1,9223372036854775807))
Edge(250991,93557,(2,3))
Edge(251363,427656,(3,9223372036854775807))
Edge(251645,488623,(1,3))
Edge(252085,66206,(1,9223372036854775807))
Edge(252589,236204,(3,9223372036854775807))
Edge(253032,91301,(3,9223372036854775807))
Edge(253148,459347,(3,9223372036854775807))
Edge(253212,499262,(3,9223372036854775807))
Edge(253314,137573,(3,9223372036854775807))
Edge(253995,23323,(3,9223372036854775807))
Edge(254029,496935,(3,9223372036854775807))
Edge(254538,11607,(3,9223372036854775807))
Edge(254888,38938,(1,3))
Edge(254888,435557,(3,9223372036854775807))
Edge(254942,188249,(3,9223372036854775807))
Edge(255022,332836,(3,9223372036854775807))
Edge(255769,35822,(3,9223372036854775807))
Edge(255795,175682,(3,9223372036854775807))
Edge(255834,290189,(3,9223372036854775807))
Edge(256156,97923,(3,9223372036854775807))
Edge(256300,196657,(1,9223372036854775807))
Edge(256325,235100,(1,9223372036854775807))
Edge(256477,193957,(3,9223372036854775807))
Edge(256642,435353,(3,9223372036854775807))
Edge(256847,173586,(3,9223372036854775807))
Edge(257421,28343,(3,9223372036854775807))
Edge(257538,358043,(3,9223372036854775807))
Edge(257604,289404,(3,9223372036854775807))
Edge(258252,436167,(3,9223372036854775807))
Edge(258351,257467,(3,9223372036854775807))
Edge(258626,59068,(3,9223372036854775807))
Edge(258765,109548,(3,9223372036854775807))
Edge(258918,441496,(1,3))
Edge(259080,246683,(3,9223372036854775807))
Edge(259283,272944,(3,9223372036854775807))
Edge(259297,233295,(3,9223372036854775807))
Edge(259449,220359,(3,9223372036854775807))
Edge(259487,92796,(1,3))
Edge(259559,252450,(3,9223372036854775807))
Edge(259805,489408,(1,3))
Edge(259867,209270,(1,3))
Edge(260291,201462,(1,3))
Edge(260711,97859,(3,9223372036854775807))
Edge(260934,477785,(3,9223372036854775807))
Edge(261319,15781,(3,9223372036854775807))
Edge(261498,385834,(3,9223372036854775807))
Edge(262190,422727,(3,9223372036854775807))
Edge(262232,210415,(1,9223372036854775807))
Edge(262237,349061,(1,9223372036854775807))
Edge(262384,431131,(3,9223372036854775807))
Edge(262587,144980,(3,9223372036854775807))
Edge(262630,398534,(3,9223372036854775807))
Edge(263062,167919,(3,9223372036854775807))
Edge(263275,293664,(3,9223372036854775807))
Edge(263455,202774,(3,9223372036854775807))
Edge(263505,358547,(3,9223372036854775807))
Edge(263507,469060,(3,9223372036854775807))
Edge(263649,455172,(1,9223372036854775807))
Edge(264471,358764,(3,9223372036854775807))
Edge(264634,44035,(3,9223372036854775807))
Edge(264928,76662,(3,9223372036854775807))
Edge(265095,145305,(3,9223372036854775807))
Edge(265361,225639,(3,9223372036854775807))
Edge(265613,251738,(3,9223372036854775807))
Edge(265712,51537,(3,9223372036854775807))
Edge(266292,472029,(3,9223372036854775807))
Edge(266459,169478,(3,9223372036854775807))
Edge(266459,298265,(3,9223372036854775807))
Edge(267656,471736,(3,9223372036854775807))
Edge(267776,125280,(1,3))
Edge(267838,284151,(3,9223372036854775807))
Edge(267875,440503,(3,9223372036854775807))
Edge(267973,366461,(3,9223372036854775807))
Edge(268009,261910,(3,9223372036854775807))
Edge(268062,52124,(3,9223372036854775807))
Edge(268658,136515,(3,9223372036854775807))
Edge(269126,12279,(3,9223372036854775807))
Edge(269579,240775,(3,9223372036854775807))
Edge(269740,45659,(3,9223372036854775807))
Edge(270041,80437,(3,9223372036854775807))
Edge(270142,498044,(3,9223372036854775807))
Edge(270392,213018,(3,9223372036854775807))
Edge(271042,157671,(3,9223372036854775807))
Edge(271110,64194,(3,9223372036854775807))
Edge(271247,94685,(3,9223372036854775807))
Edge(271284,80175,(3,9223372036854775807))
Edge(271595,325351,(1,9223372036854775807))
Edge(271745,367334,(3,9223372036854775807))
Edge(271783,414544,(3,9223372036854775807))
Edge(271885,480199,(3,9223372036854775807))
Edge(272309,146257,(3,9223372036854775807))
Edge(272371,446680,(3,9223372036854775807))
Edge(272474,340784,(3,9223372036854775807))
Edge(273480,91383,(3,9223372036854775807))
Edge(273775,232687,(1,9223372036854775807))
Edge(274702,345211,(3,9223372036854775807))
Edge(274921,5783,(3,9223372036854775807))
Edge(275339,80878,(3,9223372036854775807))
Edge(275413,203551,(3,9223372036854775807))
Edge(275602,438897,(3,9223372036854775807))
Edge(275916,326082,(3,9223372036854775807))
Edge(275991,290683,(3,9223372036854775807))
Edge(276036,218869,(3,9223372036854775807))
Edge(276144,116649,(3,9223372036854775807))
Edge(276371,229739,(1,3))
Edge(277084,62697,(3,9223372036854775807))
Edge(277240,4521,(3,9223372036854775807))
Edge(277774,54055,(3,9223372036854775807))
Edge(277822,261268,(3,9223372036854775807))
Edge(278079,176168,(3,9223372036854775807))
Edge(278238,52976,(3,9223372036854775807))
Edge(278577,65983,(3,9223372036854775807))
Edge(279311,248009,(3,9223372036854775807))
Edge(280211,331926,(1,9223372036854775807))
Edge(280433,101063,(1,3))
Edge(280454,232548,(3,9223372036854775807))
Edge(280487,85986,(3,9223372036854775807))
Edge(281006,356419,(3,9223372036854775807))
Edge(281255,56589,(1,3))
Edge(281330,200021,(1,9223372036854775807))
Edge(281384,31656,(1,9223372036854775807))
Edge(282006,467855,(3,9223372036854775807))
Edge(282346,31974,(3,9223372036854775807))
Edge(282387,242536,(3,9223372036854775807))
Edge(282513,116890,(3,9223372036854775807))
Edge(282678,417135,(1,9223372036854775807))
Edge(283130,321146,(3,9223372036854775807))
Edge(283329,38736,(3,9223372036854775807))
Edge(283900,31747,(1,9223372036854775807))
Edge(286763,114691,(3,9223372036854775807))
Edge(287235,160528,(3,9223372036854775807))
Edge(287488,416183,(3,9223372036854775807))
Edge(287502,249568,(3,9223372036854775807))
Edge(287816,60434,(3,9223372036854775807))
Edge(288866,194144,(3,9223372036854775807))
Edge(288906,234777,(3,9223372036854775807))
Edge(289272,401694,(3,9223372036854775807))
Edge(289284,463948,(3,9223372036854775807))
Edge(289870,145824,(3,9223372036854775807))
Edge(290120,395257,(1,9223372036854775807))
Edge(290902,113867,(3,9223372036854775807))
Edge(291144,184008,(1,9223372036854775807))
Edge(291926,141821,(1,3))
Edge(291953,154968,(1,9223372036854775807))
Edge(292316,189190,(3,9223372036854775807))
Edge(292933,455484,(3,9223372036854775807))
Edge(293380,253305,(3,9223372036854775807))
Edge(293690,119904,(3,9223372036854775807))
Edge(294043,68275,(3,9223372036854775807))
Edge(294320,80680,(1,3))
Edge(295491,133559,(3,9223372036854775807))
Edge(295716,368074,(3,9223372036854775807))
Edge(295936,14985,(3,9223372036854775807))
Edge(295941,24946,(3,9223372036854775807))
Edge(296221,156403,(3,9223372036854775807))
Edge(296589,54086,(3,9223372036854775807))
Edge(296644,389890,(3,9223372036854775807))
Edge(296823,58846,(3,9223372036854775807))
Edge(296829,229194,(3,9223372036854775807))
Edge(296833,174666,(3,9223372036854775807))
Edge(296873,100243,(1,9223372036854775807))
Edge(297142,322111,(3,9223372036854775807))
Edge(298267,463314,(3,9223372036854775807))
Edge(298389,349247,(1,3))
Edge(298864,275020,(3,9223372036854775807))
Edge(298879,480730,(1,3))
Edge(298968,341007,(3,9223372036854775807))
Edge(299456,332135,(3,9223372036854775807))
Edge(300423,422349,(3,9223372036854775807))
Edge(300480,371676,(3,9223372036854775807))
Edge(300568,224086,(3,9223372036854775807))
Edge(300688,180567,(3,9223372036854775807))
Edge(301100,447928,(1,9223372036854775807))
Edge(301288,352519,(3,9223372036854775807))
Edge(301304,218537,(3,9223372036854775807))
Edge(301674,422481,(3,9223372036854775807))
Edge(302072,268631,(3,9223372036854775807))
Edge(302294,231554,(3,9223372036854775807))
Edge(303167,364143,(3,9223372036854775807))
Edge(303642,62615,(3,9223372036854775807))
Edge(303730,499459,(3,9223372036854775807))
Edge(303757,49189,(3,9223372036854775807))
Edge(303847,385351,(3,9223372036854775807))
Edge(304244,91358,(1,9223372036854775807))
Edge(304422,481579,(3,9223372036854775807))
Edge(304999,400892,(3,9223372036854775807))
Edge(305118,491152,(1,9223372036854775807))
Edge(305641,357908,(3,9223372036854775807))
Edge(305816,110778,(3,9223372036854775807))
Edge(307233,26165,(1,3))
Edge(307969,490250,(3,9223372036854775807))
Edge(308759,271191,(3,9223372036854775807))
Edge(308985,52152,(3,9223372036854775807))
Edge(309306,59729,(3,4))
Edge(309459,441146,(1,9223372036854775807))
Edge(309541,223164,(1,3))
Edge(310480,408526,(3,9223372036854775807))
Edge(310741,324253,(3,9223372036854775807))
Edge(310951,396525,(3,9223372036854775807))
Edge(311455,336743,(3,9223372036854775807))
Edge(311623,401871,(3,9223372036854775807))
Edge(311821,492274,(3,9223372036854775807))
Edge(311906,408952,(3,9223372036854775807))
Edge(311958,86995,(3,9223372036854775807))
Edge(312469,244356,(3,9223372036854775807))
Edge(312490,258243,(3,9223372036854775807))
Edge(312602,268309,(3,9223372036854775807))
Edge(312975,13683,(3,9223372036854775807))
Edge(313453,209096,(3,9223372036854775807))
Edge(313752,36370,(3,9223372036854775807))
Edge(313897,14528,(3,9223372036854775807))
Edge(313997,459419,(3,9223372036854775807))
Edge(314280,338564,(3,9223372036854775807))
Edge(314286,110662,(3,9223372036854775807))
Edge(314618,467606,(3,9223372036854775807))
Edge(314999,386906,(3,9223372036854775807))
Edge(315443,98256,(3,9223372036854775807))
Edge(315619,243387,(1,3))
Edge(315923,194267,(3,9223372036854775807))
Edge(315952,66931,(3,9223372036854775807))
Edge(316008,103848,(3,9223372036854775807))
Edge(316117,8456,(3,9223372036854775807))
Edge(317018,445864,(3,9223372036854775807))
Edge(317198,97384,(3,9223372036854775807))
Edge(317314,230152,(3,9223372036854775807))
Edge(318435,420058,(3,9223372036854775807))
Edge(318449,210408,(3,9223372036854775807))
Edge(318499,344809,(3,9223372036854775807))
Edge(318778,19291,(3,9223372036854775807))
Edge(318937,431725,(3,9223372036854775807))
Edge(319159,419409,(3,9223372036854775807))
Edge(319429,240387,(3,9223372036854775807))
Edge(319814,58989,(3,9223372036854775807))
Edge(320381,281460,(1,9223372036854775807))
Edge(320710,481924,(3,9223372036854775807))
Edge(320734,359970,(3,9223372036854775807))
Edge(320834,437403,(3,9223372036854775807))
Edge(321608,214132,(3,9223372036854775807))
Edge(321818,395104,(3,9223372036854775807))
Edge(322585,196213,(3,9223372036854775807))
Edge(322674,17413,(3,9223372036854775807))
Edge(323355,31185,(3,9223372036854775807))
Edge(323621,72416,(3,9223372036854775807))
Edge(323902,219353,(3,9223372036854775807))
Edge(324114,47508,(3,9223372036854775807))
Edge(325675,457572,(3,9223372036854775807))
Edge(326127,85532,(3,9223372036854775807))
Edge(326316,394397,(3,9223372036854775807))
Edge(326457,202568,(3,9223372036854775807))
Edge(326947,55843,(3,9223372036854775807))
Edge(327093,442306,(3,9223372036854775807))
Edge(327185,408044,(3,9223372036854775807))
Edge(327406,374128,(1,3))
Edge(327620,269605,(3,9223372036854775807))
Edge(328232,476285,(1,9223372036854775807))
Edge(328339,382122,(1,9223372036854775807))
Edge(329142,243184,(3,9223372036854775807))
Edge(329160,1502,(3,9223372036854775807))
Edge(330050,135453,(3,9223372036854775807))
Edge(330758,480192,(3,9223372036854775807))
Edge(332475,410526,(3,9223372036854775807))
Edge(333470,392298,(1,9223372036854775807))
Edge(333571,113345,(3,9223372036854775807))
Edge(333672,491118,(3,9223372036854775807))
Edge(333913,476623,(1,3))
Edge(334028,457588,(1,9223372036854775807))
Edge(334212,387018,(3,9223372036854775807))
Edge(334591,156949,(3,9223372036854775807))
Edge(334598,19835,(1,9223372036854775807))
Edge(335144,17210,(3,9223372036854775807))
Edge(335453,78135,(1,9223372036854775807))
Edge(335834,383480,(3,9223372036854775807))
Edge(336026,484938,(1,9223372036854775807))
Edge(336150,444781,(3,9223372036854775807))
Edge(336533,239909,(3,9223372036854775807))
Edge(336534,257657,(3,9223372036854775807))
Edge(337777,494148,(3,9223372036854775807))
Edge(337992,168517,(3,9223372036854775807))
Edge(338074,2058,(1,9223372036854775807))
Edge(338378,42282,(3,9223372036854775807))
Edge(338432,329797,(3,9223372036854775807))
Edge(338997,246667,(3,9223372036854775807))
Edge(339496,348482,(3,9223372036854775807))
Edge(339958,161244,(3,9223372036854775807))
Edge(340343,223885,(3,9223372036854775807))
Edge(341372,3789,(3,9223372036854775807))
Edge(341690,78762,(3,9223372036854775807))
Edge(341765,183002,(3,9223372036854775807))
Edge(342274,352241,(1,9223372036854775807))
Edge(342336,157640,(1,3))
Edge(342453,13596,(3,9223372036854775807))
Edge(342515,6395,(3,9223372036854775807))
Edge(342725,141153,(1,9223372036854775807))
Edge(342917,351586,(3,9223372036854775807))
Edge(343473,154359,(3,9223372036854775807))
Edge(343724,86999,(3,9223372036854775807))
Edge(343801,221851,(1,3))
Edge(343841,98285,(3,9223372036854775807))
Edge(343925,490096,(3,9223372036854775807))
Edge(344216,341528,(3,9223372036854775807))
Edge(344806,363952,(1,3))
Edge(345006,111875,(1,3))
Edge(345030,95439,(1,9223372036854775807))
Edge(345066,352172,(3,9223372036854775807))
Edge(345263,489017,(1,9223372036854775807))
Edge(345358,15931,(3,9223372036854775807))
Edge(345668,368134,(3,9223372036854775807))
Edge(346157,240250,(3,9223372036854775807))
Edge(346324,97817,(3,9223372036854775807))
Edge(346955,292888,(3,9223372036854775807))
Edge(347296,499881,(3,9223372036854775807))
Edge(347450,261736,(3,9223372036854775807))
Edge(347647,307855,(1,9223372036854775807))
Edge(347694,207427,(3,9223372036854775807))
Edge(347854,425222,(3,9223372036854775807))
Edge(348131,273776,(3,9223372036854775807))
Edge(348326,108748,(3,9223372036854775807))
Edge(348343,451558,(3,9223372036854775807))
Edge(348581,242413,(3,9223372036854775807))
Edge(348630,167157,(3,9223372036854775807))
Edge(348675,497903,(3,9223372036854775807))
Edge(349184,472710,(3,9223372036854775807))
Edge(349288,177891,(3,9223372036854775807))
Edge(350130,206284,(3,9223372036854775807))
Edge(350412,380659,(3,9223372036854775807))
Edge(350576,244004,(1,3))
Edge(350958,293564,(3,9223372036854775807))
Edge(351296,128829,(3,9223372036854775807))
Edge(351377,367580,(3,9223372036854775807))
Edge(351741,886,(3,9223372036854775807))
Edge(352003,338113,(3,9223372036854775807))
Edge(353037,153407,(3,9223372036854775807))
Edge(353177,25470,(1,9223372036854775807))
Edge(353310,215357,(3,9223372036854775807))
Edge(353521,38758,(3,9223372036854775807))
Edge(353682,489346,(3,9223372036854775807))
Edge(354637,361219,(3,9223372036854775807))
Edge(354663,435381,(3,9223372036854775807))
Edge(354861,325355,(1,3))
Edge(355272,209041,(3,9223372036854775807))
Edge(355281,414753,(3,9223372036854775807))
Edge(355542,309598,(3,9223372036854775807))
Edge(355719,104867,(3,9223372036854775807))
Edge(355817,253365,(3,9223372036854775807))
Edge(356275,397198,(3,9223372036854775807))
Edge(356599,33869,(3,9223372036854775807))
Edge(357105,46938,(3,9223372036854775807))
Edge(357230,184776,(3,9223372036854775807))
Edge(357304,322500,(3,9223372036854775807))
Edge(357345,185212,(1,9223372036854775807))
Edge(357546,45680,(3,9223372036854775807))
Edge(357627,88084,(3,9223372036854775807))
Edge(357675,72617,(3,9223372036854775807))
Edge(358240,121938,(3,9223372036854775807))
Edge(359712,358308,(3,9223372036854775807))
Edge(359793,177734,(3,9223372036854775807))
Edge(360098,471251,(3,9223372036854775807))
Edge(360424,279421,(3,9223372036854775807))
Edge(360706,306252,(3,9223372036854775807))
Edge(360824,225582,(3,9223372036854775807))
Edge(361085,442889,(3,9223372036854775807))
Edge(361881,175550,(3,9223372036854775807))
Edge(362365,86648,(3,9223372036854775807))
Edge(362840,123194,(1,9223372036854775807))
Edge(362843,215949,(3,9223372036854775807))
Edge(363406,326943,(3,9223372036854775807))
Edge(363723,311847,(1,9223372036854775807))
Edge(363854,245163,(3,9223372036854775807))
Edge(364106,261571,(3,9223372036854775807))
Edge(364262,472420,(3,9223372036854775807))
Edge(364345,442318,(3,9223372036854775807))
Edge(364722,11553,(3,9223372036854775807))
Edge(365058,307752,(3,9223372036854775807))
Edge(365208,350271,(1,3))
Edge(365410,65862,(3,9223372036854775807))
Edge(365648,130676,(3,9223372036854775807))
Edge(365950,341820,(3,9223372036854775807))
Edge(366567,182976,(3,9223372036854775807))
Edge(366580,55903,(3,9223372036854775807))
Edge(366591,351247,(3,9223372036854775807))
Edge(366676,197619,(3,9223372036854775807))
Edge(366902,436609,(3,9223372036854775807))
Edge(367749,20157,(3,9223372036854775807))
Edge(368133,183478,(3,9223372036854775807))
Edge(369307,268263,(3,9223372036854775807))
Edge(369583,229297,(3,9223372036854775807))
Edge(369722,376509,(3,9223372036854775807))
Edge(369985,175450,(3,9223372036854775807))
Edge(370177,456886,(3,9223372036854775807))
Edge(371158,161254,(3,9223372036854775807))
Edge(371219,82449,(3,9223372036854775807))
Edge(371443,60078,(3,9223372036854775807))
Edge(371709,9212,(1,3))
Edge(371823,404367,(1,3))
Edge(372311,30753,(3,9223372036854775807))
Edge(372460,242214,(3,9223372036854775807))
Edge(373107,182559,(3,9223372036854775807))
Edge(373200,339955,(3,9223372036854775807))
Edge(373649,394672,(3,9223372036854775807))
Edge(373855,310252,(3,9223372036854775807))
Edge(374109,342608,(3,9223372036854775807))
Edge(374132,56423,(3,9223372036854775807))
Edge(375132,155479,(3,9223372036854775807))
Edge(375245,347347,(3,9223372036854775807))
Edge(375705,21123,(3,9223372036854775807))
Edge(375809,266259,(3,9223372036854775807))
Edge(376077,285995,(3,9223372036854775807))
Edge(376275,496602,(3,9223372036854775807))
Edge(376287,110028,(3,9223372036854775807))
Edge(376359,87625,(3,9223372036854775807))
Edge(376496,95089,(3,9223372036854775807))
Edge(376523,421752,(3,9223372036854775807))
Edge(376841,444812,(3,9223372036854775807))
Edge(377324,299120,(3,9223372036854775807))
Edge(377435,412001,(3,9223372036854775807))
Edge(377464,197495,(3,9223372036854775807))
Edge(377887,248830,(3,9223372036854775807))
Edge(378499,75186,(1,9223372036854775807))
Edge(378644,29503,(3,9223372036854775807))
Edge(378702,329870,(3,9223372036854775807))
Edge(379127,246343,(3,9223372036854775807))
Edge(379306,284079,(3,9223372036854775807))
Edge(379307,355701,(3,9223372036854775807))
Edge(379467,416238,(3,9223372036854775807))
Edge(379587,159619,(3,9223372036854775807))
Edge(379973,478858,(3,9223372036854775807))
Edge(380080,466319,(3,9223372036854775807))
Edge(380684,237205,(3,9223372036854775807))
Edge(381456,348311,(3,9223372036854775807))
Edge(381685,217648,(1,9223372036854775807))
Edge(382537,279295,(3,9223372036854775807))
Edge(383028,389125,(3,9223372036854775807))
Edge(383116,409105,(3,9223372036854775807))
Edge(383478,438302,(1,9223372036854775807))
Edge(383846,375074,(3,9223372036854775807))
Edge(384096,119107,(3,9223372036854775807))
Edge(384181,424936,(3,9223372036854775807))
Edge(384273,361054,(3,9223372036854775807))
Edge(384307,52915,(3,9223372036854775807))
Edge(384533,96493,(3,9223372036854775807))
Edge(385074,153880,(3,9223372036854775807))
Edge(385616,295476,(3,9223372036854775807))
Edge(385987,41981,(3,9223372036854775807))
Edge(386416,198281,(3,9223372036854775807))
Edge(386480,54115,(1,3))
Edge(386848,27643,(1,9223372036854775807))
Edge(387096,455217,(3,9223372036854775807))
Edge(387825,303659,(3,9223372036854775807))
Edge(388125,119338,(3,9223372036854775807))
Edge(388181,86705,(3,9223372036854775807))
Edge(388454,278328,(3,9223372036854775807))
Edge(388741,295138,(3,9223372036854775807))
Edge(389017,168411,(3,9223372036854775807))
Edge(389450,283629,(1,9223372036854775807))
Edge(389585,461936,(3,9223372036854775807))
Edge(389729,376176,(3,9223372036854775807))
Edge(389738,312393,(3,9223372036854775807))
Edge(390209,246043,(3,9223372036854775807))
Edge(391044,418442,(3,9223372036854775807))
Edge(391151,8100,(4,9223372036854775807))
Edge(391664,38964,(3,9223372036854775807))
Edge(392177,33670,(3,9223372036854775807))
Edge(392302,405138,(3,9223372036854775807))
Edge(392398,330537,(1,3))
Edge(392516,394686,(3,9223372036854775807))
Edge(392576,72716,(3,9223372036854775807))
Edge(392895,197133,(3,9223372036854775807))
Edge(393927,77241,(3,9223372036854775807))
Edge(394397,147430,(3,9223372036854775807))
Edge(395388,77755,(3,9223372036854775807))
Edge(395555,286,(1,9223372036854775807))
Edge(395571,435981,(3,9223372036854775807))
Edge(395632,112582,(3,9223372036854775807))
Edge(395698,159208,(1,9223372036854775807))
Edge(395809,470584,(3,9223372036854775807))
Edge(396229,369095,(3,9223372036854775807))
Edge(396320,212239,(3,9223372036854775807))
Edge(396632,58586,(3,9223372036854775807))
Edge(396762,75570,(3,9223372036854775807))
Edge(396775,397597,(3,9223372036854775807))
Edge(396834,32300,(1,9223372036854775807))
Edge(397061,79265,(3,9223372036854775807))
Edge(397215,384229,(3,9223372036854775807))
Edge(397250,105851,(3,9223372036854775807))
Edge(397544,312667,(3,9223372036854775807))
Edge(398214,461579,(3,9223372036854775807))
Edge(398774,36146,(3,9223372036854775807))
Edge(399107,357461,(1,3))
Edge(399373,263507,(3,9223372036854775807))
Edge(399417,124232,(3,9223372036854775807))
Edge(399527,373311,(3,9223372036854775807))
Edge(399591,247427,(3,9223372036854775807))
Edge(400124,180188,(3,9223372036854775807))
Edge(400145,281971,(3,9223372036854775807))
Edge(400221,11506,(3,9223372036854775807))
Edge(400485,214254,(3,9223372036854775807))
Edge(401062,66497,(3,9223372036854775807))
Edge(402228,275220,(3,9223372036854775807))
Edge(402569,161609,(3,9223372036854775807))
Edge(402980,362821,(3,9223372036854775807))
Edge(403466,460235,(3,9223372036854775807))
Edge(403578,155599,(1,9223372036854775807))
Edge(403605,316299,(1,9223372036854775807))
Edge(403860,263847,(3,9223372036854775807))
Edge(403899,135836,(1,3))
Edge(404000,298811,(3,9223372036854775807))
Edge(404215,132080,(4,9223372036854775807))
Edge(404360,151048,(3,9223372036854775807))
Edge(404430,203349,(3,9223372036854775807))
Edge(405054,284866,(1,3))
Edge(405107,242058,(1,9223372036854775807))
Edge(405680,251369,(3,9223372036854775807))
Edge(405688,97577,(3,9223372036854775807))
Edge(405999,439691,(1,9223372036854775807))
Edge(406038,347332,(3,9223372036854775807))
Edge(406163,413157,(3,9223372036854775807))
Edge(406324,469258,(3,9223372036854775807))
Edge(406357,447189,(3,9223372036854775807))
Edge(407311,291376,(3,9223372036854775807))
Edge(407395,399020,(3,9223372036854775807))
Edge(408533,206642,(1,9223372036854775807))
Edge(409012,96504,(3,9223372036854775807))
Edge(409312,32748,(3,9223372036854775807))
Edge(409385,1760,(3,9223372036854775807))
Edge(409696,85363,(3,9223372036854775807))
Edge(409931,69870,(3,9223372036854775807))
Edge(410139,179819,(3,4))
Edge(410504,219098,(1,3))
Edge(410868,174204,(3,9223372036854775807))
Edge(410992,232606,(3,9223372036854775807))
Edge(411911,135252,(3,9223372036854775807))
Edge(411993,337787,(3,9223372036854775807))
Edge(412325,325268,(3,9223372036854775807))
Edge(412748,101833,(3,9223372036854775807))
Edge(413006,378833,(3,9223372036854775807))
Edge(413057,439558,(3,9223372036854775807))
Edge(413167,83139,(3,9223372036854775807))
Edge(413654,345967,(3,9223372036854775807))
Edge(413778,68468,(3,9223372036854775807))
Edge(414008,113980,(1,9223372036854775807))
Edge(414068,417428,(3,9223372036854775807))
Edge(414598,182586,(3,9223372036854775807))
Edge(414651,106869,(1,9223372036854775807))
Edge(414657,379688,(1,9223372036854775807))
Edge(414818,329687,(3,9223372036854775807))
Edge(415087,56505,(3,9223372036854775807))
Edge(415272,445495,(3,9223372036854775807))
Edge(415450,197658,(1,9223372036854775807))
Edge(415578,216296,(3,9223372036854775807))
Edge(415722,204650,(3,9223372036854775807))
Edge(415815,399372,(3,9223372036854775807))
Edge(415871,205747,(1,9223372036854775807))
Edge(416257,318374,(3,9223372036854775807))
Edge(416886,427168,(3,9223372036854775807))
Edge(416892,200548,(3,9223372036854775807))
Edge(417073,135167,(3,9223372036854775807))
Edge(418193,227448,(3,9223372036854775807))
Edge(418198,265021,(3,9223372036854775807))
Edge(418225,63564,(3,9223372036854775807))
Edge(418237,277576,(3,9223372036854775807))
Edge(418462,422731,(3,9223372036854775807))
Edge(418629,493110,(3,9223372036854775807))
Edge(418888,425895,(3,9223372036854775807))
Edge(418933,196460,(3,9223372036854775807))
Edge(419275,273399,(1,9223372036854775807))
Edge(419581,55970,(3,9223372036854775807))
Edge(419583,296752,(3,9223372036854775807))
Edge(419883,491561,(3,9223372036854775807))
Edge(420459,60975,(3,9223372036854775807))
Edge(420744,442984,(3,9223372036854775807))
Edge(420760,32937,(3,9223372036854775807))
Edge(420904,477842,(3,9223372036854775807))
Edge(421429,422079,(3,9223372036854775807))
Edge(421454,154567,(3,9223372036854775807))
Edge(421658,249217,(3,9223372036854775807))
Edge(421683,488021,(3,9223372036854775807))
Edge(421764,499384,(1,9223372036854775807))
Edge(422163,413718,(3,9223372036854775807))
Edge(422512,67048,(3,9223372036854775807))
Edge(423630,69106,(3,9223372036854775807))
Edge(424297,181491,(3,9223372036854775807))
Edge(424458,102566,(3,9223372036854775807))
Edge(424881,147807,(1,9223372036854775807))
Edge(425296,498239,(3,9223372036854775807))
Edge(425844,276845,(1,9223372036854775807))
Edge(425927,44200,(3,9223372036854775807))
Edge(426378,321211,(3,9223372036854775807))
Edge(426974,74492,(3,9223372036854775807))
Edge(427608,477285,(1,3))
Edge(427648,3949,(1,9223372036854775807))
Edge(428066,324381,(1,3))
Edge(428206,377715,(3,9223372036854775807))
Edge(428268,448690,(3,9223372036854775807))
Edge(428472,384242,(3,9223372036854775807))
Edge(428595,197987,(3,9223372036854775807))
Edge(428969,322839,(1,9223372036854775807))
Edge(429095,481916,(3,9223372036854775807))
Edge(430048,228299,(1,9223372036854775807))
Edge(430063,100804,(3,9223372036854775807))
Edge(430102,302575,(3,9223372036854775807))
Edge(430317,136581,(3,9223372036854775807))
Edge(430406,105799,(3,9223372036854775807))
Edge(431854,209665,(3,9223372036854775807))
Edge(432137,212784,(3,9223372036854775807))
Edge(432251,320829,(3,9223372036854775807))
Edge(432315,335925,(3,9223372036854775807))
Edge(432398,234698,(4,9223372036854775807))
Edge(432401,475869,(3,9223372036854775807))
Edge(432516,20896,(3,9223372036854775807))
Edge(432646,362330,(3,9223372036854775807))
Edge(432840,441725,(3,9223372036854775807))
Edge(432884,431083,(1,3))
Edge(433048,42744,(1,9223372036854775807))
Edge(433100,5873,(3,9223372036854775807))
Edge(433451,145049,(3,9223372036854775807))
Edge(433859,184691,(3,9223372036854775807))
Edge(433946,208478,(3,9223372036854775807))
Edge(434181,84109,(3,9223372036854775807))
Edge(434692,480040,(3,9223372036854775807))
Edge(435310,84663,(1,3))
Edge(435802,256123,(3,9223372036854775807))
Edge(435945,448596,(3,9223372036854775807))
Edge(436148,62395,(1,9223372036854775807))
Edge(436314,352359,(3,9223372036854775807))
Edge(436837,250148,(3,9223372036854775807))
Edge(437095,182460,(3,9223372036854775807))
Edge(438000,479369,(4,9223372036854775807))
Edge(438006,335820,(3,9223372036854775807))
Edge(439826,46582,(1,9223372036854775807))
Edge(440144,173196,(1,9223372036854775807))
Edge(440495,233538,(3,9223372036854775807))
Edge(440766,178213,(3,9223372036854775807))
Edge(441073,430420,(3,9223372036854775807))
Edge(441082,498546,(3,9223372036854775807))
Edge(441570,243793,(1,9223372036854775807))
Edge(441685,447234,(3,9223372036854775807))
Edge(441843,314144,(3,9223372036854775807))
Edge(441961,206348,(3,9223372036854775807))
Edge(442355,226161,(1,9223372036854775807))
Edge(442836,319882,(3,9223372036854775807))
Edge(442910,329752,(3,9223372036854775807))
Edge(443526,361849,(1,3))
Edge(443684,155098,(3,9223372036854775807))
Edge(444235,251583,(3,9223372036854775807))
Edge(444467,278150,(1,3))
Edge(444566,119811,(3,9223372036854775807))
Edge(444598,260333,(3,9223372036854775807))
Edge(444801,210550,(1,3))
Edge(444840,259240,(3,9223372036854775807))
Edge(445484,208267,(3,9223372036854775807))
Edge(445538,448994,(3,9223372036854775807))
Edge(445557,415612,(3,9223372036854775807))
Edge(446067,211310,(3,9223372036854775807))
Edge(446254,111529,(3,9223372036854775807))
Edge(446753,283907,(3,9223372036854775807))
Edge(447077,279030,(1,3))
Edge(447214,371304,(1,9223372036854775807))
Edge(448405,94285,(3,9223372036854775807))
Edge(448482,21395,(3,9223372036854775807))
Edge(448580,44313,(1,9223372036854775807))
Edge(448695,190519,(3,9223372036854775807))
Edge(449205,304202,(3,9223372036854775807))
Edge(449357,237049,(1,9223372036854775807))
Edge(449489,3114,(3,9223372036854775807))
Edge(449875,313427,(1,9223372036854775807))
Edge(449913,64464,(3,9223372036854775807))
Edge(450118,121371,(1,3))
Edge(450197,13965,(3,9223372036854775807))
Edge(450301,87282,(3,9223372036854775807))
Edge(451939,243536,(3,9223372036854775807))
Edge(452182,229819,(1,9223372036854775807))
Edge(452542,240657,(3,9223372036854775807))
Edge(452632,216933,(1,3))
Edge(452653,422894,(3,9223372036854775807))
Edge(452694,43407,(3,9223372036854775807))
Edge(453309,106104,(4,9223372036854775807))
Edge(453377,189513,(1,3))
Edge(453554,335902,(3,9223372036854775807))
Edge(454293,291382,(1,3))
Edge(454430,135919,(3,9223372036854775807))
Edge(454486,160216,(3,9223372036854775807))
Edge(455607,190221,(3,9223372036854775807))
Edge(455783,434521,(3,9223372036854775807))
Edge(456193,133963,(1,9223372036854775807))
Edge(456251,302057,(3,9223372036854775807))
Edge(456552,193427,(3,9223372036854775807))
Edge(456655,171881,(3,9223372036854775807))
Edge(457619,363981,(3,9223372036854775807))
Edge(457752,425516,(3,9223372036854775807))
Edge(458503,5138,(3,9223372036854775807))
Edge(459130,113672,(3,9223372036854775807))
Edge(459781,481766,(3,9223372036854775807))
Edge(459912,278315,(1,3))
Edge(460036,57310,(1,3))
Edge(460165,476020,(1,9223372036854775807))
Edge(460214,294758,(3,9223372036854775807))
Edge(460396,134165,(3,9223372036854775807))
Edge(460518,161853,(3,9223372036854775807))
Edge(460642,296166,(3,9223372036854775807))
Edge(460670,472773,(3,9223372036854775807))
Edge(460911,56017,(3,9223372036854775807))
Edge(461124,437342,(1,3))
Edge(461344,220350,(3,9223372036854775807))
Edge(461392,299098,(3,9223372036854775807))
Edge(461564,243766,(3,9223372036854775807))
Edge(462300,125312,(3,9223372036854775807))
Edge(462367,185205,(3,9223372036854775807))
Edge(462555,9609,(3,9223372036854775807))
Edge(462688,8478,(3,9223372036854775807))
Edge(462912,16767,(3,9223372036854775807))
Edge(463070,251623,(3,9223372036854775807))
Edge(463926,420263,(3,9223372036854775807))
Edge(464145,218792,(1,3))
Edge(464507,78895,(3,9223372036854775807))
Edge(464815,109204,(1,3))
Edge(465319,476818,(3,9223372036854775807))
Edge(465329,138183,(3,9223372036854775807))
Edge(465586,496538,(1,3))
Edge(465723,31608,(3,9223372036854775807))
Edge(465801,354191,(1,9223372036854775807))
Edge(466110,346317,(3,9223372036854775807))
Edge(466225,31920,(3,9223372036854775807))
Edge(466305,347816,(3,9223372036854775807))
Edge(467081,86527,(3,9223372036854775807))
Edge(467218,7361,(3,9223372036854775807))
Edge(467492,461647,(3,9223372036854775807))
Edge(467625,349292,(1,9223372036854775807))
Edge(467779,228286,(3,9223372036854775807))
Edge(467823,184181,(1,3))
Edge(468423,183080,(3,9223372036854775807))
Edge(469332,78534,(3,9223372036854775807))
Edge(469450,388390,(1,9223372036854775807))
Edge(469756,489403,(3,9223372036854775807))
Edge(471347,41629,(3,9223372036854775807))
Edge(471509,90922,(3,9223372036854775807))
Edge(471539,425458,(3,9223372036854775807))
Edge(471879,338198,(3,9223372036854775807))
Edge(471925,308837,(3,9223372036854775807))
Edge(472365,206918,(3,9223372036854775807))
Edge(472825,59596,(3,9223372036854775807))
Edge(473562,282918,(3,9223372036854775807))
Edge(473674,130020,(3,9223372036854775807))
Edge(473721,131683,(3,9223372036854775807))
Edge(473823,489987,(3,9223372036854775807))
Edge(474295,221337,(1,9223372036854775807))
Edge(474869,341548,(3,9223372036854775807))
Edge(475061,363197,(3,9223372036854775807))
Edge(475406,476432,(3,9223372036854775807))
Edge(475724,165571,(3,9223372036854775807))
Edge(476106,293554,(3,9223372036854775807))
Edge(476662,60082,(3,9223372036854775807))
Edge(476760,410243,(3,9223372036854775807))
Edge(477262,344502,(1,9223372036854775807))
Edge(477335,194416,(3,9223372036854775807))
Edge(477602,100138,(3,9223372036854775807))
Edge(477618,423728,(3,9223372036854775807))
Edge(478023,134911,(3,9223372036854775807))
Edge(478256,272707,(3,9223372036854775807))
Edge(478464,392066,(1,9223372036854775807))
Edge(478623,426350,(3,9223372036854775807))
Edge(478857,445085,(3,9223372036854775807))
Edge(478889,47127,(3,9223372036854775807))
Edge(479147,308926,(1,3))
Edge(479308,162920,(1,9223372036854775807))
Edge(479716,121661,(4,9223372036854775807))
Edge(479755,120323,(3,9223372036854775807))
Edge(480183,445996,(3,9223372036854775807))
Edge(480345,141577,(3,9223372036854775807))
Edge(480587,239341,(4,9223372036854775807))
Edge(480608,237431,(3,9223372036854775807))
Edge(480890,174552,(1,9223372036854775807))
Edge(481190,334626,(1,9223372036854775807))
Edge(481252,224819,(3,9223372036854775807))
Edge(481421,55792,(3,9223372036854775807))
Edge(481722,225496,(3,9223372036854775807))
Edge(481728,239669,(3,9223372036854775807))
Edge(481838,468693,(3,9223372036854775807))
Edge(481858,361059,(1,9223372036854775807))
Edge(482328,300026,(3,9223372036854775807))
Edge(482413,270089,(3,9223372036854775807))
Edge(482928,474584,(3,9223372036854775807))
Edge(483776,213423,(1,3))
Edge(483892,351596,(3,9223372036854775807))
Edge(483910,187095,(3,9223372036854775807))
Edge(483961,434276,(3,9223372036854775807))
Edge(483974,192287,(3,9223372036854775807))
Edge(484842,320636,(3,9223372036854775807))
Edge(485022,116937,(3,9223372036854775807))
Edge(485394,419254,(3,9223372036854775807))
Edge(485813,448020,(1,3))
Edge(486104,278830,(3,9223372036854775807))
Edge(486626,149480,(3,9223372036854775807))
Edge(486701,163281,(3,9223372036854775807))
Edge(486782,463858,(1,3))
Edge(486788,120478,(3,9223372036854775807))
Edge(487865,240985,(1,3))
Edge(488331,295021,(1,9223372036854775807))
Edge(488409,267844,(2,3))
Edge(488634,13053,(3,9223372036854775807))
Edge(488848,229061,(3,9223372036854775807))
Edge(488945,305315,(3,9223372036854775807))
Edge(488980,113239,(3,9223372036854775807))
Edge(488982,429104,(3,9223372036854775807))
Edge(489043,324759,(3,9223372036854775807))
Edge(489109,281074,(3,9223372036854775807))
Edge(489431,246569,(1,9223372036854775807))
Edge(489484,420237,(1,9223372036854775807))
Edge(489742,231382,(3,9223372036854775807))
Edge(490062,302010,(1,9223372036854775807))
Edge(490395,110551,(3,9223372036854775807))
Edge(490919,140316,(3,9223372036854775807))
Edge(490965,378206,(3,9223372036854775807))
Edge(491016,123109,(3,9223372036854775807))
Edge(491287,288036,(3,9223372036854775807))
Edge(491379,481818,(3,9223372036854775807))
Edge(491527,274935,(1,3))
Edge(491572,468999,(3,9223372036854775807))
Edge(491641,241201,(3,9223372036854775807))
Edge(492513,226987,(3,9223372036854775807))
Edge(492917,459983,(3,9223372036854775807))
Edge(492918,72162,(3,9223372036854775807))
Edge(493029,212213,(1,9223372036854775807))
Edge(493031,195706,(1,9223372036854775807))
Edge(494692,162805,(3,9223372036854775807))
Edge(495727,171791,(1,9223372036854775807))
Edge(495869,274025,(1,9223372036854775807))
Edge(495995,286506,(1,9223372036854775807))
Edge(495999,146078,(3,9223372036854775807))
Edge(496117,184878,(3,9223372036854775807))
Edge(497334,210851,(3,9223372036854775807))
Edge(497344,434597,(1,9223372036854775807))
Edge(498013,336616,(1,3))
Edge(498070,39640,(3,9223372036854775807))
Edge(498161,33880,(3,9223372036854775807))
Edge(498450,145548,(3,9223372036854775807))
Edge(498791,280881,(3,9223372036854775807))
Edge(498840,482752,(1,3))
Edge(498960,378785,(3,9223372036854775807))
Edge(499065,428800,(3,9223372036854775807))
Edge(499183,398473,(3,9223372036854775807))
Edge(499397,231799,(3,9223372036854775807))
Edge(499398,273366,(3,9223372036854775807))
Edge(499707,129697,(3,9223372036854775807))
Edge(499750,163158,(1,9223372036854775807))
