Edge(200,286376,(3,9223372036854775807))
Edge(746,458196,(3,9223372036854775807))
Edge(748,196150,(3,9223372036854775807))
Edge(1302,109991,(3,9223372036854775807))
Edge(1592,463780,(3,9223372036854775807))
Edge(1730,245542,(3,9223372036854775807))
Edge(1778,330631,(3,9223372036854775807))
Edge(2081,282176,(3,9223372036854775807))
Edge(2206,324230,(3,9223372036854775807))
Edge(2217,158282,(3,9223372036854775807))
Edge(3067,164707,(3,9223372036854775807))
Edge(3265,214652,(3,9223372036854775807))
Edge(3734,69653,(3,9223372036854775807))
Edge(4385,274505,(3,9223372036854775807))
Edge(4884,277909,(3,9223372036854775807))
Edge(5125,387951,(1,9223372036854775807))
Edge(5390,273078,(1,9223372036854775807))
Edge(5863,463132,(3,9223372036854775807))
Edge(5906,480748,(3,9223372036854775807))
Edge(5958,141337,(3,9223372036854775807))
Edge(6223,488293,(3,9223372036854775807))
Edge(6335,78940,(3,9223372036854775807))
Edge(6360,105856,(3,9223372036854775807))
Edge(7690,311685,(3,9223372036854775807))
Edge(8314,96897,(3,9223372036854775807))
Edge(8656,63344,(3,9223372036854775807))
Edge(9236,405773,(3,9223372036854775807))
Edge(9332,593,(3,9223372036854775807))
Edge(9425,470372,(3,9223372036854775807))
Edge(9434,404381,(3,9223372036854775807))
Edge(9540,47621,(3,9223372036854775807))
Edge(9702,364222,(1,9223372036854775807))
Edge(9900,191520,(3,9223372036854775807))
Edge(10134,400677,(1,9223372036854775807))
Edge(10268,460018,(3,9223372036854775807))
Edge(10696,86795,(3,9223372036854775807))
Edge(10717,179846,(3,9223372036854775807))
Edge(10735,108377,(3,9223372036854775807))
Edge(10928,189069,(3,9223372036854775807))
Edge(11147,265938,(1,9223372036854775807))
Edge(11326,56674,(3,9223372036854775807))
Edge(11377,382572,(3,9223372036854775807))
Edge(11760,258939,(1,9223372036854775807))
Edge(12223,394118,(3,9223372036854775807))
Edge(12470,442212,(3,9223372036854775807))
Edge(12702,338279,(3,9223372036854775807))
Edge(12765,347463,(3,9223372036854775807))
Edge(13005,62048,(3,9223372036854775807))
Edge(13085,351159,(3,9223372036854775807))
Edge(13920,397619,(3,9223372036854775807))
Edge(14657,112010,(3,9223372036854775807))
Edge(15125,17283,(3,9223372036854775807))
Edge(15235,160899,(3,9223372036854775807))
Edge(15409,445561,(3,9223372036854775807))
Edge(15681,470052,(3,9223372036854775807))
Edge(15860,243308,(3,9223372036854775807))
Edge(16030,171853,(3,9223372036854775807))
Edge(16243,6705,(3,9223372036854775807))
Edge(16495,2273,(3,9223372036854775807))
Edge(16590,453847,(3,9223372036854775807))
Edge(16726,246904,(3,9223372036854775807))
Edge(16786,141470,(3,9223372036854775807))
Edge(17075,300006,(3,9223372036854775807))
Edge(17076,329662,(1,9223372036854775807))
Edge(17880,460183,(3,9223372036854775807))
Edge(18222,48602,(3,9223372036854775807))
Edge(18273,227713,(3,9223372036854775807))
Edge(18599,390290,(3,9223372036854775807))
Edge(19083,395082,(4,9223372036854775807))
Edge(19752,1619,(3,9223372036854775807))
Edge(20081,9087,(3,9223372036854775807))
Edge(20134,142720,(3,9223372036854775807))
Edge(20420,275218,(3,9223372036854775807))
Edge(20500,64473,(3,9223372036854775807))
Edge(20899,339667,(3,9223372036854775807))
Edge(21117,363754,(3,9223372036854775807))
Edge(21552,411932,(3,9223372036854775807))
Edge(21886,488522,(3,9223372036854775807))
Edge(21995,118174,(1,9223372036854775807))
Edge(22394,283331,(1,9223372036854775807))
Edge(22787,152913,(1,3))
Edge(22800,149180,(3,9223372036854775807))
Edge(22978,100543,(1,9223372036854775807))
Edge(23271,323198,(3,9223372036854775807))
Edge(23573,354329,(3,9223372036854775807))
Edge(23679,89210,(3,9223372036854775807))
Edge(24316,111923,(1,3))
Edge(24469,149260,(3,9223372036854775807))
Edge(24896,175747,(3,9223372036854775807))
Edge(24935,161172,(3,9223372036854775807))
Edge(25307,67385,(3,9223372036854775807))
Edge(25589,254766,(3,9223372036854775807))
Edge(25663,20584,(3,9223372036854775807))
Edge(25685,493381,(1,3))
Edge(25857,494103,(3,9223372036854775807))
Edge(25997,98169,(1,9223372036854775807))
Edge(26052,394854,(3,9223372036854775807))
Edge(26489,386768,(3,9223372036854775807))
Edge(26656,290952,(1,9223372036854775807))
Edge(26798,204517,(1,3))
Edge(26895,55217,(1,9223372036854775807))
Edge(27250,390005,(3,9223372036854775807))
Edge(27436,222045,(3,9223372036854775807))
Edge(27651,204355,(3,9223372036854775807))
Edge(27722,276390,(3,9223372036854775807))
Edge(28237,167709,(3,9223372036854775807))
Edge(28417,49729,(3,9223372036854775807))
Edge(28911,334493,(3,9223372036854775807))
Edge(29093,445933,(3,9223372036854775807))
Edge(29354,6029,(3,9223372036854775807))
Edge(29467,476886,(3,9223372036854775807))
Edge(29791,262962,(3,9223372036854775807))
Edge(29842,167039,(3,9223372036854775807))
Edge(30063,337456,(3,9223372036854775807))
Edge(30153,207737,(3,9223372036854775807))
Edge(30480,169128,(1,9223372036854775807))
Edge(30586,247122,(3,9223372036854775807))
Edge(30727,425173,(3,9223372036854775807))
Edge(30794,184959,(3,9223372036854775807))
Edge(30983,195549,(3,9223372036854775807))
Edge(31009,94194,(3,9223372036854775807))
Edge(31107,231202,(3,9223372036854775807))
Edge(32046,360836,(1,3))
Edge(32221,152885,(3,9223372036854775807))
Edge(32233,335607,(3,9223372036854775807))
Edge(32331,306817,(1,9223372036854775807))
Edge(32782,213182,(3,9223372036854775807))
Edge(32818,460782,(3,9223372036854775807))
Edge(34398,47938,(3,9223372036854775807))
Edge(35065,34691,(3,9223372036854775807))
Edge(35311,37634,(3,9223372036854775807))
Edge(35404,266052,(3,9223372036854775807))
Edge(35542,328874,(3,9223372036854775807))
Edge(35740,355186,(1,9223372036854775807))
Edge(36279,220508,(3,9223372036854775807))
Edge(36322,381980,(3,9223372036854775807))
Edge(36335,256821,(3,9223372036854775807))
Edge(36379,29672,(3,9223372036854775807))
Edge(37334,19749,(3,9223372036854775807))
Edge(37458,378743,(3,9223372036854775807))
Edge(37849,416128,(1,9223372036854775807))
Edge(38068,123813,(1,3))
Edge(38798,54407,(3,9223372036854775807))
Edge(39669,75491,(3,9223372036854775807))
Edge(39968,40927,(3,9223372036854775807))
Edge(40041,60663,(3,9223372036854775807))
Edge(40045,475741,(1,3))
Edge(40189,63121,(1,9223372036854775807))
Edge(40548,112775,(3,9223372036854775807))
Edge(40571,150159,(3,9223372036854775807))
Edge(40620,480335,(3,9223372036854775807))
Edge(40631,71491,(1,9223372036854775807))
Edge(40855,229171,(3,9223372036854775807))
Edge(40929,496855,(3,9223372036854775807))
Edge(43059,424629,(3,9223372036854775807))
Edge(43278,340541,(3,9223372036854775807))
Edge(43567,255044,(3,9223372036854775807))
Edge(43603,324656,(3,9223372036854775807))
Edge(43676,40043,(3,9223372036854775807))
Edge(43783,340679,(3,9223372036854775807))
Edge(43884,387684,(3,9223372036854775807))
Edge(44051,390282,(3,9223372036854775807))
Edge(44106,283229,(3,9223372036854775807))
Edge(44234,259694,(3,9223372036854775807))
Edge(44709,462287,(3,9223372036854775807))
Edge(45190,339360,(1,9223372036854775807))
Edge(45212,208138,(3,9223372036854775807))
Edge(45330,53353,(3,9223372036854775807))
Edge(45672,149434,(3,9223372036854775807))
Edge(45768,309608,(3,9223372036854775807))
Edge(45982,183238,(1,9223372036854775807))
Edge(46055,307761,(1,9223372036854775807))
Edge(46098,214777,(3,9223372036854775807))
Edge(46306,142127,(3,9223372036854775807))
Edge(46969,406823,(3,9223372036854775807))
Edge(47039,328576,(3,9223372036854775807))
Edge(47109,322430,(1,9223372036854775807))
Edge(47125,57594,(3,9223372036854775807))
Edge(47175,356898,(3,9223372036854775807))
Edge(47657,177011,(3,9223372036854775807))
Edge(48074,152835,(3,9223372036854775807))
Edge(48473,31937,(3,9223372036854775807))
Edge(48618,181313,(1,3))
Edge(49012,153176,(1,3))
Edge(49198,191988,(3,9223372036854775807))
Edge(49340,34526,(1,9223372036854775807))
Edge(49461,55781,(3,9223372036854775807))
Edge(49546,56922,(1,9223372036854775807))
Edge(49643,361270,(1,9223372036854775807))
Edge(49729,315561,(3,9223372036854775807))
Edge(49772,8252,(3,9223372036854775807))
Edge(50596,182793,(1,3))
Edge(50608,169775,(3,9223372036854775807))
Edge(51432,227007,(3,9223372036854775807))
Edge(51672,40677,(3,9223372036854775807))
Edge(52094,242063,(3,9223372036854775807))
Edge(52228,488729,(3,9223372036854775807))
Edge(52263,442615,(3,9223372036854775807))
Edge(52306,328583,(3,9223372036854775807))
Edge(52454,382460,(3,9223372036854775807))
Edge(52621,160962,(1,9223372036854775807))
Edge(54043,121160,(1,9223372036854775807))
Edge(54410,397897,(3,9223372036854775807))
Edge(54463,188937,(3,9223372036854775807))
Edge(54613,326530,(3,9223372036854775807))
Edge(55009,35567,(3,9223372036854775807))
Edge(55205,330977,(3,9223372036854775807))
Edge(55211,237192,(3,9223372036854775807))
Edge(55252,428983,(3,9223372036854775807))
Edge(55317,318501,(3,9223372036854775807))
Edge(55358,188090,(3,9223372036854775807))
Edge(55771,228258,(3,9223372036854775807))
Edge(56071,144226,(3,9223372036854775807))
Edge(56213,473858,(3,9223372036854775807))
Edge(56637,387321,(3,9223372036854775807))
Edge(57025,420165,(3,9223372036854775807))
Edge(57612,168834,(3,9223372036854775807))
Edge(57716,54762,(3,9223372036854775807))
Edge(58332,459082,(3,9223372036854775807))
Edge(58346,153021,(3,9223372036854775807))
Edge(58485,158494,(3,9223372036854775807))
Edge(59028,97461,(3,9223372036854775807))
Edge(59044,220139,(3,9223372036854775807))
Edge(59379,373914,(3,9223372036854775807))
Edge(59409,186909,(3,9223372036854775807))
Edge(59452,450775,(1,9223372036854775807))
Edge(59548,152207,(3,9223372036854775807))
Edge(60417,149137,(3,9223372036854775807))
Edge(60878,113604,(3,9223372036854775807))
Edge(61027,332594,(3,9223372036854775807))
Edge(61134,96254,(3,9223372036854775807))
Edge(61331,486331,(3,9223372036854775807))
Edge(61405,207069,(3,9223372036854775807))
Edge(61489,479423,(3,9223372036854775807))
Edge(62001,9785,(1,9223372036854775807))
Edge(62260,266036,(3,9223372036854775807))
Edge(62366,478439,(3,9223372036854775807))
Edge(62556,4061,(1,3))
Edge(62778,321304,(3,9223372036854775807))
Edge(62802,369338,(1,9223372036854775807))
Edge(62858,47088,(3,9223372036854775807))
Edge(62945,180132,(3,9223372036854775807))
Edge(63124,157161,(3,9223372036854775807))
Edge(63220,481369,(3,9223372036854775807))
Edge(63248,424390,(3,9223372036854775807))
Edge(64091,451680,(3,9223372036854775807))
Edge(64316,480818,(3,9223372036854775807))
Edge(64461,66054,(3,9223372036854775807))
Edge(64565,58256,(3,9223372036854775807))
Edge(64677,327170,(3,9223372036854775807))
Edge(64844,253036,(3,9223372036854775807))
Edge(65395,255551,(3,9223372036854775807))
Edge(65567,187377,(3,9223372036854775807))
Edge(66110,211777,(3,9223372036854775807))
Edge(66224,9800,(3,9223372036854775807))
Edge(66242,120782,(3,9223372036854775807))
Edge(66628,253578,(3,9223372036854775807))
Edge(66678,320586,(1,9223372036854775807))
Edge(66799,491207,(3,9223372036854775807))
Edge(67459,88185,(3,9223372036854775807))
Edge(67572,179471,(3,9223372036854775807))
Edge(68440,86664,(3,9223372036854775807))
Edge(68657,10299,(3,9223372036854775807))
Edge(68679,298183,(1,9223372036854775807))
Edge(69229,58594,(3,9223372036854775807))
Edge(69396,330511,(3,9223372036854775807))
Edge(69604,127107,(3,9223372036854775807))
Edge(69881,42915,(3,9223372036854775807))
Edge(70209,137889,(1,9223372036854775807))
Edge(70223,150248,(3,9223372036854775807))
Edge(70240,495463,(1,9223372036854775807))
Edge(70271,30867,(3,9223372036854775807))
Edge(70383,52464,(3,9223372036854775807))
Edge(70844,2770,(3,9223372036854775807))
Edge(71216,407147,(3,9223372036854775807))
Edge(71548,8454,(3,9223372036854775807))
Edge(71765,138196,(3,9223372036854775807))
Edge(72134,294974,(3,9223372036854775807))
Edge(72597,122103,(3,9223372036854775807))
Edge(73004,300836,(3,9223372036854775807))
Edge(73081,465653,(3,9223372036854775807))
Edge(73100,465665,(3,9223372036854775807))
Edge(73148,182401,(1,3))
Edge(73395,8971,(3,9223372036854775807))
Edge(73424,357451,(3,9223372036854775807))
Edge(73608,276393,(3,9223372036854775807))
Edge(73703,398176,(3,9223372036854775807))
Edge(74127,191678,(3,9223372036854775807))
Edge(74486,348610,(3,9223372036854775807))
Edge(75037,150548,(3,9223372036854775807))
Edge(75115,466791,(3,9223372036854775807))
Edge(76232,196253,(3,9223372036854775807))
Edge(76241,257834,(3,9223372036854775807))
Edge(76297,286763,(1,9223372036854775807))
Edge(76504,121852,(3,9223372036854775807))
Edge(77124,321878,(3,9223372036854775807))
Edge(77210,34735,(1,3))
Edge(77422,293050,(3,9223372036854775807))
Edge(77610,499763,(3,9223372036854775807))
Edge(77928,303103,(3,9223372036854775807))
Edge(78347,301751,(3,9223372036854775807))
Edge(78495,473408,(3,9223372036854775807))
Edge(78833,387735,(1,3))
Edge(79026,458789,(3,9223372036854775807))
Edge(79150,243195,(3,9223372036854775807))
Edge(79272,319801,(3,9223372036854775807))
Edge(79507,242684,(1,9223372036854775807))
Edge(79661,366045,(3,9223372036854775807))
Edge(79800,58713,(3,9223372036854775807))
Edge(80084,418563,(3,9223372036854775807))
Edge(80119,207080,(3,9223372036854775807))
Edge(80170,465914,(3,9223372036854775807))
Edge(80326,53356,(3,9223372036854775807))
Edge(80368,134750,(3,9223372036854775807))
Edge(80683,439255,(3,9223372036854775807))
Edge(80689,279926,(1,9223372036854775807))
Edge(81574,385509,(3,9223372036854775807))
Edge(81625,83614,(3,9223372036854775807))
Edge(81849,262045,(3,9223372036854775807))
Edge(81928,199523,(1,3))
Edge(82367,342117,(3,9223372036854775807))
Edge(82552,284629,(3,9223372036854775807))
Edge(83556,371804,(3,9223372036854775807))
Edge(83631,1876,(3,9223372036854775807))
Edge(84373,355087,(3,9223372036854775807))
Edge(84646,167397,(3,9223372036854775807))
Edge(84715,203856,(3,9223372036854775807))
Edge(84775,482738,(3,9223372036854775807))
Edge(84891,116519,(3,9223372036854775807))
Edge(85013,95632,(3,9223372036854775807))
Edge(85300,54460,(3,9223372036854775807))
Edge(85573,458791,(3,9223372036854775807))
Edge(86189,363362,(1,9223372036854775807))
Edge(86992,219280,(1,9223372036854775807))
Edge(87254,490484,(3,9223372036854775807))
Edge(87466,258562,(3,9223372036854775807))
Edge(87506,339638,(3,9223372036854775807))
Edge(88055,493448,(3,9223372036854775807))
Edge(88429,242217,(1,9223372036854775807))
Edge(88466,422760,(3,9223372036854775807))
Edge(88581,470135,(3,9223372036854775807))
Edge(88824,277799,(3,9223372036854775807))
Edge(89692,134270,(1,9223372036854775807))
Edge(89998,448483,(3,9223372036854775807))
Edge(90050,432287,(1,9223372036854775807))
Edge(90322,349540,(1,9223372036854775807))
Edge(91247,129183,(3,9223372036854775807))
Edge(92197,331427,(3,9223372036854775807))
Edge(92427,109289,(3,9223372036854775807))
Edge(92458,150267,(3,9223372036854775807))
Edge(93103,357633,(3,9223372036854775807))
Edge(93295,473661,(3,9223372036854775807))
Edge(93686,29652,(3,9223372036854775807))
Edge(93963,465931,(3,9223372036854775807))
Edge(94251,234884,(3,9223372036854775807))
Edge(94334,29252,(1,9223372036854775807))
Edge(94390,65279,(3,9223372036854775807))
Edge(95186,206336,(3,9223372036854775807))
Edge(95213,187559,(3,9223372036854775807))
Edge(95537,167448,(3,9223372036854775807))
Edge(95700,478499,(3,9223372036854775807))
Edge(95725,276409,(3,9223372036854775807))
Edge(96087,222324,(3,9223372036854775807))
Edge(96094,370597,(3,9223372036854775807))
Edge(96825,119908,(3,9223372036854775807))
Edge(96964,255598,(3,9223372036854775807))
Edge(97246,194929,(1,3))
Edge(97374,347909,(1,9223372036854775807))
Edge(97428,63465,(3,9223372036854775807))
Edge(97648,12657,(1,9223372036854775807))
Edge(97800,282207,(3,9223372036854775807))
Edge(97930,400763,(1,3))
Edge(98271,212354,(1,9223372036854775807))
Edge(98340,292142,(3,9223372036854775807))
Edge(99305,206641,(1,9223372036854775807))
Edge(99356,278240,(3,9223372036854775807))
Edge(99638,78661,(3,9223372036854775807))
Edge(99645,69358,(3,9223372036854775807))
Edge(100104,268386,(3,9223372036854775807))
Edge(100185,359297,(3,9223372036854775807))
Edge(100262,51570,(3,9223372036854775807))
Edge(101187,478534,(3,9223372036854775807))
Edge(101205,68768,(1,3))
Edge(101211,469330,(3,9223372036854775807))
Edge(101982,491617,(3,9223372036854775807))
Edge(102386,434910,(1,3))
Edge(102679,5441,(1,9223372036854775807))
Edge(102685,56499,(3,9223372036854775807))
Edge(102767,121261,(1,3))
Edge(103172,230022,(3,9223372036854775807))
Edge(103627,415540,(3,9223372036854775807))
Edge(104177,175176,(3,9223372036854775807))
Edge(104961,133593,(1,9223372036854775807))
Edge(105823,432574,(3,9223372036854775807))
Edge(105826,114443,(1,9223372036854775807))
Edge(106183,79879,(3,9223372036854775807))
Edge(106463,182587,(3,9223372036854775807))
Edge(106671,264258,(1,3))
Edge(106751,336643,(3,9223372036854775807))
Edge(107488,405219,(3,9223372036854775807))
Edge(107706,175078,(3,9223372036854775807))
Edge(108717,376717,(3,9223372036854775807))
Edge(109157,11351,(3,9223372036854775807))
Edge(109427,343712,(3,9223372036854775807))
Edge(109521,129300,(3,9223372036854775807))
Edge(109880,262390,(3,9223372036854775807))
Edge(109969,338405,(3,9223372036854775807))
Edge(110246,39030,(3,9223372036854775807))
Edge(110295,462021,(3,9223372036854775807))
Edge(110297,36874,(3,9223372036854775807))
Edge(110471,145673,(3,9223372036854775807))
Edge(110972,90049,(3,9223372036854775807))
Edge(111341,357126,(1,9223372036854775807))
Edge(112280,265423,(3,9223372036854775807))
Edge(112708,1524,(3,9223372036854775807))
Edge(112725,58545,(3,9223372036854775807))
Edge(112949,117123,(3,9223372036854775807))
Edge(113102,63741,(3,9223372036854775807))
Edge(113387,56887,(3,9223372036854775807))
Edge(113460,218624,(3,9223372036854775807))
Edge(113541,239152,(3,9223372036854775807))
Edge(113636,433079,(3,9223372036854775807))
Edge(113757,41220,(1,3))
Edge(114465,401743,(3,9223372036854775807))
Edge(114503,28067,(3,9223372036854775807))
Edge(114643,443616,(3,9223372036854775807))
Edge(114789,81566,(3,9223372036854775807))
Edge(114985,184359,(3,9223372036854775807))
Edge(115496,118355,(3,9223372036854775807))
Edge(116219,396487,(3,9223372036854775807))
Edge(116832,473804,(3,9223372036854775807))
Edge(116994,53625,(3,9223372036854775807))
Edge(117250,463595,(3,9223372036854775807))
Edge(117297,35098,(3,9223372036854775807))
Edge(117400,247007,(3,9223372036854775807))
Edge(118592,335013,(1,9223372036854775807))
Edge(118984,122116,(3,9223372036854775807))
Edge(119300,449622,(1,9223372036854775807))
Edge(119339,80434,(3,9223372036854775807))
Edge(119451,446303,(3,9223372036854775807))
Edge(119764,74411,(3,9223372036854775807))
Edge(119799,480138,(4,9223372036854775807))
Edge(120421,303661,(3,9223372036854775807))
Edge(121591,136076,(3,9223372036854775807))
Edge(121741,205366,(3,9223372036854775807))
Edge(121868,255634,(3,9223372036854775807))
Edge(122985,113812,(3,9223372036854775807))
Edge(123268,437973,(1,9223372036854775807))
Edge(123446,297332,(3,9223372036854775807))
Edge(123578,473379,(3,9223372036854775807))
Edge(123630,129619,(3,9223372036854775807))
Edge(123633,112738,(1,3))
Edge(123661,460203,(1,9223372036854775807))
Edge(123729,360228,(3,9223372036854775807))
Edge(124826,346281,(1,9223372036854775807))
Edge(124836,94152,(3,9223372036854775807))
Edge(124971,222663,(3,9223372036854775807))
Edge(124976,10928,(3,9223372036854775807))
Edge(125321,225134,(3,9223372036854775807))
Edge(125360,105370,(3,9223372036854775807))
Edge(125831,469413,(3,9223372036854775807))
Edge(126128,289297,(3,9223372036854775807))
Edge(126514,450830,(3,9223372036854775807))
Edge(126853,415244,(3,9223372036854775807))
Edge(126997,176370,(3,9223372036854775807))
Edge(127199,470006,(3,9223372036854775807))
Edge(127416,172920,(3,9223372036854775807))
Edge(127508,15201,(3,9223372036854775807))
Edge(127645,32357,(3,9223372036854775807))
Edge(127660,173525,(1,3))
Edge(127744,50352,(3,9223372036854775807))
Edge(128167,220957,(1,3))
Edge(128365,51413,(1,9223372036854775807))
Edge(128654,192200,(3,9223372036854775807))
Edge(129093,131357,(3,9223372036854775807))
Edge(129922,314778,(3,9223372036854775807))
Edge(130389,116977,(3,9223372036854775807))
Edge(130671,479900,(3,9223372036854775807))
Edge(130936,301377,(3,9223372036854775807))
Edge(130962,323116,(3,9223372036854775807))
Edge(131079,62026,(3,9223372036854775807))
Edge(132249,472339,(3,9223372036854775807))
Edge(132532,38109,(3,9223372036854775807))
Edge(132876,194265,(3,9223372036854775807))
Edge(133440,434771,(3,9223372036854775807))
Edge(133533,498397,(3,9223372036854775807))
Edge(133659,230300,(3,9223372036854775807))
Edge(133738,393132,(3,9223372036854775807))
Edge(134092,56761,(3,9223372036854775807))
Edge(134595,343192,(3,9223372036854775807))
Edge(134711,448060,(3,9223372036854775807))
Edge(134890,178950,(4,9223372036854775807))
Edge(135153,447711,(3,9223372036854775807))
Edge(135693,134872,(3,9223372036854775807))
Edge(136185,152823,(3,9223372036854775807))
Edge(137183,256903,(3,9223372036854775807))
Edge(137488,62396,(3,9223372036854775807))
Edge(137990,371686,(3,9223372036854775807))
Edge(138132,237617,(1,9223372036854775807))
Edge(138794,470016,(1,9223372036854775807))
Edge(139551,138280,(3,9223372036854775807))
Edge(139602,358350,(1,9223372036854775807))
Edge(140517,402166,(3,9223372036854775807))
Edge(141719,117237,(1,9223372036854775807))
Edge(141841,21097,(3,9223372036854775807))
Edge(141927,206317,(3,9223372036854775807))
Edge(142023,319822,(3,9223372036854775807))
Edge(142263,334301,(1,3))
Edge(142468,196731,(3,9223372036854775807))
Edge(142490,488367,(3,9223372036854775807))
Edge(142949,223813,(3,9223372036854775807))
Edge(142951,85610,(3,9223372036854775807))
Edge(144484,140345,(3,9223372036854775807))
Edge(144761,365169,(3,9223372036854775807))
Edge(145012,386812,(1,3))
Edge(145426,78518,(3,9223372036854775807))
Edge(145850,26950,(1,9223372036854775807))
Edge(145937,280185,(3,9223372036854775807))
Edge(146405,211957,(3,9223372036854775807))
Edge(146500,129943,(1,9223372036854775807))
Edge(146613,387693,(3,9223372036854775807))
Edge(146903,351128,(3,9223372036854775807))
Edge(147000,480468,(3,9223372036854775807))
Edge(147862,29742,(3,9223372036854775807))
Edge(148335,315096,(3,9223372036854775807))
Edge(148382,371197,(3,9223372036854775807))
Edge(148925,473538,(3,9223372036854775807))
Edge(148964,151593,(3,9223372036854775807))
Edge(149006,127880,(3,9223372036854775807))
Edge(149047,390497,(3,9223372036854775807))
Edge(149329,430830,(3,9223372036854775807))
Edge(149653,48398,(3,9223372036854775807))
Edge(150076,121145,(3,9223372036854775807))
Edge(150342,325440,(3,9223372036854775807))
Edge(150442,317759,(1,3))
Edge(150813,181546,(3,9223372036854775807))
Edge(150985,366634,(1,9223372036854775807))
Edge(151105,353875,(1,9223372036854775807))
Edge(151111,457465,(3,9223372036854775807))
Edge(151263,440840,(3,9223372036854775807))
Edge(151858,225562,(1,9223372036854775807))
Edge(152517,357493,(3,9223372036854775807))
Edge(152703,451739,(3,9223372036854775807))
Edge(152818,442996,(3,9223372036854775807))
Edge(152949,273537,(3,9223372036854775807))
Edge(153450,402697,(3,9223372036854775807))
Edge(153560,268270,(3,9223372036854775807))
Edge(153596,94376,(3,9223372036854775807))
Edge(153878,309537,(1,3))
Edge(154870,368063,(3,9223372036854775807))
Edge(156095,218848,(3,9223372036854775807))
Edge(156135,99445,(1,3))
Edge(157229,374047,(1,3))
Edge(157366,223173,(3,9223372036854775807))
Edge(157376,373228,(1,3))
Edge(157687,464620,(3,9223372036854775807))
Edge(158034,31385,(3,9223372036854775807))
Edge(158283,186325,(1,3))
Edge(158345,370964,(1,3))
Edge(158359,30490,(3,9223372036854775807))
Edge(158488,481548,(3,9223372036854775807))
Edge(158695,306302,(3,9223372036854775807))
Edge(158764,203478,(1,9223372036854775807))
Edge(159062,32164,(3,9223372036854775807))
Edge(159102,436821,(3,9223372036854775807))
Edge(159373,56283,(3,9223372036854775807))
Edge(159483,210513,(3,9223372036854775807))
Edge(159591,289915,(3,9223372036854775807))
Edge(159606,262319,(3,9223372036854775807))
Edge(159756,214937,(3,9223372036854775807))
Edge(159797,336950,(3,9223372036854775807))
Edge(160498,234653,(1,9223372036854775807))
Edge(161340,65890,(3,9223372036854775807))
Edge(161584,320905,(3,9223372036854775807))
Edge(162088,17475,(1,3))
Edge(162159,82893,(3,9223372036854775807))
Edge(162442,169713,(3,9223372036854775807))
Edge(163463,109891,(3,9223372036854775807))
Edge(164220,290945,(3,9223372036854775807))
Edge(164628,127490,(3,9223372036854775807))
Edge(165047,481560,(3,9223372036854775807))
Edge(165344,318839,(3,9223372036854775807))
Edge(165406,85960,(3,9223372036854775807))
Edge(165565,339730,(1,3))
Edge(165600,73033,(3,9223372036854775807))
Edge(165611,454856,(3,9223372036854775807))
Edge(165791,128053,(3,9223372036854775807))
Edge(166397,160108,(3,9223372036854775807))
Edge(166694,479716,(3,9223372036854775807))
Edge(166786,273796,(3,9223372036854775807))
Edge(167297,107903,(3,9223372036854775807))
Edge(167804,345937,(3,9223372036854775807))
Edge(167867,283560,(3,9223372036854775807))
Edge(168466,202644,(3,9223372036854775807))
Edge(169329,189449,(3,9223372036854775807))
Edge(169712,444569,(3,9223372036854775807))
Edge(169983,184721,(3,9223372036854775807))
Edge(170041,474609,(3,9223372036854775807))
Edge(170092,341308,(3,9223372036854775807))
Edge(170107,105726,(1,9223372036854775807))
Edge(170174,252932,(3,9223372036854775807))
Edge(170400,451866,(3,9223372036854775807))
Edge(171145,474982,(3,9223372036854775807))
Edge(171416,38869,(3,9223372036854775807))
Edge(171596,123803,(1,3))
Edge(171682,304113,(3,9223372036854775807))
Edge(171855,60027,(3,9223372036854775807))
Edge(171858,19801,(3,9223372036854775807))
Edge(171903,107674,(3,9223372036854775807))
Edge(171971,106229,(3,9223372036854775807))
Edge(172016,257985,(4,9223372036854775807))
Edge(172914,88295,(3,9223372036854775807))
Edge(173422,489988,(1,3))
Edge(173842,219830,(1,9223372036854775807))
Edge(174080,478961,(3,9223372036854775807))
Edge(174461,316321,(3,9223372036854775807))
Edge(175157,297646,(3,9223372036854775807))
Edge(175169,305064,(3,9223372036854775807))
Edge(175408,287370,(3,9223372036854775807))
Edge(175473,166910,(3,9223372036854775807))
Edge(175534,67552,(3,9223372036854775807))
Edge(175596,332131,(3,9223372036854775807))
Edge(175627,327191,(3,9223372036854775807))
Edge(176022,330745,(1,3))
Edge(176386,339783,(3,9223372036854775807))
Edge(177050,72577,(3,9223372036854775807))
Edge(177100,262505,(3,9223372036854775807))
Edge(177233,232824,(3,9223372036854775807))
Edge(177296,409599,(3,9223372036854775807))
Edge(178152,274116,(3,9223372036854775807))
Edge(178236,101175,(3,9223372036854775807))
Edge(178293,331707,(3,9223372036854775807))
Edge(178393,203591,(3,9223372036854775807))
Edge(178580,81325,(3,9223372036854775807))
Edge(179150,426177,(3,9223372036854775807))
Edge(179488,317357,(3,9223372036854775807))
Edge(179571,480493,(1,3))
Edge(179632,311215,(1,9223372036854775807))
Edge(179768,103843,(1,9223372036854775807))
Edge(179989,296744,(3,9223372036854775807))
Edge(181004,183072,(3,9223372036854775807))
Edge(182001,141214,(3,9223372036854775807))
Edge(182516,452948,(3,9223372036854775807))
Edge(182660,317210,(3,9223372036854775807))
Edge(183648,490841,(3,9223372036854775807))
Edge(183938,39495,(1,3))
Edge(184337,44990,(3,9223372036854775807))
Edge(184736,419552,(3,9223372036854775807))
Edge(185006,370987,(3,9223372036854775807))
Edge(185424,251789,(3,9223372036854775807))
Edge(185757,276693,(1,3))
Edge(186109,49259,(1,9223372036854775807))
Edge(186132,10851,(1,9223372036854775807))
Edge(186214,157750,(3,9223372036854775807))
Edge(186556,290103,(1,9223372036854775807))
Edge(186578,262851,(3,9223372036854775807))
Edge(186991,161160,(3,9223372036854775807))
Edge(187089,185720,(3,9223372036854775807))
Edge(187332,410809,(3,9223372036854775807))
Edge(187495,128656,(3,9223372036854775807))
Edge(187652,371551,(3,9223372036854775807))
Edge(187660,187049,(3,9223372036854775807))
Edge(187732,451486,(1,3))
Edge(188156,36932,(3,9223372036854775807))
Edge(188171,339775,(3,9223372036854775807))
Edge(188752,170882,(3,9223372036854775807))
Edge(188784,434342,(1,3))
Edge(189305,264431,(3,9223372036854775807))
Edge(189576,382421,(3,9223372036854775807))
Edge(190788,48395,(1,9223372036854775807))
Edge(190973,410501,(3,9223372036854775807))
Edge(191243,404903,(3,9223372036854775807))
Edge(192034,19725,(3,9223372036854775807))
Edge(192071,274131,(3,9223372036854775807))
Edge(192079,443183,(1,9223372036854775807))
Edge(192439,320857,(3,9223372036854775807))
Edge(192447,451254,(1,9223372036854775807))
Edge(192928,427536,(3,9223372036854775807))
Edge(193013,498793,(1,9223372036854775807))
Edge(193386,211531,(1,9223372036854775807))
Edge(193474,188018,(3,9223372036854775807))
Edge(193874,243025,(3,9223372036854775807))
Edge(194048,305478,(3,9223372036854775807))
Edge(194615,240637,(3,9223372036854775807))
Edge(194631,243650,(3,9223372036854775807))
Edge(194634,231064,(1,9223372036854775807))
Edge(195268,318550,(3,9223372036854775807))
Edge(195523,181602,(3,9223372036854775807))
Edge(195682,440635,(1,3))
Edge(195717,2409,(3,9223372036854775807))
Edge(196342,319509,(3,9223372036854775807))
Edge(197160,200733,(3,9223372036854775807))
Edge(197164,259844,(3,9223372036854775807))
Edge(197460,138605,(3,9223372036854775807))
Edge(198081,367060,(3,9223372036854775807))
Edge(198279,211126,(3,9223372036854775807))
Edge(198499,119494,(3,9223372036854775807))
Edge(198603,16832,(1,3))
Edge(198722,389088,(3,9223372036854775807))
Edge(199075,43188,(3,9223372036854775807))
Edge(199454,467236,(3,9223372036854775807))
Edge(199484,38398,(1,9223372036854775807))
Edge(199928,68958,(3,9223372036854775807))
Edge(199929,170317,(4,9223372036854775807))
Edge(200334,368305,(3,9223372036854775807))
Edge(200951,6668,(1,9223372036854775807))
Edge(201201,130730,(3,9223372036854775807))
Edge(201335,76386,(3,9223372036854775807))
Edge(201335,347364,(3,9223372036854775807))
Edge(201437,303926,(3,9223372036854775807))
Edge(201625,324025,(3,9223372036854775807))
Edge(201876,296383,(3,9223372036854775807))
Edge(201916,355425,(3,9223372036854775807))
Edge(202414,146159,(3,9223372036854775807))
Edge(202774,429589,(3,9223372036854775807))
Edge(203073,56267,(3,9223372036854775807))
Edge(203111,349117,(1,9223372036854775807))
Edge(203145,79611,(1,9223372036854775807))
Edge(203360,209820,(3,9223372036854775807))
Edge(203429,30741,(3,9223372036854775807))
Edge(203609,12901,(3,9223372036854775807))
Edge(203864,1905,(1,3))
Edge(203946,491289,(3,9223372036854775807))
Edge(204067,48185,(3,9223372036854775807))
Edge(204159,81857,(3,9223372036854775807))
Edge(204186,147256,(1,9223372036854775807))
Edge(204692,466848,(1,3))
Edge(205034,473752,(3,9223372036854775807))
Edge(205170,424099,(3,9223372036854775807))
Edge(205421,74009,(3,9223372036854775807))
Edge(205934,203428,(3,9223372036854775807))
Edge(206002,421034,(3,9223372036854775807))
Edge(206550,8604,(3,9223372036854775807))
Edge(206591,282600,(3,9223372036854775807))
Edge(207116,131246,(3,9223372036854775807))
Edge(207286,210304,(3,9223372036854775807))
Edge(207451,455104,(3,9223372036854775807))
Edge(207517,381963,(3,9223372036854775807))
Edge(207561,263833,(3,9223372036854775807))
Edge(207659,74804,(1,3))
Edge(208160,17975,(3,9223372036854775807))
Edge(208432,492240,(3,9223372036854775807))
Edge(208577,382993,(3,9223372036854775807))
Edge(208865,484358,(3,9223372036854775807))
Edge(208968,26919,(3,9223372036854775807))
Edge(208969,170819,(3,9223372036854775807))
Edge(209044,385707,(3,9223372036854775807))
Edge(209459,287100,(3,9223372036854775807))
Edge(209533,15120,(3,9223372036854775807))
Edge(210482,374305,(3,9223372036854775807))
Edge(210521,78405,(1,9223372036854775807))
Edge(211110,453384,(3,9223372036854775807))
Edge(211195,98148,(3,9223372036854775807))
Edge(211425,22956,(3,9223372036854775807))
Edge(211516,68609,(3,9223372036854775807))
Edge(211656,16655,(3,9223372036854775807))
Edge(211767,292022,(3,9223372036854775807))
Edge(212650,159435,(3,9223372036854775807))
Edge(212813,435609,(3,9223372036854775807))
Edge(212977,8984,(3,9223372036854775807))
Edge(213112,480088,(3,9223372036854775807))
Edge(213570,44226,(3,9223372036854775807))
Edge(213675,51440,(3,9223372036854775807))
Edge(213724,270046,(3,9223372036854775807))
Edge(214470,239437,(3,9223372036854775807))
Edge(215386,370684,(3,9223372036854775807))
Edge(215666,245036,(3,9223372036854775807))
Edge(216495,168303,(3,9223372036854775807))
Edge(216783,326919,(3,9223372036854775807))
Edge(217598,341364,(1,3))
Edge(218007,270127,(3,9223372036854775807))
Edge(218265,199099,(3,9223372036854775807))
Edge(218380,443520,(3,9223372036854775807))
Edge(218426,91199,(3,9223372036854775807))
Edge(218776,312550,(3,9223372036854775807))
Edge(219313,407859,(3,9223372036854775807))
Edge(219466,493857,(1,3))
Edge(219467,240567,(3,9223372036854775807))
Edge(219968,81165,(3,9223372036854775807))
Edge(220060,84276,(3,9223372036854775807))
Edge(220114,117953,(1,3))
Edge(220189,361630,(1,9223372036854775807))
Edge(220240,200058,(1,9223372036854775807))
Edge(220415,96579,(3,9223372036854775807))
Edge(220949,418636,(1,3))
Edge(220999,468570,(3,9223372036854775807))
Edge(222635,293653,(3,9223372036854775807))
Edge(222872,5968,(3,9223372036854775807))
Edge(223375,170587,(1,9223372036854775807))
Edge(224143,88174,(3,9223372036854775807))
Edge(224221,410780,(3,9223372036854775807))
Edge(224900,362024,(3,9223372036854775807))
Edge(225558,137625,(3,9223372036854775807))
Edge(225587,244578,(3,9223372036854775807))
Edge(225731,287067,(1,3))
Edge(226288,31846,(3,9223372036854775807))
Edge(226664,236421,(3,9223372036854775807))
Edge(226740,177701,(1,3))
Edge(226838,12830,(3,9223372036854775807))
Edge(226875,188083,(3,9223372036854775807))
Edge(227185,104764,(3,9223372036854775807))
Edge(227680,90848,(1,3))
Edge(227691,93657,(3,9223372036854775807))
Edge(228845,140227,(3,9223372036854775807))
Edge(228966,78900,(1,9223372036854775807))
Edge(229006,255577,(3,9223372036854775807))
Edge(229600,361159,(3,9223372036854775807))
Edge(229822,132827,(3,9223372036854775807))
Edge(230036,414871,(1,9223372036854775807))
Edge(230231,452489,(3,9223372036854775807))
Edge(230330,345388,(3,9223372036854775807))
Edge(230494,46900,(3,9223372036854775807))
Edge(230500,308401,(1,3))
Edge(230512,82218,(3,9223372036854775807))
Edge(230650,441915,(3,9223372036854775807))
Edge(230771,484056,(1,3))
Edge(230818,483495,(4,9223372036854775807))
Edge(230939,480508,(1,9223372036854775807))
Edge(231858,330766,(3,9223372036854775807))
Edge(232002,347417,(3,9223372036854775807))
Edge(233068,65193,(3,9223372036854775807))
Edge(233424,170386,(3,9223372036854775807))
Edge(233472,362944,(3,9223372036854775807))
Edge(233524,401732,(3,9223372036854775807))
Edge(233817,2154,(3,9223372036854775807))
Edge(233847,493116,(3,9223372036854775807))
Edge(234115,369214,(3,9223372036854775807))
Edge(234766,441443,(3,9223372036854775807))
Edge(235112,98121,(3,9223372036854775807))
Edge(235734,486581,(3,9223372036854775807))
Edge(235932,116791,(1,9223372036854775807))
Edge(236450,357709,(1,9223372036854775807))
Edge(236492,7346,(3,9223372036854775807))
Edge(236893,401234,(1,3))
Edge(236932,253544,(1,3))
Edge(237010,304057,(3,9223372036854775807))
Edge(237291,283835,(3,9223372036854775807))
Edge(237307,153797,(1,9223372036854775807))
Edge(237325,377633,(3,9223372036854775807))
Edge(237614,117287,(1,9223372036854775807))
Edge(238138,363511,(3,9223372036854775807))
Edge(238200,26910,(1,9223372036854775807))
Edge(238275,102183,(3,9223372036854775807))
Edge(238310,99251,(3,9223372036854775807))
Edge(238629,117728,(3,9223372036854775807))
Edge(238863,264286,(1,9223372036854775807))
Edge(239188,82165,(3,9223372036854775807))
Edge(239313,65747,(3,9223372036854775807))
Edge(239701,253972,(1,9223372036854775807))
Edge(239926,330432,(1,3))
Edge(240277,440700,(3,9223372036854775807))
Edge(240577,312812,(3,9223372036854775807))
Edge(240636,382305,(3,9223372036854775807))
Edge(240742,321643,(3,9223372036854775807))
Edge(240904,220242,(3,9223372036854775807))
Edge(241413,78853,(3,9223372036854775807))
Edge(241508,408475,(3,9223372036854775807))
Edge(241644,47787,(3,9223372036854775807))
Edge(241835,12294,(3,9223372036854775807))
Edge(242421,87676,(3,9223372036854775807))
Edge(242551,222214,(3,9223372036854775807))
Edge(243030,76874,(3,9223372036854775807))
Edge(243719,331781,(1,9223372036854775807))
Edge(243846,419184,(3,9223372036854775807))
Edge(244059,206596,(3,9223372036854775807))
Edge(244523,69054,(3,9223372036854775807))
Edge(244585,42935,(3,9223372036854775807))
Edge(244746,372519,(3,9223372036854775807))
Edge(244749,355357,(3,9223372036854775807))
Edge(244867,83721,(3,9223372036854775807))
Edge(245312,252042,(1,9223372036854775807))
Edge(245477,420474,(3,9223372036854775807))
Edge(245939,143807,(3,9223372036854775807))
Edge(246193,308673,(3,9223372036854775807))
Edge(246210,491961,(3,9223372036854775807))
Edge(246265,31951,(3,9223372036854775807))
Edge(246293,425157,(3,9223372036854775807))
Edge(246842,379227,(1,3))
Edge(247101,354122,(3,9223372036854775807))
Edge(247209,342184,(3,9223372036854775807))
Edge(247327,193153,(3,9223372036854775807))
Edge(247425,85262,(3,9223372036854775807))
Edge(249063,407942,(3,9223372036854775807))
Edge(249090,460512,(3,9223372036854775807))
Edge(249214,481564,(3,9223372036854775807))
Edge(250011,363283,(1,9223372036854775807))
Edge(250702,162596,(3,9223372036854775807))
Edge(251500,372833,(3,9223372036854775807))
Edge(251625,89981,(3,9223372036854775807))
Edge(251713,195776,(1,3))
Edge(251925,115134,(3,9223372036854775807))
Edge(252461,151571,(3,9223372036854775807))
Edge(252541,143556,(3,9223372036854775807))
Edge(252757,110008,(3,9223372036854775807))
Edge(253330,356801,(3,9223372036854775807))
Edge(253851,1639,(3,9223372036854775807))
Edge(254376,281524,(1,3))
Edge(254477,194512,(1,9223372036854775807))
Edge(255058,305171,(1,9223372036854775807))
Edge(255269,86568,(3,9223372036854775807))
Edge(255881,314475,(3,9223372036854775807))
Edge(256125,267344,(1,9223372036854775807))
Edge(256283,410222,(3,9223372036854775807))
Edge(256419,58278,(3,9223372036854775807))
Edge(256566,330400,(3,9223372036854775807))
Edge(257793,65581,(3,9223372036854775807))
Edge(258866,209099,(3,9223372036854775807))
Edge(259128,185301,(3,9223372036854775807))
Edge(259618,15239,(3,9223372036854775807))
Edge(259700,495372,(3,9223372036854775807))
Edge(260211,780,(1,9223372036854775807))
Edge(260247,376787,(3,9223372036854775807))
Edge(260504,342445,(3,9223372036854775807))
Edge(261358,232721,(3,9223372036854775807))
Edge(262737,340397,(3,9223372036854775807))
Edge(262780,212579,(3,9223372036854775807))
Edge(262784,29400,(3,9223372036854775807))
Edge(263258,118372,(3,9223372036854775807))
Edge(263485,452322,(3,9223372036854775807))
Edge(263902,276356,(1,9223372036854775807))
Edge(263928,249604,(3,9223372036854775807))
Edge(264257,358487,(3,9223372036854775807))
Edge(264623,197419,(3,9223372036854775807))
Edge(265349,372276,(1,3))
Edge(265445,223386,(3,9223372036854775807))
Edge(265580,449388,(3,9223372036854775807))
Edge(265603,464087,(3,9223372036854775807))
Edge(265750,268644,(3,9223372036854775807))
Edge(266523,369522,(3,9223372036854775807))
Edge(267881,201952,(1,9223372036854775807))
Edge(267908,280158,(3,9223372036854775807))
Edge(268218,191681,(3,9223372036854775807))
Edge(268442,300487,(3,9223372036854775807))
Edge(268923,339778,(3,9223372036854775807))
Edge(269007,67155,(3,9223372036854775807))
Edge(269264,173386,(3,9223372036854775807))
Edge(269907,427717,(3,9223372036854775807))
Edge(270415,491470,(3,9223372036854775807))
Edge(270714,375750,(3,9223372036854775807))
Edge(271146,469219,(3,9223372036854775807))
Edge(271204,186669,(3,9223372036854775807))
Edge(271248,4191,(3,9223372036854775807))
Edge(271439,207425,(1,9223372036854775807))
Edge(272863,420332,(1,9223372036854775807))
Edge(272923,418393,(3,9223372036854775807))
Edge(273188,203012,(3,9223372036854775807))
Edge(273568,137430,(1,9223372036854775807))
Edge(273630,162081,(3,9223372036854775807))
Edge(273758,463896,(3,9223372036854775807))
Edge(273792,411048,(3,9223372036854775807))
Edge(273942,498688,(3,9223372036854775807))
Edge(274560,272347,(3,9223372036854775807))
Edge(274577,239240,(1,3))
Edge(274784,63087,(3,9223372036854775807))
Edge(275484,466436,(3,9223372036854775807))
Edge(275605,199407,(3,9223372036854775807))
Edge(275897,129899,(3,9223372036854775807))
Edge(275922,406991,(1,3))
Edge(276250,152963,(3,9223372036854775807))
Edge(276278,157995,(3,9223372036854775807))
Edge(276644,402711,(3,9223372036854775807))
Edge(276761,84130,(3,9223372036854775807))
Edge(277830,83867,(3,9223372036854775807))
Edge(277926,213107,(3,9223372036854775807))
Edge(278190,415014,(1,3))
Edge(278242,26749,(1,3))
Edge(278625,482177,(3,9223372036854775807))
Edge(278792,247574,(3,9223372036854775807))
Edge(279033,228985,(3,9223372036854775807))
Edge(279047,34868,(3,9223372036854775807))
Edge(279839,135242,(3,9223372036854775807))
Edge(280364,449318,(3,9223372036854775807))
Edge(280607,23603,(1,3))
Edge(280872,5565,(1,9223372036854775807))
Edge(280880,430814,(3,9223372036854775807))
Edge(282418,373708,(3,9223372036854775807))
Edge(282656,34051,(3,9223372036854775807))
Edge(283066,148747,(3,9223372036854775807))
Edge(283531,447018,(3,9223372036854775807))
Edge(284154,498763,(3,9223372036854775807))
Edge(284219,24432,(3,9223372036854775807))
Edge(284369,237830,(3,9223372036854775807))
Edge(284853,131056,(3,9223372036854775807))
Edge(285045,239112,(3,9223372036854775807))
Edge(285118,3416,(1,3))
Edge(285373,97256,(3,9223372036854775807))
Edge(285418,431079,(3,9223372036854775807))
Edge(285459,297674,(1,9223372036854775807))
Edge(285586,435313,(1,3))
Edge(285742,458978,(3,9223372036854775807))
Edge(285880,322758,(3,9223372036854775807))
Edge(285895,477277,(3,9223372036854775807))
Edge(286441,326618,(3,9223372036854775807))
Edge(287412,246330,(3,9223372036854775807))
Edge(288033,115773,(3,9223372036854775807))
Edge(288399,39494,(3,9223372036854775807))
Edge(288916,169538,(3,9223372036854775807))
Edge(288955,295816,(3,9223372036854775807))
Edge(289345,380866,(3,9223372036854775807))
Edge(289493,231084,(3,9223372036854775807))
Edge(289655,299341,(3,9223372036854775807))
Edge(290058,270616,(4,9223372036854775807))
Edge(290349,448043,(1,3))
Edge(290462,423739,(3,9223372036854775807))
Edge(290529,447331,(3,9223372036854775807))
Edge(290764,428762,(3,9223372036854775807))
Edge(290776,39374,(1,3))
Edge(290918,165871,(1,3))
Edge(291190,379078,(1,9223372036854775807))
Edge(291194,28320,(3,9223372036854775807))
Edge(291566,393599,(3,9223372036854775807))
Edge(291857,413962,(3,9223372036854775807))
Edge(292119,315725,(1,3))
Edge(292208,107399,(3,9223372036854775807))
Edge(292526,280740,(3,9223372036854775807))
Edge(292541,24952,(3,9223372036854775807))
Edge(292697,9096,(3,9223372036854775807))
Edge(292722,478147,(3,9223372036854775807))
Edge(292739,251895,(3,9223372036854775807))
Edge(292967,293983,(3,9223372036854775807))
Edge(293205,217641,(3,9223372036854775807))
Edge(293480,29104,(3,9223372036854775807))
Edge(293749,120893,(3,9223372036854775807))
Edge(293796,146195,(1,9223372036854775807))
Edge(293898,86766,(3,9223372036854775807))
Edge(293917,454652,(3,9223372036854775807))
Edge(294286,62751,(3,9223372036854775807))
Edge(294861,326732,(3,9223372036854775807))
Edge(295413,166444,(3,9223372036854775807))
Edge(295551,375508,(3,9223372036854775807))
Edge(295640,18499,(3,9223372036854775807))
Edge(296296,179839,(1,9223372036854775807))
Edge(296570,253143,(3,9223372036854775807))
Edge(296628,263035,(1,9223372036854775807))
Edge(296653,214424,(3,9223372036854775807))
Edge(296843,60459,(1,9223372036854775807))
Edge(297013,429345,(3,9223372036854775807))
Edge(297553,2145,(3,9223372036854775807))
Edge(297782,327984,(3,9223372036854775807))
Edge(297917,304489,(3,9223372036854775807))
Edge(297942,324694,(3,9223372036854775807))
Edge(298372,456228,(3,9223372036854775807))
Edge(298471,290746,(3,9223372036854775807))
Edge(299117,38750,(3,9223372036854775807))
Edge(299184,3713,(3,9223372036854775807))
Edge(299729,71890,(3,9223372036854775807))
Edge(299968,230810,(3,9223372036854775807))
Edge(300661,185425,(3,9223372036854775807))
Edge(301243,27909,(3,9223372036854775807))
Edge(301252,62070,(1,9223372036854775807))
Edge(301720,289741,(1,9223372036854775807))
Edge(301794,451792,(3,9223372036854775807))
Edge(302010,169510,(3,9223372036854775807))
Edge(302674,175495,(3,9223372036854775807))
Edge(302697,168377,(3,9223372036854775807))
Edge(302750,406226,(3,9223372036854775807))
Edge(302838,193466,(1,9223372036854775807))
Edge(303073,184039,(3,9223372036854775807))
Edge(303124,45463,(3,9223372036854775807))
Edge(303163,189489,(3,9223372036854775807))
Edge(303616,37378,(3,9223372036854775807))
Edge(303998,394549,(1,9223372036854775807))
Edge(304013,452961,(3,9223372036854775807))
Edge(304151,259184,(3,9223372036854775807))
Edge(304200,223805,(3,9223372036854775807))
Edge(304325,427239,(1,9223372036854775807))
Edge(305038,257224,(3,9223372036854775807))
Edge(305452,327124,(1,9223372036854775807))
Edge(305583,209508,(3,9223372036854775807))
Edge(306372,281494,(3,9223372036854775807))
Edge(306414,163927,(1,9223372036854775807))
Edge(306859,490593,(3,9223372036854775807))
Edge(307167,276645,(3,9223372036854775807))
Edge(307377,484792,(1,3))
Edge(307387,94309,(3,9223372036854775807))
Edge(307416,211635,(3,9223372036854775807))
Edge(307689,358059,(1,9223372036854775807))
Edge(307816,291543,(3,9223372036854775807))
Edge(308012,135439,(3,9223372036854775807))
Edge(308623,415684,(3,9223372036854775807))
Edge(308959,29000,(1,9223372036854775807))
Edge(309192,137936,(3,9223372036854775807))
Edge(309513,392717,(3,9223372036854775807))
Edge(309699,267533,(1,9223372036854775807))
Edge(309713,183793,(3,9223372036854775807))
Edge(309867,73459,(3,9223372036854775807))
Edge(310329,226228,(3,9223372036854775807))
Edge(310345,300234,(3,9223372036854775807))
Edge(310456,480389,(3,9223372036854775807))
Edge(310797,128484,(3,9223372036854775807))
Edge(310829,440545,(3,9223372036854775807))
Edge(310877,454449,(3,9223372036854775807))
Edge(310922,305670,(3,9223372036854775807))
Edge(311020,133330,(3,9223372036854775807))
Edge(311066,321196,(3,9223372036854775807))
Edge(311115,297388,(3,9223372036854775807))
Edge(311510,15372,(3,9223372036854775807))
Edge(311913,130685,(3,9223372036854775807))
Edge(312263,164578,(3,9223372036854775807))
Edge(312753,85404,(1,9223372036854775807))
Edge(312772,449720,(3,9223372036854775807))
Edge(313216,38545,(3,9223372036854775807))
Edge(313661,374227,(3,9223372036854775807))
Edge(313828,264820,(3,9223372036854775807))
Edge(313963,254187,(3,9223372036854775807))
Edge(314010,359397,(3,9223372036854775807))
Edge(314174,85103,(3,9223372036854775807))
Edge(314523,340635,(1,9223372036854775807))
Edge(315151,356124,(3,9223372036854775807))
Edge(315322,372513,(1,9223372036854775807))
Edge(315587,127205,(3,9223372036854775807))
Edge(315802,396038,(4,9223372036854775807))
Edge(316851,132108,(3,9223372036854775807))
Edge(316892,43890,(3,9223372036854775807))
Edge(316924,153143,(3,9223372036854775807))
Edge(317174,442227,(3,9223372036854775807))
Edge(317244,434608,(3,9223372036854775807))
Edge(317386,463307,(3,9223372036854775807))
Edge(318022,386826,(3,9223372036854775807))
Edge(318117,101771,(1,3))
Edge(318173,496357,(3,9223372036854775807))
Edge(318598,150011,(1,9223372036854775807))
Edge(318837,300551,(3,9223372036854775807))
Edge(319221,439202,(3,9223372036854775807))
Edge(319837,364688,(3,9223372036854775807))
Edge(319861,309465,(3,9223372036854775807))
Edge(320261,179615,(3,9223372036854775807))
Edge(320380,460140,(3,9223372036854775807))
Edge(320590,25860,(1,9223372036854775807))
Edge(320606,265985,(3,9223372036854775807))
Edge(320809,210451,(3,9223372036854775807))
Edge(320875,363991,(3,9223372036854775807))
Edge(321378,396527,(3,9223372036854775807))
Edge(321712,174126,(1,9223372036854775807))
Edge(321745,112045,(1,3))
Edge(322038,324612,(3,9223372036854775807))
Edge(322046,104959,(3,9223372036854775807))
Edge(322121,399984,(3,9223372036854775807))
Edge(322219,407128,(3,9223372036854775807))
Edge(322229,370948,(3,9223372036854775807))
Edge(322741,53846,(3,9223372036854775807))
Edge(323459,5864,(1,9223372036854775807))
Edge(323483,268411,(3,9223372036854775807))
Edge(324044,468788,(3,9223372036854775807))
Edge(324077,478571,(3,9223372036854775807))
Edge(324242,181008,(3,9223372036854775807))
Edge(324625,450576,(1,3))
Edge(324745,315241,(3,9223372036854775807))
Edge(324778,491347,(4,9223372036854775807))
Edge(324813,349463,(3,9223372036854775807))
Edge(324865,404057,(1,9223372036854775807))
Edge(325072,61069,(3,9223372036854775807))
Edge(325543,304520,(3,9223372036854775807))
Edge(325597,147157,(3,9223372036854775807))
Edge(325769,231129,(3,9223372036854775807))
Edge(326060,309162,(1,9223372036854775807))
Edge(327080,464783,(3,9223372036854775807))
Edge(327124,364648,(3,9223372036854775807))
Edge(327248,233511,(3,9223372036854775807))
Edge(327842,425774,(3,9223372036854775807))
Edge(327878,155899,(3,9223372036854775807))
Edge(328276,192079,(3,9223372036854775807))
Edge(328366,272289,(3,9223372036854775807))
Edge(328474,494394,(3,9223372036854775807))
Edge(328937,320951,(3,9223372036854775807))
Edge(329325,269484,(3,9223372036854775807))
Edge(329389,294684,(3,9223372036854775807))
Edge(329989,352672,(3,9223372036854775807))
Edge(330108,334557,(3,9223372036854775807))
Edge(330224,379267,(3,9223372036854775807))
Edge(331192,250769,(3,9223372036854775807))
Edge(331206,345765,(3,9223372036854775807))
Edge(331974,427787,(3,9223372036854775807))
Edge(332532,36137,(3,9223372036854775807))
Edge(332545,303752,(3,9223372036854775807))
Edge(332632,92488,(3,9223372036854775807))
Edge(332761,32787,(3,9223372036854775807))
Edge(332793,453500,(1,3))
Edge(333259,247743,(3,9223372036854775807))
Edge(333425,464146,(3,9223372036854775807))
Edge(333573,200566,(3,9223372036854775807))
Edge(335139,373786,(3,9223372036854775807))
Edge(335151,410640,(1,9223372036854775807))
Edge(335337,385768,(3,9223372036854775807))
Edge(335595,394838,(3,9223372036854775807))
Edge(335844,201819,(1,3))
Edge(336366,198818,(3,9223372036854775807))
Edge(336485,419583,(3,9223372036854775807))
Edge(336574,44105,(3,9223372036854775807))
Edge(336764,440398,(3,9223372036854775807))
Edge(337640,29017,(3,9223372036854775807))
Edge(337875,350367,(3,9223372036854775807))
Edge(338141,98748,(3,9223372036854775807))
Edge(338675,387766,(3,9223372036854775807))
Edge(338959,143681,(3,9223372036854775807))
Edge(339689,302429,(3,9223372036854775807))
Edge(339793,310932,(3,9223372036854775807))
Edge(339922,351934,(3,9223372036854775807))
Edge(340019,171085,(3,9223372036854775807))
Edge(340119,435160,(3,9223372036854775807))
Edge(340657,240875,(3,9223372036854775807))
Edge(341127,294096,(1,9223372036854775807))
Edge(341345,208136,(1,3))
Edge(341611,16777,(3,9223372036854775807))
Edge(342624,10558,(1,9223372036854775807))
Edge(342827,146342,(3,9223372036854775807))
Edge(342949,154974,(3,9223372036854775807))
Edge(343078,354492,(3,9223372036854775807))
Edge(343350,218925,(3,9223372036854775807))
Edge(343410,320550,(3,9223372036854775807))
Edge(343522,329668,(3,9223372036854775807))
Edge(343741,3312,(3,9223372036854775807))
Edge(343865,328194,(3,9223372036854775807))
Edge(343957,120522,(3,9223372036854775807))
Edge(344754,432597,(3,9223372036854775807))
Edge(344964,424118,(1,9223372036854775807))
Edge(345325,77305,(3,9223372036854775807))
Edge(345692,433785,(3,9223372036854775807))
Edge(345709,23444,(3,9223372036854775807))
Edge(346375,243943,(3,9223372036854775807))
Edge(346624,247850,(3,9223372036854775807))
Edge(346704,122758,(3,9223372036854775807))
Edge(347000,486667,(3,9223372036854775807))
Edge(347223,100198,(3,9223372036854775807))
Edge(347980,143132,(3,9223372036854775807))
Edge(348203,107398,(3,9223372036854775807))
Edge(348339,404,(1,9223372036854775807))
Edge(348738,495180,(3,9223372036854775807))
Edge(348765,285096,(3,9223372036854775807))
Edge(348862,54800,(3,9223372036854775807))
Edge(349096,238294,(3,9223372036854775807))
Edge(349197,244728,(1,9223372036854775807))
Edge(349220,350414,(3,9223372036854775807))
Edge(349569,463855,(3,9223372036854775807))
Edge(349808,330118,(1,9223372036854775807))
Edge(349811,157335,(3,9223372036854775807))
Edge(350262,189815,(3,9223372036854775807))
Edge(350986,142541,(1,9223372036854775807))
Edge(351072,327332,(3,9223372036854775807))
Edge(352572,83129,(3,9223372036854775807))
Edge(352705,43825,(3,9223372036854775807))
Edge(352886,169963,(1,9223372036854775807))
Edge(353117,176993,(3,9223372036854775807))
Edge(353439,414095,(1,9223372036854775807))
Edge(353894,419422,(3,9223372036854775807))
Edge(354150,210078,(3,9223372036854775807))
Edge(354251,140425,(3,9223372036854775807))
Edge(354298,126336,(1,9223372036854775807))
Edge(354531,364974,(3,9223372036854775807))
Edge(354616,154836,(3,9223372036854775807))
Edge(354837,114229,(1,9223372036854775807))
Edge(354891,96673,(3,9223372036854775807))
Edge(355235,441210,(3,9223372036854775807))
Edge(355661,254376,(3,9223372036854775807))
Edge(356064,295707,(3,9223372036854775807))
Edge(357496,248292,(3,9223372036854775807))
Edge(357516,344983,(3,9223372036854775807))
Edge(357592,231525,(1,9223372036854775807))
Edge(357772,216809,(3,9223372036854775807))
Edge(357849,153607,(3,9223372036854775807))
Edge(357893,355435,(3,9223372036854775807))
Edge(358030,446517,(3,9223372036854775807))
Edge(358227,304264,(3,9223372036854775807))
Edge(358507,392261,(1,9223372036854775807))
Edge(358710,93603,(3,9223372036854775807))
Edge(358715,27488,(3,9223372036854775807))
Edge(359142,153039,(3,9223372036854775807))
Edge(359261,244885,(3,9223372036854775807))
Edge(359446,193476,(3,9223372036854775807))
Edge(359708,347184,(3,9223372036854775807))
Edge(360365,341183,(1,9223372036854775807))
Edge(360777,26486,(3,9223372036854775807))
Edge(361095,113574,(3,9223372036854775807))
Edge(361101,462642,(3,9223372036854775807))
Edge(361669,418382,(3,9223372036854775807))
Edge(361708,356075,(3,9223372036854775807))
Edge(361825,114808,(1,9223372036854775807))
Edge(362197,165684,(3,9223372036854775807))
Edge(362335,418252,(3,9223372036854775807))
Edge(362490,391336,(3,9223372036854775807))
Edge(362757,304168,(3,9223372036854775807))
Edge(363040,172180,(3,9223372036854775807))
Edge(363125,358866,(3,9223372036854775807))
Edge(363207,242208,(3,9223372036854775807))
Edge(363724,317766,(3,9223372036854775807))
Edge(363954,118635,(3,9223372036854775807))
Edge(364313,378527,(1,9223372036854775807))
Edge(365173,431236,(3,9223372036854775807))
Edge(365291,256825,(3,9223372036854775807))
Edge(365296,425403,(3,9223372036854775807))
Edge(365738,259431,(3,9223372036854775807))
Edge(366552,244812,(3,9223372036854775807))
Edge(366919,74113,(3,9223372036854775807))
Edge(366933,316605,(3,9223372036854775807))
Edge(367425,66064,(3,9223372036854775807))
Edge(367475,110856,(3,9223372036854775807))
Edge(367748,463274,(3,9223372036854775807))
Edge(368360,183190,(3,9223372036854775807))
Edge(368424,201394,(3,9223372036854775807))
Edge(368558,112819,(1,9223372036854775807))
Edge(368607,112540,(3,9223372036854775807))
Edge(368768,366789,(3,9223372036854775807))
Edge(368921,271912,(1,9223372036854775807))
Edge(369401,413878,(3,9223372036854775807))
Edge(369407,237522,(3,9223372036854775807))
Edge(369867,228622,(3,9223372036854775807))
Edge(370127,179373,(3,9223372036854775807))
Edge(370127,344131,(3,9223372036854775807))
Edge(370275,380694,(1,3))
Edge(370483,258504,(3,9223372036854775807))
Edge(370757,342228,(3,9223372036854775807))
Edge(371044,48234,(3,9223372036854775807))
Edge(371400,412629,(1,3))
Edge(371674,451028,(3,9223372036854775807))
Edge(371752,246182,(3,9223372036854775807))
Edge(372358,254818,(3,9223372036854775807))
Edge(372582,497807,(3,9223372036854775807))
Edge(373175,155579,(3,9223372036854775807))
Edge(373932,204909,(3,9223372036854775807))
Edge(374085,251494,(3,9223372036854775807))
Edge(374113,49971,(3,9223372036854775807))
Edge(374113,382035,(3,9223372036854775807))
Edge(374121,344284,(3,9223372036854775807))
Edge(374144,122908,(3,9223372036854775807))
Edge(375053,202190,(3,9223372036854775807))
Edge(375480,191483,(3,9223372036854775807))
Edge(375913,19525,(3,9223372036854775807))
Edge(375924,290878,(3,9223372036854775807))
Edge(376345,25056,(3,9223372036854775807))
Edge(376837,403003,(3,9223372036854775807))
Edge(376924,131063,(3,9223372036854775807))
Edge(377056,290400,(3,9223372036854775807))
Edge(377265,351144,(3,9223372036854775807))
Edge(378083,242694,(3,9223372036854775807))
Edge(378099,481498,(3,9223372036854775807))
Edge(378887,97194,(1,9223372036854775807))
Edge(379228,65641,(1,3))
Edge(379924,380656,(3,9223372036854775807))
Edge(379973,375229,(3,9223372036854775807))
Edge(380254,297391,(3,9223372036854775807))
Edge(380600,55686,(3,9223372036854775807))
Edge(381156,54280,(1,9223372036854775807))
Edge(382289,47557,(3,9223372036854775807))
Edge(382534,180293,(3,9223372036854775807))
Edge(382593,184624,(3,9223372036854775807))
Edge(382801,426071,(4,9223372036854775807))
Edge(382977,211075,(3,9223372036854775807))
Edge(383355,170489,(3,9223372036854775807))
Edge(383364,175992,(3,9223372036854775807))
Edge(383390,496811,(1,9223372036854775807))
Edge(383607,81230,(3,9223372036854775807))
Edge(383714,107627,(3,9223372036854775807))
Edge(384072,95014,(3,9223372036854775807))
Edge(385171,417134,(1,3))
Edge(385274,78533,(1,3))
Edge(385286,216518,(3,9223372036854775807))
Edge(385377,147156,(3,9223372036854775807))
Edge(386372,26752,(1,9223372036854775807))
Edge(386445,141139,(3,9223372036854775807))
Edge(387010,375929,(3,9223372036854775807))
Edge(387113,459421,(3,9223372036854775807))
Edge(387162,459041,(1,9223372036854775807))
Edge(387325,484752,(3,9223372036854775807))
Edge(387326,348294,(3,9223372036854775807))
Edge(387901,315854,(1,9223372036854775807))
Edge(388142,182429,(1,9223372036854775807))
Edge(388357,304591,(3,9223372036854775807))
Edge(389244,24090,(3,9223372036854775807))
Edge(389330,37667,(3,9223372036854775807))
Edge(389610,396586,(3,9223372036854775807))
Edge(389849,342349,(3,9223372036854775807))
Edge(390079,341558,(1,3))
Edge(390202,91939,(3,9223372036854775807))
Edge(390445,440012,(1,9223372036854775807))
Edge(390508,21702,(3,9223372036854775807))
Edge(390919,351640,(3,9223372036854775807))
Edge(391086,69625,(3,9223372036854775807))
Edge(392030,373330,(1,3))
Edge(392040,443102,(3,9223372036854775807))
Edge(392061,173459,(3,9223372036854775807))
Edge(392160,415935,(3,9223372036854775807))
Edge(392229,185949,(1,3))
Edge(393138,243214,(3,9223372036854775807))
Edge(393268,7728,(3,9223372036854775807))
Edge(393269,407228,(3,9223372036854775807))
Edge(393324,475777,(3,9223372036854775807))
Edge(393343,466114,(1,9223372036854775807))
Edge(393500,208221,(3,9223372036854775807))
Edge(393648,20770,(3,9223372036854775807))
Edge(393800,372724,(3,9223372036854775807))
Edge(393911,279189,(3,4))
Edge(394054,497877,(3,9223372036854775807))
Edge(394747,395694,(1,9223372036854775807))
Edge(394804,87377,(3,9223372036854775807))
Edge(395223,36956,(3,9223372036854775807))
Edge(395557,135426,(3,9223372036854775807))
Edge(396047,114184,(1,9223372036854775807))
Edge(396098,451416,(3,9223372036854775807))
Edge(396998,320546,(3,9223372036854775807))
Edge(397421,75620,(3,9223372036854775807))
Edge(397673,310181,(3,9223372036854775807))
Edge(397733,304678,(1,9223372036854775807))
Edge(397878,278605,(3,9223372036854775807))
Edge(398143,459876,(3,9223372036854775807))
Edge(398483,84250,(3,9223372036854775807))
Edge(398598,327903,(3,9223372036854775807))
Edge(398614,50914,(1,3))
Edge(399254,406093,(3,9223372036854775807))
Edge(399468,348538,(1,9223372036854775807))
Edge(399781,478033,(3,9223372036854775807))
Edge(400056,265167,(3,9223372036854775807))
Edge(400291,230138,(3,9223372036854775807))
Edge(400603,213562,(1,9223372036854775807))
Edge(400991,235622,(1,9223372036854775807))
Edge(401053,28871,(3,9223372036854775807))
Edge(401681,419981,(3,9223372036854775807))
Edge(401839,293216,(3,9223372036854775807))
Edge(402455,233917,(3,9223372036854775807))
Edge(402919,334824,(3,9223372036854775807))
Edge(402938,88169,(3,9223372036854775807))
Edge(403007,303925,(1,9223372036854775807))
Edge(403220,149530,(1,9223372036854775807))
Edge(403331,419309,(3,9223372036854775807))
Edge(403656,150911,(3,9223372036854775807))
Edge(403704,352800,(3,9223372036854775807))
Edge(404121,442346,(3,9223372036854775807))
Edge(404707,24746,(3,9223372036854775807))
Edge(405147,491890,(3,9223372036854775807))
Edge(405463,349089,(3,9223372036854775807))
Edge(405561,3755,(3,9223372036854775807))
Edge(406255,66787,(3,9223372036854775807))
Edge(406373,481307,(3,9223372036854775807))
Edge(406426,234310,(3,9223372036854775807))
Edge(407086,264092,(3,9223372036854775807))
Edge(407621,155168,(3,9223372036854775807))
Edge(408121,26029,(3,9223372036854775807))
Edge(408481,419318,(3,9223372036854775807))
Edge(408602,474039,(1,9223372036854775807))
Edge(408885,264315,(3,9223372036854775807))
Edge(408985,269556,(3,9223372036854775807))
Edge(409823,229593,(3,9223372036854775807))
Edge(409862,65008,(3,9223372036854775807))
Edge(410230,208832,(1,3))
Edge(410607,406012,(1,9223372036854775807))
Edge(410804,328493,(3,9223372036854775807))
Edge(411088,6583,(3,9223372036854775807))
Edge(411459,383947,(1,3))
Edge(411516,245951,(3,9223372036854775807))
Edge(411662,49185,(3,9223372036854775807))
Edge(411675,77164,(3,9223372036854775807))
Edge(413115,306860,(1,3))
Edge(413238,55996,(3,9223372036854775807))
Edge(413469,425914,(4,9223372036854775807))
Edge(414257,196747,(3,9223372036854775807))
Edge(414418,274186,(3,9223372036854775807))
Edge(414547,194479,(3,9223372036854775807))
Edge(415543,414531,(3,9223372036854775807))
Edge(415855,209529,(3,9223372036854775807))
Edge(415997,45198,(3,9223372036854775807))
Edge(416007,279600,(3,9223372036854775807))
Edge(416190,128577,(1,9223372036854775807))
Edge(416323,367877,(3,9223372036854775807))
Edge(416712,5729,(3,9223372036854775807))
Edge(416924,410986,(3,9223372036854775807))
Edge(416980,214265,(1,3))
Edge(416987,100821,(3,9223372036854775807))
Edge(417168,434987,(3,9223372036854775807))
Edge(417391,335493,(3,9223372036854775807))
Edge(417416,427913,(3,9223372036854775807))
Edge(417869,342454,(3,9223372036854775807))
Edge(418148,83976,(3,9223372036854775807))
Edge(418410,89797,(1,9223372036854775807))
Edge(418450,154302,(3,9223372036854775807))
Edge(418550,345946,(3,9223372036854775807))
Edge(418854,103368,(3,9223372036854775807))
Edge(419471,418656,(3,9223372036854775807))
Edge(419628,235585,(3,9223372036854775807))
Edge(420005,152741,(3,9223372036854775807))
Edge(420734,31731,(3,9223372036854775807))
Edge(420739,418361,(1,9223372036854775807))
Edge(421113,250687,(3,9223372036854775807))
Edge(421556,477032,(3,9223372036854775807))
Edge(421664,494090,(3,9223372036854775807))
Edge(421667,156446,(1,9223372036854775807))
Edge(421832,412884,(1,3))
Edge(422118,244831,(1,3))
Edge(422833,368374,(3,9223372036854775807))
Edge(423433,217667,(1,9223372036854775807))
Edge(423651,259574,(1,3))
Edge(424724,426544,(3,9223372036854775807))
Edge(424994,390198,(3,9223372036854775807))
Edge(425399,275246,(3,9223372036854775807))
Edge(425439,482497,(3,9223372036854775807))
Edge(425696,283174,(3,9223372036854775807))
Edge(425802,185836,(3,9223372036854775807))
Edge(425940,479842,(3,9223372036854775807))
Edge(426430,19603,(3,9223372036854775807))
Edge(426751,271600,(3,9223372036854775807))
Edge(426922,301833,(3,9223372036854775807))
Edge(426978,80380,(3,9223372036854775807))
Edge(427952,343237,(3,9223372036854775807))
Edge(428016,233584,(1,3))
Edge(429594,425206,(3,9223372036854775807))
Edge(431317,264051,(1,9223372036854775807))
Edge(432050,440288,(3,9223372036854775807))
Edge(432366,321673,(1,9223372036854775807))
Edge(432398,33069,(3,9223372036854775807))
Edge(432740,392992,(1,3))
Edge(433571,377914,(3,9223372036854775807))
Edge(433693,419914,(3,9223372036854775807))
Edge(433806,264117,(3,9223372036854775807))
Edge(433818,190194,(3,9223372036854775807))
Edge(434084,377409,(3,9223372036854775807))
Edge(434348,258282,(3,9223372036854775807))
Edge(434535,440383,(3,9223372036854775807))
Edge(434657,174901,(3,9223372036854775807))
Edge(434850,392236,(3,9223372036854775807))
Edge(434895,331776,(3,9223372036854775807))
Edge(434961,37328,(3,9223372036854775807))
Edge(434982,297065,(3,9223372036854775807))
Edge(435173,410316,(3,9223372036854775807))
Edge(435329,367342,(3,9223372036854775807))
Edge(435603,324532,(3,9223372036854775807))
Edge(435635,486996,(3,9223372036854775807))
Edge(435796,467273,(3,9223372036854775807))
Edge(435819,5169,(3,9223372036854775807))
Edge(436447,233214,(1,3))
Edge(436541,103780,(4,9223372036854775807))
Edge(436887,477423,(1,3))
Edge(437351,46607,(1,9223372036854775807))
Edge(437382,61304,(3,9223372036854775807))
Edge(437447,305317,(3,9223372036854775807))
Edge(437645,406150,(3,9223372036854775807))
Edge(437762,282243,(3,9223372036854775807))
Edge(438077,224880,(3,9223372036854775807))
Edge(438205,292593,(3,9223372036854775807))
Edge(438902,400370,(1,9223372036854775807))
Edge(438955,6616,(3,9223372036854775807))
Edge(439750,403277,(3,9223372036854775807))
Edge(439812,49301,(3,9223372036854775807))
Edge(440020,345725,(3,9223372036854775807))
Edge(440027,451150,(1,9223372036854775807))
Edge(440238,350466,(1,3))
Edge(440260,243094,(1,9223372036854775807))
Edge(440523,455768,(3,9223372036854775807))
Edge(441074,42082,(3,9223372036854775807))
Edge(441181,229977,(3,9223372036854775807))
Edge(441308,201950,(3,9223372036854775807))
Edge(441598,458587,(3,9223372036854775807))
Edge(441822,399237,(1,9223372036854775807))
Edge(442433,309896,(3,9223372036854775807))
Edge(443138,236555,(3,9223372036854775807))
Edge(443158,493966,(1,3))
Edge(443209,113145,(3,9223372036854775807))
Edge(443229,124883,(3,9223372036854775807))
Edge(443430,413944,(3,9223372036854775807))
Edge(443808,62844,(3,9223372036854775807))
Edge(444160,452285,(3,9223372036854775807))
Edge(444170,366623,(1,3))
Edge(444179,476879,(3,9223372036854775807))
Edge(444351,391685,(3,9223372036854775807))
Edge(444571,119896,(1,3))
Edge(445269,284919,(1,9223372036854775807))
Edge(445599,74420,(3,9223372036854775807))
Edge(445883,114588,(3,9223372036854775807))
Edge(446296,75766,(3,9223372036854775807))
Edge(446781,284659,(3,9223372036854775807))
Edge(446850,142864,(3,9223372036854775807))
Edge(447284,238233,(3,9223372036854775807))
Edge(447838,284484,(3,9223372036854775807))
Edge(447849,73592,(1,9223372036854775807))
Edge(448177,18866,(1,3))
Edge(448361,186926,(3,9223372036854775807))
Edge(448626,269843,(3,9223372036854775807))
Edge(448720,100249,(3,9223372036854775807))
Edge(448870,40085,(1,3))
Edge(448939,418794,(3,9223372036854775807))
Edge(448979,203682,(3,9223372036854775807))
Edge(449471,260902,(1,9223372036854775807))
Edge(449775,381301,(3,9223372036854775807))
Edge(449818,104942,(1,9223372036854775807))
Edge(449855,260442,(3,9223372036854775807))
Edge(450120,270446,(3,9223372036854775807))
Edge(450738,28920,(3,9223372036854775807))
Edge(450898,175647,(3,9223372036854775807))
Edge(451538,288320,(3,9223372036854775807))
Edge(451768,43430,(4,9223372036854775807))
Edge(451805,395451,(3,9223372036854775807))
Edge(451999,212028,(1,3))
Edge(452155,336008,(1,9223372036854775807))
Edge(452819,199544,(3,9223372036854775807))
Edge(453537,312910,(1,9223372036854775807))
Edge(453598,436638,(3,9223372036854775807))
Edge(454128,165030,(3,9223372036854775807))
Edge(455841,209290,(3,9223372036854775807))
Edge(456201,3667,(3,9223372036854775807))
Edge(457311,176618,(3,9223372036854775807))
Edge(457724,153572,(3,9223372036854775807))
Edge(457870,46173,(3,9223372036854775807))
Edge(457880,181906,(1,9223372036854775807))
Edge(457939,197005,(1,3))
Edge(458032,172262,(1,3))
Edge(458486,47568,(1,3))
Edge(458673,96833,(3,9223372036854775807))
Edge(458856,94664,(3,9223372036854775807))
Edge(458932,27867,(3,9223372036854775807))
Edge(458971,70297,(3,9223372036854775807))
Edge(459098,485927,(1,3))
Edge(459701,488212,(3,9223372036854775807))
Edge(460033,425140,(1,9223372036854775807))
Edge(460036,106568,(1,9223372036854775807))
Edge(460253,207949,(3,9223372036854775807))
Edge(460332,60940,(3,9223372036854775807))
Edge(460594,280863,(3,9223372036854775807))
Edge(461344,86804,(3,9223372036854775807))
Edge(461405,370119,(3,9223372036854775807))
Edge(461571,116704,(3,9223372036854775807))
Edge(461613,143776,(1,9223372036854775807))
Edge(461922,195180,(3,9223372036854775807))
Edge(462017,4363,(3,9223372036854775807))
Edge(462364,55620,(1,3))
Edge(462620,303388,(3,9223372036854775807))
Edge(462951,321131,(1,9223372036854775807))
Edge(463320,454303,(4,9223372036854775807))
Edge(463370,248427,(3,9223372036854775807))
Edge(463431,49673,(3,9223372036854775807))
Edge(463481,376877,(3,9223372036854775807))
Edge(463600,484679,(3,9223372036854775807))
Edge(464038,163237,(3,9223372036854775807))
Edge(464193,146108,(3,9223372036854775807))
Edge(464342,327873,(3,9223372036854775807))
Edge(464758,252492,(3,9223372036854775807))
Edge(464923,150505,(3,9223372036854775807))
Edge(465456,369512,(3,9223372036854775807))
Edge(466166,25763,(1,9223372036854775807))
Edge(466516,55519,(3,9223372036854775807))
Edge(466529,267547,(3,9223372036854775807))
Edge(466696,243255,(1,9223372036854775807))
Edge(467217,490674,(3,9223372036854775807))
Edge(467396,35963,(1,3))
Edge(467690,237531,(3,9223372036854775807))
Edge(468373,245341,(1,9223372036854775807))
Edge(468425,254506,(3,9223372036854775807))
Edge(468427,494099,(3,9223372036854775807))
Edge(468795,89826,(3,9223372036854775807))
Edge(469253,170256,(3,9223372036854775807))
Edge(469290,54721,(3,9223372036854775807))
Edge(469356,496682,(3,9223372036854775807))
Edge(469389,298044,(3,9223372036854775807))
Edge(470479,118206,(3,9223372036854775807))
Edge(470868,233892,(3,9223372036854775807))
Edge(471169,159089,(3,9223372036854775807))
Edge(472073,20483,(3,9223372036854775807))
Edge(472805,201374,(3,9223372036854775807))
Edge(472837,468324,(3,9223372036854775807))
Edge(472958,488724,(1,3))
Edge(473008,327328,(3,9223372036854775807))
Edge(473410,209462,(3,9223372036854775807))
Edge(473902,426545,(1,9223372036854775807))
Edge(474003,118993,(3,9223372036854775807))
Edge(474029,435645,(3,9223372036854775807))
Edge(474274,56927,(1,9223372036854775807))
Edge(474328,397945,(3,9223372036854775807))
Edge(474495,245218,(3,9223372036854775807))
Edge(474568,269200,(3,9223372036854775807))
Edge(474676,317022,(3,9223372036854775807))
Edge(474701,356699,(3,9223372036854775807))
Edge(474741,26382,(3,9223372036854775807))
Edge(475357,5776,(3,9223372036854775807))
Edge(475845,23167,(3,9223372036854775807))
Edge(476237,102913,(3,9223372036854775807))
Edge(476261,145688,(3,9223372036854775807))
Edge(476435,449301,(3,9223372036854775807))
Edge(476595,32685,(3,9223372036854775807))
Edge(476658,277295,(1,3))
Edge(476834,213532,(3,9223372036854775807))
Edge(477311,90738,(3,9223372036854775807))
Edge(477549,419973,(3,9223372036854775807))
Edge(477696,457451,(3,9223372036854775807))
Edge(478102,256887,(3,9223372036854775807))
Edge(478387,350136,(3,9223372036854775807))
Edge(478464,45382,(3,9223372036854775807))
Edge(479305,125408,(3,9223372036854775807))
Edge(480158,121872,(1,3))
Edge(480220,361145,(3,9223372036854775807))
Edge(480524,145249,(1,3))
Edge(480547,237376,(1,9223372036854775807))
Edge(480703,246068,(3,9223372036854775807))
Edge(480722,429182,(3,9223372036854775807))
Edge(481394,31022,(1,9223372036854775807))
Edge(481578,127210,(3,9223372036854775807))
Edge(481848,453731,(3,9223372036854775807))
Edge(481920,14744,(1,3))
Edge(481995,125654,(3,9223372036854775807))
Edge(482009,51785,(1,9223372036854775807))
Edge(482050,482226,(3,9223372036854775807))
Edge(482432,217536,(3,9223372036854775807))
Edge(482451,268299,(3,9223372036854775807))
Edge(482553,198590,(3,9223372036854775807))
Edge(482799,345885,(1,9223372036854775807))
Edge(483428,343731,(3,9223372036854775807))
Edge(483936,348641,(3,9223372036854775807))
Edge(483950,369401,(3,9223372036854775807))
Edge(484245,241275,(3,9223372036854775807))
Edge(484362,472660,(3,9223372036854775807))
Edge(484656,445754,(3,9223372036854775807))
Edge(484857,233860,(3,9223372036854775807))
Edge(485091,150188,(3,9223372036854775807))
Edge(485110,253018,(1,3))
Edge(485243,248430,(3,9223372036854775807))
Edge(485494,311223,(3,9223372036854775807))
Edge(485822,168466,(3,9223372036854775807))
Edge(485876,138503,(1,9223372036854775807))
Edge(486860,63212,(3,9223372036854775807))
Edge(487385,54674,(1,9223372036854775807))
Edge(488791,7757,(3,9223372036854775807))
Edge(489405,121985,(3,9223372036854775807))
Edge(489715,30698,(3,9223372036854775807))
Edge(489839,407849,(3,9223372036854775807))
Edge(489896,132045,(3,9223372036854775807))
Edge(490169,113169,(3,9223372036854775807))
Edge(490415,135716,(3,9223372036854775807))
Edge(491053,492237,(3,9223372036854775807))
Edge(491226,336540,(1,9223372036854775807))
Edge(491313,297050,(1,3))
Edge(492049,160648,(3,9223372036854775807))
Edge(492083,116646,(3,9223372036854775807))
Edge(492183,4204,(3,9223372036854775807))
Edge(492477,86774,(1,3))
Edge(492974,375819,(4,9223372036854775807))
Edge(493575,170689,(3,9223372036854775807))
Edge(493658,323147,(3,9223372036854775807))
Edge(493663,477803,(3,9223372036854775807))
Edge(494505,222319,(3,9223372036854775807))
Edge(494688,490935,(3,9223372036854775807))
Edge(494940,463575,(3,9223372036854775807))
Edge(494972,487693,(1,9223372036854775807))
Edge(495109,7805,(3,9223372036854775807))
Edge(496403,467398,(3,9223372036854775807))
Edge(496734,48627,(3,9223372036854775807))
Edge(497017,199234,(3,9223372036854775807))
Edge(497240,225061,(3,9223372036854775807))
Edge(497681,306975,(3,9223372036854775807))
Edge(497802,186496,(3,9223372036854775807))
Edge(497824,368507,(3,9223372036854775807))
Edge(498117,286533,(3,9223372036854775807))
Edge(498164,111571,(3,9223372036854775807))
Edge(498384,305938,(1,9223372036854775807))
Edge(498396,246802,(3,9223372036854775807))
Edge(498697,2522,(3,9223372036854775807))
Edge(498707,291038,(3,9223372036854775807))
Edge(498891,496484,(1,9223372036854775807))
Edge(498917,113831,(3,9223372036854775807))
Edge(498989,73699,(3,9223372036854775807))
Edge(499138,410112,(1,9223372036854775807))
Edge(499548,408436,(3,9223372036854775807))
Edge(499617,229505,(3,9223372036854775807))
Edge(499639,158779,(1,9223372036854775807))
Edge(499789,68372,(3,9223372036854775807))
Edge(499843,143220,(3,9223372036854775807))
Edge(499990,486911,(3,9223372036854775807))
