Edge(68,337852,(1,9223372036854775807))
Edge(403,147348,(3,9223372036854775807))
Edge(411,232783,(3,9223372036854775807))
Edge(868,117750,(3,9223372036854775807))
Edge(950,147490,(3,9223372036854775807))
Edge(1208,175090,(3,9223372036854775807))
Edge(1359,79213,(3,9223372036854775807))
Edge(1733,288445,(1,9223372036854775807))
Edge(1831,405236,(1,3))
Edge(2210,465938,(3,9223372036854775807))
Edge(2372,310135,(3,9223372036854775807))
Edge(2778,459195,(3,9223372036854775807))
Edge(3089,212856,(3,9223372036854775807))
Edge(3179,465436,(3,9223372036854775807))
Edge(3534,156977,(1,3))
Edge(3709,330061,(3,9223372036854775807))
Edge(4229,33960,(3,9223372036854775807))
Edge(4440,259040,(3,9223372036854775807))
Edge(4469,488209,(3,9223372036854775807))
Edge(5651,136775,(3,9223372036854775807))
Edge(6186,52996,(3,9223372036854775807))
Edge(6273,80722,(3,9223372036854775807))
Edge(6310,18193,(3,9223372036854775807))
Edge(6568,337076,(1,3))
Edge(6632,254708,(3,9223372036854775807))
Edge(6747,378596,(1,9223372036854775807))
Edge(7303,121493,(4,9223372036854775807))
Edge(7399,871,(3,9223372036854775807))
Edge(7571,251817,(3,9223372036854775807))
Edge(7861,304981,(3,9223372036854775807))
Edge(7866,206340,(3,9223372036854775807))
Edge(7867,475000,(3,9223372036854775807))
Edge(7884,395962,(3,9223372036854775807))
Edge(7946,107285,(3,9223372036854775807))
Edge(8075,223766,(3,9223372036854775807))
Edge(8551,333603,(3,9223372036854775807))
Edge(8688,159626,(3,9223372036854775807))
Edge(8777,402902,(1,9223372036854775807))
Edge(8872,177123,(3,9223372036854775807))
Edge(9076,398312,(1,9223372036854775807))
Edge(9261,9492,(3,9223372036854775807))
Edge(9811,211407,(3,9223372036854775807))
Edge(9904,146128,(3,9223372036854775807))
Edge(10383,285005,(1,3))
Edge(10394,102568,(3,9223372036854775807))
Edge(10625,319839,(3,9223372036854775807))
Edge(10634,374869,(3,9223372036854775807))
Edge(10646,298478,(3,9223372036854775807))
Edge(10710,48667,(3,9223372036854775807))
Edge(11356,283658,(1,9223372036854775807))
Edge(11789,210251,(3,9223372036854775807))
Edge(11832,148789,(1,3))
Edge(12149,422663,(3,9223372036854775807))
Edge(12273,495640,(1,3))
Edge(13478,105288,(3,9223372036854775807))
Edge(13658,450045,(3,9223372036854775807))
Edge(13818,49275,(3,9223372036854775807))
Edge(14521,349600,(1,9223372036854775807))
Edge(14765,244766,(3,9223372036854775807))
Edge(14836,144705,(3,9223372036854775807))
Edge(15219,74565,(1,9223372036854775807))
Edge(15383,152582,(1,3))
Edge(15853,167492,(3,9223372036854775807))
Edge(15995,138677,(3,9223372036854775807))
Edge(16495,475297,(1,9223372036854775807))
Edge(16632,237821,(3,9223372036854775807))
Edge(16768,239888,(3,9223372036854775807))
Edge(16997,485711,(3,9223372036854775807))
Edge(17875,68710,(3,9223372036854775807))
Edge(17884,390268,(3,9223372036854775807))
Edge(18222,23179,(3,9223372036854775807))
Edge(18925,76595,(3,9223372036854775807))
Edge(19037,96789,(3,9223372036854775807))
Edge(19524,439866,(3,9223372036854775807))
Edge(19638,183731,(3,9223372036854775807))
Edge(19687,234242,(3,9223372036854775807))
Edge(19991,415199,(3,9223372036854775807))
Edge(20068,41248,(3,9223372036854775807))
Edge(21907,391955,(3,9223372036854775807))
Edge(22088,343587,(3,9223372036854775807))
Edge(22137,407717,(3,9223372036854775807))
Edge(22185,151723,(3,9223372036854775807))
Edge(22249,236463,(3,9223372036854775807))
Edge(23164,28454,(3,9223372036854775807))
Edge(23225,71517,(1,3))
Edge(23536,186696,(3,9223372036854775807))
Edge(23620,444616,(3,9223372036854775807))
Edge(23947,316100,(3,9223372036854775807))
Edge(24202,178409,(3,9223372036854775807))
Edge(24241,323619,(1,9223372036854775807))
Edge(24619,178898,(3,9223372036854775807))
Edge(24907,131808,(1,9223372036854775807))
Edge(25207,31020,(3,9223372036854775807))
Edge(25287,352515,(3,9223372036854775807))
Edge(25722,445752,(3,9223372036854775807))
Edge(25776,476840,(3,9223372036854775807))
Edge(26039,429651,(1,3))
Edge(26520,389248,(3,9223372036854775807))
Edge(27366,348103,(1,9223372036854775807))
Edge(27536,473618,(1,9223372036854775807))
Edge(27837,119506,(3,9223372036854775807))
Edge(28041,19167,(3,9223372036854775807))
Edge(29853,82230,(1,3))
Edge(30211,343992,(3,9223372036854775807))
Edge(30297,375502,(3,9223372036854775807))
Edge(30325,451535,(3,9223372036854775807))
Edge(30484,217706,(3,9223372036854775807))
Edge(30695,431895,(1,3))
Edge(30801,260240,(3,9223372036854775807))
Edge(30968,404769,(3,9223372036854775807))
Edge(32030,411644,(3,9223372036854775807))
Edge(32548,323862,(3,9223372036854775807))
Edge(32884,56270,(1,3))
Edge(33346,395044,(3,9223372036854775807))
Edge(33554,11758,(3,9223372036854775807))
Edge(33880,290326,(1,9223372036854775807))
Edge(33917,466426,(3,9223372036854775807))
Edge(34495,119649,(3,9223372036854775807))
Edge(34521,344692,(3,9223372036854775807))
Edge(34742,24164,(1,9223372036854775807))
Edge(35052,136743,(1,9223372036854775807))
Edge(35166,172111,(3,9223372036854775807))
Edge(35339,193613,(3,9223372036854775807))
Edge(35416,17262,(3,9223372036854775807))
Edge(35904,336493,(3,9223372036854775807))
Edge(36218,105285,(1,9223372036854775807))
Edge(36252,213448,(3,9223372036854775807))
Edge(36365,94707,(3,9223372036854775807))
Edge(36641,115905,(3,9223372036854775807))
Edge(36701,391384,(1,9223372036854775807))
Edge(37340,48650,(3,9223372036854775807))
Edge(38102,330406,(3,9223372036854775807))
Edge(38157,333999,(3,9223372036854775807))
Edge(38199,139418,(1,9223372036854775807))
Edge(38260,3661,(3,9223372036854775807))
Edge(38319,250541,(3,9223372036854775807))
Edge(38709,450006,(3,9223372036854775807))
Edge(38884,489026,(3,9223372036854775807))
Edge(39134,142817,(3,9223372036854775807))
Edge(39341,213099,(1,3))
Edge(39583,197300,(3,9223372036854775807))
Edge(39797,469689,(1,9223372036854775807))
Edge(39857,85878,(3,9223372036854775807))
Edge(40147,287169,(3,9223372036854775807))
Edge(40217,68451,(3,9223372036854775807))
Edge(40628,123423,(3,9223372036854775807))
Edge(40731,95926,(1,9223372036854775807))
Edge(40773,69840,(3,9223372036854775807))
Edge(40934,263571,(1,9223372036854775807))
Edge(41133,4746,(3,9223372036854775807))
Edge(41640,126110,(3,9223372036854775807))
Edge(41681,498700,(3,9223372036854775807))
Edge(41790,70907,(1,9223372036854775807))
Edge(41814,73724,(1,9223372036854775807))
Edge(42075,346323,(3,9223372036854775807))
Edge(42108,114829,(3,9223372036854775807))
Edge(42420,221907,(3,9223372036854775807))
Edge(42661,188974,(3,9223372036854775807))
Edge(42689,327799,(3,9223372036854775807))
Edge(42711,381925,(3,9223372036854775807))
Edge(42765,328051,(3,9223372036854775807))
Edge(42966,21533,(3,9223372036854775807))
Edge(43729,219565,(3,9223372036854775807))
Edge(44074,365248,(3,9223372036854775807))
Edge(44232,489772,(3,9223372036854775807))
Edge(44448,217107,(3,9223372036854775807))
Edge(44791,283325,(1,3))
Edge(45469,208679,(3,9223372036854775807))
Edge(46426,328771,(3,9223372036854775807))
Edge(46671,387411,(1,9223372036854775807))
Edge(46982,191818,(3,9223372036854775807))
Edge(47055,124607,(1,3))
Edge(47077,166533,(3,9223372036854775807))
Edge(47696,200271,(3,9223372036854775807))
Edge(48329,7114,(3,9223372036854775807))
Edge(48544,286443,(3,9223372036854775807))
Edge(49029,171918,(3,9223372036854775807))
Edge(49591,469890,(1,3))
Edge(49980,86312,(1,3))
Edge(50901,291062,(3,9223372036854775807))
Edge(50954,498322,(3,9223372036854775807))
Edge(51133,70453,(3,9223372036854775807))
Edge(51344,396104,(3,9223372036854775807))
Edge(51447,77265,(1,9223372036854775807))
Edge(51649,446176,(3,9223372036854775807))
Edge(52052,191767,(3,9223372036854775807))
Edge(52445,382843,(3,9223372036854775807))
Edge(53166,230236,(3,9223372036854775807))
Edge(53260,181865,(1,3))
Edge(53680,86023,(3,9223372036854775807))
Edge(53688,150191,(3,9223372036854775807))
Edge(53726,385754,(3,9223372036854775807))
Edge(54098,476085,(3,9223372036854775807))
Edge(54238,102633,(3,9223372036854775807))
Edge(54959,64719,(3,9223372036854775807))
Edge(55711,226166,(4,9223372036854775807))
Edge(56227,245109,(3,9223372036854775807))
Edge(56588,92675,(3,9223372036854775807))
Edge(57120,17389,(3,9223372036854775807))
Edge(57360,76700,(3,9223372036854775807))
Edge(57368,391368,(1,9223372036854775807))
Edge(58084,493361,(1,9223372036854775807))
Edge(58312,482244,(3,9223372036854775807))
Edge(58442,339332,(3,9223372036854775807))
Edge(58462,423186,(3,9223372036854775807))
Edge(58790,2922,(3,9223372036854775807))
Edge(59156,73640,(3,9223372036854775807))
Edge(59287,310918,(3,9223372036854775807))
Edge(59630,425026,(3,9223372036854775807))
Edge(59742,332671,(3,9223372036854775807))
Edge(60246,277815,(3,9223372036854775807))
Edge(60431,102441,(1,9223372036854775807))
Edge(61144,398750,(3,9223372036854775807))
Edge(61586,484563,(3,9223372036854775807))
Edge(61613,163575,(3,9223372036854775807))
Edge(61841,441592,(3,9223372036854775807))
Edge(62396,234474,(3,9223372036854775807))
Edge(62540,176033,(3,9223372036854775807))
Edge(62812,186763,(3,9223372036854775807))
Edge(62918,262330,(3,9223372036854775807))
Edge(62931,15982,(1,9223372036854775807))
Edge(63073,21374,(3,9223372036854775807))
Edge(63337,496801,(3,9223372036854775807))
Edge(63640,1872,(3,9223372036854775807))
Edge(64005,361040,(3,9223372036854775807))
Edge(64198,245833,(1,3))
Edge(64360,242748,(3,9223372036854775807))
Edge(64803,402571,(3,9223372036854775807))
Edge(64809,89093,(3,9223372036854775807))
Edge(64967,117872,(3,9223372036854775807))
Edge(64974,270687,(3,9223372036854775807))
Edge(64986,418155,(3,9223372036854775807))
Edge(65051,63595,(1,9223372036854775807))
Edge(65118,198390,(3,9223372036854775807))
Edge(65920,59629,(1,9223372036854775807))
Edge(66118,196603,(3,9223372036854775807))
Edge(66230,87182,(3,9223372036854775807))
Edge(66646,48586,(3,9223372036854775807))
Edge(67293,995,(3,9223372036854775807))
Edge(67326,209857,(3,9223372036854775807))
Edge(67348,277276,(3,9223372036854775807))
Edge(67410,445646,(1,9223372036854775807))
Edge(67524,46449,(3,9223372036854775807))
Edge(67524,334427,(3,9223372036854775807))
Edge(67819,316189,(3,9223372036854775807))
Edge(68113,257292,(1,9223372036854775807))
Edge(68139,43728,(3,9223372036854775807))
Edge(68158,376852,(3,9223372036854775807))
Edge(68707,431427,(3,9223372036854775807))
Edge(69017,230357,(3,9223372036854775807))
Edge(69216,114264,(3,9223372036854775807))
Edge(69771,366939,(1,3))
Edge(69973,301698,(3,9223372036854775807))
Edge(69980,315665,(3,9223372036854775807))
Edge(70074,124000,(3,9223372036854775807))
Edge(70142,46301,(3,9223372036854775807))
Edge(70338,225158,(1,9223372036854775807))
Edge(70434,102460,(3,9223372036854775807))
Edge(70621,307063,(3,9223372036854775807))
Edge(70876,443912,(3,9223372036854775807))
Edge(71093,437404,(3,9223372036854775807))
Edge(71776,45675,(3,9223372036854775807))
Edge(72581,153519,(3,9223372036854775807))
Edge(73200,260842,(3,9223372036854775807))
Edge(73515,477206,(3,9223372036854775807))
Edge(73635,267829,(3,9223372036854775807))
Edge(73646,7456,(3,9223372036854775807))
Edge(73732,23905,(3,9223372036854775807))
Edge(74365,85780,(1,3))
Edge(74583,340091,(1,3))
Edge(74716,181810,(3,9223372036854775807))
Edge(74889,206725,(3,9223372036854775807))
Edge(74936,249283,(1,9223372036854775807))
Edge(75086,457761,(3,9223372036854775807))
Edge(75357,172337,(3,9223372036854775807))
Edge(75432,257327,(3,9223372036854775807))
Edge(75436,46122,(3,9223372036854775807))
Edge(75519,165716,(3,9223372036854775807))
Edge(76614,475072,(3,9223372036854775807))
Edge(77213,118762,(3,9223372036854775807))
Edge(77340,264192,(3,9223372036854775807))
Edge(77563,238225,(3,9223372036854775807))
Edge(77693,464460,(3,9223372036854775807))
Edge(77716,484219,(3,9223372036854775807))
Edge(77732,312821,(3,9223372036854775807))
Edge(77894,106394,(3,9223372036854775807))
Edge(78019,296009,(3,9223372036854775807))
Edge(78192,164236,(1,9223372036854775807))
Edge(78252,453261,(1,9223372036854775807))
Edge(78384,288633,(3,9223372036854775807))
Edge(78678,313226,(3,9223372036854775807))
Edge(79106,338909,(3,9223372036854775807))
Edge(79131,389483,(3,9223372036854775807))
Edge(79323,90902,(3,9223372036854775807))
Edge(79438,179648,(3,9223372036854775807))
Edge(79482,152306,(3,9223372036854775807))
Edge(80167,167391,(1,3))
Edge(80316,306171,(3,9223372036854775807))
Edge(80392,73759,(1,9223372036854775807))
Edge(81627,225255,(3,9223372036854775807))
Edge(82333,446153,(3,9223372036854775807))
Edge(84168,11045,(1,9223372036854775807))
Edge(84646,289625,(3,9223372036854775807))
Edge(84935,97393,(1,3))
Edge(84998,407472,(1,3))
Edge(85128,427935,(3,9223372036854775807))
Edge(85413,146,(3,9223372036854775807))
Edge(85647,72607,(3,9223372036854775807))
Edge(85797,108058,(1,9223372036854775807))
Edge(85836,440013,(3,9223372036854775807))
Edge(85954,461654,(3,9223372036854775807))
Edge(86514,460373,(3,9223372036854775807))
Edge(87066,133422,(1,9223372036854775807))
Edge(87193,276761,(1,9223372036854775807))
Edge(87521,181524,(3,9223372036854775807))
Edge(87773,162756,(3,9223372036854775807))
Edge(88171,492227,(3,9223372036854775807))
Edge(88356,103979,(3,9223372036854775807))
Edge(88383,444446,(3,9223372036854775807))
Edge(88596,353142,(1,3))
Edge(89310,315243,(1,9223372036854775807))
Edge(89850,476294,(3,9223372036854775807))
Edge(89908,55185,(1,9223372036854775807))
Edge(89986,71550,(3,9223372036854775807))
Edge(90209,303578,(3,9223372036854775807))
Edge(90674,318654,(3,9223372036854775807))
Edge(90779,126090,(3,9223372036854775807))
Edge(90913,162792,(3,9223372036854775807))
Edge(91048,326692,(3,9223372036854775807))
Edge(91377,236459,(3,9223372036854775807))
Edge(92215,475547,(3,9223372036854775807))
Edge(92385,272280,(3,9223372036854775807))
Edge(92417,338565,(3,9223372036854775807))
Edge(92505,460890,(3,9223372036854775807))
Edge(92736,13559,(3,9223372036854775807))
Edge(93984,207259,(3,9223372036854775807))
Edge(94308,18669,(3,9223372036854775807))
Edge(94405,324454,(3,9223372036854775807))
Edge(94482,467285,(3,9223372036854775807))
Edge(94841,494459,(3,9223372036854775807))
Edge(94991,301372,(3,9223372036854775807))
Edge(95171,447874,(3,9223372036854775807))
Edge(96129,336503,(1,9223372036854775807))
Edge(96146,440750,(3,9223372036854775807))
Edge(96304,439780,(3,9223372036854775807))
Edge(96329,9776,(1,9223372036854775807))
Edge(96757,70632,(3,9223372036854775807))
Edge(97231,165317,(3,9223372036854775807))
Edge(97266,344785,(3,9223372036854775807))
Edge(97461,452514,(3,9223372036854775807))
Edge(97573,24078,(3,9223372036854775807))
Edge(97643,387075,(3,9223372036854775807))
Edge(97684,153323,(3,9223372036854775807))
Edge(97750,443980,(1,9223372036854775807))
Edge(97780,258204,(1,3))
Edge(97869,116159,(1,9223372036854775807))
Edge(98196,376534,(3,9223372036854775807))
Edge(98289,56201,(3,9223372036854775807))
Edge(98300,196510,(3,9223372036854775807))
Edge(98377,269597,(1,3))
Edge(98383,348705,(1,3))
Edge(98427,242740,(3,9223372036854775807))
Edge(98449,441852,(3,9223372036854775807))
Edge(98605,205379,(1,9223372036854775807))
Edge(99331,257506,(3,9223372036854775807))
Edge(99385,409798,(3,9223372036854775807))
Edge(99395,282291,(3,9223372036854775807))
Edge(99671,440009,(3,9223372036854775807))
Edge(99791,82929,(1,9223372036854775807))
Edge(100165,387329,(3,9223372036854775807))
Edge(100586,40206,(3,9223372036854775807))
Edge(100708,4287,(1,9223372036854775807))
Edge(101043,130310,(3,9223372036854775807))
Edge(101306,306989,(3,9223372036854775807))
Edge(101627,344935,(3,9223372036854775807))
Edge(101658,157744,(3,9223372036854775807))
Edge(101680,206736,(3,9223372036854775807))
Edge(102423,396429,(3,9223372036854775807))
Edge(102887,125202,(3,9223372036854775807))
Edge(102943,331000,(3,9223372036854775807))
Edge(103088,478504,(3,9223372036854775807))
Edge(103179,302197,(3,9223372036854775807))
Edge(103450,337351,(3,9223372036854775807))
Edge(103714,473479,(3,9223372036854775807))
Edge(104098,466994,(3,9223372036854775807))
Edge(104231,392799,(3,9223372036854775807))
Edge(105973,423374,(3,9223372036854775807))
Edge(106377,183338,(3,9223372036854775807))
Edge(106943,96034,(3,9223372036854775807))
Edge(107147,356275,(3,9223372036854775807))
Edge(107447,227395,(3,9223372036854775807))
Edge(107744,115338,(3,9223372036854775807))
Edge(109157,487719,(3,9223372036854775807))
Edge(109357,121941,(3,9223372036854775807))
Edge(109914,357805,(3,9223372036854775807))
Edge(110200,137420,(1,9223372036854775807))
Edge(110218,351486,(3,9223372036854775807))
Edge(110233,258337,(3,9223372036854775807))
Edge(110336,318682,(3,9223372036854775807))
Edge(110412,419979,(3,9223372036854775807))
Edge(110480,294492,(4,9223372036854775807))
Edge(110566,444514,(3,9223372036854775807))
Edge(110664,142183,(1,9223372036854775807))
Edge(110931,40296,(1,3))
Edge(111480,316683,(3,9223372036854775807))
Edge(111924,31446,(3,9223372036854775807))
Edge(112181,287141,(3,9223372036854775807))
Edge(113209,221499,(3,9223372036854775807))
Edge(113338,269847,(3,9223372036854775807))
Edge(113585,287795,(3,9223372036854775807))
Edge(113919,460050,(3,9223372036854775807))
Edge(114348,29451,(3,9223372036854775807))
Edge(114627,345473,(3,9223372036854775807))
Edge(114866,473445,(3,9223372036854775807))
Edge(115519,9970,(3,9223372036854775807))
Edge(115744,83581,(3,9223372036854775807))
Edge(115802,15330,(3,9223372036854775807))
Edge(116313,213734,(1,9223372036854775807))
Edge(116367,239123,(3,9223372036854775807))
Edge(116395,63677,(1,9223372036854775807))
Edge(116862,232511,(3,9223372036854775807))
Edge(117645,160138,(1,3))
Edge(117720,354131,(3,9223372036854775807))
Edge(117820,279461,(1,3))
Edge(118478,297986,(1,9223372036854775807))
Edge(118759,159063,(3,9223372036854775807))
Edge(118956,373726,(3,9223372036854775807))
Edge(119111,497690,(3,9223372036854775807))
Edge(119404,226008,(3,9223372036854775807))
Edge(120653,451498,(3,9223372036854775807))
Edge(121162,124356,(3,9223372036854775807))
Edge(122119,196129,(3,9223372036854775807))
Edge(122189,324052,(3,9223372036854775807))
Edge(122196,173618,(1,3))
Edge(123424,112059,(3,9223372036854775807))
Edge(124781,364757,(3,9223372036854775807))
Edge(125101,41138,(3,9223372036854775807))
Edge(125355,494920,(3,9223372036854775807))
Edge(125911,246812,(1,9223372036854775807))
Edge(125958,23738,(3,9223372036854775807))
Edge(126178,410491,(3,9223372036854775807))
Edge(126900,423785,(3,9223372036854775807))
Edge(126976,328173,(3,9223372036854775807))
Edge(127158,20182,(3,9223372036854775807))
Edge(127388,381772,(1,3))
Edge(127666,225739,(1,9223372036854775807))
Edge(127703,406622,(3,9223372036854775807))
Edge(127886,469776,(1,9223372036854775807))
Edge(128516,129499,(3,9223372036854775807))
Edge(129164,76954,(1,3))
Edge(129589,229281,(1,3))
Edge(130482,329217,(3,9223372036854775807))
Edge(130637,102289,(3,9223372036854775807))
Edge(130695,290886,(1,9223372036854775807))
Edge(131184,128166,(3,9223372036854775807))
Edge(131233,233420,(1,9223372036854775807))
Edge(131448,437047,(3,9223372036854775807))
Edge(131759,151660,(3,9223372036854775807))
Edge(131953,189996,(3,9223372036854775807))
Edge(132136,213306,(3,9223372036854775807))
Edge(132287,243033,(3,9223372036854775807))
Edge(132818,138802,(3,9223372036854775807))
Edge(132860,407953,(3,9223372036854775807))
Edge(133789,286154,(3,9223372036854775807))
Edge(133842,366355,(3,9223372036854775807))
Edge(134094,317910,(1,9223372036854775807))
Edge(134110,241742,(3,9223372036854775807))
Edge(135178,228277,(3,9223372036854775807))
Edge(136135,77611,(1,9223372036854775807))
Edge(136262,159512,(3,9223372036854775807))
Edge(136690,464515,(3,9223372036854775807))
Edge(136979,427577,(3,9223372036854775807))
Edge(136998,202104,(1,9223372036854775807))
Edge(137060,336284,(3,9223372036854775807))
Edge(137263,480696,(3,9223372036854775807))
Edge(138212,303575,(3,9223372036854775807))
Edge(139332,331579,(3,9223372036854775807))
Edge(139430,168744,(3,9223372036854775807))
Edge(139438,92357,(3,9223372036854775807))
Edge(139582,400217,(3,9223372036854775807))
Edge(139924,270845,(3,9223372036854775807))
Edge(140419,392724,(3,9223372036854775807))
Edge(141047,201485,(3,9223372036854775807))
Edge(141081,489989,(4,9223372036854775807))
Edge(141404,189607,(3,9223372036854775807))
Edge(141562,3562,(1,9223372036854775807))
Edge(141599,224750,(1,9223372036854775807))
Edge(141620,487201,(1,3))
Edge(141738,136600,(3,9223372036854775807))
Edge(142120,53459,(3,9223372036854775807))
Edge(142391,46706,(3,9223372036854775807))
Edge(142695,385623,(3,9223372036854775807))
Edge(143147,177798,(3,9223372036854775807))
Edge(143316,379825,(3,9223372036854775807))
Edge(143441,254735,(3,9223372036854775807))
Edge(143733,299273,(3,9223372036854775807))
Edge(143844,40252,(3,9223372036854775807))
Edge(143923,15712,(3,9223372036854775807))
Edge(143970,62807,(1,9223372036854775807))
Edge(144069,11561,(3,9223372036854775807))
Edge(144117,334786,(3,9223372036854775807))
Edge(144516,121961,(3,9223372036854775807))
Edge(144528,291636,(3,9223372036854775807))
Edge(144735,482325,(3,9223372036854775807))
Edge(145035,145364,(1,9223372036854775807))
Edge(145482,358939,(1,9223372036854775807))
Edge(145485,387857,(3,9223372036854775807))
Edge(146452,114289,(3,9223372036854775807))
Edge(146713,405456,(3,9223372036854775807))
Edge(146721,428119,(3,9223372036854775807))
Edge(147494,152223,(3,9223372036854775807))
Edge(147630,297385,(3,9223372036854775807))
Edge(147681,277173,(3,9223372036854775807))
Edge(147723,355605,(3,9223372036854775807))
Edge(147727,460676,(3,9223372036854775807))
Edge(147796,52466,(3,9223372036854775807))
Edge(148398,101352,(3,9223372036854775807))
Edge(148940,297095,(1,9223372036854775807))
Edge(149017,446544,(3,9223372036854775807))
Edge(149163,403797,(3,9223372036854775807))
Edge(149224,329018,(1,9223372036854775807))
Edge(149317,292324,(1,9223372036854775807))
Edge(149931,46359,(3,9223372036854775807))
Edge(149968,59153,(3,9223372036854775807))
Edge(150333,444138,(3,9223372036854775807))
Edge(151361,237621,(3,9223372036854775807))
Edge(151699,66373,(3,9223372036854775807))
Edge(151730,416189,(3,9223372036854775807))
Edge(152014,10296,(1,3))
Edge(152033,489213,(3,9223372036854775807))
Edge(152992,372137,(3,9223372036854775807))
Edge(153167,245297,(3,9223372036854775807))
Edge(153431,173655,(3,9223372036854775807))
Edge(153710,247245,(3,9223372036854775807))
Edge(154063,36484,(3,9223372036854775807))
Edge(154107,334311,(3,9223372036854775807))
Edge(154178,148727,(3,9223372036854775807))
Edge(154413,254674,(3,9223372036854775807))
Edge(154627,105571,(1,9223372036854775807))
Edge(154722,452661,(1,3))
Edge(154762,14454,(3,9223372036854775807))
Edge(154787,55619,(3,9223372036854775807))
Edge(154833,369533,(1,3))
Edge(154873,32950,(1,9223372036854775807))
Edge(155206,474820,(3,9223372036854775807))
Edge(155636,178311,(3,9223372036854775807))
Edge(155978,70427,(3,9223372036854775807))
Edge(157053,450771,(3,9223372036854775807))
Edge(157090,489126,(3,9223372036854775807))
Edge(157173,467732,(1,9223372036854775807))
Edge(157218,434384,(3,9223372036854775807))
Edge(157495,143571,(3,9223372036854775807))
Edge(157699,252818,(1,9223372036854775807))
Edge(158052,128924,(1,9223372036854775807))
Edge(158088,347544,(3,9223372036854775807))
Edge(158118,147707,(3,9223372036854775807))
Edge(158513,479389,(1,3))
Edge(158801,371048,(3,9223372036854775807))
Edge(158975,162830,(3,9223372036854775807))
Edge(159740,139306,(3,9223372036854775807))
Edge(159756,228875,(3,9223372036854775807))
Edge(159828,237799,(3,9223372036854775807))
Edge(160462,388970,(3,9223372036854775807))
Edge(160485,202447,(3,9223372036854775807))
Edge(160582,449082,(3,9223372036854775807))
Edge(160609,81868,(4,9223372036854775807))
Edge(160807,50752,(3,9223372036854775807))
Edge(161227,373562,(3,9223372036854775807))
Edge(161248,3692,(3,9223372036854775807))
Edge(161514,478329,(1,9223372036854775807))
Edge(161666,92799,(3,9223372036854775807))
Edge(162194,410888,(1,3))
Edge(162524,409325,(3,9223372036854775807))
Edge(162839,73926,(3,9223372036854775807))
Edge(163415,284778,(3,9223372036854775807))
Edge(163548,155704,(3,9223372036854775807))
Edge(163595,50852,(3,9223372036854775807))
Edge(163760,51231,(3,9223372036854775807))
Edge(163881,203457,(3,9223372036854775807))
Edge(164145,13393,(1,3))
Edge(164175,188119,(1,9223372036854775807))
Edge(164348,418564,(1,9223372036854775807))
Edge(164406,441122,(3,9223372036854775807))
Edge(164493,22922,(3,9223372036854775807))
Edge(164540,107360,(1,9223372036854775807))
Edge(165023,383810,(3,9223372036854775807))
Edge(165230,69896,(3,9223372036854775807))
Edge(165333,195370,(3,9223372036854775807))
Edge(165625,307041,(3,9223372036854775807))
Edge(165751,445415,(3,9223372036854775807))
Edge(165982,469845,(3,9223372036854775807))
Edge(166059,441635,(3,9223372036854775807))
Edge(166216,290080,(3,9223372036854775807))
Edge(166702,183977,(1,9223372036854775807))
Edge(167952,181924,(3,9223372036854775807))
Edge(168304,242229,(3,9223372036854775807))
Edge(168457,235791,(1,3))
Edge(168567,234110,(1,3))
Edge(168868,255763,(1,9223372036854775807))
Edge(168912,114663,(3,9223372036854775807))
Edge(169175,235002,(3,9223372036854775807))
Edge(169202,199985,(3,9223372036854775807))
Edge(169452,489453,(3,9223372036854775807))
Edge(170114,399841,(3,9223372036854775807))
Edge(170263,410211,(3,9223372036854775807))
Edge(170296,130658,(3,9223372036854775807))
Edge(170502,16385,(3,9223372036854775807))
Edge(170656,440273,(3,9223372036854775807))
Edge(170873,440511,(3,9223372036854775807))
Edge(171154,482899,(3,9223372036854775807))
Edge(171289,220048,(3,9223372036854775807))
Edge(171732,294794,(3,9223372036854775807))
Edge(171862,130344,(3,9223372036854775807))
Edge(171888,42916,(3,9223372036854775807))
Edge(171976,283569,(3,9223372036854775807))
Edge(172214,378563,(3,9223372036854775807))
Edge(172418,178877,(3,9223372036854775807))
Edge(172592,123335,(1,3))
Edge(173937,396345,(1,9223372036854775807))
Edge(174121,143956,(3,9223372036854775807))
Edge(174348,490594,(3,9223372036854775807))
Edge(174949,343173,(1,9223372036854775807))
Edge(175720,471024,(3,9223372036854775807))
Edge(176391,448288,(3,9223372036854775807))
Edge(176593,22309,(3,9223372036854775807))
Edge(176772,110134,(3,9223372036854775807))
Edge(176887,188624,(3,9223372036854775807))
Edge(177246,91821,(3,9223372036854775807))
Edge(177257,174510,(3,9223372036854775807))
Edge(178424,137177,(3,9223372036854775807))
Edge(178860,262602,(3,9223372036854775807))
Edge(179064,458670,(3,9223372036854775807))
Edge(179136,411066,(3,9223372036854775807))
Edge(179147,112936,(3,9223372036854775807))
Edge(179241,5681,(1,9223372036854775807))
Edge(180062,271530,(3,9223372036854775807))
Edge(180291,4067,(3,9223372036854775807))
Edge(180846,396867,(3,9223372036854775807))
Edge(181373,428433,(3,9223372036854775807))
Edge(181734,231880,(3,9223372036854775807))
Edge(182122,320443,(3,9223372036854775807))
Edge(182481,474462,(3,9223372036854775807))
Edge(182719,177628,(3,9223372036854775807))
Edge(183194,464239,(1,3))
Edge(183297,230843,(3,9223372036854775807))
Edge(183497,314440,(3,9223372036854775807))
Edge(184272,172992,(3,9223372036854775807))
Edge(184995,404433,(3,9223372036854775807))
Edge(185534,187005,(3,9223372036854775807))
Edge(185767,270790,(1,3))
Edge(185780,64804,(3,9223372036854775807))
Edge(186056,236701,(3,9223372036854775807))
Edge(186967,166866,(1,3))
Edge(187135,162740,(3,9223372036854775807))
Edge(187270,238259,(1,9223372036854775807))
Edge(188217,370719,(3,9223372036854775807))
Edge(188292,402854,(3,9223372036854775807))
Edge(188390,169283,(3,9223372036854775807))
Edge(188476,314401,(3,9223372036854775807))
Edge(188536,434984,(3,9223372036854775807))
Edge(188845,336262,(3,9223372036854775807))
Edge(188974,205498,(3,9223372036854775807))
Edge(189021,473427,(3,9223372036854775807))
Edge(189056,119321,(3,9223372036854775807))
Edge(189574,152099,(3,9223372036854775807))
Edge(189624,141103,(3,9223372036854775807))
Edge(189738,457560,(3,9223372036854775807))
Edge(189915,109647,(3,9223372036854775807))
Edge(190407,398970,(1,9223372036854775807))
Edge(190541,155099,(3,9223372036854775807))
Edge(190973,297135,(3,9223372036854775807))
Edge(191172,358007,(1,3))
Edge(191203,5552,(3,9223372036854775807))
Edge(191366,251562,(3,9223372036854775807))
Edge(191901,379589,(1,3))
Edge(192061,319193,(1,9223372036854775807))
Edge(192806,119885,(3,9223372036854775807))
Edge(192807,246397,(3,9223372036854775807))
Edge(193005,260905,(1,9223372036854775807))
Edge(193505,476132,(3,9223372036854775807))
Edge(193851,92940,(3,9223372036854775807))
Edge(194088,214414,(1,9223372036854775807))
Edge(194193,359620,(1,9223372036854775807))
Edge(194339,354506,(1,9223372036854775807))
Edge(194380,476496,(3,9223372036854775807))
Edge(194516,309532,(3,9223372036854775807))
Edge(194822,75241,(1,3))
Edge(195179,110147,(3,9223372036854775807))
Edge(195404,310458,(3,9223372036854775807))
Edge(195552,296502,(3,9223372036854775807))
Edge(195941,261530,(3,9223372036854775807))
Edge(196229,29799,(3,9223372036854775807))
Edge(196768,2098,(3,9223372036854775807))
Edge(196977,123131,(3,9223372036854775807))
Edge(197484,145814,(3,9223372036854775807))
Edge(197585,170957,(2,3))
Edge(198289,97901,(3,9223372036854775807))
Edge(198364,202880,(3,9223372036854775807))
Edge(198432,370446,(3,9223372036854775807))
Edge(198716,24280,(3,9223372036854775807))
Edge(199392,325315,(3,9223372036854775807))
Edge(200546,3398,(3,9223372036854775807))
Edge(200581,30309,(3,9223372036854775807))
Edge(200676,85364,(3,9223372036854775807))
Edge(201052,34709,(3,9223372036854775807))
Edge(201167,479641,(3,9223372036854775807))
Edge(202153,399195,(3,9223372036854775807))
Edge(202205,322086,(3,9223372036854775807))
Edge(202318,141115,(1,9223372036854775807))
Edge(202374,491205,(3,9223372036854775807))
Edge(203505,415537,(3,9223372036854775807))
Edge(203678,230978,(3,9223372036854775807))
Edge(203712,356859,(3,9223372036854775807))
Edge(203955,222552,(3,9223372036854775807))
Edge(204409,289714,(4,9223372036854775807))
Edge(204574,442426,(3,9223372036854775807))
Edge(204762,187464,(3,9223372036854775807))
Edge(204770,153050,(3,9223372036854775807))
Edge(204950,319924,(3,9223372036854775807))
Edge(205078,380344,(3,9223372036854775807))
Edge(205145,77675,(3,9223372036854775807))
Edge(205225,226870,(3,9223372036854775807))
Edge(206477,462587,(4,9223372036854775807))
Edge(207534,335658,(1,9223372036854775807))
Edge(207627,4794,(3,9223372036854775807))
Edge(207632,121077,(1,9223372036854775807))
Edge(207928,70154,(1,9223372036854775807))
Edge(208211,9136,(3,9223372036854775807))
Edge(208567,373551,(3,9223372036854775807))
Edge(209002,76317,(1,3))
Edge(209063,181096,(3,9223372036854775807))
Edge(209197,329824,(3,9223372036854775807))
Edge(209314,315943,(3,9223372036854775807))
Edge(209479,198362,(3,9223372036854775807))
Edge(210012,160230,(3,9223372036854775807))
Edge(210802,177225,(3,9223372036854775807))
Edge(210980,19852,(3,9223372036854775807))
Edge(211511,161721,(1,9223372036854775807))
Edge(211573,297783,(3,9223372036854775807))
Edge(211604,185159,(3,9223372036854775807))
Edge(211839,456774,(1,9223372036854775807))
Edge(212520,250104,(3,9223372036854775807))
Edge(212663,470209,(1,9223372036854775807))
Edge(212768,368343,(3,9223372036854775807))
Edge(212836,447508,(3,9223372036854775807))
Edge(212949,305789,(3,9223372036854775807))
Edge(213156,322399,(3,9223372036854775807))
Edge(213515,84943,(3,9223372036854775807))
Edge(213617,398138,(3,9223372036854775807))
Edge(213833,121286,(3,9223372036854775807))
Edge(213848,326830,(3,9223372036854775807))
Edge(214059,161692,(3,9223372036854775807))
Edge(214376,76350,(3,9223372036854775807))
Edge(214534,158761,(1,9223372036854775807))
Edge(214757,421306,(3,9223372036854775807))
Edge(215319,240081,(1,9223372036854775807))
Edge(215416,63985,(3,9223372036854775807))
Edge(215793,27937,(3,9223372036854775807))
Edge(215899,387652,(1,9223372036854775807))
Edge(216761,159633,(3,9223372036854775807))
Edge(217256,401848,(3,9223372036854775807))
Edge(217628,307878,(3,9223372036854775807))
Edge(217965,453458,(3,9223372036854775807))
Edge(218144,323660,(3,9223372036854775807))
Edge(218335,173477,(3,9223372036854775807))
Edge(218481,343706,(3,9223372036854775807))
Edge(218537,200600,(1,9223372036854775807))
Edge(218574,77842,(3,9223372036854775807))
Edge(218624,421907,(1,3))
Edge(218791,191523,(3,9223372036854775807))
Edge(218969,171981,(3,9223372036854775807))
Edge(219076,103483,(3,9223372036854775807))
Edge(219536,211430,(3,9223372036854775807))
Edge(219645,260483,(3,9223372036854775807))
Edge(219808,219909,(3,9223372036854775807))
Edge(220276,191452,(3,9223372036854775807))
Edge(220381,303098,(3,9223372036854775807))
Edge(220558,218901,(1,3))
Edge(220654,262132,(3,9223372036854775807))
Edge(220794,124934,(1,9223372036854775807))
Edge(220936,22617,(3,9223372036854775807))
Edge(221128,322869,(3,9223372036854775807))
Edge(221351,135087,(3,9223372036854775807))
Edge(221461,43129,(3,9223372036854775807))
Edge(221469,195916,(3,9223372036854775807))
Edge(221535,429312,(3,9223372036854775807))
Edge(222182,145653,(3,9223372036854775807))
Edge(222326,54541,(4,9223372036854775807))
Edge(222395,410966,(3,9223372036854775807))
Edge(222519,228148,(3,9223372036854775807))
Edge(222833,424701,(3,9223372036854775807))
Edge(222928,351853,(3,9223372036854775807))
Edge(222947,108809,(1,3))
Edge(223206,447572,(3,9223372036854775807))
Edge(223302,267567,(3,9223372036854775807))
Edge(223394,158636,(1,9223372036854775807))
Edge(223475,324619,(3,9223372036854775807))
Edge(223493,499832,(1,9223372036854775807))
Edge(224028,80902,(3,9223372036854775807))
Edge(224062,410717,(1,3))
Edge(224557,138497,(3,9223372036854775807))
Edge(224970,243314,(3,9223372036854775807))
Edge(225151,335747,(3,9223372036854775807))
Edge(225263,291575,(1,3))
Edge(225298,271023,(3,9223372036854775807))
Edge(225373,354578,(1,9223372036854775807))
Edge(225600,452832,(3,9223372036854775807))
Edge(226047,437407,(1,9223372036854775807))
Edge(226088,110517,(3,9223372036854775807))
Edge(226457,130157,(3,9223372036854775807))
Edge(227862,211856,(3,9223372036854775807))
Edge(228271,99478,(3,9223372036854775807))
Edge(228432,290680,(3,9223372036854775807))
Edge(228703,232135,(3,9223372036854775807))
Edge(228791,125323,(3,9223372036854775807))
Edge(229033,19068,(3,9223372036854775807))
Edge(229094,32475,(3,9223372036854775807))
Edge(229371,455527,(3,9223372036854775807))
Edge(229869,168069,(3,9223372036854775807))
Edge(230997,235664,(3,9223372036854775807))
Edge(232595,326589,(3,9223372036854775807))
Edge(232958,33757,(3,9223372036854775807))
Edge(233395,66016,(3,9223372036854775807))
Edge(233578,295274,(3,9223372036854775807))
Edge(233951,191072,(3,9223372036854775807))
Edge(234398,15932,(3,9223372036854775807))
Edge(234709,325227,(3,9223372036854775807))
Edge(234873,276746,(1,9223372036854775807))
Edge(235371,130193,(3,9223372036854775807))
Edge(235479,483953,(3,9223372036854775807))
Edge(235590,302157,(3,9223372036854775807))
Edge(236311,32376,(3,9223372036854775807))
Edge(236469,481379,(3,9223372036854775807))
Edge(236521,238801,(3,9223372036854775807))
Edge(236644,434782,(3,9223372036854775807))
Edge(236682,250641,(3,9223372036854775807))
Edge(237589,487742,(3,9223372036854775807))
Edge(237699,128955,(3,9223372036854775807))
Edge(237994,494474,(3,9223372036854775807))
Edge(238365,428497,(1,9223372036854775807))
Edge(238890,445786,(3,9223372036854775807))
Edge(239017,271796,(3,9223372036854775807))
Edge(239923,23517,(3,9223372036854775807))
Edge(239945,278517,(1,3))
Edge(240117,162003,(3,9223372036854775807))
Edge(240186,356339,(3,9223372036854775807))
Edge(241153,481639,(3,9223372036854775807))
Edge(241256,351888,(3,9223372036854775807))
Edge(241562,141040,(3,9223372036854775807))
Edge(241852,121207,(1,9223372036854775807))
Edge(242010,364217,(3,9223372036854775807))
Edge(242177,358838,(3,9223372036854775807))
Edge(242657,465804,(3,9223372036854775807))
Edge(242991,296458,(3,9223372036854775807))
Edge(243006,165772,(1,3))
Edge(243033,47647,(3,9223372036854775807))
Edge(243109,150298,(3,9223372036854775807))
Edge(243239,182912,(3,9223372036854775807))
Edge(243839,139107,(3,9223372036854775807))
Edge(244431,491017,(1,3))
Edge(244543,267077,(1,3))
Edge(244847,361912,(3,9223372036854775807))
Edge(244853,83238,(3,9223372036854775807))
Edge(246166,335673,(3,9223372036854775807))
Edge(246333,98986,(3,9223372036854775807))
Edge(246361,44930,(3,9223372036854775807))
Edge(246586,210925,(3,9223372036854775807))
Edge(247243,101411,(3,9223372036854775807))
Edge(247759,87912,(3,9223372036854775807))
Edge(248195,12386,(1,9223372036854775807))
Edge(248282,225068,(3,9223372036854775807))
Edge(248572,242092,(3,9223372036854775807))
Edge(248964,103914,(3,9223372036854775807))
Edge(249253,465625,(1,3))
Edge(249297,224795,(3,9223372036854775807))
Edge(249709,321951,(3,9223372036854775807))
Edge(249715,306096,(3,9223372036854775807))
Edge(250010,434899,(3,9223372036854775807))
Edge(250244,338916,(3,9223372036854775807))
Edge(250386,248497,(3,9223372036854775807))
Edge(250772,382758,(3,9223372036854775807))
Edge(250780,319249,(1,9223372036854775807))
Edge(250969,262371,(3,9223372036854775807))
Edge(251148,10510,(3,9223372036854775807))
Edge(251156,359894,(1,3))
Edge(251207,39208,(3,9223372036854775807))
Edge(251691,285984,(3,9223372036854775807))
Edge(252324,442458,(1,9223372036854775807))
Edge(252469,425031,(3,9223372036854775807))
Edge(252546,95395,(1,3))
Edge(252816,382299,(3,9223372036854775807))
Edge(253132,156044,(3,9223372036854775807))
Edge(253643,397855,(3,9223372036854775807))
Edge(253720,319212,(3,9223372036854775807))
Edge(253732,41496,(1,9223372036854775807))
Edge(253747,215810,(3,9223372036854775807))
Edge(253914,41735,(3,9223372036854775807))
Edge(253966,261163,(3,9223372036854775807))
Edge(253993,252125,(1,3))
Edge(254631,194168,(3,9223372036854775807))
Edge(254957,239054,(3,9223372036854775807))
Edge(255159,8338,(3,9223372036854775807))
Edge(255277,76004,(1,9223372036854775807))
Edge(255286,139375,(3,9223372036854775807))
Edge(255321,404989,(3,9223372036854775807))
Edge(255541,360275,(3,9223372036854775807))
Edge(255550,128149,(3,9223372036854775807))
Edge(255552,496622,(3,9223372036854775807))
Edge(255871,395875,(3,9223372036854775807))
Edge(256583,246573,(1,3))
Edge(256602,63872,(3,9223372036854775807))
Edge(257007,199302,(1,9223372036854775807))
Edge(257435,465829,(3,9223372036854775807))
Edge(257451,23425,(1,9223372036854775807))
Edge(257938,210714,(1,9223372036854775807))
Edge(258341,343893,(1,9223372036854775807))
Edge(258406,497324,(3,9223372036854775807))
Edge(258495,40366,(1,9223372036854775807))
Edge(258838,364018,(3,9223372036854775807))
Edge(259788,131897,(3,9223372036854775807))
Edge(259888,207671,(3,9223372036854775807))
Edge(259973,259129,(3,9223372036854775807))
Edge(260007,61315,(1,3))
Edge(260074,292051,(3,9223372036854775807))
Edge(260210,321298,(1,3))
Edge(260335,237057,(3,9223372036854775807))
Edge(260488,314888,(3,9223372036854775807))
Edge(260778,45774,(3,9223372036854775807))
Edge(261215,265588,(3,9223372036854775807))
Edge(261344,13769,(3,9223372036854775807))
Edge(261422,299924,(1,9223372036854775807))
Edge(261683,108179,(3,9223372036854775807))
Edge(262739,282219,(3,9223372036854775807))
Edge(263108,414152,(3,9223372036854775807))
Edge(263379,458939,(1,9223372036854775807))
Edge(263517,90001,(3,9223372036854775807))
Edge(263833,73026,(3,9223372036854775807))
Edge(264649,373006,(3,9223372036854775807))
Edge(264896,379214,(3,9223372036854775807))
Edge(265015,370895,(3,9223372036854775807))
Edge(265158,395266,(3,9223372036854775807))
Edge(265196,217714,(1,9223372036854775807))
Edge(265544,95126,(3,9223372036854775807))
Edge(265550,128520,(3,9223372036854775807))
Edge(265587,137510,(3,9223372036854775807))
Edge(265663,285862,(3,9223372036854775807))
Edge(265910,50142,(3,9223372036854775807))
Edge(266089,401388,(1,4))
Edge(266535,315127,(1,3))
Edge(266822,52608,(1,9223372036854775807))
Edge(267605,354074,(3,9223372036854775807))
Edge(268120,181961,(3,9223372036854775807))
Edge(268129,283991,(3,9223372036854775807))
Edge(269232,408983,(3,9223372036854775807))
Edge(269281,398256,(3,9223372036854775807))
Edge(270481,422635,(3,9223372036854775807))
Edge(270489,67611,(3,9223372036854775807))
Edge(270659,293293,(1,9223372036854775807))
Edge(270887,393012,(1,9223372036854775807))
Edge(270896,197724,(3,9223372036854775807))
Edge(271091,406839,(1,3))
Edge(271363,208017,(1,9223372036854775807))
Edge(271494,418376,(3,9223372036854775807))
Edge(272034,58723,(3,9223372036854775807))
Edge(272049,226335,(3,9223372036854775807))
Edge(272082,463890,(3,9223372036854775807))
Edge(272480,209752,(3,9223372036854775807))
Edge(272936,317207,(1,3))
Edge(273179,103455,(3,9223372036854775807))
Edge(273464,275025,(1,9223372036854775807))
Edge(273557,285724,(3,9223372036854775807))
Edge(274064,331532,(1,3))
Edge(274663,339065,(3,9223372036854775807))
Edge(274784,479896,(3,9223372036854775807))
Edge(274878,311610,(3,9223372036854775807))
Edge(274982,352475,(1,9223372036854775807))
Edge(275036,222399,(3,9223372036854775807))
Edge(275200,185673,(3,9223372036854775807))
Edge(275247,319321,(1,9223372036854775807))
Edge(275265,109865,(3,9223372036854775807))
Edge(276157,436828,(1,3))
Edge(276204,126383,(1,9223372036854775807))
Edge(276280,416505,(1,9223372036854775807))
Edge(276426,3821,(3,9223372036854775807))
Edge(276672,360031,(3,9223372036854775807))
Edge(276916,303650,(3,9223372036854775807))
Edge(277418,129558,(1,9223372036854775807))
Edge(277457,37434,(3,9223372036854775807))
Edge(277474,493447,(3,9223372036854775807))
Edge(277729,154770,(3,9223372036854775807))
Edge(277779,459022,(3,9223372036854775807))
Edge(277934,206568,(3,9223372036854775807))
Edge(279274,375294,(1,9223372036854775807))
Edge(279286,169917,(3,9223372036854775807))
Edge(279688,325928,(3,9223372036854775807))
Edge(279726,296190,(3,9223372036854775807))
Edge(279739,377658,(3,9223372036854775807))
Edge(279883,236770,(3,9223372036854775807))
Edge(280258,419037,(3,9223372036854775807))
Edge(280623,467266,(3,9223372036854775807))
Edge(280881,47186,(3,9223372036854775807))
Edge(281682,92186,(3,9223372036854775807))
Edge(282171,267746,(3,9223372036854775807))
Edge(282615,227552,(1,9223372036854775807))
Edge(282808,313593,(3,9223372036854775807))
Edge(283105,112289,(3,9223372036854775807))
Edge(283123,311123,(3,9223372036854775807))
Edge(283138,134520,(3,9223372036854775807))
Edge(283161,311815,(3,9223372036854775807))
Edge(283346,186499,(3,9223372036854775807))
Edge(283559,262414,(3,9223372036854775807))
Edge(283748,65511,(3,9223372036854775807))
Edge(283779,364252,(3,9223372036854775807))
Edge(283824,367099,(3,9223372036854775807))
Edge(284201,296062,(3,9223372036854775807))
Edge(284308,72808,(3,9223372036854775807))
Edge(284924,225525,(3,9223372036854775807))
Edge(285028,244056,(3,9223372036854775807))
Edge(285071,418799,(3,9223372036854775807))
Edge(285570,497554,(3,9223372036854775807))
Edge(285911,370215,(1,9223372036854775807))
Edge(285978,351399,(3,9223372036854775807))
Edge(286506,138081,(3,9223372036854775807))
Edge(286623,216396,(3,9223372036854775807))
Edge(286682,224882,(1,9223372036854775807))
Edge(286873,433016,(3,9223372036854775807))
Edge(287206,468276,(3,9223372036854775807))
Edge(287224,128023,(1,3))
Edge(287827,145549,(3,9223372036854775807))
Edge(287944,357239,(1,9223372036854775807))
Edge(288180,401281,(3,9223372036854775807))
Edge(288554,268916,(3,9223372036854775807))
Edge(288572,101687,(3,9223372036854775807))
Edge(288581,245819,(3,9223372036854775807))
Edge(288612,297507,(3,9223372036854775807))
Edge(289154,108840,(3,9223372036854775807))
Edge(289446,134328,(3,9223372036854775807))
Edge(289763,341627,(1,2))
Edge(290108,189698,(3,9223372036854775807))
Edge(290351,201129,(3,9223372036854775807))
Edge(290406,427153,(3,9223372036854775807))
Edge(290732,280935,(3,9223372036854775807))
Edge(291040,102235,(3,9223372036854775807))
Edge(291110,72009,(3,9223372036854775807))
Edge(292831,113651,(3,9223372036854775807))
Edge(292852,214743,(3,9223372036854775807))
Edge(293657,64915,(3,9223372036854775807))
Edge(293901,498545,(1,9223372036854775807))
Edge(294080,445209,(3,9223372036854775807))
Edge(294236,15433,(3,9223372036854775807))
Edge(294409,488511,(3,9223372036854775807))
Edge(294789,424100,(1,9223372036854775807))
Edge(294828,323351,(1,9223372036854775807))
Edge(295165,74812,(3,9223372036854775807))
Edge(295423,359959,(3,9223372036854775807))
Edge(295565,282229,(3,9223372036854775807))
Edge(295593,30583,(1,9223372036854775807))
Edge(295936,116449,(1,3))
Edge(296088,497127,(3,9223372036854775807))
Edge(296218,172797,(3,9223372036854775807))
Edge(296259,493231,(3,9223372036854775807))
Edge(296379,51585,(3,9223372036854775807))
Edge(296748,140019,(3,9223372036854775807))
Edge(296802,273261,(1,9223372036854775807))
Edge(296973,113380,(3,9223372036854775807))
Edge(296979,31273,(3,9223372036854775807))
Edge(297001,372515,(3,9223372036854775807))
Edge(297550,146491,(3,9223372036854775807))
Edge(297661,409743,(3,9223372036854775807))
Edge(297705,397808,(1,3))
Edge(297945,107332,(3,9223372036854775807))
Edge(298012,422994,(3,9223372036854775807))
Edge(298197,308737,(1,9223372036854775807))
Edge(298769,232981,(1,3))
Edge(299870,230050,(1,9223372036854775807))
Edge(300041,47352,(3,9223372036854775807))
Edge(300274,438144,(1,3))
Edge(300691,304186,(3,9223372036854775807))
Edge(301053,353354,(3,9223372036854775807))
Edge(301258,174337,(3,9223372036854775807))
Edge(301488,346193,(3,9223372036854775807))
Edge(301908,410262,(1,9223372036854775807))
Edge(301951,192786,(1,9223372036854775807))
Edge(302411,103887,(3,9223372036854775807))
Edge(302632,214541,(3,9223372036854775807))
Edge(302674,444864,(3,9223372036854775807))
Edge(302796,140202,(3,9223372036854775807))
Edge(302870,17915,(3,9223372036854775807))
Edge(303104,427527,(3,9223372036854775807))
Edge(304583,337121,(3,9223372036854775807))
Edge(304605,292009,(1,9223372036854775807))
Edge(304688,385174,(3,9223372036854775807))
Edge(304865,320819,(1,9223372036854775807))
Edge(305476,145830,(3,9223372036854775807))
Edge(305566,14769,(3,9223372036854775807))
Edge(305974,153860,(3,9223372036854775807))
Edge(305992,46539,(3,9223372036854775807))
Edge(307359,120637,(1,9223372036854775807))
Edge(307468,331466,(3,9223372036854775807))
Edge(307837,317648,(3,9223372036854775807))
Edge(307864,163527,(3,9223372036854775807))
Edge(307945,199326,(3,9223372036854775807))
Edge(308503,70233,(3,9223372036854775807))
Edge(308567,424700,(1,9223372036854775807))
Edge(308706,29175,(3,9223372036854775807))
Edge(308957,395370,(3,9223372036854775807))
Edge(309147,376656,(3,9223372036854775807))
Edge(310033,347787,(1,3))
Edge(310073,173794,(3,9223372036854775807))
Edge(310314,279259,(1,9223372036854775807))
Edge(310481,196020,(3,9223372036854775807))
Edge(310586,5194,(3,9223372036854775807))
Edge(311500,370461,(3,9223372036854775807))
Edge(311520,489431,(3,9223372036854775807))
Edge(311669,385803,(1,3))
Edge(311751,109852,(3,9223372036854775807))
Edge(312639,304731,(1,9223372036854775807))
Edge(313042,276150,(3,9223372036854775807))
Edge(313408,166848,(3,9223372036854775807))
Edge(313529,278381,(1,9223372036854775807))
Edge(313582,253938,(1,3))
Edge(313948,266536,(3,9223372036854775807))
Edge(314250,57450,(3,9223372036854775807))
Edge(314642,314131,(3,9223372036854775807))
Edge(314796,170884,(3,9223372036854775807))
Edge(314843,362061,(3,9223372036854775807))
Edge(314918,128988,(3,9223372036854775807))
Edge(314954,211598,(3,9223372036854775807))
Edge(315098,97688,(3,9223372036854775807))
Edge(315411,54329,(3,9223372036854775807))
Edge(316255,255735,(3,9223372036854775807))
Edge(316377,367783,(1,9223372036854775807))
Edge(316516,244715,(3,9223372036854775807))
Edge(316630,323400,(3,9223372036854775807))
Edge(316922,12144,(1,9223372036854775807))
Edge(317053,160713,(3,9223372036854775807))
Edge(317961,38065,(3,9223372036854775807))
Edge(318154,216019,(1,9223372036854775807))
Edge(318294,27180,(3,9223372036854775807))
Edge(318403,115786,(3,9223372036854775807))
Edge(318457,438255,(1,9223372036854775807))
Edge(318658,11870,(3,9223372036854775807))
Edge(318777,190898,(3,9223372036854775807))
Edge(319131,194113,(3,9223372036854775807))
Edge(320267,137371,(1,3))
Edge(320351,451616,(1,9223372036854775807))
Edge(320913,25383,(1,9223372036854775807))
Edge(321115,478631,(3,9223372036854775807))
Edge(321217,138424,(3,9223372036854775807))
Edge(321233,272694,(3,9223372036854775807))
Edge(321506,149581,(1,9223372036854775807))
Edge(321556,107034,(1,9223372036854775807))
Edge(322006,116108,(3,9223372036854775807))
Edge(322116,101338,(3,9223372036854775807))
Edge(322244,329640,(3,9223372036854775807))
Edge(322326,76144,(3,9223372036854775807))
Edge(322401,367518,(3,9223372036854775807))
Edge(322652,382605,(3,9223372036854775807))
Edge(322755,195584,(3,9223372036854775807))
Edge(323114,372107,(3,9223372036854775807))
Edge(324849,325178,(3,9223372036854775807))
Edge(325126,425722,(1,9223372036854775807))
Edge(325248,78773,(3,9223372036854775807))
Edge(325343,104232,(3,9223372036854775807))
Edge(325404,18100,(3,9223372036854775807))
Edge(325412,380936,(1,9223372036854775807))
Edge(326044,154083,(3,9223372036854775807))
Edge(326127,108807,(3,9223372036854775807))
Edge(326161,213361,(3,9223372036854775807))
Edge(326247,481490,(3,9223372036854775807))
Edge(326269,478741,(3,9223372036854775807))
Edge(326524,333035,(1,3))
Edge(326652,277680,(1,9223372036854775807))
Edge(327048,159841,(1,9223372036854775807))
Edge(327082,435279,(3,9223372036854775807))
Edge(327088,223542,(1,9223372036854775807))
Edge(327129,131964,(3,9223372036854775807))
Edge(327180,394727,(3,9223372036854775807))
Edge(327415,138791,(3,9223372036854775807))
Edge(327778,118512,(3,9223372036854775807))
Edge(327927,270894,(1,9223372036854775807))
Edge(328092,50595,(3,9223372036854775807))
Edge(328240,102640,(3,9223372036854775807))
Edge(328923,313815,(3,9223372036854775807))
Edge(329053,498001,(3,9223372036854775807))
Edge(329190,173353,(3,9223372036854775807))
Edge(329427,349317,(1,9223372036854775807))
Edge(329772,438988,(3,9223372036854775807))
Edge(330011,339113,(3,9223372036854775807))
Edge(331147,104442,(3,9223372036854775807))
Edge(331554,446981,(3,9223372036854775807))
Edge(332044,160738,(3,9223372036854775807))
Edge(332420,429472,(3,9223372036854775807))
Edge(332439,438863,(3,9223372036854775807))
Edge(333175,260892,(3,9223372036854775807))
Edge(333280,327121,(3,9223372036854775807))
Edge(333454,178812,(3,9223372036854775807))
Edge(333785,415806,(1,3))
Edge(333962,427259,(3,9223372036854775807))
Edge(334786,116183,(1,9223372036854775807))
Edge(335208,64282,(3,9223372036854775807))
Edge(335742,346746,(1,3))
Edge(336306,484069,(3,9223372036854775807))
Edge(336378,134196,(3,9223372036854775807))
Edge(336449,317951,(3,9223372036854775807))
Edge(336507,381511,(3,9223372036854775807))
Edge(336695,51658,(3,9223372036854775807))
Edge(336737,29378,(3,9223372036854775807))
Edge(337324,76291,(3,9223372036854775807))
Edge(337342,226967,(3,9223372036854775807))
Edge(337837,431302,(3,9223372036854775807))
Edge(337864,481954,(3,9223372036854775807))
Edge(337872,391434,(3,9223372036854775807))
Edge(338095,256624,(3,9223372036854775807))
Edge(338302,201222,(3,9223372036854775807))
Edge(338582,229335,(1,9223372036854775807))
Edge(338683,19619,(3,9223372036854775807))
Edge(338988,218021,(1,9223372036854775807))
Edge(339509,129349,(1,9223372036854775807))
Edge(339702,350987,(1,9223372036854775807))
Edge(339801,471565,(3,9223372036854775807))
Edge(339893,335125,(3,9223372036854775807))
Edge(339927,487469,(3,9223372036854775807))
Edge(339943,323318,(3,9223372036854775807))
Edge(340181,418219,(3,9223372036854775807))
Edge(340709,43931,(3,9223372036854775807))
Edge(340977,108025,(3,9223372036854775807))
Edge(341124,293237,(1,9223372036854775807))
Edge(341905,376075,(3,9223372036854775807))
Edge(342074,238019,(1,9223372036854775807))
Edge(342187,8758,(3,9223372036854775807))
Edge(342228,359062,(1,9223372036854775807))
Edge(342536,471993,(3,9223372036854775807))
Edge(342994,283567,(3,9223372036854775807))
Edge(343146,493707,(3,9223372036854775807))
Edge(343184,198134,(1,9223372036854775807))
Edge(343653,263332,(4,9223372036854775807))
Edge(343742,257051,(3,9223372036854775807))
Edge(344239,194111,(1,9223372036854775807))
Edge(344596,256223,(3,9223372036854775807))
Edge(344881,497071,(3,9223372036854775807))
Edge(344952,196508,(3,9223372036854775807))
Edge(345035,304831,(3,9223372036854775807))
Edge(345054,273094,(3,9223372036854775807))
Edge(345082,386725,(3,9223372036854775807))
Edge(345388,219221,(3,9223372036854775807))
Edge(345412,397857,(3,9223372036854775807))
Edge(346125,47201,(3,9223372036854775807))
Edge(346165,470765,(3,9223372036854775807))
Edge(346272,338518,(3,9223372036854775807))
Edge(346800,325920,(1,9223372036854775807))
Edge(347029,142919,(3,9223372036854775807))
Edge(347223,310510,(3,9223372036854775807))
Edge(347452,427698,(3,9223372036854775807))
Edge(347507,451440,(3,9223372036854775807))
Edge(347578,341235,(3,9223372036854775807))
Edge(347674,210439,(1,9223372036854775807))
Edge(347897,276622,(1,9223372036854775807))
Edge(348046,318365,(3,9223372036854775807))
Edge(348329,183674,(3,9223372036854775807))
Edge(348827,337091,(3,9223372036854775807))
Edge(349048,103585,(3,9223372036854775807))
Edge(349331,425351,(1,9223372036854775807))
Edge(349700,282852,(3,9223372036854775807))
Edge(349865,431433,(1,9223372036854775807))
Edge(349869,123248,(3,9223372036854775807))
Edge(350218,128833,(3,9223372036854775807))
Edge(350457,175421,(3,9223372036854775807))
Edge(350502,3183,(3,9223372036854775807))
Edge(350569,26481,(3,9223372036854775807))
Edge(350678,362224,(3,9223372036854775807))
Edge(350810,346879,(3,9223372036854775807))
Edge(351392,56480,(3,9223372036854775807))
Edge(352081,45401,(1,9223372036854775807))
Edge(353022,266899,(3,9223372036854775807))
Edge(353100,203990,(3,9223372036854775807))
Edge(353209,4448,(3,9223372036854775807))
Edge(353382,58637,(3,9223372036854775807))
Edge(353394,119283,(1,9223372036854775807))
Edge(353483,150776,(3,9223372036854775807))
Edge(353507,195076,(3,9223372036854775807))
Edge(353895,424684,(3,9223372036854775807))
Edge(354044,229008,(3,9223372036854775807))
Edge(354092,18550,(3,9223372036854775807))
Edge(354434,235021,(1,9223372036854775807))
Edge(354657,122145,(3,9223372036854775807))
Edge(355286,110567,(1,9223372036854775807))
Edge(355460,67912,(1,9223372036854775807))
Edge(355809,425022,(3,9223372036854775807))
Edge(356058,492375,(3,9223372036854775807))
Edge(356156,325894,(3,9223372036854775807))
Edge(356176,487838,(1,3))
Edge(356644,495367,(3,9223372036854775807))
Edge(356945,40045,(1,9223372036854775807))
Edge(357099,442612,(1,9223372036854775807))
Edge(357506,407617,(3,9223372036854775807))
Edge(357947,75473,(3,9223372036854775807))
Edge(358201,482448,(3,9223372036854775807))
Edge(358221,9346,(1,9223372036854775807))
Edge(358582,34684,(3,9223372036854775807))
Edge(358771,338012,(3,9223372036854775807))
Edge(358787,62235,(1,3))
Edge(358793,434306,(3,9223372036854775807))
Edge(358803,234542,(1,9223372036854775807))
Edge(359263,372495,(3,9223372036854775807))
Edge(359429,26345,(1,9223372036854775807))
Edge(359435,104549,(3,9223372036854775807))
Edge(359637,486182,(3,9223372036854775807))
Edge(359816,122544,(3,9223372036854775807))
Edge(359889,184521,(1,9223372036854775807))
Edge(360157,96697,(3,9223372036854775807))
Edge(360414,145220,(3,9223372036854775807))
Edge(360461,462857,(3,9223372036854775807))
Edge(360491,424392,(3,9223372036854775807))
Edge(361382,115783,(1,3))
Edge(361392,50954,(3,9223372036854775807))
Edge(361519,470974,(1,9223372036854775807))
Edge(361946,5740,(3,9223372036854775807))
Edge(362333,292713,(1,9223372036854775807))
Edge(362458,106859,(1,9223372036854775807))
Edge(362648,214388,(3,9223372036854775807))
Edge(362683,9606,(3,9223372036854775807))
Edge(362865,33691,(3,9223372036854775807))
Edge(362875,105777,(3,9223372036854775807))
Edge(363963,340441,(1,3))
Edge(364011,96297,(3,9223372036854775807))
Edge(365473,33585,(1,3))
Edge(365703,296760,(3,9223372036854775807))
Edge(365866,206085,(3,9223372036854775807))
Edge(366041,212439,(3,9223372036854775807))
Edge(366095,162132,(3,9223372036854775807))
Edge(366199,411389,(3,9223372036854775807))
Edge(366303,219790,(1,9223372036854775807))
Edge(366659,283968,(3,9223372036854775807))
Edge(366761,93017,(3,9223372036854775807))
Edge(366828,485595,(3,9223372036854775807))
Edge(367092,461840,(3,9223372036854775807))
Edge(367373,191814,(3,9223372036854775807))
Edge(367523,402801,(3,9223372036854775807))
Edge(367623,124259,(3,9223372036854775807))
Edge(367667,147821,(3,9223372036854775807))
Edge(367690,487952,(1,3))
Edge(367885,175029,(1,9223372036854775807))
Edge(368055,7072,(1,3))
Edge(368098,277886,(3,9223372036854775807))
Edge(368402,287061,(3,9223372036854775807))
Edge(368542,402921,(3,9223372036854775807))
Edge(368711,203932,(3,9223372036854775807))
Edge(368885,394077,(3,9223372036854775807))
Edge(368968,343521,(3,9223372036854775807))
Edge(368976,176899,(1,9223372036854775807))
Edge(369165,60094,(1,3))
Edge(369172,44652,(3,9223372036854775807))
Edge(369273,258229,(1,3))
Edge(369440,97312,(4,9223372036854775807))
Edge(369905,36893,(3,9223372036854775807))
Edge(370379,340099,(3,9223372036854775807))
Edge(370516,11259,(3,9223372036854775807))
Edge(371247,402894,(3,9223372036854775807))
Edge(371556,147960,(3,9223372036854775807))
Edge(371858,2055,(3,9223372036854775807))
Edge(372071,302281,(3,9223372036854775807))
Edge(372382,319852,(3,9223372036854775807))
Edge(372616,44281,(3,9223372036854775807))
Edge(372764,185423,(3,9223372036854775807))
Edge(372963,216909,(1,9223372036854775807))
Edge(373005,452372,(3,9223372036854775807))
Edge(373355,177818,(3,9223372036854775807))
Edge(373475,456510,(3,9223372036854775807))
Edge(374034,242860,(3,9223372036854775807))
Edge(374418,335423,(3,9223372036854775807))
Edge(374659,334846,(3,9223372036854775807))
Edge(374843,106867,(3,9223372036854775807))
Edge(375070,155478,(3,9223372036854775807))
Edge(375153,81315,(3,9223372036854775807))
Edge(375286,19209,(3,9223372036854775807))
Edge(375486,490177,(3,9223372036854775807))
Edge(375684,346503,(3,9223372036854775807))
Edge(375705,91307,(3,9223372036854775807))
Edge(375869,78257,(3,9223372036854775807))
Edge(376158,245673,(3,9223372036854775807))
Edge(376309,179416,(3,9223372036854775807))
Edge(376633,191170,(3,9223372036854775807))
Edge(376693,444043,(3,9223372036854775807))
Edge(376992,364858,(1,9223372036854775807))
Edge(377521,83751,(3,9223372036854775807))
Edge(377989,97122,(1,3))
Edge(378151,148507,(3,9223372036854775807))
Edge(378294,312587,(3,9223372036854775807))
Edge(378529,133218,(3,9223372036854775807))
Edge(378576,438085,(3,9223372036854775807))
Edge(379263,193525,(1,3))
Edge(379622,361391,(3,9223372036854775807))
Edge(380214,126322,(1,9223372036854775807))
Edge(380922,228483,(3,9223372036854775807))
Edge(380936,193418,(1,3))
Edge(381103,318901,(3,9223372036854775807))
Edge(381388,364216,(1,9223372036854775807))
Edge(381691,133117,(3,9223372036854775807))
Edge(382665,282912,(3,9223372036854775807))
Edge(382764,496567,(3,9223372036854775807))
Edge(382817,181704,(3,9223372036854775807))
Edge(383041,37107,(3,9223372036854775807))
Edge(383477,60439,(1,9223372036854775807))
Edge(383586,9479,(3,9223372036854775807))
Edge(383857,40884,(3,9223372036854775807))
Edge(384326,50828,(3,9223372036854775807))
Edge(384342,107363,(3,9223372036854775807))
Edge(384443,353155,(3,9223372036854775807))
Edge(384663,394706,(1,9223372036854775807))
Edge(384757,282334,(3,9223372036854775807))
Edge(384994,42511,(3,9223372036854775807))
Edge(385084,464787,(1,9223372036854775807))
Edge(385277,359185,(3,9223372036854775807))
Edge(385494,422087,(1,3))
Edge(386557,75835,(3,9223372036854775807))
Edge(386775,342645,(3,9223372036854775807))
Edge(387289,412369,(3,9223372036854775807))
Edge(387372,226496,(3,9223372036854775807))
Edge(387446,240538,(3,9223372036854775807))
Edge(387767,287341,(3,9223372036854775807))
Edge(387832,494259,(3,9223372036854775807))
Edge(388267,57318,(1,3))
Edge(388497,198015,(3,9223372036854775807))
Edge(389058,215639,(3,9223372036854775807))
Edge(389122,303292,(4,9223372036854775807))
Edge(389306,454175,(3,9223372036854775807))
Edge(389387,19285,(3,9223372036854775807))
Edge(389536,435554,(3,9223372036854775807))
Edge(389555,363015,(3,9223372036854775807))
Edge(389590,200192,(3,9223372036854775807))
Edge(389793,146928,(1,9223372036854775807))
Edge(390161,370746,(3,9223372036854775807))
Edge(390247,3161,(3,9223372036854775807))
Edge(390672,263203,(1,9223372036854775807))
Edge(390695,319419,(1,3))
Edge(391114,74136,(3,9223372036854775807))
Edge(391290,350595,(3,9223372036854775807))
Edge(391384,483779,(3,9223372036854775807))
Edge(392171,34940,(3,9223372036854775807))
Edge(392361,215172,(1,3))
Edge(392389,158697,(3,9223372036854775807))
Edge(392563,61833,(3,9223372036854775807))
Edge(392646,55861,(3,9223372036854775807))
Edge(393303,420161,(3,9223372036854775807))
Edge(393311,168010,(3,9223372036854775807))
Edge(393632,364421,(3,9223372036854775807))
Edge(393974,211404,(3,9223372036854775807))
Edge(394032,458473,(1,9223372036854775807))
Edge(394216,65752,(3,9223372036854775807))
Edge(394729,144284,(3,9223372036854775807))
Edge(394766,180649,(3,9223372036854775807))
Edge(394828,451699,(1,9223372036854775807))
Edge(395139,450571,(3,9223372036854775807))
Edge(395760,366157,(3,9223372036854775807))
Edge(396214,324951,(3,9223372036854775807))
Edge(396243,43034,(3,9223372036854775807))
Edge(396246,93733,(3,9223372036854775807))
Edge(396928,310773,(3,9223372036854775807))
Edge(397035,19487,(3,9223372036854775807))
Edge(397242,433713,(3,9223372036854775807))
Edge(397393,379285,(3,9223372036854775807))
Edge(397550,62460,(1,9223372036854775807))
Edge(397568,403653,(1,9223372036854775807))
Edge(397801,186737,(3,9223372036854775807))
Edge(398446,280852,(3,9223372036854775807))
Edge(398680,35358,(3,9223372036854775807))
Edge(398693,273098,(3,9223372036854775807))
Edge(399214,330979,(1,3))
Edge(399340,123599,(3,9223372036854775807))
Edge(399690,492544,(3,9223372036854775807))
Edge(400135,336816,(3,9223372036854775807))
Edge(400163,351527,(3,9223372036854775807))
Edge(400238,31253,(3,9223372036854775807))
Edge(400271,499166,(3,9223372036854775807))
Edge(400299,214307,(3,9223372036854775807))
Edge(401164,174994,(3,9223372036854775807))
Edge(401286,212442,(3,9223372036854775807))
Edge(401367,259861,(3,9223372036854775807))
Edge(401601,60773,(3,9223372036854775807))
Edge(401694,45184,(3,9223372036854775807))
Edge(401699,146261,(3,9223372036854775807))
Edge(402236,451205,(3,9223372036854775807))
Edge(402704,406995,(3,9223372036854775807))
Edge(402947,221844,(3,9223372036854775807))
Edge(403327,436235,(3,9223372036854775807))
Edge(403476,47044,(3,9223372036854775807))
Edge(403897,346653,(3,9223372036854775807))
Edge(404066,125073,(3,9223372036854775807))
Edge(404232,239439,(1,3))
Edge(404307,473053,(1,9223372036854775807))
Edge(404344,46380,(1,9223372036854775807))
Edge(404546,463570,(3,9223372036854775807))
Edge(404555,221283,(3,9223372036854775807))
Edge(404675,43923,(1,9223372036854775807))
Edge(405242,468854,(1,9223372036854775807))
Edge(405243,128031,(1,9223372036854775807))
Edge(405427,426716,(1,9223372036854775807))
Edge(405595,81226,(3,9223372036854775807))
Edge(405959,405660,(1,9223372036854775807))
Edge(406104,263264,(3,9223372036854775807))
Edge(406169,379959,(3,9223372036854775807))
Edge(406207,204453,(1,9223372036854775807))
Edge(406340,144175,(3,9223372036854775807))
Edge(406356,155497,(3,9223372036854775807))
Edge(407111,434200,(3,9223372036854775807))
Edge(407315,30864,(1,9223372036854775807))
Edge(407925,136038,(3,9223372036854775807))
Edge(408442,249996,(3,9223372036854775807))
Edge(408469,199289,(3,9223372036854775807))
Edge(408537,354515,(3,9223372036854775807))
Edge(408734,66122,(1,9223372036854775807))
Edge(408956,186927,(1,9223372036854775807))
Edge(409978,402966,(3,9223372036854775807))
Edge(410109,325087,(3,9223372036854775807))
Edge(410292,462106,(3,9223372036854775807))
Edge(410597,83144,(3,9223372036854775807))
Edge(410635,324501,(3,9223372036854775807))
Edge(410717,193663,(3,9223372036854775807))
Edge(410855,191305,(1,3))
Edge(411724,147105,(3,9223372036854775807))
Edge(411750,249874,(3,9223372036854775807))
Edge(411874,135794,(3,9223372036854775807))
Edge(412342,188865,(3,9223372036854775807))
Edge(412344,210400,(1,9223372036854775807))
Edge(412502,78629,(1,3))
Edge(412525,369010,(3,9223372036854775807))
Edge(413302,379222,(3,9223372036854775807))
Edge(413359,391404,(3,9223372036854775807))
Edge(413389,256549,(3,9223372036854775807))
Edge(413487,150533,(3,9223372036854775807))
Edge(413526,150516,(1,3))
Edge(413682,313946,(3,9223372036854775807))
Edge(413745,427268,(1,9223372036854775807))
Edge(413902,467523,(3,9223372036854775807))
Edge(414067,24006,(3,9223372036854775807))
Edge(414125,269366,(3,9223372036854775807))
Edge(414400,253966,(1,9223372036854775807))
Edge(414465,263406,(3,9223372036854775807))
Edge(415669,228672,(3,9223372036854775807))
Edge(415779,289268,(3,9223372036854775807))
Edge(415859,346238,(3,9223372036854775807))
Edge(416134,151556,(3,9223372036854775807))
Edge(416305,211629,(3,9223372036854775807))
Edge(416314,289606,(3,9223372036854775807))
Edge(416601,59934,(3,9223372036854775807))
Edge(416660,137812,(3,9223372036854775807))
Edge(416814,32693,(3,9223372036854775807))
Edge(416876,298385,(3,9223372036854775807))
Edge(417892,164584,(1,9223372036854775807))
Edge(418441,420675,(1,3))
Edge(418857,143319,(1,9223372036854775807))
Edge(419590,27955,(3,9223372036854775807))
Edge(419796,145813,(3,9223372036854775807))
Edge(420261,68638,(1,9223372036854775807))
Edge(420982,356677,(3,9223372036854775807))
Edge(421436,337404,(3,9223372036854775807))
Edge(421477,61504,(3,9223372036854775807))
Edge(421637,66164,(3,9223372036854775807))
Edge(422158,397100,(3,9223372036854775807))
Edge(422461,419279,(3,9223372036854775807))
Edge(422519,462516,(3,9223372036854775807))
Edge(422534,298871,(1,3))
Edge(422545,418846,(3,9223372036854775807))
Edge(422591,307946,(3,9223372036854775807))
Edge(422705,48279,(3,9223372036854775807))
Edge(422819,187285,(3,9223372036854775807))
Edge(423163,47190,(3,9223372036854775807))
Edge(423383,41129,(1,9223372036854775807))
Edge(423860,91766,(3,9223372036854775807))
Edge(423907,24779,(3,9223372036854775807))
Edge(424277,9729,(1,9223372036854775807))
Edge(424490,433628,(1,9223372036854775807))
Edge(424704,307142,(3,9223372036854775807))
Edge(425344,95072,(1,9223372036854775807))
Edge(425501,491491,(3,9223372036854775807))
Edge(425521,449846,(3,9223372036854775807))
Edge(425532,192518,(1,9223372036854775807))
Edge(425537,311963,(3,9223372036854775807))
Edge(425936,127187,(3,9223372036854775807))
Edge(426255,497814,(3,9223372036854775807))
Edge(427010,251618,(3,9223372036854775807))
Edge(427063,406920,(3,9223372036854775807))
Edge(427165,211545,(3,9223372036854775807))
Edge(427165,363587,(3,9223372036854775807))
Edge(427980,387092,(3,9223372036854775807))
Edge(427992,294577,(1,9223372036854775807))
Edge(428202,129317,(3,9223372036854775807))
Edge(428247,288356,(3,9223372036854775807))
Edge(428281,278212,(1,3))
Edge(428391,325633,(3,9223372036854775807))
Edge(428581,384144,(1,9223372036854775807))
Edge(428767,230141,(1,9223372036854775807))
Edge(428906,426777,(3,9223372036854775807))
Edge(429062,496906,(4,9223372036854775807))
Edge(429174,384800,(3,9223372036854775807))
Edge(429656,116399,(3,9223372036854775807))
Edge(429713,290922,(3,9223372036854775807))
Edge(430009,209964,(3,9223372036854775807))
Edge(430282,356345,(3,9223372036854775807))
Edge(430764,108290,(3,9223372036854775807))
Edge(431414,264504,(3,9223372036854775807))
Edge(431542,101116,(3,9223372036854775807))
Edge(431602,276195,(3,9223372036854775807))
Edge(431721,20454,(1,9223372036854775807))
Edge(431787,263227,(1,3))
Edge(432129,207857,(3,9223372036854775807))
Edge(432134,115190,(3,9223372036854775807))
Edge(432335,378398,(3,9223372036854775807))
Edge(432480,391305,(3,9223372036854775807))
Edge(432590,397239,(1,9223372036854775807))
Edge(433601,274336,(3,9223372036854775807))
Edge(433989,108486,(3,9223372036854775807))
Edge(434273,145972,(3,9223372036854775807))
Edge(434308,135447,(3,9223372036854775807))
Edge(434359,395915,(1,3))
Edge(434552,235867,(3,9223372036854775807))
Edge(435121,286166,(3,9223372036854775807))
Edge(435435,98433,(3,9223372036854775807))
Edge(435593,410069,(3,9223372036854775807))
Edge(435888,294392,(1,9223372036854775807))
Edge(436105,34022,(3,9223372036854775807))
Edge(436272,384298,(3,9223372036854775807))
Edge(436547,183771,(3,9223372036854775807))
Edge(436970,486519,(3,9223372036854775807))
Edge(437016,54206,(1,9223372036854775807))
Edge(437251,133050,(3,9223372036854775807))
Edge(437372,336387,(3,9223372036854775807))
Edge(438184,354606,(1,9223372036854775807))
Edge(438415,117611,(3,9223372036854775807))
Edge(438748,314942,(1,9223372036854775807))
Edge(439047,12152,(3,9223372036854775807))
Edge(439085,155231,(3,9223372036854775807))
Edge(439429,222788,(3,9223372036854775807))
Edge(439483,216053,(3,9223372036854775807))
Edge(439736,384786,(3,9223372036854775807))
Edge(439795,95882,(1,9223372036854775807))
Edge(439831,378655,(3,9223372036854775807))
Edge(439904,216178,(1,9223372036854775807))
Edge(440065,210207,(3,9223372036854775807))
Edge(440306,243769,(3,9223372036854775807))
Edge(440500,269346,(1,3))
Edge(440649,471438,(1,3))
Edge(441094,166659,(1,9223372036854775807))
Edge(441463,279308,(3,9223372036854775807))
Edge(442117,73924,(3,9223372036854775807))
Edge(442179,199922,(3,9223372036854775807))
Edge(442337,434658,(3,9223372036854775807))
Edge(442665,90993,(3,9223372036854775807))
Edge(442675,96849,(3,9223372036854775807))
Edge(442730,342729,(3,9223372036854775807))
Edge(443468,205231,(3,9223372036854775807))
Edge(443529,386871,(3,9223372036854775807))
Edge(443636,485628,(3,9223372036854775807))
Edge(443715,335947,(3,9223372036854775807))
Edge(444041,426617,(3,9223372036854775807))
Edge(444124,479218,(1,3))
Edge(444276,305500,(1,9223372036854775807))
Edge(445044,30743,(3,9223372036854775807))
Edge(445133,379594,(3,9223372036854775807))
Edge(445383,108538,(3,9223372036854775807))
Edge(445662,347374,(3,9223372036854775807))
Edge(445720,173933,(3,9223372036854775807))
Edge(446551,320801,(1,3))
Edge(446642,305497,(1,3))
Edge(446906,350961,(3,9223372036854775807))
Edge(446916,139279,(3,9223372036854775807))
Edge(447253,336684,(3,9223372036854775807))
Edge(447307,247778,(1,9223372036854775807))
Edge(447421,121381,(3,9223372036854775807))
Edge(447530,462312,(1,3))
Edge(447573,409824,(3,9223372036854775807))
Edge(447836,300303,(1,9223372036854775807))
Edge(448005,117650,(3,9223372036854775807))
Edge(448015,269017,(3,9223372036854775807))
Edge(448889,346540,(1,9223372036854775807))
Edge(448969,132885,(3,9223372036854775807))
Edge(448984,153095,(3,9223372036854775807))
Edge(449960,362162,(3,9223372036854775807))
Edge(450075,170783,(3,9223372036854775807))
Edge(450465,425798,(3,9223372036854775807))
Edge(450543,384157,(3,9223372036854775807))
Edge(450711,182906,(1,9223372036854775807))
Edge(450848,315198,(3,9223372036854775807))
Edge(451082,324605,(3,9223372036854775807))
Edge(451204,457055,(3,9223372036854775807))
Edge(452022,160041,(3,9223372036854775807))
Edge(452138,433815,(3,9223372036854775807))
Edge(452899,84322,(1,9223372036854775807))
Edge(452954,18784,(1,9223372036854775807))
Edge(453298,215637,(3,9223372036854775807))
Edge(453515,124353,(3,9223372036854775807))
Edge(453524,448032,(3,9223372036854775807))
Edge(454311,476762,(3,9223372036854775807))
Edge(454775,402223,(3,9223372036854775807))
Edge(455023,266515,(3,9223372036854775807))
Edge(455309,85288,(3,9223372036854775807))
Edge(456062,371243,(3,9223372036854775807))
Edge(456330,479427,(3,9223372036854775807))
Edge(456508,382599,(3,9223372036854775807))
Edge(457310,48767,(1,9223372036854775807))
Edge(457755,298679,(3,9223372036854775807))
Edge(458040,94208,(3,9223372036854775807))
Edge(458269,489339,(1,9223372036854775807))
Edge(459097,326536,(3,9223372036854775807))
Edge(459214,11085,(1,9223372036854775807))
Edge(459300,219236,(3,9223372036854775807))
Edge(459332,497412,(3,9223372036854775807))
Edge(459826,69407,(3,9223372036854775807))
Edge(459935,27751,(3,9223372036854775807))
Edge(460006,207539,(1,9223372036854775807))
Edge(460632,120287,(3,9223372036854775807))
Edge(460912,34187,(3,9223372036854775807))
Edge(461188,256667,(3,9223372036854775807))
Edge(461406,154342,(3,9223372036854775807))
Edge(461488,129519,(1,3))
Edge(461613,403005,(3,9223372036854775807))
Edge(461678,10485,(3,9223372036854775807))
Edge(461855,316753,(3,9223372036854775807))
Edge(462085,221803,(3,9223372036854775807))
Edge(462406,371860,(3,9223372036854775807))
Edge(462662,341341,(3,9223372036854775807))
Edge(463058,129385,(3,9223372036854775807))
Edge(463084,74857,(1,9223372036854775807))
Edge(463484,459084,(1,3))
Edge(463984,155712,(3,9223372036854775807))
Edge(464078,130445,(3,9223372036854775807))
Edge(464185,344381,(3,9223372036854775807))
Edge(464663,450310,(3,9223372036854775807))
Edge(465832,424043,(1,9223372036854775807))
Edge(465853,345040,(3,9223372036854775807))
Edge(465903,238840,(1,9223372036854775807))
Edge(466201,256427,(3,9223372036854775807))
Edge(466354,273793,(3,9223372036854775807))
Edge(466616,69050,(3,9223372036854775807))
Edge(466700,119102,(1,9223372036854775807))
Edge(467009,40216,(3,9223372036854775807))
Edge(467039,25649,(3,9223372036854775807))
Edge(467232,270917,(3,9223372036854775807))
Edge(467307,410766,(1,3))
Edge(467511,217870,(3,9223372036854775807))
Edge(468545,421094,(3,9223372036854775807))
Edge(468814,390239,(1,9223372036854775807))
Edge(468866,432521,(1,9223372036854775807))
Edge(468922,304145,(1,3))
Edge(469019,78997,(3,9223372036854775807))
Edge(469530,30438,(1,3))
Edge(470000,463505,(3,9223372036854775807))
Edge(470338,440,(1,9223372036854775807))
Edge(470935,341182,(1,3))
Edge(471055,182260,(3,9223372036854775807))
Edge(471107,148917,(3,9223372036854775807))
Edge(471465,263523,(3,9223372036854775807))
Edge(471674,178897,(1,9223372036854775807))
Edge(472899,41815,(3,9223372036854775807))
Edge(473319,121445,(3,9223372036854775807))
Edge(473368,66651,(3,9223372036854775807))
Edge(473631,393106,(3,9223372036854775807))
Edge(474101,121860,(3,9223372036854775807))
Edge(474166,363563,(3,9223372036854775807))
Edge(475730,478061,(3,9223372036854775807))
Edge(476152,485297,(1,9223372036854775807))
Edge(476208,49000,(1,9223372036854775807))
Edge(476220,137524,(1,3))
Edge(476260,189288,(3,9223372036854775807))
Edge(476265,203489,(3,9223372036854775807))
Edge(476447,137504,(3,9223372036854775807))
Edge(476998,56883,(3,9223372036854775807))
Edge(477239,241228,(3,9223372036854775807))
Edge(477416,91277,(3,9223372036854775807))
Edge(477621,327942,(3,9223372036854775807))
Edge(477833,364132,(3,9223372036854775807))
Edge(478007,102495,(3,9223372036854775807))
Edge(478145,175383,(3,9223372036854775807))
Edge(478241,167437,(3,9223372036854775807))
Edge(478295,92252,(3,9223372036854775807))
Edge(478309,457698,(1,3))
Edge(478329,387332,(3,9223372036854775807))
Edge(478433,237767,(3,9223372036854775807))
Edge(478503,33200,(1,9223372036854775807))
Edge(478801,62542,(3,9223372036854775807))
Edge(479202,184355,(3,9223372036854775807))
Edge(479596,2875,(3,9223372036854775807))
Edge(479852,80325,(3,9223372036854775807))
Edge(480304,220923,(3,9223372036854775807))
Edge(481096,364224,(3,9223372036854775807))
Edge(481147,232640,(1,3))
Edge(481164,451720,(1,3))
Edge(481344,206702,(1,9223372036854775807))
Edge(481770,271839,(3,9223372036854775807))
Edge(482217,313310,(3,9223372036854775807))
Edge(482242,209746,(3,9223372036854775807))
Edge(482381,129418,(3,9223372036854775807))
Edge(483163,466056,(3,9223372036854775807))
Edge(483680,420353,(1,9223372036854775807))
Edge(483774,151297,(3,9223372036854775807))
Edge(484235,461488,(1,9223372036854775807))
Edge(485035,274614,(3,9223372036854775807))
Edge(485047,175515,(3,9223372036854775807))
Edge(485110,348950,(3,9223372036854775807))
Edge(485172,285320,(3,9223372036854775807))
Edge(485536,19779,(3,9223372036854775807))
Edge(486165,18279,(1,3))
Edge(486463,245212,(3,9223372036854775807))
Edge(486662,383837,(1,9223372036854775807))
Edge(486863,405820,(3,9223372036854775807))
Edge(486928,204143,(3,9223372036854775807))
Edge(486937,158353,(3,9223372036854775807))
Edge(487381,481541,(3,9223372036854775807))
Edge(487385,218653,(3,9223372036854775807))
Edge(487523,113660,(3,9223372036854775807))
Edge(488020,337350,(3,9223372036854775807))
Edge(488187,24792,(3,9223372036854775807))
Edge(488829,112718,(3,9223372036854775807))
Edge(488864,60778,(1,9223372036854775807))
Edge(489024,191986,(1,9223372036854775807))
Edge(489113,464828,(3,9223372036854775807))
Edge(489150,336590,(3,9223372036854775807))
Edge(489919,439410,(3,9223372036854775807))
Edge(489941,459488,(1,3))
Edge(490268,3641,(3,9223372036854775807))
Edge(490286,421467,(1,3))
Edge(490370,352649,(3,9223372036854775807))
Edge(490437,143387,(1,9223372036854775807))
Edge(491218,211585,(1,9223372036854775807))
Edge(491230,175753,(3,9223372036854775807))
Edge(491454,448604,(3,9223372036854775807))
Edge(491622,366874,(1,9223372036854775807))
Edge(491739,491162,(3,9223372036854775807))
Edge(491793,414787,(3,9223372036854775807))
Edge(491889,61923,(1,9223372036854775807))
Edge(492263,429102,(3,9223372036854775807))
Edge(492319,355168,(3,9223372036854775807))
Edge(492450,207607,(3,9223372036854775807))
Edge(493357,455562,(3,9223372036854775807))
Edge(493471,301671,(1,9223372036854775807))
Edge(493727,323053,(3,9223372036854775807))
Edge(493880,114561,(3,9223372036854775807))
Edge(494017,189448,(3,9223372036854775807))
Edge(494112,306950,(3,9223372036854775807))
Edge(494373,133412,(1,3))
Edge(494380,210867,(3,9223372036854775807))
Edge(494608,66721,(3,9223372036854775807))
Edge(495014,374444,(3,9223372036854775807))
Edge(495404,303905,(3,9223372036854775807))
Edge(495952,242716,(1,9223372036854775807))
Edge(496278,15299,(3,9223372036854775807))
Edge(496303,87642,(3,9223372036854775807))
Edge(496558,178363,(3,9223372036854775807))
Edge(497301,108470,(3,9223372036854775807))
Edge(497350,8045,(3,9223372036854775807))
Edge(497369,132776,(1,9223372036854775807))
Edge(497433,319844,(1,9223372036854775807))
Edge(497552,361246,(3,9223372036854775807))
Edge(497797,46914,(3,9223372036854775807))
Edge(498046,344321,(3,9223372036854775807))
Edge(498637,473660,(3,9223372036854775807))
Edge(498686,35298,(3,9223372036854775807))
Edge(498995,494512,(1,9223372036854775807))
Edge(499012,145770,(3,9223372036854775807))
Edge(499092,405480,(1,9223372036854775807))
Edge(499160,147316,(3,9223372036854775807))
