Edge(410,410125,(3,9223372036854775807))
Edge(499,464235,(3,9223372036854775807))
Edge(1007,190039,(3,9223372036854775807))
Edge(1310,340554,(3,9223372036854775807))
Edge(1819,93169,(3,9223372036854775807))
Edge(2053,383668,(3,9223372036854775807))
Edge(2150,26535,(3,9223372036854775807))
Edge(2286,406163,(3,9223372036854775807))
Edge(2311,90139,(3,9223372036854775807))
Edge(2959,365281,(3,9223372036854775807))
Edge(3101,176221,(1,9223372036854775807))
Edge(3252,191874,(3,9223372036854775807))
Edge(3487,417810,(3,9223372036854775807))
Edge(5552,324530,(3,9223372036854775807))
Edge(6085,78807,(3,9223372036854775807))
Edge(6431,303399,(1,3))
Edge(6502,57106,(3,9223372036854775807))
Edge(6520,87811,(3,9223372036854775807))
Edge(6654,212823,(1,9223372036854775807))
Edge(6665,188170,(3,9223372036854775807))
Edge(6779,8440,(1,9223372036854775807))
Edge(6912,294934,(3,9223372036854775807))
Edge(7854,127337,(3,9223372036854775807))
Edge(8437,317388,(1,3))
Edge(8860,443434,(3,9223372036854775807))
Edge(9712,213123,(3,9223372036854775807))
Edge(10131,80429,(3,9223372036854775807))
Edge(10860,438176,(3,9223372036854775807))
Edge(10976,341720,(3,9223372036854775807))
Edge(11116,407177,(3,9223372036854775807))
Edge(11626,2129,(3,9223372036854775807))
Edge(11691,347735,(3,9223372036854775807))
Edge(11921,90246,(3,9223372036854775807))
Edge(12085,255274,(3,9223372036854775807))
Edge(12123,483093,(1,9223372036854775807))
Edge(12454,449500,(3,9223372036854775807))
Edge(12524,221085,(1,3))
Edge(12708,57720,(3,9223372036854775807))
Edge(12947,472702,(3,9223372036854775807))
Edge(13480,17468,(3,9223372036854775807))
Edge(14122,266805,(1,9223372036854775807))
Edge(14309,26518,(1,9223372036854775807))
Edge(14341,150320,(1,3))
Edge(14692,222939,(3,9223372036854775807))
Edge(14696,105376,(3,9223372036854775807))
Edge(14963,83121,(3,9223372036854775807))
Edge(15284,491059,(3,9223372036854775807))
Edge(15499,239062,(1,9223372036854775807))
Edge(15573,97208,(1,9223372036854775807))
Edge(16170,17035,(1,9223372036854775807))
Edge(16176,251576,(1,3))
Edge(17037,81126,(3,9223372036854775807))
Edge(17058,459646,(3,9223372036854775807))
Edge(17155,16106,(3,9223372036854775807))
Edge(17391,367388,(1,3))
Edge(18374,174572,(3,9223372036854775807))
Edge(18664,274187,(3,9223372036854775807))
Edge(19002,173051,(3,9223372036854775807))
Edge(19058,142143,(1,3))
Edge(19130,412274,(3,9223372036854775807))
Edge(19410,14378,(3,9223372036854775807))
Edge(19505,274762,(3,9223372036854775807))
Edge(20008,137676,(3,9223372036854775807))
Edge(20501,454303,(1,9223372036854775807))
Edge(20512,99395,(3,9223372036854775807))
Edge(21058,143094,(3,9223372036854775807))
Edge(21222,476720,(3,9223372036854775807))
Edge(21264,227870,(3,9223372036854775807))
Edge(21381,19945,(3,9223372036854775807))
Edge(21906,138683,(3,9223372036854775807))
Edge(22591,457191,(3,9223372036854775807))
Edge(22654,474304,(3,9223372036854775807))
Edge(22685,431173,(3,9223372036854775807))
Edge(22800,29154,(3,9223372036854775807))
Edge(23175,289513,(3,9223372036854775807))
Edge(23851,328298,(1,9223372036854775807))
Edge(24054,2850,(3,9223372036854775807))
Edge(24067,104090,(3,9223372036854775807))
Edge(24600,355783,(3,9223372036854775807))
Edge(24758,497694,(3,9223372036854775807))
Edge(24829,144080,(3,9223372036854775807))
Edge(25255,265538,(3,9223372036854775807))
Edge(25362,181293,(3,9223372036854775807))
Edge(26240,263268,(1,9223372036854775807))
Edge(26695,61183,(3,9223372036854775807))
Edge(26904,415539,(3,9223372036854775807))
Edge(26954,102157,(3,9223372036854775807))
Edge(27044,406806,(3,9223372036854775807))
Edge(27709,208466,(3,9223372036854775807))
Edge(27728,373440,(1,9223372036854775807))
Edge(28233,494579,(3,9223372036854775807))
Edge(28483,196754,(3,9223372036854775807))
Edge(28773,195293,(3,9223372036854775807))
Edge(29345,382756,(3,9223372036854775807))
Edge(29394,8227,(3,9223372036854775807))
Edge(29495,332723,(3,9223372036854775807))
Edge(29900,68477,(3,9223372036854775807))
Edge(30204,255419,(3,9223372036854775807))
Edge(31386,168959,(3,9223372036854775807))
Edge(31507,162373,(3,9223372036854775807))
Edge(31681,303811,(3,9223372036854775807))
Edge(32126,211576,(3,9223372036854775807))
Edge(32276,92185,(3,9223372036854775807))
Edge(32285,259696,(3,9223372036854775807))
Edge(32568,83532,(1,3))
Edge(33330,451568,(3,9223372036854775807))
Edge(33654,300266,(3,9223372036854775807))
Edge(33944,63243,(3,9223372036854775807))
Edge(34878,39271,(3,9223372036854775807))
Edge(35180,352412,(1,9223372036854775807))
Edge(35267,378960,(3,9223372036854775807))
Edge(35299,371958,(1,3))
Edge(35572,48754,(3,9223372036854775807))
Edge(35850,442663,(1,9223372036854775807))
Edge(36040,349945,(3,9223372036854775807))
Edge(36742,32746,(1,9223372036854775807))
Edge(36778,293674,(1,9223372036854775807))
Edge(37433,158177,(1,9223372036854775807))
Edge(37433,314151,(3,9223372036854775807))
Edge(37443,248873,(3,9223372036854775807))
Edge(37484,20501,(3,9223372036854775807))
Edge(37665,159202,(3,9223372036854775807))
Edge(39137,229298,(3,9223372036854775807))
Edge(39762,72805,(3,9223372036854775807))
Edge(39975,384577,(3,9223372036854775807))
Edge(40022,271408,(1,9223372036854775807))
Edge(40348,154482,(3,9223372036854775807))
Edge(40766,331441,(3,9223372036854775807))
Edge(40828,356841,(3,9223372036854775807))
Edge(41666,310889,(3,9223372036854775807))
Edge(41956,71313,(1,3))
Edge(42312,298959,(3,9223372036854775807))
Edge(42569,108562,(3,9223372036854775807))
Edge(42733,341082,(3,9223372036854775807))
Edge(42776,363690,(1,9223372036854775807))
Edge(43136,185935,(1,9223372036854775807))
Edge(43542,156176,(3,9223372036854775807))
Edge(43854,281793,(3,9223372036854775807))
Edge(44061,341725,(3,9223372036854775807))
Edge(44632,309164,(3,9223372036854775807))
Edge(45345,122854,(3,9223372036854775807))
Edge(45686,94879,(3,9223372036854775807))
Edge(46185,419393,(3,9223372036854775807))
Edge(46541,287497,(3,9223372036854775807))
Edge(46916,140422,(3,9223372036854775807))
Edge(47135,320666,(3,9223372036854775807))
Edge(47266,223288,(3,9223372036854775807))
Edge(47273,345078,(3,9223372036854775807))
Edge(47511,388808,(3,9223372036854775807))
Edge(48091,296268,(3,9223372036854775807))
Edge(48382,498753,(3,9223372036854775807))
Edge(48443,341650,(3,9223372036854775807))
Edge(49281,14677,(3,9223372036854775807))
Edge(49416,41765,(3,9223372036854775807))
Edge(49468,297463,(3,9223372036854775807))
Edge(49792,170585,(3,9223372036854775807))
Edge(49886,146592,(3,9223372036854775807))
Edge(49897,235378,(3,9223372036854775807))
Edge(50750,113171,(3,9223372036854775807))
Edge(51287,247044,(1,3))
Edge(51501,336126,(4,9223372036854775807))
Edge(53302,246388,(3,9223372036854775807))
Edge(53729,311991,(1,9223372036854775807))
Edge(53745,134742,(3,9223372036854775807))
Edge(54336,201548,(3,9223372036854775807))
Edge(54397,405059,(3,9223372036854775807))
Edge(54680,395563,(3,9223372036854775807))
Edge(54783,420452,(3,9223372036854775807))
Edge(55170,116766,(3,9223372036854775807))
Edge(55302,143606,(3,9223372036854775807))
Edge(55612,445390,(3,9223372036854775807))
Edge(55707,283088,(3,9223372036854775807))
Edge(56094,20345,(3,9223372036854775807))
Edge(56739,134758,(1,9223372036854775807))
Edge(56779,489962,(3,9223372036854775807))
Edge(57157,354592,(1,9223372036854775807))
Edge(57622,364572,(3,9223372036854775807))
Edge(57860,107006,(3,9223372036854775807))
Edge(57959,12712,(3,9223372036854775807))
Edge(58258,399729,(1,9223372036854775807))
Edge(58290,52813,(3,9223372036854775807))
Edge(58500,3738,(3,9223372036854775807))
Edge(58542,158447,(3,9223372036854775807))
Edge(58603,240799,(3,9223372036854775807))
Edge(58610,86937,(3,9223372036854775807))
Edge(58752,454888,(1,9223372036854775807))
Edge(58955,106655,(3,9223372036854775807))
Edge(59114,149801,(3,9223372036854775807))
Edge(59392,23016,(3,9223372036854775807))
Edge(59828,234152,(3,9223372036854775807))
Edge(60004,69733,(3,9223372036854775807))
Edge(60070,145103,(3,9223372036854775807))
Edge(60147,394265,(3,9223372036854775807))
Edge(60411,488040,(3,9223372036854775807))
Edge(60526,14108,(3,9223372036854775807))
Edge(61001,134560,(3,9223372036854775807))
Edge(61183,145599,(3,9223372036854775807))
Edge(61319,205078,(3,9223372036854775807))
Edge(61511,14924,(3,9223372036854775807))
Edge(61599,83638,(3,9223372036854775807))
Edge(61708,327654,(3,9223372036854775807))
Edge(62048,52461,(1,9223372036854775807))
Edge(62080,31250,(3,9223372036854775807))
Edge(62564,442781,(1,9223372036854775807))
Edge(62799,362658,(1,3))
Edge(62889,220041,(3,9223372036854775807))
Edge(63263,268592,(3,9223372036854775807))
Edge(63385,46468,(3,9223372036854775807))
Edge(64287,287006,(3,9223372036854775807))
Edge(64807,12260,(3,9223372036854775807))
Edge(65017,128236,(1,9223372036854775807))
Edge(65246,134941,(1,3))
Edge(65453,187065,(3,9223372036854775807))
Edge(65700,294312,(3,9223372036854775807))
Edge(65803,440261,(1,9223372036854775807))
Edge(66484,495732,(3,9223372036854775807))
Edge(66516,312184,(3,9223372036854775807))
Edge(66669,30018,(3,9223372036854775807))
Edge(67098,34782,(3,9223372036854775807))
Edge(67245,340643,(4,9223372036854775807))
Edge(67444,451068,(1,3))
Edge(67655,408065,(3,9223372036854775807))
Edge(68101,18763,(3,9223372036854775807))
Edge(68290,116349,(3,9223372036854775807))
Edge(68456,137636,(3,9223372036854775807))
Edge(68607,88253,(3,9223372036854775807))
Edge(68751,329993,(1,9223372036854775807))
Edge(69126,203948,(3,9223372036854775807))
Edge(69299,84662,(3,9223372036854775807))
Edge(69320,190029,(3,9223372036854775807))
Edge(69368,224152,(3,9223372036854775807))
Edge(69505,274450,(3,9223372036854775807))
Edge(69536,360361,(3,9223372036854775807))
Edge(69605,287708,(3,9223372036854775807))
Edge(69805,150387,(1,3))
Edge(69960,340988,(3,9223372036854775807))
Edge(70114,411893,(1,9223372036854775807))
Edge(70156,465748,(1,9223372036854775807))
Edge(70161,7012,(3,9223372036854775807))
Edge(70227,331975,(3,9223372036854775807))
Edge(70527,130852,(3,9223372036854775807))
Edge(71122,183786,(3,9223372036854775807))
Edge(71251,200621,(1,9223372036854775807))
Edge(71665,202281,(3,9223372036854775807))
Edge(71702,371464,(1,9223372036854775807))
Edge(72255,64017,(1,9223372036854775807))
Edge(72281,13930,(1,3))
Edge(72554,313043,(3,9223372036854775807))
Edge(72633,324414,(3,9223372036854775807))
Edge(72856,136652,(3,9223372036854775807))
Edge(72885,447358,(3,9223372036854775807))
Edge(72990,450867,(1,3))
Edge(73032,136160,(3,9223372036854775807))
Edge(73105,467743,(3,9223372036854775807))
Edge(73519,52375,(3,9223372036854775807))
Edge(73916,492632,(3,9223372036854775807))
Edge(74037,17385,(3,9223372036854775807))
Edge(75968,313545,(3,9223372036854775807))
Edge(76414,155400,(3,9223372036854775807))
Edge(77232,70059,(3,9223372036854775807))
Edge(77553,66073,(3,9223372036854775807))
Edge(77695,479456,(3,9223372036854775807))
Edge(77819,27980,(3,9223372036854775807))
Edge(78170,212604,(3,9223372036854775807))
Edge(78404,336014,(3,9223372036854775807))
Edge(78436,482653,(3,9223372036854775807))
Edge(78846,49202,(3,9223372036854775807))
Edge(79195,263964,(3,9223372036854775807))
Edge(79579,461424,(1,3))
Edge(79870,487049,(3,9223372036854775807))
Edge(79903,127536,(3,9223372036854775807))
Edge(79939,409617,(3,9223372036854775807))
Edge(80012,289365,(1,9223372036854775807))
Edge(80107,20460,(3,9223372036854775807))
Edge(80231,465485,(1,9223372036854775807))
Edge(80346,465760,(3,9223372036854775807))
Edge(80494,484802,(3,9223372036854775807))
Edge(80589,219477,(1,3))
Edge(81018,243383,(1,9223372036854775807))
Edge(81240,357815,(3,9223372036854775807))
Edge(81319,420999,(3,9223372036854775807))
Edge(81706,375748,(3,9223372036854775807))
Edge(81774,89414,(3,9223372036854775807))
Edge(82195,63193,(1,9223372036854775807))
Edge(82290,53265,(3,9223372036854775807))
Edge(82302,42132,(3,9223372036854775807))
Edge(82406,112980,(1,3))
Edge(82484,168205,(1,3))
Edge(82680,220255,(3,9223372036854775807))
Edge(82710,109992,(3,9223372036854775807))
Edge(82721,234453,(3,9223372036854775807))
Edge(82838,149127,(3,9223372036854775807))
Edge(83463,145902,(3,9223372036854775807))
Edge(83578,106387,(3,9223372036854775807))
Edge(84519,129683,(1,9223372036854775807))
Edge(84527,403158,(3,9223372036854775807))
Edge(85028,307684,(3,9223372036854775807))
Edge(85241,268697,(3,9223372036854775807))
Edge(85275,117381,(3,9223372036854775807))
Edge(85890,199065,(3,9223372036854775807))
Edge(86035,86878,(3,9223372036854775807))
Edge(86129,237254,(1,9223372036854775807))
Edge(86865,192491,(3,9223372036854775807))
Edge(87050,134467,(3,9223372036854775807))
Edge(87083,441214,(3,9223372036854775807))
Edge(87344,331903,(3,9223372036854775807))
Edge(87661,476550,(3,9223372036854775807))
Edge(87664,438974,(3,9223372036854775807))
Edge(87998,304074,(1,3))
Edge(88091,17197,(3,9223372036854775807))
Edge(88796,233454,(3,9223372036854775807))
Edge(88847,456653,(3,9223372036854775807))
Edge(88881,381074,(3,9223372036854775807))
Edge(89088,234054,(3,9223372036854775807))
Edge(89548,27613,(3,9223372036854775807))
Edge(90038,58985,(1,9223372036854775807))
Edge(90381,463901,(3,9223372036854775807))
Edge(90531,306366,(3,9223372036854775807))
Edge(91183,270681,(1,9223372036854775807))
Edge(91329,464617,(3,9223372036854775807))
Edge(91432,394308,(3,9223372036854775807))
Edge(91438,172762,(1,9223372036854775807))
Edge(91487,125643,(3,9223372036854775807))
Edge(91840,260921,(3,9223372036854775807))
Edge(91996,279013,(3,9223372036854775807))
Edge(92264,199166,(3,9223372036854775807))
Edge(92279,7273,(3,9223372036854775807))
Edge(92609,279623,(3,9223372036854775807))
Edge(93447,88880,(3,9223372036854775807))
Edge(93502,438243,(3,9223372036854775807))
Edge(93707,283432,(3,9223372036854775807))
Edge(93848,263728,(3,9223372036854775807))
Edge(94121,190856,(3,9223372036854775807))
Edge(94154,229014,(1,3))
Edge(94374,197196,(3,9223372036854775807))
Edge(94584,305582,(3,9223372036854775807))
Edge(94830,412446,(3,9223372036854775807))
Edge(94939,59942,(3,9223372036854775807))
Edge(95057,288659,(3,9223372036854775807))
Edge(95375,436673,(3,9223372036854775807))
Edge(95784,279791,(3,9223372036854775807))
Edge(95955,472278,(3,9223372036854775807))
Edge(96199,458418,(1,9223372036854775807))
Edge(96358,225781,(3,9223372036854775807))
Edge(96473,439145,(1,9223372036854775807))
Edge(96740,383254,(3,9223372036854775807))
Edge(96757,148050,(3,9223372036854775807))
Edge(97290,209946,(3,9223372036854775807))
Edge(97468,74318,(3,9223372036854775807))
Edge(97616,332808,(3,9223372036854775807))
Edge(97621,429359,(3,9223372036854775807))
Edge(97911,76016,(3,9223372036854775807))
Edge(98193,299797,(1,3))
Edge(98495,179892,(3,9223372036854775807))
Edge(98639,276422,(3,9223372036854775807))
Edge(98645,398637,(3,9223372036854775807))
Edge(98764,376443,(3,9223372036854775807))
Edge(98871,90584,(3,9223372036854775807))
Edge(99207,137745,(3,9223372036854775807))
Edge(99354,269981,(3,9223372036854775807))
Edge(99367,267104,(3,9223372036854775807))
Edge(99689,294459,(3,9223372036854775807))
Edge(99741,20374,(3,9223372036854775807))
Edge(99902,260932,(3,9223372036854775807))
Edge(100145,286530,(3,9223372036854775807))
Edge(100173,66427,(3,9223372036854775807))
Edge(100902,18830,(3,9223372036854775807))
Edge(101199,421348,(3,9223372036854775807))
Edge(101947,225380,(3,9223372036854775807))
Edge(101971,94816,(1,9223372036854775807))
Edge(101987,393268,(3,9223372036854775807))
Edge(102630,237666,(3,9223372036854775807))
Edge(102699,179761,(3,9223372036854775807))
Edge(102769,381206,(3,9223372036854775807))
Edge(102919,222427,(3,9223372036854775807))
Edge(102979,244028,(3,9223372036854775807))
Edge(103148,430732,(3,9223372036854775807))
Edge(103251,489933,(3,9223372036854775807))
Edge(103319,392222,(3,9223372036854775807))
Edge(104086,146567,(3,9223372036854775807))
Edge(104280,104668,(3,9223372036854775807))
Edge(104286,233251,(1,9223372036854775807))
Edge(104653,228027,(3,9223372036854775807))
Edge(104916,5349,(3,9223372036854775807))
Edge(105024,388700,(3,9223372036854775807))
Edge(105304,164827,(3,9223372036854775807))
Edge(105817,284999,(3,9223372036854775807))
Edge(105835,48865,(3,9223372036854775807))
Edge(105975,301190,(3,9223372036854775807))
Edge(106380,477885,(3,9223372036854775807))
Edge(106668,87680,(3,9223372036854775807))
Edge(107256,356534,(3,9223372036854775807))
Edge(107385,485003,(3,9223372036854775807))
Edge(107934,303409,(3,9223372036854775807))
Edge(108145,81805,(3,9223372036854775807))
Edge(108153,104173,(3,9223372036854775807))
Edge(108293,318768,(3,9223372036854775807))
Edge(108844,129928,(3,9223372036854775807))
Edge(109362,47131,(3,9223372036854775807))
Edge(109384,279494,(1,9223372036854775807))
Edge(109523,142224,(3,9223372036854775807))
Edge(109609,383517,(3,9223372036854775807))
Edge(109642,151741,(3,9223372036854775807))
Edge(109798,485101,(3,9223372036854775807))
Edge(110011,165557,(1,9223372036854775807))
Edge(110075,390374,(3,9223372036854775807))
Edge(110245,174674,(4,9223372036854775807))
Edge(110786,123985,(1,9223372036854775807))
Edge(110959,1748,(1,3))
Edge(111206,93858,(3,9223372036854775807))
Edge(111490,479686,(3,9223372036854775807))
Edge(112239,220612,(3,9223372036854775807))
Edge(112266,174027,(1,3))
Edge(112842,176614,(1,9223372036854775807))
Edge(112888,374946,(3,9223372036854775807))
Edge(113234,493350,(3,9223372036854775807))
Edge(113723,166750,(3,9223372036854775807))
Edge(113969,42562,(3,9223372036854775807))
Edge(114132,265402,(3,9223372036854775807))
Edge(114646,185697,(3,9223372036854775807))
Edge(114863,140068,(1,9223372036854775807))
Edge(115456,115308,(3,9223372036854775807))
Edge(115613,391995,(3,9223372036854775807))
Edge(115674,303964,(3,9223372036854775807))
Edge(115698,56774,(3,9223372036854775807))
Edge(116774,110031,(3,9223372036854775807))
Edge(116913,227383,(3,9223372036854775807))
Edge(116986,480163,(3,9223372036854775807))
Edge(117057,178896,(3,9223372036854775807))
Edge(117370,103290,(3,9223372036854775807))
Edge(117745,335483,(3,9223372036854775807))
Edge(118447,396056,(1,9223372036854775807))
Edge(118530,57163,(3,9223372036854775807))
Edge(118662,42687,(3,9223372036854775807))
Edge(119083,42350,(3,9223372036854775807))
Edge(119807,5995,(1,9223372036854775807))
Edge(120145,367535,(1,9223372036854775807))
Edge(120153,107099,(1,9223372036854775807))
Edge(120213,372157,(3,9223372036854775807))
Edge(120580,96565,(3,9223372036854775807))
Edge(120688,338202,(3,9223372036854775807))
Edge(120871,346254,(3,9223372036854775807))
Edge(120896,304360,(3,9223372036854775807))
Edge(120957,337267,(3,9223372036854775807))
Edge(121041,326120,(3,9223372036854775807))
Edge(121080,239377,(3,9223372036854775807))
Edge(121546,188252,(3,9223372036854775807))
Edge(122816,20552,(3,9223372036854775807))
Edge(123072,419466,(3,9223372036854775807))
Edge(123458,241721,(3,9223372036854775807))
Edge(123529,321918,(3,9223372036854775807))
Edge(123552,58301,(3,9223372036854775807))
Edge(123970,409941,(3,9223372036854775807))
Edge(124156,60677,(3,9223372036854775807))
Edge(124231,285022,(1,9223372036854775807))
Edge(124486,469718,(3,9223372036854775807))
Edge(124776,40645,(3,9223372036854775807))
Edge(125168,140791,(1,9223372036854775807))
Edge(125224,249386,(3,9223372036854775807))
Edge(125286,279748,(3,9223372036854775807))
Edge(125363,191110,(1,9223372036854775807))
Edge(125645,140469,(3,9223372036854775807))
Edge(126040,451003,(3,9223372036854775807))
Edge(126261,141791,(3,9223372036854775807))
Edge(126407,126949,(1,9223372036854775807))
Edge(126793,401714,(3,9223372036854775807))
Edge(127050,231508,(1,9223372036854775807))
Edge(127567,103847,(1,9223372036854775807))
Edge(127738,402422,(3,9223372036854775807))
Edge(127963,441308,(3,9223372036854775807))
Edge(128833,144504,(3,9223372036854775807))
Edge(129186,352790,(1,9223372036854775807))
Edge(130006,28973,(3,9223372036854775807))
Edge(130176,443060,(3,9223372036854775807))
Edge(130291,192262,(1,3))
Edge(132146,394594,(3,9223372036854775807))
Edge(132377,192626,(3,9223372036854775807))
Edge(132398,309628,(3,9223372036854775807))
Edge(132723,458646,(3,9223372036854775807))
Edge(133055,439939,(3,9223372036854775807))
Edge(133244,234920,(1,3))
Edge(133601,26647,(3,9223372036854775807))
Edge(134240,125928,(4,9223372036854775807))
Edge(134460,402506,(3,9223372036854775807))
Edge(134540,220999,(3,9223372036854775807))
Edge(134619,251971,(3,9223372036854775807))
Edge(134673,453568,(1,3))
Edge(134704,343,(1,9223372036854775807))
Edge(134724,436795,(3,9223372036854775807))
Edge(134790,215730,(3,9223372036854775807))
Edge(134937,352933,(3,9223372036854775807))
Edge(135085,493276,(3,9223372036854775807))
Edge(135115,498018,(3,9223372036854775807))
Edge(135568,18883,(3,9223372036854775807))
Edge(135584,22597,(3,9223372036854775807))
Edge(135938,98186,(3,9223372036854775807))
Edge(135962,6833,(1,3))
Edge(136440,163134,(3,9223372036854775807))
Edge(136576,24912,(3,9223372036854775807))
Edge(136763,445935,(1,9223372036854775807))
Edge(137251,233376,(3,9223372036854775807))
Edge(137598,245598,(3,9223372036854775807))
Edge(137808,343268,(3,9223372036854775807))
Edge(137831,277033,(3,9223372036854775807))
Edge(137883,315756,(3,9223372036854775807))
Edge(139220,400740,(3,9223372036854775807))
Edge(140382,83147,(3,9223372036854775807))
Edge(140502,105398,(3,9223372036854775807))
Edge(140629,392490,(3,9223372036854775807))
Edge(140675,50503,(3,9223372036854775807))
Edge(141371,286730,(3,9223372036854775807))
Edge(141704,122212,(3,9223372036854775807))
Edge(142104,464238,(3,9223372036854775807))
Edge(142669,476333,(3,9223372036854775807))
Edge(142874,11686,(3,9223372036854775807))
Edge(142924,43951,(3,9223372036854775807))
Edge(143551,15928,(3,9223372036854775807))
Edge(144043,588,(3,9223372036854775807))
Edge(144163,98850,(3,9223372036854775807))
Edge(144493,346087,(3,9223372036854775807))
Edge(144678,319658,(3,9223372036854775807))
Edge(145569,477143,(3,9223372036854775807))
Edge(145716,338063,(3,9223372036854775807))
Edge(145729,363548,(3,9223372036854775807))
Edge(145830,164105,(4,9223372036854775807))
Edge(146365,63561,(1,9223372036854775807))
Edge(146397,442164,(1,9223372036854775807))
Edge(146405,307449,(3,9223372036854775807))
Edge(147106,440819,(3,9223372036854775807))
Edge(147440,86852,(3,9223372036854775807))
Edge(147466,201836,(3,9223372036854775807))
Edge(147529,369370,(3,9223372036854775807))
Edge(147906,444792,(3,9223372036854775807))
Edge(148517,321887,(3,9223372036854775807))
Edge(148771,108978,(4,9223372036854775807))
Edge(149095,253146,(3,9223372036854775807))
Edge(149199,483546,(3,9223372036854775807))
Edge(149796,228496,(3,9223372036854775807))
Edge(149990,239570,(3,9223372036854775807))
Edge(150310,431412,(3,9223372036854775807))
Edge(150593,294365,(1,9223372036854775807))
Edge(150679,104810,(3,9223372036854775807))
Edge(150796,435429,(3,9223372036854775807))
Edge(150824,184786,(3,9223372036854775807))
Edge(150936,126728,(3,9223372036854775807))
Edge(151049,227876,(3,9223372036854775807))
Edge(151173,77418,(3,9223372036854775807))
Edge(151346,109565,(3,9223372036854775807))
Edge(151571,331656,(3,9223372036854775807))
Edge(151747,415434,(3,9223372036854775807))
Edge(152029,230511,(3,9223372036854775807))
Edge(152132,85703,(1,9223372036854775807))
Edge(152409,23097,(3,9223372036854775807))
Edge(152505,100153,(3,9223372036854775807))
Edge(152624,457660,(3,9223372036854775807))
Edge(152843,417634,(1,9223372036854775807))
Edge(153244,217302,(1,9223372036854775807))
Edge(153310,217347,(3,9223372036854775807))
Edge(153470,5404,(3,9223372036854775807))
Edge(153845,231401,(3,9223372036854775807))
Edge(153865,326557,(3,9223372036854775807))
Edge(154651,455463,(3,9223372036854775807))
Edge(155086,382379,(3,9223372036854775807))
Edge(155213,317923,(1,9223372036854775807))
Edge(155408,7519,(3,9223372036854775807))
Edge(155687,362107,(3,9223372036854775807))
Edge(156204,53946,(3,9223372036854775807))
Edge(156282,210440,(3,9223372036854775807))
Edge(156400,176543,(3,9223372036854775807))
Edge(156508,238571,(3,9223372036854775807))
Edge(156762,267316,(3,9223372036854775807))
Edge(156901,259003,(1,9223372036854775807))
Edge(157152,443203,(3,9223372036854775807))
Edge(157332,22447,(3,9223372036854775807))
Edge(157717,318889,(3,9223372036854775807))
Edge(158030,22698,(3,9223372036854775807))
Edge(158099,223241,(3,9223372036854775807))
Edge(158143,35069,(1,3))
Edge(158976,140257,(3,9223372036854775807))
Edge(159982,263854,(3,9223372036854775807))
Edge(160948,89429,(3,9223372036854775807))
Edge(160948,462298,(1,9223372036854775807))
Edge(161088,485320,(3,9223372036854775807))
Edge(161106,215340,(3,9223372036854775807))
Edge(161606,258236,(3,9223372036854775807))
Edge(161710,255341,(3,9223372036854775807))
Edge(161839,131469,(3,9223372036854775807))
Edge(162394,379366,(3,9223372036854775807))
Edge(162436,392548,(3,9223372036854775807))
Edge(162655,131801,(3,9223372036854775807))
Edge(162682,296368,(3,9223372036854775807))
Edge(162728,207920,(3,9223372036854775807))
Edge(163371,474385,(3,9223372036854775807))
Edge(163593,454590,(3,9223372036854775807))
Edge(163772,103154,(1,9223372036854775807))
Edge(164128,193982,(1,9223372036854775807))
Edge(164249,179533,(3,9223372036854775807))
Edge(165340,482933,(3,9223372036854775807))
Edge(165344,37411,(3,9223372036854775807))
Edge(165394,187939,(3,9223372036854775807))
Edge(165422,473238,(3,9223372036854775807))
Edge(165935,325110,(3,9223372036854775807))
Edge(166493,348024,(3,9223372036854775807))
Edge(166728,113460,(3,9223372036854775807))
Edge(167313,424361,(3,9223372036854775807))
Edge(167444,492974,(3,9223372036854775807))
Edge(167527,416856,(3,9223372036854775807))
Edge(167639,256797,(1,9223372036854775807))
Edge(168535,340455,(3,9223372036854775807))
Edge(168871,136641,(3,9223372036854775807))
Edge(168978,71706,(3,9223372036854775807))
Edge(169028,60313,(3,9223372036854775807))
Edge(169041,116934,(3,9223372036854775807))
Edge(169473,130627,(4,9223372036854775807))
Edge(169492,453125,(3,9223372036854775807))
Edge(170296,54781,(3,9223372036854775807))
Edge(170771,140603,(3,9223372036854775807))
Edge(170784,369138,(3,9223372036854775807))
Edge(170791,111530,(1,9223372036854775807))
Edge(170967,136989,(1,3))
Edge(171332,423640,(3,9223372036854775807))
Edge(172795,459842,(3,9223372036854775807))
Edge(172834,292921,(3,9223372036854775807))
Edge(173404,336906,(3,9223372036854775807))
Edge(173917,5871,(1,9223372036854775807))
Edge(174375,468897,(3,9223372036854775807))
Edge(174396,376901,(3,9223372036854775807))
Edge(174501,296737,(3,9223372036854775807))
Edge(174778,127797,(1,9223372036854775807))
Edge(174950,491915,(3,9223372036854775807))
Edge(175154,208283,(3,9223372036854775807))
Edge(176054,277096,(3,9223372036854775807))
Edge(176442,98401,(3,9223372036854775807))
Edge(176528,136244,(3,9223372036854775807))
Edge(176618,265277,(3,9223372036854775807))
Edge(177076,319767,(3,9223372036854775807))
Edge(177286,470263,(3,9223372036854775807))
Edge(177288,160664,(3,9223372036854775807))
Edge(177431,448506,(3,9223372036854775807))
Edge(177657,251280,(1,9223372036854775807))
Edge(177910,245813,(1,9223372036854775807))
Edge(178236,175186,(3,9223372036854775807))
Edge(178265,325593,(3,9223372036854775807))
Edge(179428,79798,(3,9223372036854775807))
Edge(179452,490384,(3,9223372036854775807))
Edge(179629,191472,(3,9223372036854775807))
Edge(179977,209877,(3,9223372036854775807))
Edge(180028,491227,(1,9223372036854775807))
Edge(180051,42384,(3,9223372036854775807))
Edge(180608,303503,(3,9223372036854775807))
Edge(181130,30909,(3,9223372036854775807))
Edge(181254,91233,(3,9223372036854775807))
Edge(181326,314033,(3,9223372036854775807))
Edge(181564,67824,(3,9223372036854775807))
Edge(181843,171106,(1,3))
Edge(181870,458070,(3,9223372036854775807))
Edge(181882,412216,(3,9223372036854775807))
Edge(182229,167065,(3,9223372036854775807))
Edge(182546,381128,(1,3))
Edge(182975,470518,(3,9223372036854775807))
Edge(183436,484889,(3,9223372036854775807))
Edge(183721,123741,(3,9223372036854775807))
Edge(184074,475572,(3,9223372036854775807))
Edge(184483,482902,(3,9223372036854775807))
Edge(184489,338067,(3,9223372036854775807))
Edge(184513,58201,(3,9223372036854775807))
Edge(184892,389844,(3,9223372036854775807))
Edge(184956,256495,(3,9223372036854775807))
Edge(185031,202386,(3,9223372036854775807))
Edge(185207,460044,(3,9223372036854775807))
Edge(185470,423125,(3,9223372036854775807))
Edge(185502,34303,(1,9223372036854775807))
Edge(185551,436284,(3,9223372036854775807))
Edge(185849,39581,(3,9223372036854775807))
Edge(186643,337600,(3,9223372036854775807))
Edge(186780,287513,(1,9223372036854775807))
Edge(187024,422796,(3,9223372036854775807))
Edge(187729,259203,(1,3))
Edge(188469,496449,(3,9223372036854775807))
Edge(188816,109206,(3,9223372036854775807))
Edge(190124,222199,(3,9223372036854775807))
Edge(190612,441892,(3,9223372036854775807))
Edge(190660,54334,(3,9223372036854775807))
Edge(191360,178446,(3,9223372036854775807))
Edge(192114,4829,(3,9223372036854775807))
Edge(192227,352182,(3,9223372036854775807))
Edge(192627,149689,(1,9223372036854775807))
Edge(193135,416675,(3,9223372036854775807))
Edge(193857,262024,(3,9223372036854775807))
Edge(194054,335539,(3,9223372036854775807))
Edge(194845,438318,(3,9223372036854775807))
Edge(195443,429284,(3,9223372036854775807))
Edge(195676,331896,(1,9223372036854775807))
Edge(195743,116397,(3,9223372036854775807))
Edge(195989,359209,(3,9223372036854775807))
Edge(196970,297829,(1,3))
Edge(197209,182161,(3,9223372036854775807))
Edge(197243,326187,(3,9223372036854775807))
Edge(197715,176833,(1,9223372036854775807))
Edge(197892,316335,(3,9223372036854775807))
Edge(198028,8563,(3,9223372036854775807))
Edge(198551,276823,(3,9223372036854775807))
Edge(199239,252286,(3,9223372036854775807))
Edge(199886,390000,(3,9223372036854775807))
Edge(200513,106065,(1,9223372036854775807))
Edge(200915,129307,(1,3))
Edge(201120,46159,(3,9223372036854775807))
Edge(201501,405713,(3,9223372036854775807))
Edge(201569,425261,(3,9223372036854775807))
Edge(201772,37046,(3,9223372036854775807))
Edge(201930,92100,(3,9223372036854775807))
Edge(202197,121727,(3,9223372036854775807))
Edge(202597,206556,(3,9223372036854775807))
Edge(202678,240170,(3,9223372036854775807))
Edge(202807,362131,(3,9223372036854775807))
Edge(203189,150767,(3,9223372036854775807))
Edge(203454,308740,(3,9223372036854775807))
Edge(203696,331186,(3,9223372036854775807))
Edge(204515,367227,(3,9223372036854775807))
Edge(204558,28218,(3,9223372036854775807))
Edge(204592,365715,(3,9223372036854775807))
Edge(204700,479277,(3,9223372036854775807))
Edge(204841,489964,(3,9223372036854775807))
Edge(205255,229539,(1,9223372036854775807))
Edge(205277,214749,(3,9223372036854775807))
Edge(205360,101886,(3,9223372036854775807))
Edge(205959,40401,(1,9223372036854775807))
Edge(206767,98202,(3,9223372036854775807))
Edge(206970,461928,(3,9223372036854775807))
Edge(207034,12521,(1,3))
Edge(207063,474341,(3,9223372036854775807))
Edge(207998,427465,(3,9223372036854775807))
Edge(208015,343059,(1,9223372036854775807))
Edge(208457,6475,(3,9223372036854775807))
Edge(208479,174559,(3,9223372036854775807))
Edge(208844,50248,(3,9223372036854775807))
Edge(209198,495419,(3,9223372036854775807))
Edge(209328,245737,(3,9223372036854775807))
Edge(210190,187429,(3,9223372036854775807))
Edge(210344,198821,(3,9223372036854775807))
Edge(210572,144820,(1,9223372036854775807))
Edge(210581,86335,(3,9223372036854775807))
Edge(210586,172951,(1,9223372036854775807))
Edge(210674,146254,(3,9223372036854775807))
Edge(210715,497778,(1,9223372036854775807))
Edge(211143,50102,(1,9223372036854775807))
Edge(211641,84550,(3,9223372036854775807))
Edge(211724,32150,(3,9223372036854775807))
Edge(211892,426631,(3,9223372036854775807))
Edge(212500,365824,(1,9223372036854775807))
Edge(212569,377049,(3,9223372036854775807))
Edge(212583,198199,(3,9223372036854775807))
Edge(212993,127140,(3,9223372036854775807))
Edge(213394,161253,(1,3))
Edge(213529,487777,(3,9223372036854775807))
Edge(213939,305944,(3,9223372036854775807))
Edge(214053,359750,(1,9223372036854775807))
Edge(214113,472122,(3,9223372036854775807))
Edge(214600,242886,(1,9223372036854775807))
Edge(214718,245430,(3,9223372036854775807))
Edge(214756,271302,(1,9223372036854775807))
Edge(215088,176145,(3,9223372036854775807))
Edge(215601,325524,(3,9223372036854775807))
Edge(215916,458216,(3,9223372036854775807))
Edge(216059,202824,(3,9223372036854775807))
Edge(216292,140774,(3,9223372036854775807))
Edge(216505,357601,(1,9223372036854775807))
Edge(216600,468181,(3,9223372036854775807))
Edge(216738,20116,(3,9223372036854775807))
Edge(217358,164170,(3,9223372036854775807))
Edge(217829,299383,(3,9223372036854775807))
Edge(218051,440887,(3,9223372036854775807))
Edge(218495,140834,(1,9223372036854775807))
Edge(218613,485367,(3,9223372036854775807))
Edge(218803,130143,(3,9223372036854775807))
Edge(218930,211838,(3,9223372036854775807))
Edge(219086,190049,(3,9223372036854775807))
Edge(219300,93199,(3,9223372036854775807))
Edge(219899,354344,(1,9223372036854775807))
Edge(220486,39622,(3,9223372036854775807))
Edge(220500,366346,(3,9223372036854775807))
Edge(220766,174457,(3,9223372036854775807))
Edge(221320,32698,(1,3))
Edge(221425,469342,(3,9223372036854775807))
Edge(221572,310951,(3,9223372036854775807))
Edge(221641,124253,(3,9223372036854775807))
Edge(221971,466670,(1,3))
Edge(222282,16563,(3,9223372036854775807))
Edge(222360,246975,(3,9223372036854775807))
Edge(222436,315726,(3,9223372036854775807))
Edge(222475,318627,(3,9223372036854775807))
Edge(222830,200998,(3,9223372036854775807))
Edge(223894,35602,(3,9223372036854775807))
Edge(224247,219888,(1,3))
Edge(224274,299010,(3,9223372036854775807))
Edge(224492,407121,(3,9223372036854775807))
Edge(225093,286380,(3,9223372036854775807))
Edge(225186,259217,(1,9223372036854775807))
Edge(225356,428843,(3,9223372036854775807))
Edge(225647,135042,(3,9223372036854775807))
Edge(225920,292626,(1,9223372036854775807))
Edge(226327,406259,(3,9223372036854775807))
Edge(226527,210039,(3,9223372036854775807))
Edge(226907,274211,(3,9223372036854775807))
Edge(226919,419933,(3,9223372036854775807))
Edge(227026,129226,(3,9223372036854775807))
Edge(227550,124288,(1,9223372036854775807))
Edge(227675,368871,(3,9223372036854775807))
Edge(227857,479875,(3,9223372036854775807))
Edge(228005,327987,(1,9223372036854775807))
Edge(228014,465138,(3,9223372036854775807))
Edge(228224,456183,(3,9223372036854775807))
Edge(228272,242151,(3,9223372036854775807))
Edge(228408,235717,(3,9223372036854775807))
Edge(228523,374606,(1,9223372036854775807))
Edge(228572,376231,(1,9223372036854775807))
Edge(228728,25388,(3,9223372036854775807))
Edge(228812,481418,(1,3))
Edge(229609,199502,(3,9223372036854775807))
Edge(229804,122439,(3,9223372036854775807))
Edge(230025,124031,(3,9223372036854775807))
Edge(230957,331626,(3,9223372036854775807))
Edge(230982,251813,(3,9223372036854775807))
Edge(231020,338071,(3,9223372036854775807))
Edge(231138,370727,(3,9223372036854775807))
Edge(231402,74303,(1,9223372036854775807))
Edge(231910,282039,(3,9223372036854775807))
Edge(232497,128403,(3,9223372036854775807))
Edge(233819,131050,(3,9223372036854775807))
Edge(233917,64271,(3,9223372036854775807))
Edge(234105,147553,(3,9223372036854775807))
Edge(235163,158011,(3,9223372036854775807))
Edge(235576,14647,(3,9223372036854775807))
Edge(235630,480965,(3,9223372036854775807))
Edge(235849,240551,(3,9223372036854775807))
Edge(236231,203894,(3,9223372036854775807))
Edge(236357,380326,(1,9223372036854775807))
Edge(236689,429476,(3,9223372036854775807))
Edge(236751,481100,(3,9223372036854775807))
Edge(236851,5614,(3,9223372036854775807))
Edge(236871,169655,(3,9223372036854775807))
Edge(237275,416755,(3,9223372036854775807))
Edge(238094,136266,(3,9223372036854775807))
Edge(238219,192020,(3,9223372036854775807))
Edge(238353,78820,(3,9223372036854775807))
Edge(239353,90300,(1,3))
Edge(239538,296954,(3,9223372036854775807))
Edge(239617,175577,(3,9223372036854775807))
Edge(239722,364289,(3,9223372036854775807))
Edge(240040,247230,(3,9223372036854775807))
Edge(240126,391089,(1,9223372036854775807))
Edge(240341,180114,(3,9223372036854775807))
Edge(240857,36048,(3,9223372036854775807))
Edge(240875,164175,(3,9223372036854775807))
Edge(241451,318401,(3,9223372036854775807))
Edge(241494,94582,(3,9223372036854775807))
Edge(241503,456352,(3,9223372036854775807))
Edge(241594,439570,(1,9223372036854775807))
Edge(241881,40846,(3,9223372036854775807))
Edge(242009,107209,(3,9223372036854775807))
Edge(242161,175811,(3,9223372036854775807))
Edge(243170,284238,(3,9223372036854775807))
Edge(243348,419429,(3,9223372036854775807))
Edge(243553,358213,(3,9223372036854775807))
Edge(243678,236600,(1,3))
Edge(243780,65356,(3,9223372036854775807))
Edge(243880,347112,(3,9223372036854775807))
Edge(244025,84809,(3,9223372036854775807))
Edge(244326,61691,(3,9223372036854775807))
Edge(244513,87795,(3,9223372036854775807))
Edge(245635,238254,(3,9223372036854775807))
Edge(245774,138431,(3,9223372036854775807))
Edge(245863,158740,(1,9223372036854775807))
Edge(245919,136322,(3,9223372036854775807))
Edge(246897,252535,(3,9223372036854775807))
Edge(247211,317190,(3,9223372036854775807))
Edge(247565,258459,(3,9223372036854775807))
Edge(247636,189712,(3,9223372036854775807))
Edge(247739,163032,(3,9223372036854775807))
Edge(247823,124223,(3,9223372036854775807))
Edge(248129,135202,(3,9223372036854775807))
Edge(248165,221934,(1,3))
Edge(248241,64852,(3,9223372036854775807))
Edge(249261,168714,(3,9223372036854775807))
Edge(249434,490688,(3,9223372036854775807))
Edge(249457,185033,(3,9223372036854775807))
Edge(249486,12344,(3,9223372036854775807))
Edge(249717,201134,(3,9223372036854775807))
Edge(249977,116289,(3,9223372036854775807))
Edge(249986,175619,(3,9223372036854775807))
Edge(250159,494883,(3,9223372036854775807))
Edge(250165,129947,(3,9223372036854775807))
Edge(250531,43767,(3,9223372036854775807))
Edge(250784,14203,(3,9223372036854775807))
Edge(250878,472048,(3,9223372036854775807))
Edge(251085,389861,(1,9223372036854775807))
Edge(251950,119729,(3,9223372036854775807))
Edge(252245,1114,(3,9223372036854775807))
Edge(252580,285465,(3,9223372036854775807))
Edge(252620,175510,(3,9223372036854775807))
Edge(253057,130187,(3,9223372036854775807))
Edge(253534,340,(3,9223372036854775807))
Edge(253655,361670,(3,9223372036854775807))
Edge(253900,340799,(3,9223372036854775807))
Edge(255183,373468,(3,9223372036854775807))
Edge(255344,211904,(1,9223372036854775807))
Edge(255432,128922,(3,9223372036854775807))
Edge(255710,44147,(3,9223372036854775807))
Edge(256016,347513,(3,9223372036854775807))
Edge(256335,336853,(1,3))
Edge(256725,87184,(1,3))
Edge(258029,442742,(1,9223372036854775807))
Edge(258057,214087,(3,9223372036854775807))
Edge(258214,471852,(3,9223372036854775807))
Edge(258218,302237,(3,9223372036854775807))
Edge(258324,449979,(3,9223372036854775807))
Edge(258341,1421,(3,9223372036854775807))
Edge(258457,43383,(3,9223372036854775807))
Edge(258656,403591,(3,9223372036854775807))
Edge(259162,137433,(3,9223372036854775807))
Edge(259937,41626,(3,9223372036854775807))
Edge(260138,184134,(1,3))
Edge(260368,384344,(3,9223372036854775807))
Edge(260441,422494,(3,9223372036854775807))
Edge(260518,153310,(3,9223372036854775807))
Edge(260646,129610,(3,9223372036854775807))
Edge(260854,208806,(1,3))
Edge(261055,266762,(3,9223372036854775807))
Edge(261619,20196,(3,9223372036854775807))
Edge(261850,21835,(3,9223372036854775807))
Edge(262339,353239,(3,9223372036854775807))
Edge(262554,128607,(3,9223372036854775807))
Edge(262599,415546,(3,9223372036854775807))
Edge(262635,463266,(3,9223372036854775807))
Edge(262670,310447,(1,9223372036854775807))
Edge(262686,17643,(3,9223372036854775807))
Edge(262785,170935,(3,9223372036854775807))
Edge(262928,268432,(1,9223372036854775807))
Edge(263312,397117,(1,9223372036854775807))
Edge(263409,33862,(3,9223372036854775807))
Edge(263643,391214,(3,9223372036854775807))
Edge(263749,242173,(3,9223372036854775807))
Edge(264171,307049,(3,9223372036854775807))
Edge(264522,49029,(3,9223372036854775807))
Edge(264568,296167,(3,9223372036854775807))
Edge(264774,391736,(3,9223372036854775807))
Edge(264853,368798,(3,9223372036854775807))
Edge(265168,75296,(1,9223372036854775807))
Edge(265260,326336,(1,9223372036854775807))
Edge(265455,377671,(3,9223372036854775807))
Edge(266026,86700,(3,9223372036854775807))
Edge(266135,140608,(3,9223372036854775807))
Edge(266246,168295,(3,9223372036854775807))
Edge(266345,174996,(3,9223372036854775807))
Edge(266346,410561,(1,9223372036854775807))
Edge(266475,175529,(3,9223372036854775807))
Edge(266695,23494,(3,9223372036854775807))
Edge(266747,300133,(3,9223372036854775807))
Edge(267060,242836,(3,9223372036854775807))
Edge(267531,218517,(3,9223372036854775807))
Edge(267691,176931,(1,3))
Edge(267814,472628,(3,9223372036854775807))
Edge(268309,244264,(3,9223372036854775807))
Edge(268418,296228,(3,9223372036854775807))
Edge(268450,131805,(3,9223372036854775807))
Edge(268697,60488,(1,9223372036854775807))
Edge(268770,32646,(1,9223372036854775807))
Edge(269453,142685,(3,9223372036854775807))
Edge(270260,31553,(1,9223372036854775807))
Edge(270370,83090,(3,9223372036854775807))
Edge(270554,160122,(3,9223372036854775807))
Edge(271333,240633,(3,9223372036854775807))
Edge(271378,238,(3,9223372036854775807))
Edge(272428,444362,(3,9223372036854775807))
Edge(272565,307244,(3,9223372036854775807))
Edge(273215,323465,(3,9223372036854775807))
Edge(273770,60794,(3,9223372036854775807))
Edge(273812,281885,(3,9223372036854775807))
Edge(274056,383040,(3,9223372036854775807))
Edge(274315,292081,(3,9223372036854775807))
Edge(274947,350337,(3,9223372036854775807))
Edge(275208,481847,(3,9223372036854775807))
Edge(275248,238863,(3,9223372036854775807))
Edge(275741,31075,(3,9223372036854775807))
Edge(276705,424331,(4,9223372036854775807))
Edge(277305,388855,(3,9223372036854775807))
Edge(277439,456302,(1,3))
Edge(277515,208002,(3,9223372036854775807))
Edge(277527,363022,(3,9223372036854775807))
Edge(277750,182927,(3,9223372036854775807))
Edge(278123,484636,(3,9223372036854775807))
Edge(278499,45074,(3,9223372036854775807))
Edge(278644,262755,(3,9223372036854775807))
Edge(278781,89132,(3,9223372036854775807))
Edge(279051,253500,(3,9223372036854775807))
Edge(279302,222300,(1,9223372036854775807))
Edge(279432,171471,(3,9223372036854775807))
Edge(280262,65466,(1,9223372036854775807))
Edge(280457,57005,(3,9223372036854775807))
Edge(280533,322275,(1,3))
Edge(280827,137373,(3,9223372036854775807))
Edge(280967,210268,(3,9223372036854775807))
Edge(281185,224701,(3,9223372036854775807))
Edge(281442,225835,(3,9223372036854775807))
Edge(281479,339979,(1,9223372036854775807))
Edge(281521,202501,(3,9223372036854775807))
Edge(281579,79591,(3,9223372036854775807))
Edge(281605,233973,(3,9223372036854775807))
Edge(281692,302558,(1,3))
Edge(281990,391652,(3,9223372036854775807))
Edge(282111,255518,(3,9223372036854775807))
Edge(282155,359326,(4,9223372036854775807))
Edge(282299,238290,(3,9223372036854775807))
Edge(282720,137966,(3,9223372036854775807))
Edge(282903,47037,(1,9223372036854775807))
Edge(283244,437534,(3,9223372036854775807))
Edge(283296,74101,(3,9223372036854775807))
Edge(283317,464571,(3,9223372036854775807))
Edge(283607,156473,(3,9223372036854775807))
Edge(284088,465042,(3,9223372036854775807))
Edge(284148,410134,(3,9223372036854775807))
Edge(284972,134878,(3,9223372036854775807))
Edge(285032,11322,(3,9223372036854775807))
Edge(285282,240900,(3,9223372036854775807))
Edge(285586,337710,(3,9223372036854775807))
Edge(285843,75077,(3,9223372036854775807))
Edge(286498,379356,(3,9223372036854775807))
Edge(287011,287829,(3,9223372036854775807))
Edge(287168,75507,(3,9223372036854775807))
Edge(287293,107224,(3,9223372036854775807))
Edge(287763,477831,(3,9223372036854775807))
Edge(288174,67810,(3,9223372036854775807))
Edge(288716,427146,(1,9223372036854775807))
Edge(288824,148911,(3,9223372036854775807))
Edge(289160,112534,(4,9223372036854775807))
Edge(289347,241011,(3,9223372036854775807))
Edge(289899,151534,(1,3))
Edge(289949,248041,(1,9223372036854775807))
Edge(290071,192693,(3,9223372036854775807))
Edge(290235,309168,(3,9223372036854775807))
Edge(290821,309568,(3,9223372036854775807))
Edge(291608,430448,(3,9223372036854775807))
Edge(291647,400405,(3,9223372036854775807))
Edge(291768,486076,(1,9223372036854775807))
Edge(293109,321420,(3,9223372036854775807))
Edge(293208,481161,(3,9223372036854775807))
Edge(293242,454507,(3,9223372036854775807))
Edge(293297,291980,(3,9223372036854775807))
Edge(293478,458856,(3,9223372036854775807))
Edge(293810,435702,(3,9223372036854775807))
Edge(294096,99832,(3,9223372036854775807))
Edge(294350,28110,(3,9223372036854775807))
Edge(294708,11992,(3,9223372036854775807))
Edge(294952,156809,(3,9223372036854775807))
Edge(295168,32093,(3,9223372036854775807))
Edge(295314,466742,(3,9223372036854775807))
Edge(296063,206126,(3,9223372036854775807))
Edge(296091,260454,(3,9223372036854775807))
Edge(296301,231847,(3,9223372036854775807))
Edge(296709,67052,(3,9223372036854775807))
Edge(296831,474092,(3,9223372036854775807))
Edge(297005,265032,(1,9223372036854775807))
Edge(297082,177782,(3,9223372036854775807))
Edge(297260,225367,(1,3))
Edge(297644,353732,(3,9223372036854775807))
Edge(298003,109392,(3,9223372036854775807))
Edge(298927,268479,(3,9223372036854775807))
Edge(298939,101792,(3,9223372036854775807))
Edge(299230,348696,(3,9223372036854775807))
Edge(299416,278952,(3,9223372036854775807))
Edge(299464,274076,(1,9223372036854775807))
Edge(299511,156161,(3,9223372036854775807))
Edge(299534,27987,(1,9223372036854775807))
Edge(299948,379938,(1,9223372036854775807))
Edge(300017,105921,(3,9223372036854775807))
Edge(300061,352485,(3,9223372036854775807))
Edge(300086,343806,(3,9223372036854775807))
Edge(300129,360586,(3,9223372036854775807))
Edge(301634,365815,(3,9223372036854775807))
Edge(301683,453240,(3,9223372036854775807))
Edge(302112,381712,(3,9223372036854775807))
Edge(302129,261577,(3,9223372036854775807))
Edge(302517,308856,(3,9223372036854775807))
Edge(302625,209136,(1,3))
Edge(302722,32214,(3,9223372036854775807))
Edge(303515,429538,(3,9223372036854775807))
Edge(303596,492166,(3,9223372036854775807))
Edge(304127,93847,(3,9223372036854775807))
Edge(304330,165367,(1,9223372036854775807))
Edge(304536,108896,(1,9223372036854775807))
Edge(305267,3982,(3,9223372036854775807))
Edge(305343,90898,(1,9223372036854775807))
Edge(305610,448368,(3,9223372036854775807))
Edge(305786,235677,(3,9223372036854775807))
Edge(306005,141757,(3,9223372036854775807))
Edge(306045,238595,(3,9223372036854775807))
Edge(306087,49243,(1,9223372036854775807))
Edge(306815,149533,(3,9223372036854775807))
Edge(307450,157320,(3,9223372036854775807))
Edge(307724,384055,(1,3))
Edge(308394,391074,(3,9223372036854775807))
Edge(308487,55077,(3,9223372036854775807))
Edge(308860,109587,(3,9223372036854775807))
Edge(309262,268206,(1,3))
Edge(309305,197299,(3,9223372036854775807))
Edge(310023,166739,(3,9223372036854775807))
Edge(310540,320572,(3,9223372036854775807))
Edge(310856,264657,(3,9223372036854775807))
Edge(311066,209232,(3,9223372036854775807))
Edge(311388,379225,(3,9223372036854775807))
Edge(312404,405404,(3,9223372036854775807))
Edge(312817,308427,(3,9223372036854775807))
Edge(313118,85707,(3,9223372036854775807))
Edge(313463,271746,(3,9223372036854775807))
Edge(314133,308055,(3,9223372036854775807))
Edge(314361,217956,(3,9223372036854775807))
Edge(314553,286198,(3,9223372036854775807))
Edge(314672,78963,(3,9223372036854775807))
Edge(314818,366081,(3,9223372036854775807))
Edge(315278,229471,(3,9223372036854775807))
Edge(315287,171125,(3,9223372036854775807))
Edge(315618,348629,(3,9223372036854775807))
Edge(316429,6016,(3,9223372036854775807))
Edge(316840,452123,(3,9223372036854775807))
Edge(316952,79573,(3,9223372036854775807))
Edge(317566,214349,(3,9223372036854775807))
Edge(317672,258213,(1,9223372036854775807))
Edge(318082,99997,(1,3))
Edge(318332,370063,(3,9223372036854775807))
Edge(318345,304554,(3,9223372036854775807))
Edge(318604,380739,(3,9223372036854775807))
Edge(318698,64739,(3,9223372036854775807))
Edge(318905,260128,(1,9223372036854775807))
Edge(318933,378067,(3,9223372036854775807))
Edge(319307,162675,(3,9223372036854775807))
Edge(319337,263890,(3,9223372036854775807))
Edge(319384,211837,(1,9223372036854775807))
Edge(319578,452892,(3,9223372036854775807))
Edge(319607,300212,(3,9223372036854775807))
Edge(319614,186942,(3,9223372036854775807))
Edge(319634,80224,(3,9223372036854775807))
Edge(319658,165787,(3,9223372036854775807))
Edge(319672,227105,(3,9223372036854775807))
Edge(319841,446862,(3,9223372036854775807))
Edge(319997,184345,(3,9223372036854775807))
Edge(320559,397459,(1,9223372036854775807))
Edge(320729,46106,(3,9223372036854775807))
Edge(321316,452166,(3,9223372036854775807))
Edge(321529,462566,(3,9223372036854775807))
Edge(321550,200902,(3,9223372036854775807))
Edge(322232,232311,(1,3))
Edge(322817,463538,(3,9223372036854775807))
Edge(323354,77488,(1,3))
Edge(323524,304590,(3,9223372036854775807))
Edge(324304,153803,(3,9223372036854775807))
Edge(324321,340353,(3,9223372036854775807))
Edge(324593,59545,(3,9223372036854775807))
Edge(325096,207602,(3,9223372036854775807))
Edge(325107,294689,(1,3))
Edge(325987,90933,(3,9223372036854775807))
Edge(326269,438259,(3,9223372036854775807))
Edge(326410,401544,(3,9223372036854775807))
Edge(326475,407220,(3,9223372036854775807))
Edge(327357,85421,(1,3))
Edge(327465,283255,(3,9223372036854775807))
Edge(328090,339021,(1,3))
Edge(328394,90552,(3,9223372036854775807))
Edge(328531,10044,(3,9223372036854775807))
Edge(328565,393365,(1,3))
Edge(329276,41832,(3,9223372036854775807))
Edge(329755,478125,(1,9223372036854775807))
Edge(330271,20776,(3,9223372036854775807))
Edge(330530,297348,(3,9223372036854775807))
Edge(330680,480787,(3,9223372036854775807))
Edge(330935,490167,(3,9223372036854775807))
Edge(331990,147700,(3,9223372036854775807))
Edge(332024,193269,(3,9223372036854775807))
Edge(332784,417434,(3,9223372036854775807))
Edge(333046,431444,(3,9223372036854775807))
Edge(333555,303637,(3,9223372036854775807))
Edge(333679,174964,(1,9223372036854775807))
Edge(333728,346634,(3,9223372036854775807))
Edge(333928,200148,(3,9223372036854775807))
Edge(334033,470369,(3,9223372036854775807))
Edge(334126,322119,(3,9223372036854775807))
Edge(335059,222094,(3,9223372036854775807))
Edge(335184,17172,(3,9223372036854775807))
Edge(335268,412966,(3,9223372036854775807))
Edge(335842,385145,(3,9223372036854775807))
Edge(336162,304357,(3,9223372036854775807))
Edge(336297,346588,(3,9223372036854775807))
Edge(336341,31774,(3,9223372036854775807))
Edge(336780,256027,(3,9223372036854775807))
Edge(336940,107854,(3,9223372036854775807))
Edge(337316,190548,(1,3))
Edge(337371,165269,(3,9223372036854775807))
Edge(337561,204208,(1,3))
Edge(337571,334590,(4,9223372036854775807))
Edge(337853,225836,(3,9223372036854775807))
Edge(338021,111683,(1,9223372036854775807))
Edge(338064,29269,(1,3))
Edge(338416,436538,(3,9223372036854775807))
Edge(338801,32960,(3,9223372036854775807))
Edge(339035,245636,(1,9223372036854775807))
Edge(339575,482683,(3,9223372036854775807))
Edge(339740,1687,(1,3))
Edge(339770,189036,(1,9223372036854775807))
Edge(339873,87000,(1,3))
Edge(340067,169376,(1,9223372036854775807))
Edge(340078,105124,(3,9223372036854775807))
Edge(340092,210954,(3,9223372036854775807))
Edge(340141,126374,(4,9223372036854775807))
Edge(340261,416405,(1,9223372036854775807))
Edge(340627,453373,(3,9223372036854775807))
Edge(341844,76840,(3,9223372036854775807))
Edge(342224,451114,(3,9223372036854775807))
Edge(342226,386645,(3,9223372036854775807))
Edge(342976,278254,(3,9223372036854775807))
Edge(343590,495648,(3,9223372036854775807))
Edge(343591,487942,(3,9223372036854775807))
Edge(344456,151682,(3,9223372036854775807))
Edge(344615,497025,(3,9223372036854775807))
Edge(344846,496065,(3,9223372036854775807))
Edge(346412,2304,(1,3))
Edge(346614,277330,(3,9223372036854775807))
Edge(346901,33877,(1,9223372036854775807))
Edge(347396,255642,(3,9223372036854775807))
Edge(347799,420481,(3,9223372036854775807))
Edge(347919,375058,(3,9223372036854775807))
Edge(348341,439797,(3,9223372036854775807))
Edge(348411,384832,(3,9223372036854775807))
Edge(349291,259095,(3,9223372036854775807))
Edge(349934,136630,(3,9223372036854775807))
Edge(350360,177974,(3,9223372036854775807))
Edge(350406,38994,(3,9223372036854775807))
Edge(350453,299394,(3,9223372036854775807))
Edge(350827,497802,(3,9223372036854775807))
Edge(351116,95424,(3,9223372036854775807))
Edge(351446,30577,(3,9223372036854775807))
Edge(351618,374651,(3,9223372036854775807))
Edge(351812,368764,(3,9223372036854775807))
Edge(353166,303087,(3,9223372036854775807))
Edge(353254,243458,(3,9223372036854775807))
Edge(353292,241045,(3,9223372036854775807))
Edge(353402,58365,(3,9223372036854775807))
Edge(354116,18613,(1,3))
Edge(354200,398480,(3,9223372036854775807))
Edge(354548,140649,(3,9223372036854775807))
Edge(354952,121878,(1,9223372036854775807))
Edge(354986,465320,(3,9223372036854775807))
Edge(355172,240188,(3,9223372036854775807))
Edge(356455,430884,(3,9223372036854775807))
Edge(356632,156454,(3,9223372036854775807))
Edge(356724,245116,(3,9223372036854775807))
Edge(356724,255864,(3,9223372036854775807))
Edge(356966,419066,(1,9223372036854775807))
Edge(357033,48465,(1,9223372036854775807))
Edge(357095,226383,(3,9223372036854775807))
Edge(357167,383974,(3,9223372036854775807))
Edge(357570,150373,(3,9223372036854775807))
Edge(357627,475508,(1,3))
Edge(358231,232932,(3,9223372036854775807))
Edge(358437,398689,(1,9223372036854775807))
Edge(359550,424617,(3,9223372036854775807))
Edge(360628,229398,(3,9223372036854775807))
Edge(361252,254313,(3,9223372036854775807))
Edge(361259,99951,(3,9223372036854775807))
Edge(361484,354997,(3,9223372036854775807))
Edge(362371,185950,(3,9223372036854775807))
Edge(362593,43368,(1,9223372036854775807))
Edge(362629,140009,(3,9223372036854775807))
Edge(363344,43988,(3,9223372036854775807))
Edge(364118,360423,(1,9223372036854775807))
Edge(364255,280647,(1,9223372036854775807))
Edge(364504,425314,(3,9223372036854775807))
Edge(364616,386132,(3,9223372036854775807))
Edge(365567,239140,(3,9223372036854775807))
Edge(365636,281845,(1,9223372036854775807))
Edge(365695,161186,(3,9223372036854775807))
Edge(366076,210270,(3,9223372036854775807))
Edge(366506,135800,(3,9223372036854775807))
Edge(367408,132311,(3,9223372036854775807))
Edge(367630,439908,(3,9223372036854775807))
Edge(368176,264209,(1,9223372036854775807))
Edge(368235,314386,(3,9223372036854775807))
Edge(368349,304428,(3,9223372036854775807))
Edge(368943,154462,(3,9223372036854775807))
Edge(369021,163603,(3,9223372036854775807))
Edge(369452,351690,(3,9223372036854775807))
Edge(369778,59834,(1,9223372036854775807))
Edge(369846,137505,(3,9223372036854775807))
Edge(370278,496347,(1,9223372036854775807))
Edge(370457,68502,(3,9223372036854775807))
Edge(370570,382937,(4,9223372036854775807))
Edge(371186,365221,(1,9223372036854775807))
Edge(371283,446311,(3,9223372036854775807))
Edge(371559,66859,(3,9223372036854775807))
Edge(372108,85138,(3,9223372036854775807))
Edge(372935,370180,(3,9223372036854775807))
Edge(373253,485201,(1,3))
Edge(373931,17666,(3,9223372036854775807))
Edge(374290,476044,(3,9223372036854775807))
Edge(374452,246592,(3,9223372036854775807))
Edge(374976,411619,(3,9223372036854775807))
Edge(375035,380608,(3,9223372036854775807))
Edge(375079,497462,(1,3))
Edge(375500,116097,(3,9223372036854775807))
Edge(375710,95847,(3,9223372036854775807))
Edge(375789,421598,(3,9223372036854775807))
Edge(376208,135496,(1,9223372036854775807))
Edge(376254,329760,(3,9223372036854775807))
Edge(376517,430936,(3,9223372036854775807))
Edge(376670,26927,(3,9223372036854775807))
Edge(376803,393058,(3,9223372036854775807))
Edge(377530,205706,(3,9223372036854775807))
Edge(378406,408371,(3,9223372036854775807))
Edge(378627,778,(3,9223372036854775807))
Edge(378746,305950,(1,3))
Edge(378756,25192,(3,9223372036854775807))
Edge(378928,138304,(3,9223372036854775807))
Edge(378935,393089,(3,9223372036854775807))
Edge(379107,376096,(3,9223372036854775807))
Edge(379227,179514,(3,9223372036854775807))
Edge(379439,408140,(3,9223372036854775807))
Edge(379480,81071,(3,9223372036854775807))
Edge(379970,34517,(1,9223372036854775807))
Edge(380221,430068,(3,9223372036854775807))
Edge(380324,268860,(3,9223372036854775807))
Edge(380332,498692,(3,9223372036854775807))
Edge(380626,247606,(1,3))
Edge(381063,358997,(1,3))
Edge(382152,196845,(1,3))
Edge(382254,186580,(3,9223372036854775807))
Edge(382414,168149,(3,9223372036854775807))
Edge(383373,408125,(3,9223372036854775807))
Edge(383437,42676,(3,9223372036854775807))
Edge(383811,312088,(3,9223372036854775807))
Edge(384648,322721,(3,9223372036854775807))
Edge(384702,373828,(1,9223372036854775807))
Edge(385776,152303,(3,9223372036854775807))
Edge(386036,474083,(3,9223372036854775807))
Edge(386550,254836,(1,9223372036854775807))
Edge(386679,448321,(3,9223372036854775807))
Edge(386820,239026,(1,9223372036854775807))
Edge(387271,207252,(3,9223372036854775807))
Edge(387511,195635,(1,9223372036854775807))
Edge(387725,5958,(3,9223372036854775807))
Edge(387799,243671,(1,3))
Edge(387990,186474,(3,9223372036854775807))
Edge(388057,392547,(3,9223372036854775807))
Edge(388182,412602,(3,9223372036854775807))
Edge(388618,359638,(1,3))
Edge(389271,102473,(3,9223372036854775807))
Edge(389952,310935,(3,9223372036854775807))
Edge(389981,123425,(3,9223372036854775807))
Edge(390013,373499,(3,9223372036854775807))
Edge(390425,341362,(4,9223372036854775807))
Edge(390498,131541,(1,3))
Edge(390996,199539,(3,9223372036854775807))
Edge(391324,168550,(3,9223372036854775807))
Edge(391754,459288,(3,9223372036854775807))
Edge(392020,366790,(3,9223372036854775807))
Edge(392132,325017,(3,9223372036854775807))
Edge(392687,106138,(3,9223372036854775807))
Edge(392841,78594,(3,9223372036854775807))
Edge(392932,111069,(3,9223372036854775807))
Edge(393285,229200,(3,9223372036854775807))
Edge(393555,272740,(3,9223372036854775807))
Edge(394158,60255,(1,9223372036854775807))
Edge(394361,216895,(3,9223372036854775807))
Edge(394386,494526,(3,9223372036854775807))
Edge(394403,344227,(3,9223372036854775807))
Edge(394679,344589,(3,9223372036854775807))
Edge(394826,16592,(3,9223372036854775807))
Edge(394972,43661,(3,9223372036854775807))
Edge(395175,23543,(3,9223372036854775807))
Edge(395223,32486,(3,9223372036854775807))
Edge(395944,104194,(3,9223372036854775807))
Edge(396103,218825,(3,9223372036854775807))
Edge(396224,131201,(3,9223372036854775807))
Edge(396256,338205,(3,9223372036854775807))
Edge(396474,166725,(3,9223372036854775807))
Edge(396752,123009,(3,9223372036854775807))
Edge(397167,468409,(3,9223372036854775807))
Edge(397727,496619,(3,9223372036854775807))
Edge(397922,406550,(3,9223372036854775807))
Edge(398019,223536,(3,9223372036854775807))
Edge(398407,75125,(3,9223372036854775807))
Edge(398551,385847,(3,9223372036854775807))
Edge(398840,302626,(3,9223372036854775807))
Edge(399388,439759,(3,9223372036854775807))
Edge(399503,257013,(3,9223372036854775807))
Edge(399868,421456,(1,3))
Edge(400025,253345,(3,9223372036854775807))
Edge(400042,128126,(1,9223372036854775807))
Edge(400088,260655,(3,9223372036854775807))
Edge(400273,256982,(1,9223372036854775807))
Edge(400285,300341,(3,9223372036854775807))
Edge(400375,114172,(3,9223372036854775807))
Edge(400483,173332,(1,9223372036854775807))
Edge(400698,387262,(3,9223372036854775807))
Edge(401224,231972,(3,9223372036854775807))
Edge(401507,210061,(4,9223372036854775807))
Edge(402387,80060,(3,9223372036854775807))
Edge(402491,111630,(3,9223372036854775807))
Edge(402532,101608,(3,9223372036854775807))
Edge(402752,312739,(3,9223372036854775807))
Edge(402811,494521,(1,9223372036854775807))
Edge(402823,490551,(1,9223372036854775807))
Edge(403420,246599,(3,9223372036854775807))
Edge(403688,370932,(1,9223372036854775807))
Edge(403899,413159,(3,9223372036854775807))
Edge(404375,294424,(3,9223372036854775807))
Edge(405477,78830,(3,9223372036854775807))
Edge(405654,272949,(3,9223372036854775807))
Edge(405777,480872,(1,3))
Edge(405779,422900,(3,9223372036854775807))
Edge(406206,449834,(3,9223372036854775807))
Edge(406583,150694,(3,9223372036854775807))
Edge(406669,369713,(3,9223372036854775807))
Edge(406714,139771,(1,9223372036854775807))
Edge(406854,189737,(3,9223372036854775807))
Edge(407001,50671,(3,9223372036854775807))
Edge(407080,229737,(3,9223372036854775807))
Edge(407305,497507,(3,9223372036854775807))
Edge(407613,361739,(3,9223372036854775807))
Edge(407771,270509,(3,9223372036854775807))
Edge(407940,16186,(3,9223372036854775807))
Edge(408032,389497,(3,9223372036854775807))
Edge(408644,298777,(1,3))
Edge(409089,492997,(3,9223372036854775807))
Edge(409495,477203,(3,9223372036854775807))
Edge(410595,299005,(1,3))
Edge(410953,184978,(3,9223372036854775807))
Edge(411134,216201,(3,9223372036854775807))
Edge(411141,415580,(3,9223372036854775807))
Edge(411201,149082,(3,9223372036854775807))
Edge(411240,320994,(3,9223372036854775807))
Edge(411535,8824,(3,9223372036854775807))
Edge(411819,14000,(3,9223372036854775807))
Edge(411913,61412,(3,9223372036854775807))
Edge(411994,233183,(3,9223372036854775807))
Edge(412286,22368,(3,9223372036854775807))
Edge(413306,486,(3,9223372036854775807))
Edge(413688,321415,(3,9223372036854775807))
Edge(413816,423105,(1,3))
Edge(414194,437605,(3,9223372036854775807))
Edge(414618,194425,(1,9223372036854775807))
Edge(414721,442622,(1,9223372036854775807))
Edge(414847,481648,(3,9223372036854775807))
Edge(415054,89039,(3,9223372036854775807))
Edge(415099,210098,(3,9223372036854775807))
Edge(415421,42920,(3,9223372036854775807))
Edge(415823,296256,(1,9223372036854775807))
Edge(415915,38655,(3,9223372036854775807))
Edge(416656,63477,(3,9223372036854775807))
Edge(418086,128256,(3,9223372036854775807))
Edge(418808,100881,(3,9223372036854775807))
Edge(418829,114976,(3,9223372036854775807))
Edge(418950,117671,(1,3))
Edge(419396,433335,(3,9223372036854775807))
Edge(419688,398468,(1,3))
Edge(419834,350852,(3,9223372036854775807))
Edge(420200,327430,(3,9223372036854775807))
Edge(420333,247315,(1,9223372036854775807))
Edge(421057,132680,(3,9223372036854775807))
Edge(421162,82001,(3,9223372036854775807))
Edge(421373,357225,(3,9223372036854775807))
Edge(421417,291057,(3,9223372036854775807))
Edge(421544,166011,(3,9223372036854775807))
Edge(421674,205567,(3,9223372036854775807))
Edge(421754,469394,(3,9223372036854775807))
Edge(421759,258251,(1,9223372036854775807))
Edge(421923,113148,(3,9223372036854775807))
Edge(422249,224374,(3,9223372036854775807))
Edge(422438,28991,(3,9223372036854775807))
Edge(422582,320125,(3,9223372036854775807))
Edge(423399,434972,(1,9223372036854775807))
Edge(423489,434999,(3,9223372036854775807))
Edge(423500,192893,(3,9223372036854775807))
Edge(423800,298937,(4,9223372036854775807))
Edge(423931,133136,(1,3))
Edge(424205,277614,(1,9223372036854775807))
Edge(424262,173121,(3,9223372036854775807))
Edge(424343,2406,(1,9223372036854775807))
Edge(425369,215857,(3,9223372036854775807))
Edge(425649,165273,(3,9223372036854775807))
Edge(426147,354454,(3,9223372036854775807))
Edge(426394,322368,(3,9223372036854775807))
Edge(426437,325621,(4,9223372036854775807))
Edge(427135,161241,(4,9223372036854775807))
Edge(427522,33238,(3,9223372036854775807))
Edge(427676,135145,(3,9223372036854775807))
Edge(428641,460486,(3,9223372036854775807))
Edge(428849,322211,(1,3))
Edge(428923,198498,(3,9223372036854775807))
Edge(429289,171953,(3,9223372036854775807))
Edge(429893,65174,(3,9223372036854775807))
Edge(429900,494023,(3,9223372036854775807))
Edge(430004,301202,(1,3))
Edge(430136,280184,(3,9223372036854775807))
Edge(430169,192606,(1,3))
Edge(430379,439729,(3,9223372036854775807))
Edge(430429,195586,(1,9223372036854775807))
Edge(430601,123447,(3,9223372036854775807))
Edge(430690,396416,(3,9223372036854775807))
Edge(430849,230868,(4,9223372036854775807))
Edge(431288,200155,(3,9223372036854775807))
Edge(431764,430528,(3,9223372036854775807))
Edge(432370,379877,(3,9223372036854775807))
Edge(432455,188882,(3,9223372036854775807))
Edge(432900,94071,(3,9223372036854775807))
Edge(432967,131778,(3,9223372036854775807))
Edge(433456,451462,(3,9223372036854775807))
Edge(433532,123154,(3,9223372036854775807))
Edge(433790,180603,(3,9223372036854775807))
Edge(433798,195445,(1,9223372036854775807))
Edge(435194,116052,(3,9223372036854775807))
Edge(435657,220292,(1,9223372036854775807))
Edge(435672,351857,(1,3))
Edge(435754,496620,(3,9223372036854775807))
Edge(435828,43697,(1,3))
Edge(436333,418504,(3,9223372036854775807))
Edge(437403,100348,(3,9223372036854775807))
Edge(437778,452349,(3,9223372036854775807))
Edge(438140,296123,(1,3))
Edge(438590,199229,(3,9223372036854775807))
Edge(438689,165363,(3,9223372036854775807))
Edge(438772,250626,(3,9223372036854775807))
Edge(438901,405061,(1,9223372036854775807))
Edge(439102,326854,(1,9223372036854775807))
Edge(439182,90094,(1,9223372036854775807))
Edge(439527,80170,(1,9223372036854775807))
Edge(439961,209860,(3,9223372036854775807))
Edge(440012,259479,(3,9223372036854775807))
Edge(440131,493351,(1,9223372036854775807))
Edge(440422,431787,(3,9223372036854775807))
Edge(440799,495499,(3,9223372036854775807))
Edge(440854,458621,(3,9223372036854775807))
Edge(441032,384113,(3,9223372036854775807))
Edge(441325,49931,(3,9223372036854775807))
Edge(441387,318419,(3,9223372036854775807))
Edge(441583,73627,(3,9223372036854775807))
Edge(441745,343592,(3,9223372036854775807))
Edge(441751,425366,(1,9223372036854775807))
Edge(441813,142759,(3,9223372036854775807))
Edge(441919,270553,(3,9223372036854775807))
Edge(441942,136771,(1,9223372036854775807))
Edge(442180,216818,(3,9223372036854775807))
Edge(442612,55885,(3,9223372036854775807))
Edge(443178,99763,(3,9223372036854775807))
Edge(443194,405629,(3,9223372036854775807))
Edge(443468,425931,(1,9223372036854775807))
Edge(443631,460446,(3,9223372036854775807))
Edge(443703,266962,(3,9223372036854775807))
Edge(443873,46371,(3,9223372036854775807))
Edge(443972,279011,(3,9223372036854775807))
Edge(444383,405340,(3,9223372036854775807))
Edge(444618,220445,(1,9223372036854775807))
Edge(444989,21582,(3,9223372036854775807))
Edge(445107,251392,(3,9223372036854775807))
Edge(445209,100313,(1,9223372036854775807))
Edge(445316,297892,(3,9223372036854775807))
Edge(445762,11908,(3,9223372036854775807))
Edge(445771,448459,(1,9223372036854775807))
Edge(445904,176090,(3,9223372036854775807))
Edge(445988,347418,(3,9223372036854775807))
Edge(446018,251232,(3,9223372036854775807))
Edge(446606,2222,(3,9223372036854775807))
Edge(446652,357921,(1,9223372036854775807))
Edge(446797,315632,(3,9223372036854775807))
Edge(446910,467149,(3,9223372036854775807))
Edge(446916,36542,(3,9223372036854775807))
Edge(447143,452316,(1,3))
Edge(447190,146890,(1,9223372036854775807))
Edge(447324,385151,(3,9223372036854775807))
Edge(447335,475895,(3,9223372036854775807))
Edge(447442,351151,(3,9223372036854775807))
Edge(447719,55359,(3,9223372036854775807))
Edge(448237,100851,(3,9223372036854775807))
Edge(448418,217594,(3,9223372036854775807))
Edge(448883,163683,(1,3))
Edge(449011,77200,(3,9223372036854775807))
Edge(449067,215180,(3,9223372036854775807))
Edge(449470,315089,(1,9223372036854775807))
Edge(449511,294477,(1,9223372036854775807))
Edge(450863,428209,(3,9223372036854775807))
Edge(451506,475204,(3,9223372036854775807))
Edge(452144,10014,(1,3))
Edge(452449,376895,(3,9223372036854775807))
Edge(452620,272265,(1,9223372036854775807))
Edge(452764,371434,(1,9223372036854775807))
Edge(452781,129568,(3,9223372036854775807))
Edge(452795,42301,(3,9223372036854775807))
Edge(452907,123866,(3,9223372036854775807))
Edge(453454,459504,(3,9223372036854775807))
Edge(453548,190234,(1,9223372036854775807))
Edge(455027,261491,(3,9223372036854775807))
Edge(455706,77570,(3,9223372036854775807))
Edge(455812,361038,(3,9223372036854775807))
Edge(456594,90224,(1,9223372036854775807))
Edge(456846,344312,(3,9223372036854775807))
Edge(457196,319240,(1,9223372036854775807))
Edge(457227,382537,(1,9223372036854775807))
Edge(457784,450,(3,9223372036854775807))
Edge(458480,177753,(3,9223372036854775807))
Edge(458532,68494,(3,9223372036854775807))
Edge(458536,307489,(1,9223372036854775807))
Edge(458597,371139,(1,9223372036854775807))
Edge(458688,360640,(1,9223372036854775807))
Edge(458722,416144,(3,9223372036854775807))
Edge(458804,42856,(3,9223372036854775807))
Edge(458845,496502,(3,9223372036854775807))
Edge(458846,101262,(3,9223372036854775807))
Edge(458997,352429,(3,9223372036854775807))
Edge(459050,80105,(3,9223372036854775807))
Edge(459436,81487,(1,3))
Edge(459475,47182,(3,9223372036854775807))
Edge(459837,232332,(3,9223372036854775807))
Edge(460077,48520,(3,9223372036854775807))
Edge(460418,415495,(3,9223372036854775807))
Edge(460454,419771,(3,9223372036854775807))
Edge(460804,250986,(3,9223372036854775807))
Edge(460858,264456,(3,9223372036854775807))
Edge(461025,105656,(1,3))
Edge(461073,458363,(1,3))
Edge(461209,382082,(3,9223372036854775807))
Edge(461257,294574,(3,9223372036854775807))
Edge(461336,73020,(3,9223372036854775807))
Edge(461374,320416,(3,9223372036854775807))
Edge(461865,101357,(3,9223372036854775807))
Edge(461933,420118,(3,9223372036854775807))
Edge(462234,1911,(3,9223372036854775807))
Edge(462330,66844,(3,9223372036854775807))
Edge(462366,31051,(3,9223372036854775807))
Edge(462475,80705,(3,9223372036854775807))
Edge(462702,307488,(1,9223372036854775807))
Edge(462936,169496,(3,9223372036854775807))
Edge(463055,445106,(3,9223372036854775807))
Edge(464027,208009,(3,9223372036854775807))
Edge(464907,73671,(1,3))
Edge(465099,246085,(3,9223372036854775807))
Edge(465143,76070,(3,9223372036854775807))
Edge(465281,83224,(3,9223372036854775807))
Edge(465619,177185,(3,9223372036854775807))
Edge(465637,446475,(3,9223372036854775807))
Edge(466127,42751,(3,9223372036854775807))
Edge(466201,125649,(3,9223372036854775807))
Edge(466348,450068,(3,9223372036854775807))
Edge(466715,393708,(3,9223372036854775807))
Edge(466833,198564,(3,9223372036854775807))
Edge(466877,1936,(3,9223372036854775807))
Edge(467071,489167,(1,9223372036854775807))
Edge(467279,217336,(3,9223372036854775807))
Edge(467379,251470,(3,9223372036854775807))
Edge(467588,387464,(3,9223372036854775807))
Edge(467591,382611,(1,9223372036854775807))
Edge(467801,408742,(3,9223372036854775807))
Edge(468022,365412,(3,9223372036854775807))
Edge(468107,2515,(3,9223372036854775807))
Edge(468501,371183,(3,9223372036854775807))
Edge(468601,28577,(3,9223372036854775807))
Edge(468706,224061,(1,9223372036854775807))
Edge(469699,273428,(3,9223372036854775807))
Edge(469956,202374,(1,9223372036854775807))
Edge(469992,436861,(3,9223372036854775807))
Edge(470050,280458,(3,9223372036854775807))
Edge(470213,491576,(3,9223372036854775807))
Edge(470423,37614,(3,9223372036854775807))
Edge(470837,349518,(3,9223372036854775807))
Edge(471441,369689,(3,9223372036854775807))
Edge(471748,497329,(3,9223372036854775807))
Edge(471777,166470,(3,9223372036854775807))
Edge(472758,475891,(3,9223372036854775807))
Edge(472961,211098,(3,9223372036854775807))
Edge(473522,376489,(1,9223372036854775807))
Edge(473546,182164,(3,9223372036854775807))
Edge(474738,240252,(3,9223372036854775807))
Edge(475279,6357,(3,9223372036854775807))
Edge(475339,408226,(3,9223372036854775807))
Edge(475428,29495,(3,9223372036854775807))
Edge(475467,181856,(3,9223372036854775807))
Edge(475750,341437,(3,9223372036854775807))
Edge(475975,77102,(3,9223372036854775807))
Edge(476237,417288,(3,9223372036854775807))
Edge(477137,356869,(1,9223372036854775807))
Edge(477589,418474,(3,9223372036854775807))
Edge(477686,474119,(3,9223372036854775807))
Edge(477823,207810,(1,9223372036854775807))
Edge(477939,40699,(3,9223372036854775807))
Edge(477985,112181,(3,9223372036854775807))
Edge(478042,51936,(3,9223372036854775807))
Edge(478182,458361,(3,9223372036854775807))
Edge(478240,235578,(3,9223372036854775807))
Edge(478400,413996,(1,9223372036854775807))
Edge(478759,489160,(3,9223372036854775807))
Edge(478856,430075,(3,9223372036854775807))
Edge(478915,481678,(3,9223372036854775807))
Edge(479303,405702,(3,9223372036854775807))
Edge(479354,300135,(1,3))
Edge(479632,109460,(1,3))
Edge(479670,1452,(3,9223372036854775807))
Edge(479900,263868,(1,3))
Edge(480140,349547,(1,9223372036854775807))
Edge(480478,70481,(3,9223372036854775807))
Edge(480738,90332,(3,9223372036854775807))
Edge(480810,57783,(3,9223372036854775807))
Edge(481129,186244,(3,9223372036854775807))
Edge(481652,492073,(1,3))
Edge(483035,74058,(1,9223372036854775807))
Edge(483056,487611,(3,9223372036854775807))
Edge(483094,63375,(3,9223372036854775807))
Edge(483337,106733,(3,4))
Edge(483668,389573,(3,9223372036854775807))
Edge(483885,132551,(3,9223372036854775807))
Edge(484133,16782,(3,9223372036854775807))
Edge(484233,194715,(1,9223372036854775807))
Edge(484433,206224,(3,9223372036854775807))
Edge(484816,276104,(3,9223372036854775807))
Edge(485274,410796,(3,9223372036854775807))
Edge(485370,335517,(3,9223372036854775807))
Edge(485647,259118,(3,9223372036854775807))
Edge(485820,300938,(3,9223372036854775807))
Edge(485840,474398,(3,9223372036854775807))
Edge(485985,14265,(3,9223372036854775807))
Edge(485986,111884,(3,9223372036854775807))
Edge(486118,98140,(1,9223372036854775807))
Edge(486216,351243,(1,3))
Edge(486376,143360,(3,9223372036854775807))
Edge(486532,374927,(3,9223372036854775807))
Edge(486615,366914,(3,9223372036854775807))
Edge(486759,310112,(1,3))
Edge(486895,338102,(3,9223372036854775807))
Edge(486942,201354,(3,9223372036854775807))
Edge(486991,127581,(3,9223372036854775807))
Edge(487095,62535,(3,9223372036854775807))
Edge(487254,97872,(3,9223372036854775807))
Edge(487903,151317,(1,9223372036854775807))
Edge(488050,55668,(1,9223372036854775807))
Edge(488188,121034,(3,9223372036854775807))
Edge(489183,418521,(1,9223372036854775807))
Edge(489601,304322,(3,9223372036854775807))
Edge(489666,71236,(3,9223372036854775807))
Edge(489808,80762,(3,9223372036854775807))
Edge(490505,454159,(3,9223372036854775807))
Edge(490533,70897,(1,9223372036854775807))
Edge(490818,291826,(1,9223372036854775807))
Edge(490997,106324,(3,9223372036854775807))
Edge(491363,135960,(3,9223372036854775807))
Edge(491524,230151,(3,9223372036854775807))
Edge(491621,76564,(3,9223372036854775807))
Edge(491812,101556,(3,9223372036854775807))
Edge(491937,226050,(3,9223372036854775807))
Edge(492606,34556,(3,9223372036854775807))
Edge(492741,115176,(1,9223372036854775807))
Edge(493035,312911,(3,9223372036854775807))
Edge(493550,464086,(1,9223372036854775807))
Edge(493593,192130,(3,9223372036854775807))
Edge(493838,287954,(3,9223372036854775807))
Edge(494131,129952,(3,9223372036854775807))
Edge(494921,360052,(1,9223372036854775807))
Edge(495223,44266,(1,3))
Edge(495577,5170,(3,9223372036854775807))
Edge(495680,207209,(3,9223372036854775807))
Edge(495872,493486,(3,9223372036854775807))
Edge(496746,46178,(3,9223372036854775807))
Edge(497270,269188,(1,3))
Edge(497366,166067,(1,3))
Edge(498040,491973,(1,9223372036854775807))
Edge(499042,95449,(3,9223372036854775807))
Edge(499095,328230,(1,9223372036854775807))
Edge(499140,431172,(3,9223372036854775807))
Edge(499475,435357,(3,9223372036854775807))
Edge(499839,261056,(3,9223372036854775807))
Edge(499856,198609,(1,9223372036854775807))
Edge(499948,260788,(3,9223372036854775807))
