Edge(59,170793,(1,3))
Edge(235,194252,(1,9223372036854775807))
Edge(448,388538,(3,9223372036854775807))
Edge(448,455608,(3,9223372036854775807))
Edge(660,49732,(3,9223372036854775807))
Edge(1522,5087,(1,9223372036854775807))
Edge(1584,250572,(3,9223372036854775807))
Edge(1932,76227,(3,9223372036854775807))
Edge(2068,142809,(3,9223372036854775807))
Edge(2424,491189,(3,9223372036854775807))
Edge(3040,235784,(3,9223372036854775807))
Edge(3076,23999,(3,9223372036854775807))
Edge(3902,355399,(3,9223372036854775807))
Edge(4884,306917,(3,9223372036854775807))
Edge(5296,421771,(3,9223372036854775807))
Edge(5318,413145,(1,9223372036854775807))
Edge(5504,474737,(3,9223372036854775807))
Edge(5781,403932,(3,9223372036854775807))
Edge(5794,482227,(3,9223372036854775807))
Edge(5993,267504,(3,9223372036854775807))
Edge(6064,19271,(1,9223372036854775807))
Edge(6485,330707,(3,9223372036854775807))
Edge(6526,253485,(3,9223372036854775807))
Edge(6908,9863,(3,9223372036854775807))
Edge(7083,244040,(1,3))
Edge(7454,153232,(1,9223372036854775807))
Edge(7732,76532,(3,9223372036854775807))
Edge(7830,23669,(3,9223372036854775807))
Edge(8480,485895,(1,9223372036854775807))
Edge(9654,35600,(3,9223372036854775807))
Edge(9660,216101,(3,9223372036854775807))
Edge(9817,259513,(3,9223372036854775807))
Edge(9914,196054,(1,3))
Edge(10356,393434,(3,9223372036854775807))
Edge(10447,28817,(3,9223372036854775807))
Edge(10577,396363,(3,9223372036854775807))
Edge(10714,51299,(3,9223372036854775807))
Edge(11172,485861,(3,9223372036854775807))
Edge(11341,198686,(3,9223372036854775807))
Edge(11655,371121,(3,9223372036854775807))
Edge(12095,494270,(3,9223372036854775807))
Edge(12222,464541,(3,9223372036854775807))
Edge(12504,76656,(3,9223372036854775807))
Edge(13005,203001,(3,9223372036854775807))
Edge(13106,210929,(1,3))
Edge(13262,606,(3,9223372036854775807))
Edge(13543,19126,(3,9223372036854775807))
Edge(13977,408398,(3,9223372036854775807))
Edge(14235,226936,(3,9223372036854775807))
Edge(14301,163387,(3,9223372036854775807))
Edge(14750,319649,(3,9223372036854775807))
Edge(14976,87593,(3,9223372036854775807))
Edge(15133,40298,(3,9223372036854775807))
Edge(15398,384815,(1,9223372036854775807))
Edge(15406,396152,(3,9223372036854775807))
Edge(15653,201747,(3,9223372036854775807))
Edge(15719,224187,(3,9223372036854775807))
Edge(15978,453214,(1,3))
Edge(16055,339022,(3,9223372036854775807))
Edge(16258,308835,(1,9223372036854775807))
Edge(16621,176263,(3,9223372036854775807))
Edge(16800,24646,(1,3))
Edge(16908,269412,(3,9223372036854775807))
Edge(17153,443766,(3,9223372036854775807))
Edge(17465,336095,(3,9223372036854775807))
Edge(17492,428940,(3,9223372036854775807))
Edge(17645,347209,(3,9223372036854775807))
Edge(17711,380794,(3,9223372036854775807))
Edge(17922,39316,(3,9223372036854775807))
Edge(18095,329489,(1,9223372036854775807))
Edge(18153,410762,(3,9223372036854775807))
Edge(18580,479339,(3,9223372036854775807))
Edge(18817,331634,(3,9223372036854775807))
Edge(19152,81203,(3,9223372036854775807))
Edge(19193,294119,(3,9223372036854775807))
Edge(19425,70845,(3,9223372036854775807))
Edge(21720,363667,(3,9223372036854775807))
Edge(21939,178946,(3,9223372036854775807))
Edge(21957,441013,(3,9223372036854775807))
Edge(22145,494825,(3,9223372036854775807))
Edge(22340,153771,(3,9223372036854775807))
Edge(22480,451376,(3,9223372036854775807))
Edge(22726,75022,(3,9223372036854775807))
Edge(23224,353833,(3,9223372036854775807))
Edge(23271,446267,(3,9223372036854775807))
Edge(24138,459633,(3,9223372036854775807))
Edge(24306,8181,(3,9223372036854775807))
Edge(24311,244300,(3,9223372036854775807))
Edge(24351,126724,(1,9223372036854775807))
Edge(25279,200875,(3,9223372036854775807))
Edge(25319,135293,(1,9223372036854775807))
Edge(25510,203298,(3,9223372036854775807))
Edge(25755,480269,(3,9223372036854775807))
Edge(26033,238412,(3,9223372036854775807))
Edge(26503,331227,(3,9223372036854775807))
Edge(26888,499810,(3,9223372036854775807))
Edge(27012,365933,(1,9223372036854775807))
Edge(27256,460747,(3,9223372036854775807))
Edge(27651,64937,(1,9223372036854775807))
Edge(27796,407901,(3,9223372036854775807))
Edge(28261,225728,(3,9223372036854775807))
Edge(28273,71353,(1,9223372036854775807))
Edge(28852,483797,(3,9223372036854775807))
Edge(28976,195415,(3,9223372036854775807))
Edge(29090,358111,(3,9223372036854775807))
Edge(29172,230020,(3,9223372036854775807))
Edge(29192,97064,(3,9223372036854775807))
Edge(29908,184879,(3,9223372036854775807))
Edge(29943,230621,(1,9223372036854775807))
Edge(30001,465649,(3,9223372036854775807))
Edge(30426,267843,(3,9223372036854775807))
Edge(30454,96097,(3,9223372036854775807))
Edge(30487,403506,(1,9223372036854775807))
Edge(30753,143691,(3,9223372036854775807))
Edge(30962,260610,(3,9223372036854775807))
Edge(31117,477312,(1,9223372036854775807))
Edge(31950,239746,(1,9223372036854775807))
Edge(31975,257709,(3,9223372036854775807))
Edge(32219,191441,(3,9223372036854775807))
Edge(32229,375429,(3,9223372036854775807))
Edge(33049,398214,(3,9223372036854775807))
Edge(33406,111865,(3,9223372036854775807))
Edge(33621,197568,(3,9223372036854775807))
Edge(33968,224840,(3,9223372036854775807))
Edge(34021,203904,(1,9223372036854775807))
Edge(34064,445877,(1,9223372036854775807))
Edge(34536,294924,(3,9223372036854775807))
Edge(34944,87418,(3,9223372036854775807))
Edge(35191,43362,(1,9223372036854775807))
Edge(35238,447328,(3,9223372036854775807))
Edge(35405,140643,(3,9223372036854775807))
Edge(35438,206571,(3,9223372036854775807))
Edge(35526,416055,(3,9223372036854775807))
Edge(35780,253907,(1,9223372036854775807))
Edge(35782,155697,(3,9223372036854775807))
Edge(35813,449713,(3,9223372036854775807))
Edge(35829,221278,(3,9223372036854775807))
Edge(36306,128211,(3,9223372036854775807))
Edge(36583,141207,(3,9223372036854775807))
Edge(36643,450727,(1,3))
Edge(37012,424723,(3,9223372036854775807))
Edge(37071,49445,(3,9223372036854775807))
Edge(37184,440304,(3,9223372036854775807))
Edge(37338,389170,(3,9223372036854775807))
Edge(37355,177134,(1,9223372036854775807))
Edge(37678,425032,(3,9223372036854775807))
Edge(38868,101153,(3,9223372036854775807))
Edge(39001,489722,(3,9223372036854775807))
Edge(39262,261960,(3,9223372036854775807))
Edge(39300,200657,(3,9223372036854775807))
Edge(39813,316077,(3,9223372036854775807))
Edge(39831,264357,(3,9223372036854775807))
Edge(40010,456150,(3,9223372036854775807))
Edge(40051,384897,(3,9223372036854775807))
Edge(40133,46612,(3,9223372036854775807))
Edge(40926,364118,(3,9223372036854775807))
Edge(41018,29201,(3,9223372036854775807))
Edge(41107,350472,(3,9223372036854775807))
Edge(41821,161673,(3,9223372036854775807))
Edge(42178,249908,(3,9223372036854775807))
Edge(42223,490420,(3,9223372036854775807))
Edge(42281,387079,(1,9223372036854775807))
Edge(42883,468492,(3,9223372036854775807))
Edge(43114,336390,(3,9223372036854775807))
Edge(43243,232776,(3,9223372036854775807))
Edge(43610,192087,(3,9223372036854775807))
Edge(43678,387637,(3,9223372036854775807))
Edge(44184,340774,(3,9223372036854775807))
Edge(44599,354453,(3,9223372036854775807))
Edge(45002,362524,(3,9223372036854775807))
Edge(45339,5348,(3,9223372036854775807))
Edge(45671,84665,(3,9223372036854775807))
Edge(46043,134111,(3,9223372036854775807))
Edge(46128,443697,(3,9223372036854775807))
Edge(46143,293145,(3,9223372036854775807))
Edge(46172,308565,(3,9223372036854775807))
Edge(46284,386680,(3,9223372036854775807))
Edge(46662,82141,(3,9223372036854775807))
Edge(46829,488206,(3,9223372036854775807))
Edge(47709,93069,(3,9223372036854775807))
Edge(47825,419379,(3,9223372036854775807))
Edge(47895,299220,(3,9223372036854775807))
Edge(48078,231365,(3,9223372036854775807))
Edge(48095,70713,(3,9223372036854775807))
Edge(48302,24849,(3,9223372036854775807))
Edge(48643,330076,(1,3))
Edge(48995,443577,(1,9223372036854775807))
Edge(49252,2527,(3,9223372036854775807))
Edge(49290,471180,(3,9223372036854775807))
Edge(49332,1870,(3,9223372036854775807))
Edge(49715,302542,(1,9223372036854775807))
Edge(50038,408339,(1,3))
Edge(50065,370192,(1,9223372036854775807))
Edge(50769,24187,(1,9223372036854775807))
Edge(50865,325022,(3,9223372036854775807))
Edge(50953,53034,(3,9223372036854775807))
Edge(51007,222482,(3,9223372036854775807))
Edge(51318,199025,(3,9223372036854775807))
Edge(51366,70805,(3,9223372036854775807))
Edge(51925,317839,(1,3))
Edge(52380,157673,(3,9223372036854775807))
Edge(52900,200573,(1,9223372036854775807))
Edge(53259,104497,(3,9223372036854775807))
Edge(53294,299594,(3,9223372036854775807))
Edge(53460,244536,(3,9223372036854775807))
Edge(53676,128947,(1,9223372036854775807))
Edge(54056,25887,(3,9223372036854775807))
Edge(54181,471547,(3,9223372036854775807))
Edge(54266,178520,(1,9223372036854775807))
Edge(54369,206908,(3,9223372036854775807))
Edge(54829,112623,(3,9223372036854775807))
Edge(55024,216248,(3,9223372036854775807))
Edge(56659,446602,(3,9223372036854775807))
Edge(56791,302321,(3,9223372036854775807))
Edge(56881,352860,(3,9223372036854775807))
Edge(57820,328740,(3,9223372036854775807))
Edge(58161,477214,(3,9223372036854775807))
Edge(58186,426587,(3,9223372036854775807))
Edge(58207,342627,(1,9223372036854775807))
Edge(58277,397188,(3,9223372036854775807))
Edge(58339,354980,(3,9223372036854775807))
Edge(58620,332771,(3,9223372036854775807))
Edge(59031,403920,(3,9223372036854775807))
Edge(59093,487335,(1,9223372036854775807))
Edge(59864,374727,(3,9223372036854775807))
Edge(60277,355864,(3,9223372036854775807))
Edge(60455,270277,(3,9223372036854775807))
Edge(60557,28902,(3,9223372036854775807))
Edge(60559,224025,(3,9223372036854775807))
Edge(60803,125899,(3,9223372036854775807))
Edge(60864,170146,(1,9223372036854775807))
Edge(61376,335846,(3,9223372036854775807))
Edge(61394,202452,(3,9223372036854775807))
Edge(61394,217708,(3,9223372036854775807))
Edge(61440,106093,(1,9223372036854775807))
Edge(62362,160802,(3,9223372036854775807))
Edge(62640,170508,(1,9223372036854775807))
Edge(63184,65965,(3,9223372036854775807))
Edge(63324,383884,(1,9223372036854775807))
Edge(63590,54396,(1,3))
Edge(63832,326981,(3,9223372036854775807))
Edge(63845,141457,(3,9223372036854775807))
Edge(64094,19865,(3,9223372036854775807))
Edge(64269,343611,(3,9223372036854775807))
Edge(64664,140731,(3,9223372036854775807))
Edge(64793,326826,(3,9223372036854775807))
Edge(64819,252922,(1,3))
Edge(65336,455594,(3,9223372036854775807))
Edge(65428,54757,(1,3))
Edge(65617,205518,(3,9223372036854775807))
Edge(65763,297200,(3,9223372036854775807))
Edge(66242,307682,(3,9223372036854775807))
Edge(66638,11119,(3,9223372036854775807))
Edge(66887,230314,(1,9223372036854775807))
Edge(66924,472514,(3,9223372036854775807))
Edge(67047,324821,(1,9223372036854775807))
Edge(67370,253435,(1,9223372036854775807))
Edge(67587,448931,(3,9223372036854775807))
Edge(68138,252914,(3,9223372036854775807))
Edge(68463,343947,(3,9223372036854775807))
Edge(68520,406530,(3,9223372036854775807))
Edge(68538,302060,(1,3))
Edge(68644,485505,(3,9223372036854775807))
Edge(70263,383521,(3,9223372036854775807))
Edge(70733,372210,(3,9223372036854775807))
Edge(70907,100596,(3,9223372036854775807))
Edge(71276,434940,(1,9223372036854775807))
Edge(71710,187884,(3,9223372036854775807))
Edge(71878,171283,(3,9223372036854775807))
Edge(73615,199233,(3,9223372036854775807))
Edge(74691,127659,(3,9223372036854775807))
Edge(75307,42980,(1,9223372036854775807))
Edge(75341,230251,(3,9223372036854775807))
Edge(75442,457997,(3,9223372036854775807))
Edge(75471,109117,(3,9223372036854775807))
Edge(75495,369116,(3,9223372036854775807))
Edge(75925,285225,(3,9223372036854775807))
Edge(76307,234543,(3,9223372036854775807))
Edge(76380,379668,(1,9223372036854775807))
Edge(76396,41386,(1,3))
Edge(76676,469145,(3,9223372036854775807))
Edge(76927,405998,(3,9223372036854775807))
Edge(77242,210348,(3,9223372036854775807))
Edge(77319,359932,(4,9223372036854775807))
Edge(77358,347558,(3,9223372036854775807))
Edge(77417,130606,(3,9223372036854775807))
Edge(77618,362647,(1,9223372036854775807))
Edge(77740,49743,(3,9223372036854775807))
Edge(78317,353374,(1,9223372036854775807))
Edge(78554,463853,(3,9223372036854775807))
Edge(79090,45293,(1,9223372036854775807))
Edge(80341,451098,(1,3))
Edge(80379,96809,(3,9223372036854775807))
Edge(80604,18556,(3,9223372036854775807))
Edge(80690,103570,(1,3))
Edge(80763,406174,(3,9223372036854775807))
Edge(81139,472294,(3,9223372036854775807))
Edge(81189,383382,(3,9223372036854775807))
Edge(81255,62050,(3,9223372036854775807))
Edge(81468,217688,(1,3))
Edge(81587,256477,(3,9223372036854775807))
Edge(81981,365957,(3,9223372036854775807))
Edge(82024,348343,(3,9223372036854775807))
Edge(82186,178973,(3,9223372036854775807))
Edge(82227,97979,(3,9223372036854775807))
Edge(82268,183088,(3,9223372036854775807))
Edge(82345,478817,(3,9223372036854775807))
Edge(82420,314000,(3,9223372036854775807))
Edge(82537,307535,(1,9223372036854775807))
Edge(82620,52521,(3,9223372036854775807))
Edge(82640,124937,(3,9223372036854775807))
Edge(82923,305459,(3,9223372036854775807))
Edge(83018,51102,(3,9223372036854775807))
Edge(83113,247047,(3,9223372036854775807))
Edge(83676,252762,(3,9223372036854775807))
Edge(83988,285480,(3,9223372036854775807))
Edge(84181,135841,(3,9223372036854775807))
Edge(84186,422089,(3,9223372036854775807))
Edge(84190,39764,(3,9223372036854775807))
Edge(84336,302224,(3,9223372036854775807))
Edge(84402,341383,(1,9223372036854775807))
Edge(84657,235674,(3,9223372036854775807))
Edge(84713,404933,(3,9223372036854775807))
Edge(85234,442918,(1,9223372036854775807))
Edge(85338,458843,(3,9223372036854775807))
Edge(85379,344883,(3,9223372036854775807))
Edge(85443,12311,(3,9223372036854775807))
Edge(85584,246375,(3,9223372036854775807))
Edge(85916,58851,(3,9223372036854775807))
Edge(86423,468161,(3,9223372036854775807))
Edge(86494,234900,(3,9223372036854775807))
Edge(86602,198518,(3,9223372036854775807))
Edge(86823,464407,(3,9223372036854775807))
Edge(87382,415647,(3,9223372036854775807))
Edge(87990,262143,(3,9223372036854775807))
Edge(88282,293537,(3,9223372036854775807))
Edge(88774,468193,(3,9223372036854775807))
Edge(88906,13423,(1,3))
Edge(89103,108905,(3,9223372036854775807))
Edge(89588,140549,(3,9223372036854775807))
Edge(90130,412790,(3,9223372036854775807))
Edge(90154,122432,(3,9223372036854775807))
Edge(90624,464732,(1,3))
Edge(90703,155226,(3,9223372036854775807))
Edge(90799,101921,(1,9223372036854775807))
Edge(90892,385580,(3,9223372036854775807))
Edge(91045,308408,(3,9223372036854775807))
Edge(91122,290371,(3,9223372036854775807))
Edge(91161,246828,(1,9223372036854775807))
Edge(91188,331033,(3,9223372036854775807))
Edge(91240,320913,(1,3))
Edge(91356,404430,(3,9223372036854775807))
Edge(91944,281653,(1,3))
Edge(92499,378580,(3,9223372036854775807))
Edge(92765,296915,(3,9223372036854775807))
Edge(92847,16813,(3,9223372036854775807))
Edge(93236,283106,(3,9223372036854775807))
Edge(93526,301172,(3,9223372036854775807))
Edge(94200,303791,(1,9223372036854775807))
Edge(94843,438939,(1,3))
Edge(95052,241294,(3,9223372036854775807))
Edge(95206,260178,(1,9223372036854775807))
Edge(95308,130674,(1,3))
Edge(95411,292235,(3,9223372036854775807))
Edge(96590,167371,(3,9223372036854775807))
Edge(96653,447250,(1,3))
Edge(96818,430679,(3,9223372036854775807))
Edge(96894,136511,(3,9223372036854775807))
Edge(97764,310927,(1,3))
Edge(97773,320879,(3,9223372036854775807))
Edge(97948,311969,(3,9223372036854775807))
Edge(98269,190701,(3,9223372036854775807))
Edge(98924,433939,(3,9223372036854775807))
Edge(99139,192865,(3,9223372036854775807))
Edge(99168,38934,(1,9223372036854775807))
Edge(99230,12797,(1,9223372036854775807))
Edge(99368,4496,(3,9223372036854775807))
Edge(99477,413002,(1,3))
Edge(99490,327142,(3,9223372036854775807))
Edge(99589,483579,(3,9223372036854775807))
Edge(99817,354678,(3,9223372036854775807))
Edge(99934,113996,(3,9223372036854775807))
Edge(99944,295538,(3,9223372036854775807))
Edge(100363,485164,(3,9223372036854775807))
Edge(100612,41696,(3,9223372036854775807))
Edge(100877,293505,(3,9223372036854775807))
Edge(101127,279537,(3,9223372036854775807))
Edge(101290,20892,(1,9223372036854775807))
Edge(101763,438755,(1,9223372036854775807))
Edge(102016,156876,(1,3))
Edge(102467,394216,(3,9223372036854775807))
Edge(102787,102581,(3,9223372036854775807))
Edge(102895,278643,(3,9223372036854775807))
Edge(102917,217576,(3,9223372036854775807))
Edge(103135,387585,(3,9223372036854775807))
Edge(103312,415978,(3,9223372036854775807))
Edge(103354,272579,(3,9223372036854775807))
Edge(103359,183646,(1,9223372036854775807))
Edge(103373,453772,(1,9223372036854775807))
Edge(103379,5696,(1,3))
Edge(103531,61507,(3,9223372036854775807))
Edge(104126,290848,(3,9223372036854775807))
Edge(104167,375971,(1,3))
Edge(104463,456747,(3,9223372036854775807))
Edge(104599,432709,(3,9223372036854775807))
Edge(105105,47590,(3,9223372036854775807))
Edge(105978,119081,(3,9223372036854775807))
Edge(106323,484420,(3,9223372036854775807))
Edge(106343,21005,(3,9223372036854775807))
Edge(106682,349319,(3,9223372036854775807))
Edge(106692,309580,(1,9223372036854775807))
Edge(106724,49026,(3,9223372036854775807))
Edge(106996,152342,(1,9223372036854775807))
Edge(107010,26762,(1,9223372036854775807))
Edge(107203,315747,(3,9223372036854775807))
Edge(107395,183432,(3,9223372036854775807))
Edge(107447,372840,(3,9223372036854775807))
Edge(107603,7379,(3,9223372036854775807))
Edge(108099,353500,(3,9223372036854775807))
Edge(108620,334313,(3,9223372036854775807))
Edge(109000,404483,(1,9223372036854775807))
Edge(109141,329761,(3,9223372036854775807))
Edge(109161,468593,(1,9223372036854775807))
Edge(109369,409786,(1,3))
Edge(109605,403420,(3,9223372036854775807))
Edge(109653,172145,(1,3))
Edge(109885,407769,(3,9223372036854775807))
Edge(110232,310200,(1,3))
Edge(110626,198775,(3,9223372036854775807))
Edge(110628,410158,(3,9223372036854775807))
Edge(111398,394195,(3,9223372036854775807))
Edge(111873,483864,(1,9223372036854775807))
Edge(112183,498864,(3,9223372036854775807))
Edge(112566,257460,(3,9223372036854775807))
Edge(112583,460068,(3,9223372036854775807))
Edge(113173,221277,(3,9223372036854775807))
Edge(113585,323292,(3,9223372036854775807))
Edge(113882,285070,(3,9223372036854775807))
Edge(114090,320432,(3,9223372036854775807))
Edge(114298,154722,(1,3))
Edge(114723,203419,(3,9223372036854775807))
Edge(114981,79453,(3,9223372036854775807))
Edge(114992,432372,(3,9223372036854775807))
Edge(115899,403190,(3,9223372036854775807))
Edge(115919,76818,(3,9223372036854775807))
Edge(117280,69422,(3,9223372036854775807))
Edge(117314,467631,(3,9223372036854775807))
Edge(117958,53841,(3,9223372036854775807))
Edge(118078,96691,(3,9223372036854775807))
Edge(118620,270948,(3,9223372036854775807))
Edge(118917,295616,(3,9223372036854775807))
Edge(119020,262250,(3,9223372036854775807))
Edge(119486,375038,(3,9223372036854775807))
Edge(119928,365397,(3,9223372036854775807))
Edge(120080,104423,(3,9223372036854775807))
Edge(120206,128291,(3,9223372036854775807))
Edge(120897,306753,(3,9223372036854775807))
Edge(121126,215266,(3,9223372036854775807))
Edge(121683,316559,(3,9223372036854775807))
Edge(121744,463825,(3,9223372036854775807))
Edge(121785,422138,(3,9223372036854775807))
Edge(121872,124326,(3,9223372036854775807))
Edge(121916,310001,(3,9223372036854775807))
Edge(122046,437391,(1,9223372036854775807))
Edge(122751,434525,(3,9223372036854775807))
Edge(122868,257743,(3,9223372036854775807))
Edge(123060,247438,(3,9223372036854775807))
Edge(123252,63008,(3,9223372036854775807))
Edge(123444,289372,(3,9223372036854775807))
Edge(123982,465431,(3,9223372036854775807))
Edge(124041,493962,(3,9223372036854775807))
Edge(124243,390098,(3,9223372036854775807))
Edge(124264,303267,(1,3))
Edge(124607,120295,(3,9223372036854775807))
Edge(124989,381115,(3,9223372036854775807))
Edge(125231,682,(3,9223372036854775807))
Edge(125295,171478,(1,3))
Edge(125430,313187,(3,9223372036854775807))
Edge(125549,432614,(1,9223372036854775807))
Edge(125671,223953,(3,9223372036854775807))
Edge(126085,15048,(3,9223372036854775807))
Edge(126296,123056,(3,9223372036854775807))
Edge(126435,365599,(3,9223372036854775807))
Edge(127007,158706,(3,9223372036854775807))
Edge(127847,334215,(3,9223372036854775807))
Edge(127851,178478,(3,9223372036854775807))
Edge(127927,129907,(3,9223372036854775807))
Edge(128030,51551,(3,9223372036854775807))
Edge(128106,206139,(3,9223372036854775807))
Edge(128204,65878,(3,9223372036854775807))
Edge(128451,16018,(3,9223372036854775807))
Edge(128835,301128,(1,9223372036854775807))
Edge(130005,308597,(3,9223372036854775807))
Edge(130519,70842,(3,9223372036854775807))
Edge(130630,104582,(3,9223372036854775807))
Edge(131020,65958,(3,9223372036854775807))
Edge(131049,120907,(3,9223372036854775807))
Edge(131302,474515,(3,9223372036854775807))
Edge(131435,147330,(1,9223372036854775807))
Edge(131490,57533,(3,9223372036854775807))
Edge(132014,499434,(3,9223372036854775807))
Edge(132044,6401,(1,9223372036854775807))
Edge(132839,147798,(3,9223372036854775807))
Edge(133006,324150,(3,9223372036854775807))
Edge(133206,148762,(3,9223372036854775807))
Edge(133445,96581,(3,9223372036854775807))
Edge(134650,297870,(1,9223372036854775807))
Edge(134972,271343,(3,9223372036854775807))
Edge(134992,231637,(3,9223372036854775807))
Edge(135352,108775,(3,9223372036854775807))
Edge(135483,281651,(3,9223372036854775807))
Edge(135711,384161,(3,9223372036854775807))
Edge(136817,307340,(3,9223372036854775807))
Edge(136875,101827,(3,9223372036854775807))
Edge(137259,382780,(3,9223372036854775807))
Edge(137339,19335,(3,9223372036854775807))
Edge(137611,425231,(3,9223372036854775807))
Edge(138210,97293,(3,9223372036854775807))
Edge(138417,439833,(3,9223372036854775807))
Edge(138881,348717,(3,9223372036854775807))
Edge(139851,432540,(3,9223372036854775807))
Edge(139878,385075,(3,9223372036854775807))
Edge(139985,172769,(3,9223372036854775807))
Edge(140040,251162,(1,9223372036854775807))
Edge(140154,51379,(3,9223372036854775807))
Edge(140859,447436,(1,9223372036854775807))
Edge(140907,77423,(3,9223372036854775807))
Edge(140969,185968,(3,9223372036854775807))
Edge(141055,445795,(3,9223372036854775807))
Edge(141127,478511,(1,3))
Edge(141324,421725,(3,9223372036854775807))
Edge(141460,249422,(3,9223372036854775807))
Edge(141635,385071,(3,9223372036854775807))
Edge(141671,240313,(3,9223372036854775807))
Edge(141870,411685,(3,9223372036854775807))
Edge(142173,36578,(3,9223372036854775807))
Edge(142702,452853,(1,9223372036854775807))
Edge(143406,168212,(1,9223372036854775807))
Edge(143903,395493,(3,9223372036854775807))
Edge(144202,120205,(3,9223372036854775807))
Edge(145052,189872,(3,9223372036854775807))
Edge(145281,438780,(3,9223372036854775807))
Edge(146215,112071,(3,9223372036854775807))
Edge(146225,253837,(3,9223372036854775807))
Edge(146993,339794,(3,9223372036854775807))
Edge(147234,48620,(3,9223372036854775807))
Edge(147329,286784,(3,9223372036854775807))
Edge(147391,145764,(3,9223372036854775807))
Edge(147445,187478,(3,9223372036854775807))
Edge(147493,399530,(3,9223372036854775807))
Edge(148053,314399,(3,9223372036854775807))
Edge(148177,469737,(3,9223372036854775807))
Edge(148395,281045,(3,9223372036854775807))
Edge(148426,54398,(3,9223372036854775807))
Edge(149281,485141,(3,9223372036854775807))
Edge(149796,573,(3,9223372036854775807))
Edge(149846,130251,(3,9223372036854775807))
Edge(149976,294639,(3,9223372036854775807))
Edge(150148,331851,(3,9223372036854775807))
Edge(150160,305880,(3,9223372036854775807))
Edge(150460,493537,(3,9223372036854775807))
Edge(150480,122531,(3,9223372036854775807))
Edge(150758,317199,(1,9223372036854775807))
Edge(151114,293164,(3,9223372036854775807))
Edge(151297,281106,(3,9223372036854775807))
Edge(151653,261743,(3,9223372036854775807))
Edge(152121,287613,(3,9223372036854775807))
Edge(152441,286915,(3,9223372036854775807))
Edge(152527,281847,(3,9223372036854775807))
Edge(152790,78459,(3,9223372036854775807))
Edge(152840,289544,(3,9223372036854775807))
Edge(153810,152461,(3,9223372036854775807))
Edge(153849,45746,(3,9223372036854775807))
Edge(154352,51405,(3,9223372036854775807))
Edge(154772,224712,(3,9223372036854775807))
Edge(154932,494391,(3,9223372036854775807))
Edge(154964,218322,(3,9223372036854775807))
Edge(155456,373089,(3,9223372036854775807))
Edge(155739,202601,(1,9223372036854775807))
Edge(155833,398980,(3,9223372036854775807))
Edge(155919,324753,(3,9223372036854775807))
Edge(155994,159412,(3,9223372036854775807))
Edge(156234,329441,(3,9223372036854775807))
Edge(156328,455573,(3,9223372036854775807))
Edge(156351,316685,(3,9223372036854775807))
Edge(156470,398943,(3,9223372036854775807))
Edge(156645,320623,(3,9223372036854775807))
Edge(156916,50157,(3,9223372036854775807))
Edge(157204,113842,(3,9223372036854775807))
Edge(157425,57773,(3,9223372036854775807))
Edge(157785,350003,(3,9223372036854775807))
Edge(158323,118735,(3,9223372036854775807))
Edge(158386,246576,(3,9223372036854775807))
Edge(158910,218702,(3,9223372036854775807))
Edge(159160,159989,(3,9223372036854775807))
Edge(159320,448381,(3,9223372036854775807))
Edge(159476,494484,(3,9223372036854775807))
Edge(159763,309259,(3,9223372036854775807))
Edge(159956,450661,(1,3))
Edge(160013,51101,(3,9223372036854775807))
Edge(160866,452538,(3,9223372036854775807))
Edge(161098,350650,(1,3))
Edge(161163,427383,(3,9223372036854775807))
Edge(161285,1255,(3,9223372036854775807))
Edge(161380,165126,(3,9223372036854775807))
Edge(161398,289581,(3,9223372036854775807))
Edge(161489,104786,(3,9223372036854775807))
Edge(161683,403600,(3,9223372036854775807))
Edge(161770,220226,(3,9223372036854775807))
Edge(162208,442843,(3,9223372036854775807))
Edge(162307,302466,(1,9223372036854775807))
Edge(162748,315639,(1,9223372036854775807))
Edge(162897,489279,(3,9223372036854775807))
Edge(162978,183782,(3,9223372036854775807))
Edge(163104,110401,(3,9223372036854775807))
Edge(163336,440050,(1,9223372036854775807))
Edge(163377,309729,(3,9223372036854775807))
Edge(163557,429911,(1,9223372036854775807))
Edge(163644,338628,(3,9223372036854775807))
Edge(163719,164806,(3,9223372036854775807))
Edge(164503,387779,(3,9223372036854775807))
Edge(166034,100191,(1,9223372036854775807))
Edge(166186,162692,(3,9223372036854775807))
Edge(166451,208461,(1,9223372036854775807))
Edge(166719,407632,(3,9223372036854775807))
Edge(166970,371331,(1,9223372036854775807))
Edge(167590,366845,(1,3))
Edge(167896,1067,(3,9223372036854775807))
Edge(168112,57136,(3,9223372036854775807))
Edge(168563,75882,(3,9223372036854775807))
Edge(168663,441489,(3,9223372036854775807))
Edge(168701,280161,(3,9223372036854775807))
Edge(168754,142974,(3,9223372036854775807))
Edge(168817,448079,(3,9223372036854775807))
Edge(168835,292624,(1,9223372036854775807))
Edge(168973,237923,(3,9223372036854775807))
Edge(169184,326543,(3,9223372036854775807))
Edge(169197,66070,(3,9223372036854775807))
Edge(169374,174313,(3,9223372036854775807))
Edge(169844,302601,(1,9223372036854775807))
Edge(170843,241409,(3,9223372036854775807))
Edge(171096,89082,(1,9223372036854775807))
Edge(171510,115565,(3,9223372036854775807))
Edge(171688,57815,(3,9223372036854775807))
Edge(171802,387291,(3,9223372036854775807))
Edge(171846,314021,(3,9223372036854775807))
Edge(171848,188304,(1,9223372036854775807))
Edge(172861,441101,(3,9223372036854775807))
Edge(172870,411735,(1,9223372036854775807))
Edge(173657,370284,(3,9223372036854775807))
Edge(173669,483333,(3,9223372036854775807))
Edge(173687,318978,(3,9223372036854775807))
Edge(173979,143965,(3,9223372036854775807))
Edge(173990,97856,(1,9223372036854775807))
Edge(174086,337633,(1,9223372036854775807))
Edge(174737,236322,(1,9223372036854775807))
Edge(174875,370225,(3,9223372036854775807))
Edge(174918,89894,(3,9223372036854775807))
Edge(174929,491024,(3,9223372036854775807))
Edge(175609,101186,(1,9223372036854775807))
Edge(175812,139694,(3,9223372036854775807))
Edge(175856,96747,(3,9223372036854775807))
Edge(176423,405626,(1,3))
Edge(177522,497792,(3,9223372036854775807))
Edge(177813,286529,(3,9223372036854775807))
Edge(178148,285197,(3,9223372036854775807))
Edge(178394,441680,(3,9223372036854775807))
Edge(178738,467480,(3,9223372036854775807))
Edge(179009,432108,(3,9223372036854775807))
Edge(179218,215965,(3,9223372036854775807))
Edge(179307,123964,(3,9223372036854775807))
Edge(179705,407163,(3,9223372036854775807))
Edge(179712,20481,(3,9223372036854775807))
Edge(179851,41137,(1,9223372036854775807))
Edge(179915,491910,(3,9223372036854775807))
Edge(179985,262494,(3,9223372036854775807))
Edge(180090,193063,(3,9223372036854775807))
Edge(180106,267045,(3,9223372036854775807))
Edge(180149,169855,(3,9223372036854775807))
Edge(180558,269488,(3,9223372036854775807))
Edge(180959,20628,(3,9223372036854775807))
Edge(181341,463145,(1,3))
Edge(181561,307048,(1,9223372036854775807))
Edge(181775,179990,(3,9223372036854775807))
Edge(181923,236583,(3,9223372036854775807))
Edge(181927,336459,(1,9223372036854775807))
Edge(181958,118521,(3,9223372036854775807))
Edge(182118,465429,(1,9223372036854775807))
Edge(182199,353698,(3,9223372036854775807))
Edge(182395,47473,(3,9223372036854775807))
Edge(182780,465424,(3,9223372036854775807))
Edge(183052,84218,(3,9223372036854775807))
Edge(183235,216758,(3,9223372036854775807))
Edge(183272,217238,(3,9223372036854775807))
Edge(183610,361911,(3,9223372036854775807))
Edge(183746,166558,(3,9223372036854775807))
Edge(183895,489252,(3,9223372036854775807))
Edge(183944,184282,(3,9223372036854775807))
Edge(184007,34911,(3,9223372036854775807))
Edge(184730,436487,(1,9223372036854775807))
Edge(184782,268581,(1,3))
Edge(185091,170794,(3,9223372036854775807))
Edge(185617,238423,(1,3))
Edge(185862,303076,(3,9223372036854775807))
Edge(185940,437251,(3,9223372036854775807))
Edge(185982,353059,(1,9223372036854775807))
Edge(186578,127232,(1,3))
Edge(187601,473556,(3,9223372036854775807))
Edge(188341,56355,(3,9223372036854775807))
Edge(188588,263416,(3,9223372036854775807))
Edge(188693,194939,(3,9223372036854775807))
Edge(188839,487053,(3,9223372036854775807))
Edge(189174,404023,(3,9223372036854775807))
Edge(189620,372670,(3,9223372036854775807))
Edge(190832,116217,(3,9223372036854775807))
Edge(190846,44370,(3,9223372036854775807))
Edge(190900,52495,(1,9223372036854775807))
Edge(191045,409316,(1,9223372036854775807))
Edge(191059,403948,(3,9223372036854775807))
Edge(191088,101179,(3,9223372036854775807))
Edge(191099,256609,(3,9223372036854775807))
Edge(191369,281201,(1,9223372036854775807))
Edge(191416,139010,(3,9223372036854775807))
Edge(191658,46659,(1,9223372036854775807))
Edge(191987,370515,(3,9223372036854775807))
Edge(192283,228449,(3,9223372036854775807))
Edge(192325,212397,(3,9223372036854775807))
Edge(192517,188923,(3,9223372036854775807))
Edge(192732,317809,(3,9223372036854775807))
Edge(193022,453691,(3,9223372036854775807))
Edge(193145,462058,(3,9223372036854775807))
Edge(193713,238302,(1,3))
Edge(193855,358100,(3,9223372036854775807))
Edge(194205,446322,(3,9223372036854775807))
Edge(194721,208225,(3,9223372036854775807))
Edge(195071,243632,(3,9223372036854775807))
Edge(195193,46543,(3,9223372036854775807))
Edge(195299,187602,(3,9223372036854775807))
Edge(195604,256070,(1,9223372036854775807))
Edge(195719,195417,(3,9223372036854775807))
Edge(197839,153373,(3,9223372036854775807))
Edge(198326,366510,(1,3))
Edge(198834,335319,(3,9223372036854775807))
Edge(199395,274084,(1,3))
Edge(199452,449514,(3,9223372036854775807))
Edge(199620,212479,(3,9223372036854775807))
Edge(199860,379494,(3,9223372036854775807))
Edge(200302,417350,(3,9223372036854775807))
Edge(200384,300690,(3,9223372036854775807))
Edge(200519,191593,(4,9223372036854775807))
Edge(201122,132535,(3,9223372036854775807))
Edge(201313,12491,(3,9223372036854775807))
Edge(202154,419686,(3,9223372036854775807))
Edge(202203,270584,(3,9223372036854775807))
Edge(202406,295466,(3,9223372036854775807))
Edge(203083,136461,(3,9223372036854775807))
Edge(203338,470377,(1,9223372036854775807))
Edge(204028,349895,(3,9223372036854775807))
Edge(204609,247057,(3,9223372036854775807))
Edge(204790,148698,(3,9223372036854775807))
Edge(204904,425225,(3,9223372036854775807))
Edge(205424,479742,(3,9223372036854775807))
Edge(205560,273236,(3,9223372036854775807))
Edge(205571,71476,(1,3))
Edge(205714,85272,(3,9223372036854775807))
Edge(206118,288023,(1,9223372036854775807))
Edge(206215,188206,(3,9223372036854775807))
Edge(206216,215395,(1,9223372036854775807))
Edge(206276,148083,(3,9223372036854775807))
Edge(206559,438654,(3,9223372036854775807))
Edge(207000,136809,(1,3))
Edge(207013,154637,(3,9223372036854775807))
Edge(207045,196263,(3,9223372036854775807))
Edge(207176,94480,(3,9223372036854775807))
Edge(207352,297427,(3,9223372036854775807))
Edge(207545,135487,(3,9223372036854775807))
Edge(207549,16198,(3,9223372036854775807))
Edge(207581,95950,(3,9223372036854775807))
Edge(208385,23556,(3,9223372036854775807))
Edge(208566,429236,(3,9223372036854775807))
Edge(209016,30364,(3,9223372036854775807))
Edge(209030,241489,(3,9223372036854775807))
Edge(209130,340569,(3,9223372036854775807))
Edge(209146,346353,(3,9223372036854775807))
Edge(209374,35093,(3,9223372036854775807))
Edge(209637,275557,(3,9223372036854775807))
Edge(209839,375681,(1,9223372036854775807))
Edge(210821,252753,(3,9223372036854775807))
Edge(210913,286211,(3,9223372036854775807))
Edge(210938,18630,(3,9223372036854775807))
Edge(211208,378201,(3,9223372036854775807))
Edge(211451,313440,(3,9223372036854775807))
Edge(212002,365681,(3,9223372036854775807))
Edge(212173,353082,(3,9223372036854775807))
Edge(212455,476053,(3,9223372036854775807))
Edge(212577,265092,(3,9223372036854775807))
Edge(212645,85608,(3,9223372036854775807))
Edge(212789,426526,(3,9223372036854775807))
Edge(213456,71726,(3,9223372036854775807))
Edge(213623,269628,(3,9223372036854775807))
Edge(213718,283990,(3,9223372036854775807))
Edge(213852,355784,(1,9223372036854775807))
Edge(213910,240424,(3,9223372036854775807))
Edge(213998,143158,(3,9223372036854775807))
Edge(214047,15943,(3,9223372036854775807))
Edge(214498,198603,(3,9223372036854775807))
Edge(215825,313452,(3,9223372036854775807))
Edge(216029,331374,(3,9223372036854775807))
Edge(216363,403037,(3,9223372036854775807))
Edge(217490,336382,(3,9223372036854775807))
Edge(217495,313253,(3,9223372036854775807))
Edge(217912,161691,(3,9223372036854775807))
Edge(217957,131723,(3,9223372036854775807))
Edge(218020,347043,(3,9223372036854775807))
Edge(218434,406854,(1,9223372036854775807))
Edge(218498,174971,(3,9223372036854775807))
Edge(218694,239281,(3,9223372036854775807))
Edge(219178,364415,(1,9223372036854775807))
Edge(219606,401162,(3,9223372036854775807))
Edge(219941,48127,(3,9223372036854775807))
Edge(220181,84900,(3,9223372036854775807))
Edge(220312,281620,(1,9223372036854775807))
Edge(220356,33893,(3,9223372036854775807))
Edge(220610,441886,(3,9223372036854775807))
Edge(220944,445303,(3,9223372036854775807))
Edge(221069,474209,(3,9223372036854775807))
Edge(221164,124435,(3,9223372036854775807))
Edge(221223,181526,(3,9223372036854775807))
Edge(221350,132872,(3,9223372036854775807))
Edge(221594,215796,(3,9223372036854775807))
Edge(221654,236629,(3,9223372036854775807))
Edge(221681,3207,(3,9223372036854775807))
Edge(221792,42809,(3,9223372036854775807))
Edge(221825,19190,(1,9223372036854775807))
Edge(221855,320171,(3,9223372036854775807))
Edge(222181,292214,(3,9223372036854775807))
Edge(222997,209824,(3,9223372036854775807))
Edge(223233,118573,(1,9223372036854775807))
Edge(223379,295663,(3,9223372036854775807))
Edge(223618,310694,(3,9223372036854775807))
Edge(223718,3257,(3,9223372036854775807))
Edge(224561,259302,(3,9223372036854775807))
Edge(224569,174435,(3,9223372036854775807))
Edge(224760,419015,(3,9223372036854775807))
Edge(225403,67162,(3,9223372036854775807))
Edge(225659,477650,(1,9223372036854775807))
Edge(225678,46635,(3,9223372036854775807))
Edge(225880,215080,(3,9223372036854775807))
Edge(226154,193997,(3,9223372036854775807))
Edge(226316,327043,(3,9223372036854775807))
Edge(227157,117378,(3,9223372036854775807))
Edge(227745,488266,(3,9223372036854775807))
Edge(228251,285546,(1,9223372036854775807))
Edge(228298,214244,(1,9223372036854775807))
Edge(228312,301615,(1,9223372036854775807))
Edge(228317,377621,(1,3))
Edge(228520,444998,(1,3))
Edge(228655,183306,(3,9223372036854775807))
Edge(228776,196490,(3,9223372036854775807))
Edge(229063,491142,(1,9223372036854775807))
Edge(229154,101670,(3,9223372036854775807))
Edge(229213,456586,(3,9223372036854775807))
Edge(229424,418551,(1,3))
Edge(229495,289937,(3,9223372036854775807))
Edge(229626,279736,(3,9223372036854775807))
Edge(230053,101207,(3,9223372036854775807))
Edge(230601,313493,(3,9223372036854775807))
Edge(231232,112918,(1,9223372036854775807))
Edge(232051,70396,(3,9223372036854775807))
Edge(232154,236478,(1,3))
Edge(232604,478487,(3,9223372036854775807))
Edge(233014,308627,(3,9223372036854775807))
Edge(233167,395051,(1,3))
Edge(233394,365341,(3,9223372036854775807))
Edge(233624,17188,(3,9223372036854775807))
Edge(233851,45347,(3,9223372036854775807))
Edge(233962,110521,(3,9223372036854775807))
Edge(233982,43315,(3,9223372036854775807))
Edge(234193,442003,(3,9223372036854775807))
Edge(234330,431617,(3,9223372036854775807))
Edge(234499,79825,(1,9223372036854775807))
Edge(234521,324581,(3,9223372036854775807))
Edge(235314,424198,(3,9223372036854775807))
Edge(235716,272207,(3,9223372036854775807))
Edge(235739,186161,(3,9223372036854775807))
Edge(235828,485250,(1,9223372036854775807))
Edge(235855,218668,(3,9223372036854775807))
Edge(236426,53172,(1,9223372036854775807))
Edge(236655,235509,(3,9223372036854775807))
Edge(237008,406156,(3,9223372036854775807))
Edge(237098,279701,(3,9223372036854775807))
Edge(237144,233942,(3,9223372036854775807))
Edge(237156,177251,(3,9223372036854775807))
Edge(237213,113706,(3,9223372036854775807))
Edge(237676,176429,(3,9223372036854775807))
Edge(237719,352989,(3,9223372036854775807))
Edge(237873,59791,(3,9223372036854775807))
Edge(238279,271936,(3,9223372036854775807))
Edge(238741,269467,(3,9223372036854775807))
Edge(238981,107140,(1,9223372036854775807))
Edge(239134,192793,(3,9223372036854775807))
Edge(239386,379810,(3,9223372036854775807))
Edge(239791,460411,(3,9223372036854775807))
Edge(240162,56379,(3,9223372036854775807))
Edge(240278,291656,(1,9223372036854775807))
Edge(240869,367238,(3,9223372036854775807))
Edge(240917,52546,(3,9223372036854775807))
Edge(241122,55529,(1,3))
Edge(241134,1271,(3,9223372036854775807))
Edge(241507,221541,(3,9223372036854775807))
Edge(241512,286830,(3,9223372036854775807))
Edge(242104,145155,(3,9223372036854775807))
Edge(242153,48104,(3,9223372036854775807))
Edge(242395,39915,(3,9223372036854775807))
Edge(242593,467724,(3,9223372036854775807))
Edge(242934,63173,(1,3))
Edge(243419,112490,(3,9223372036854775807))
Edge(244500,40255,(3,9223372036854775807))
Edge(244722,355693,(1,9223372036854775807))
Edge(244781,13927,(1,9223372036854775807))
Edge(245158,226119,(3,9223372036854775807))
Edge(245654,220202,(3,9223372036854775807))
Edge(245667,301341,(3,9223372036854775807))
Edge(246265,268365,(3,9223372036854775807))
Edge(246783,427403,(3,9223372036854775807))
Edge(246854,414226,(3,9223372036854775807))
Edge(247692,300890,(3,9223372036854775807))
Edge(247739,457836,(3,9223372036854775807))
Edge(247946,318298,(3,9223372036854775807))
Edge(248022,111348,(3,9223372036854775807))
Edge(248026,456195,(3,9223372036854775807))
Edge(248380,298783,(3,9223372036854775807))
Edge(249335,62239,(3,9223372036854775807))
Edge(249392,276073,(3,9223372036854775807))
Edge(249477,140747,(3,9223372036854775807))
Edge(249704,308220,(3,9223372036854775807))
Edge(249785,276083,(1,9223372036854775807))
Edge(249836,3774,(3,9223372036854775807))
Edge(250053,400688,(3,9223372036854775807))
Edge(250284,40042,(1,9223372036854775807))
Edge(250523,286322,(3,9223372036854775807))
Edge(250687,338738,(3,9223372036854775807))
Edge(250962,87492,(3,9223372036854775807))
Edge(250962,252551,(3,9223372036854775807))
Edge(251367,248989,(1,9223372036854775807))
Edge(251489,313837,(3,9223372036854775807))
Edge(251603,218240,(1,3))
Edge(251789,424672,(1,9223372036854775807))
Edge(253026,358149,(1,9223372036854775807))
Edge(253132,228989,(3,9223372036854775807))
Edge(253182,335698,(3,9223372036854775807))
Edge(253493,7656,(3,9223372036854775807))
Edge(253710,192827,(1,3))
Edge(254261,54549,(3,9223372036854775807))
Edge(254777,457474,(3,9223372036854775807))
Edge(255060,298417,(1,9223372036854775807))
Edge(255080,180221,(3,9223372036854775807))
Edge(255200,335526,(3,9223372036854775807))
Edge(255314,364271,(3,9223372036854775807))
Edge(255315,391713,(3,9223372036854775807))
Edge(255554,178535,(1,9223372036854775807))
Edge(255815,487676,(3,9223372036854775807))
Edge(256150,467669,(3,9223372036854775807))
Edge(256406,170925,(3,9223372036854775807))
Edge(256495,154463,(3,9223372036854775807))
Edge(257276,177971,(3,9223372036854775807))
Edge(257346,440501,(3,9223372036854775807))
Edge(257348,202425,(3,9223372036854775807))
Edge(257397,360104,(3,9223372036854775807))
Edge(257492,395497,(3,9223372036854775807))
Edge(258358,459412,(3,9223372036854775807))
Edge(258361,450407,(3,9223372036854775807))
Edge(258408,33567,(3,9223372036854775807))
Edge(258704,245874,(1,3))
Edge(258838,110252,(1,3))
Edge(259259,129965,(3,9223372036854775807))
Edge(259269,403092,(3,9223372036854775807))
Edge(259353,189612,(3,9223372036854775807))
Edge(259411,156837,(3,9223372036854775807))
Edge(260044,479021,(3,9223372036854775807))
Edge(260074,359781,(3,9223372036854775807))
Edge(260649,296965,(3,9223372036854775807))
Edge(260808,168961,(3,9223372036854775807))
Edge(260836,23104,(1,3))
Edge(260921,286767,(3,9223372036854775807))
Edge(261173,262020,(3,9223372036854775807))
Edge(261646,37062,(3,9223372036854775807))
Edge(261898,139847,(3,9223372036854775807))
Edge(261908,864,(3,9223372036854775807))
Edge(262002,195806,(3,9223372036854775807))
Edge(262284,53344,(3,9223372036854775807))
Edge(262340,79304,(1,9223372036854775807))
Edge(262417,81088,(1,9223372036854775807))
Edge(262417,307940,(1,9223372036854775807))
Edge(262488,92206,(3,9223372036854775807))
Edge(262767,426230,(3,9223372036854775807))
Edge(263079,123907,(3,9223372036854775807))
Edge(264106,332826,(3,9223372036854775807))
Edge(264304,307613,(1,9223372036854775807))
Edge(264663,248807,(3,9223372036854775807))
Edge(264859,152530,(3,9223372036854775807))
Edge(265506,126543,(3,9223372036854775807))
Edge(265600,292415,(3,9223372036854775807))
Edge(265664,183579,(3,9223372036854775807))
Edge(265926,315166,(3,9223372036854775807))
Edge(266444,397584,(3,9223372036854775807))
Edge(266674,311279,(1,9223372036854775807))
Edge(266764,166128,(1,9223372036854775807))
Edge(267087,211048,(3,9223372036854775807))
Edge(267471,383031,(3,9223372036854775807))
Edge(267545,151109,(3,9223372036854775807))
Edge(267916,172732,(3,9223372036854775807))
Edge(268083,283145,(3,9223372036854775807))
Edge(268146,147180,(3,9223372036854775807))
Edge(268445,314450,(3,9223372036854775807))
Edge(268783,245570,(3,9223372036854775807))
Edge(268867,114979,(1,3))
Edge(268868,83792,(3,9223372036854775807))
Edge(269174,34662,(3,9223372036854775807))
Edge(269281,266279,(3,9223372036854775807))
Edge(269428,163039,(3,9223372036854775807))
Edge(269482,487583,(3,9223372036854775807))
Edge(269501,96175,(3,9223372036854775807))
Edge(269876,465092,(3,9223372036854775807))
Edge(270037,268012,(3,9223372036854775807))
Edge(270485,81074,(3,9223372036854775807))
Edge(270495,100585,(1,9223372036854775807))
Edge(270518,224043,(1,9223372036854775807))
Edge(270562,485035,(3,9223372036854775807))
Edge(270916,14336,(3,9223372036854775807))
Edge(271295,407390,(3,9223372036854775807))
Edge(271616,458731,(1,3))
Edge(271681,137948,(3,9223372036854775807))
Edge(272363,180618,(3,9223372036854775807))
Edge(272419,183963,(1,9223372036854775807))
Edge(272464,128859,(1,3))
Edge(272806,203532,(3,9223372036854775807))
Edge(273123,406401,(3,9223372036854775807))
Edge(273687,360677,(3,9223372036854775807))
Edge(274629,204831,(3,9223372036854775807))
Edge(274642,239457,(3,9223372036854775807))
Edge(274801,254656,(1,9223372036854775807))
Edge(275478,208440,(3,9223372036854775807))
Edge(275543,73374,(3,9223372036854775807))
Edge(275909,335836,(3,9223372036854775807))
Edge(275920,320514,(3,9223372036854775807))
Edge(275935,327526,(3,9223372036854775807))
Edge(276279,380614,(3,9223372036854775807))
Edge(276656,415840,(1,3))
Edge(276931,269887,(1,9223372036854775807))
Edge(277086,264583,(3,9223372036854775807))
Edge(277178,138638,(1,3))
Edge(277305,199796,(3,9223372036854775807))
Edge(277372,263541,(3,9223372036854775807))
Edge(277426,178251,(3,9223372036854775807))
Edge(277764,431008,(3,9223372036854775807))
Edge(278027,391611,(1,9223372036854775807))
Edge(279076,487238,(3,9223372036854775807))
Edge(279342,168779,(3,9223372036854775807))
Edge(279397,71068,(3,9223372036854775807))
Edge(279571,66789,(3,9223372036854775807))
Edge(280060,327826,(3,9223372036854775807))
Edge(280397,412096,(3,9223372036854775807))
Edge(280538,48037,(3,9223372036854775807))
Edge(280611,249877,(1,3))
Edge(281570,302116,(3,9223372036854775807))
Edge(281948,192395,(3,9223372036854775807))
Edge(282355,26906,(3,9223372036854775807))
Edge(282392,61427,(3,9223372036854775807))
Edge(283199,138667,(3,9223372036854775807))
Edge(283335,309499,(3,9223372036854775807))
Edge(283360,246212,(1,9223372036854775807))
Edge(283411,1403,(3,9223372036854775807))
Edge(283498,386140,(3,9223372036854775807))
Edge(284161,275042,(3,9223372036854775807))
Edge(284273,393040,(3,9223372036854775807))
Edge(284552,33473,(3,9223372036854775807))
Edge(284652,318162,(3,9223372036854775807))
Edge(284668,412006,(3,9223372036854775807))
Edge(285056,213481,(3,9223372036854775807))
Edge(285185,251435,(3,9223372036854775807))
Edge(285559,273184,(3,9223372036854775807))
Edge(285820,294068,(3,9223372036854775807))
Edge(285849,281400,(3,9223372036854775807))
Edge(285945,329532,(1,3))
Edge(286194,179897,(3,9223372036854775807))
Edge(286213,339209,(3,9223372036854775807))
Edge(286226,105354,(1,3))
Edge(286297,369639,(3,9223372036854775807))
Edge(286384,358532,(1,3))
Edge(286840,56969,(3,9223372036854775807))
Edge(286952,3156,(1,9223372036854775807))
Edge(286959,17014,(1,9223372036854775807))
Edge(287264,449139,(3,9223372036854775807))
Edge(287892,474525,(3,9223372036854775807))
Edge(288343,138616,(3,9223372036854775807))
Edge(288440,28037,(3,9223372036854775807))
Edge(288840,227227,(1,9223372036854775807))
Edge(289074,367272,(3,9223372036854775807))
Edge(289292,219728,(3,9223372036854775807))
Edge(289301,473276,(3,9223372036854775807))
Edge(289646,468541,(3,9223372036854775807))
Edge(290079,146411,(3,9223372036854775807))
Edge(290139,62739,(3,9223372036854775807))
Edge(290317,153461,(1,9223372036854775807))
Edge(290901,43360,(1,9223372036854775807))
Edge(291241,107697,(1,9223372036854775807))
Edge(291246,131057,(3,9223372036854775807))
Edge(291795,119764,(3,9223372036854775807))
Edge(293047,148887,(3,9223372036854775807))
Edge(293584,308214,(1,3))
Edge(293662,400458,(3,9223372036854775807))
Edge(293722,374120,(3,9223372036854775807))
Edge(293723,6655,(3,9223372036854775807))
Edge(293958,213097,(3,9223372036854775807))
Edge(294422,294197,(3,9223372036854775807))
Edge(294675,213819,(3,9223372036854775807))
Edge(295157,218567,(3,9223372036854775807))
Edge(295408,404974,(3,9223372036854775807))
Edge(295693,219957,(1,9223372036854775807))
Edge(295742,455047,(3,9223372036854775807))
Edge(296024,292716,(3,9223372036854775807))
Edge(296068,66659,(3,9223372036854775807))
Edge(296298,78914,(3,9223372036854775807))
Edge(296377,337139,(1,3))
Edge(296628,269096,(3,9223372036854775807))
Edge(296762,372841,(1,9223372036854775807))
Edge(296935,257310,(3,9223372036854775807))
Edge(297160,182187,(4,9223372036854775807))
Edge(297317,381194,(3,9223372036854775807))
Edge(297353,383856,(1,9223372036854775807))
Edge(297875,444580,(3,9223372036854775807))
Edge(297876,31240,(3,9223372036854775807))
Edge(298014,438216,(3,9223372036854775807))
Edge(298066,120267,(3,9223372036854775807))
Edge(298798,18957,(3,9223372036854775807))
Edge(298976,317377,(1,9223372036854775807))
Edge(299741,423862,(3,9223372036854775807))
Edge(299828,101567,(3,9223372036854775807))
Edge(300120,178181,(1,9223372036854775807))
Edge(300391,132640,(3,9223372036854775807))
Edge(300588,402514,(3,9223372036854775807))
Edge(300677,162958,(3,9223372036854775807))
Edge(300684,365448,(1,9223372036854775807))
Edge(301045,359957,(1,9223372036854775807))
Edge(301052,423942,(1,9223372036854775807))
Edge(301356,22983,(1,9223372036854775807))
Edge(301391,46559,(3,9223372036854775807))
Edge(301447,206633,(3,9223372036854775807))
Edge(301729,363364,(3,9223372036854775807))
Edge(302433,310374,(3,9223372036854775807))
Edge(302853,475625,(3,9223372036854775807))
Edge(303134,410497,(3,9223372036854775807))
Edge(303623,338884,(3,9223372036854775807))
Edge(303680,417458,(1,9223372036854775807))
Edge(303898,311726,(3,9223372036854775807))
Edge(304073,46763,(3,9223372036854775807))
Edge(305011,176525,(3,9223372036854775807))
Edge(305069,236609,(3,9223372036854775807))
Edge(305232,146649,(1,3))
Edge(305328,488749,(3,9223372036854775807))
Edge(305362,349710,(3,9223372036854775807))
Edge(305495,148542,(3,9223372036854775807))
Edge(305607,312502,(1,9223372036854775807))
Edge(305667,458536,(3,9223372036854775807))
Edge(306399,413623,(3,9223372036854775807))
Edge(306565,118466,(3,9223372036854775807))
Edge(306842,466274,(1,3))
Edge(307035,387145,(3,9223372036854775807))
Edge(307455,113585,(3,9223372036854775807))
Edge(307481,379795,(3,9223372036854775807))
Edge(307530,203399,(3,9223372036854775807))
Edge(308037,465517,(1,9223372036854775807))
Edge(308068,491704,(3,9223372036854775807))
Edge(308190,349344,(3,9223372036854775807))
Edge(308494,88347,(1,3))
Edge(309145,323558,(3,9223372036854775807))
Edge(309186,417017,(3,9223372036854775807))
Edge(309490,441412,(3,9223372036854775807))
Edge(310423,333520,(3,9223372036854775807))
Edge(310801,222504,(3,9223372036854775807))
Edge(310871,359307,(3,9223372036854775807))
Edge(311118,307400,(3,9223372036854775807))
Edge(311159,63849,(3,9223372036854775807))
Edge(311305,437986,(3,9223372036854775807))
Edge(311473,53513,(3,9223372036854775807))
Edge(311558,315548,(3,9223372036854775807))
Edge(311660,450514,(1,3))
Edge(311721,270998,(3,9223372036854775807))
Edge(311792,330060,(3,9223372036854775807))
Edge(311802,205435,(3,9223372036854775807))
Edge(312681,269430,(3,9223372036854775807))
Edge(312902,403897,(1,9223372036854775807))
Edge(313205,128269,(3,9223372036854775807))
Edge(313271,118812,(3,9223372036854775807))
Edge(313403,26156,(3,9223372036854775807))
Edge(313744,225297,(3,9223372036854775807))
Edge(313754,302383,(3,9223372036854775807))
Edge(313865,462837,(1,3))
Edge(314327,78035,(3,9223372036854775807))
Edge(314593,181695,(3,9223372036854775807))
Edge(314746,495121,(3,9223372036854775807))
Edge(314851,270849,(3,9223372036854775807))
Edge(314877,199789,(3,9223372036854775807))
Edge(315082,397888,(3,9223372036854775807))
Edge(315092,144753,(3,9223372036854775807))
Edge(315426,291414,(3,9223372036854775807))
Edge(315648,431642,(3,9223372036854775807))
Edge(315707,199695,(3,9223372036854775807))
Edge(316492,273989,(3,9223372036854775807))
Edge(316614,119340,(3,9223372036854775807))
Edge(316725,387623,(3,9223372036854775807))
Edge(316744,317130,(3,9223372036854775807))
Edge(318051,321705,(3,9223372036854775807))
Edge(318652,413584,(1,9223372036854775807))
Edge(318676,249730,(3,9223372036854775807))
Edge(318741,84311,(1,3))
Edge(319204,113070,(3,9223372036854775807))
Edge(319875,214301,(3,9223372036854775807))
Edge(320561,311043,(3,9223372036854775807))
Edge(320919,37892,(1,9223372036854775807))
Edge(321549,171291,(3,9223372036854775807))
Edge(321756,370929,(1,3))
Edge(321776,131580,(3,9223372036854775807))
Edge(322080,48530,(3,9223372036854775807))
Edge(322404,434927,(3,9223372036854775807))
Edge(322806,288606,(3,9223372036854775807))
Edge(322830,339131,(1,9223372036854775807))
Edge(323054,351111,(3,9223372036854775807))
Edge(323398,44883,(3,9223372036854775807))
Edge(323648,114900,(3,9223372036854775807))
Edge(323949,288972,(3,9223372036854775807))
Edge(324105,331647,(3,9223372036854775807))
Edge(324413,82556,(3,9223372036854775807))
Edge(324990,475814,(3,9223372036854775807))
Edge(325042,357349,(3,9223372036854775807))
Edge(325269,168883,(3,9223372036854775807))
Edge(325359,177114,(3,9223372036854775807))
Edge(325391,109223,(1,9223372036854775807))
Edge(325950,78173,(1,9223372036854775807))
Edge(326054,236724,(3,9223372036854775807))
Edge(326101,107731,(3,9223372036854775807))
Edge(326696,479678,(1,3))
Edge(326927,89563,(3,9223372036854775807))
Edge(327179,365372,(1,9223372036854775807))
Edge(327563,163493,(3,9223372036854775807))
Edge(327576,211504,(1,3))
Edge(327661,269193,(3,9223372036854775807))
Edge(328008,128334,(3,9223372036854775807))
Edge(328123,59063,(1,9223372036854775807))
Edge(328353,134076,(3,9223372036854775807))
Edge(328421,153178,(4,9223372036854775807))
Edge(328486,360496,(1,3))
Edge(328769,285961,(3,9223372036854775807))
Edge(328776,385070,(3,9223372036854775807))
Edge(328806,475498,(3,9223372036854775807))
Edge(329083,200441,(1,9223372036854775807))
Edge(329190,498658,(3,9223372036854775807))
Edge(329476,211617,(1,3))
Edge(329679,411355,(1,3))
Edge(330084,489036,(3,9223372036854775807))
Edge(330137,215859,(3,9223372036854775807))
Edge(330219,13262,(3,9223372036854775807))
Edge(330229,450070,(3,9223372036854775807))
Edge(330370,72723,(3,9223372036854775807))
Edge(330741,9882,(3,9223372036854775807))
Edge(330861,154984,(1,3))
Edge(331220,210417,(1,3))
Edge(331710,484045,(3,9223372036854775807))
Edge(331756,26646,(3,9223372036854775807))
Edge(331872,275365,(3,9223372036854775807))
Edge(331948,9330,(3,9223372036854775807))
Edge(331992,489201,(1,9223372036854775807))
Edge(332904,114100,(3,9223372036854775807))
Edge(333256,152847,(3,9223372036854775807))
Edge(333381,13345,(3,9223372036854775807))
Edge(333556,286103,(3,9223372036854775807))
Edge(333818,348412,(3,9223372036854775807))
Edge(334064,358748,(3,9223372036854775807))
Edge(334841,97160,(3,9223372036854775807))
Edge(334988,407087,(1,3))
Edge(335893,72996,(3,9223372036854775807))
Edge(336061,227495,(3,9223372036854775807))
Edge(336228,325815,(1,9223372036854775807))
Edge(336452,49432,(3,9223372036854775807))
Edge(336637,444126,(3,9223372036854775807))
Edge(337585,57161,(3,9223372036854775807))
Edge(337708,279452,(3,9223372036854775807))
Edge(337757,209862,(3,9223372036854775807))
Edge(338051,470821,(3,9223372036854775807))
Edge(338177,476392,(3,9223372036854775807))
Edge(338255,222169,(3,9223372036854775807))
Edge(338447,108280,(3,9223372036854775807))
Edge(338550,55659,(1,9223372036854775807))
Edge(338970,80844,(3,9223372036854775807))
Edge(339298,452365,(3,9223372036854775807))
Edge(340057,494203,(3,9223372036854775807))
Edge(340143,136437,(3,9223372036854775807))
Edge(340416,34453,(1,9223372036854775807))
Edge(340536,16352,(3,9223372036854775807))
Edge(340789,21322,(3,9223372036854775807))
Edge(340822,84405,(3,9223372036854775807))
Edge(340948,316045,(3,9223372036854775807))
Edge(341460,400107,(1,3))
Edge(342003,388574,(1,3))
Edge(342561,354248,(3,9223372036854775807))
Edge(343273,441318,(3,9223372036854775807))
Edge(343452,9325,(3,9223372036854775807))
Edge(343842,183857,(1,3))
Edge(343992,9851,(3,9223372036854775807))
Edge(344148,1481,(3,9223372036854775807))
Edge(344333,300863,(3,9223372036854775807))
Edge(344439,273900,(3,9223372036854775807))
Edge(344535,48972,(3,9223372036854775807))
Edge(344697,450278,(3,9223372036854775807))
Edge(346419,111474,(4,9223372036854775807))
Edge(346496,266478,(3,9223372036854775807))
Edge(347426,115065,(1,3))
Edge(347541,484978,(1,9223372036854775807))
Edge(347816,343494,(3,9223372036854775807))
Edge(347919,443097,(3,9223372036854775807))
Edge(348242,102291,(3,9223372036854775807))
Edge(348692,328876,(3,9223372036854775807))
Edge(348744,338004,(3,9223372036854775807))
Edge(348850,62817,(3,9223372036854775807))
Edge(348960,157606,(1,3))
Edge(349245,319956,(3,9223372036854775807))
Edge(349867,54132,(3,9223372036854775807))
Edge(349871,414967,(3,9223372036854775807))
Edge(349935,92605,(3,9223372036854775807))
Edge(350262,7417,(3,9223372036854775807))
Edge(350424,79959,(1,3))
Edge(350668,344388,(3,9223372036854775807))
Edge(351077,95769,(3,9223372036854775807))
Edge(351121,213279,(3,9223372036854775807))
Edge(351334,288865,(1,3))
Edge(352010,459728,(4,9223372036854775807))
Edge(352405,177188,(1,9223372036854775807))
Edge(352532,128303,(3,9223372036854775807))
Edge(352799,30669,(3,9223372036854775807))
Edge(352899,312675,(3,9223372036854775807))
Edge(353040,384525,(3,9223372036854775807))
Edge(353201,81809,(3,9223372036854775807))
Edge(353286,449615,(3,9223372036854775807))
Edge(353461,212039,(3,9223372036854775807))
Edge(353732,454690,(1,3))
Edge(353791,376932,(1,9223372036854775807))
Edge(354273,84172,(3,9223372036854775807))
Edge(355520,257098,(3,9223372036854775807))
Edge(355589,344207,(3,9223372036854775807))
Edge(356422,193866,(3,9223372036854775807))
Edge(356766,63232,(3,9223372036854775807))
Edge(356771,432545,(3,9223372036854775807))
Edge(356821,199361,(3,9223372036854775807))
Edge(357005,151805,(3,9223372036854775807))
Edge(357029,365781,(3,9223372036854775807))
Edge(357120,171570,(1,9223372036854775807))
Edge(357453,44585,(3,9223372036854775807))
Edge(358457,316811,(1,9223372036854775807))
Edge(358534,144457,(3,9223372036854775807))
Edge(358716,183279,(3,9223372036854775807))
Edge(358738,251624,(3,9223372036854775807))
Edge(358906,293587,(3,9223372036854775807))
Edge(359702,31262,(3,9223372036854775807))
Edge(360128,406281,(3,9223372036854775807))
Edge(360196,396443,(3,9223372036854775807))
Edge(360212,290167,(3,9223372036854775807))
Edge(360278,80258,(3,9223372036854775807))
Edge(361333,411693,(3,9223372036854775807))
Edge(361694,21416,(1,9223372036854775807))
Edge(361799,346320,(3,9223372036854775807))
Edge(361909,41502,(3,9223372036854775807))
Edge(362024,301432,(3,9223372036854775807))
Edge(362426,353401,(3,9223372036854775807))
Edge(362821,373342,(3,9223372036854775807))
Edge(363013,109504,(1,3))
Edge(363116,140056,(1,9223372036854775807))
Edge(363560,282751,(1,3))
Edge(363886,67094,(1,9223372036854775807))
Edge(363907,257042,(3,9223372036854775807))
Edge(364437,277337,(1,9223372036854775807))
Edge(364577,127445,(3,9223372036854775807))
Edge(364823,160360,(3,9223372036854775807))
Edge(365075,107902,(3,9223372036854775807))
Edge(365444,307542,(3,9223372036854775807))
Edge(365798,271069,(3,9223372036854775807))
Edge(366095,353203,(1,9223372036854775807))
Edge(366282,406538,(3,9223372036854775807))
Edge(366352,191626,(3,9223372036854775807))
Edge(366382,305368,(3,9223372036854775807))
Edge(366620,307578,(3,9223372036854775807))
Edge(366663,436453,(3,9223372036854775807))
Edge(366675,64478,(3,9223372036854775807))
Edge(366809,79152,(1,9223372036854775807))
Edge(366916,148329,(3,9223372036854775807))
Edge(367559,40875,(1,3))
Edge(367842,48791,(3,9223372036854775807))
Edge(368131,5523,(1,9223372036854775807))
Edge(368146,271808,(3,9223372036854775807))
Edge(370023,99093,(3,9223372036854775807))
Edge(370500,385372,(3,9223372036854775807))
Edge(370866,430191,(1,3))
Edge(370965,296185,(3,9223372036854775807))
Edge(371076,298295,(3,9223372036854775807))
Edge(371081,302352,(3,9223372036854775807))
Edge(371330,377179,(1,9223372036854775807))
Edge(371594,40237,(3,9223372036854775807))
Edge(371769,273801,(3,9223372036854775807))
Edge(372029,92815,(3,9223372036854775807))
Edge(372056,482022,(3,9223372036854775807))
Edge(372453,227023,(3,9223372036854775807))
Edge(372725,267802,(3,9223372036854775807))
Edge(372828,17980,(3,9223372036854775807))
Edge(373105,406650,(3,9223372036854775807))
Edge(373189,45129,(3,9223372036854775807))
Edge(373342,32204,(3,9223372036854775807))
Edge(373466,394459,(3,9223372036854775807))
Edge(373780,396240,(3,9223372036854775807))
Edge(374091,276856,(3,9223372036854775807))
Edge(374519,46679,(3,9223372036854775807))
Edge(375369,151441,(3,9223372036854775807))
Edge(375987,238620,(1,3))
Edge(375998,482816,(3,9223372036854775807))
Edge(376430,49693,(3,9223372036854775807))
Edge(376521,488690,(3,9223372036854775807))
Edge(376619,297471,(1,9223372036854775807))
Edge(376898,132372,(3,9223372036854775807))
Edge(376898,466381,(3,9223372036854775807))
Edge(377030,182861,(3,9223372036854775807))
Edge(377645,335813,(3,9223372036854775807))
Edge(378276,199980,(3,9223372036854775807))
Edge(378462,1435,(3,9223372036854775807))
Edge(379115,479849,(1,3))
Edge(380156,6849,(3,9223372036854775807))
Edge(380477,2820,(3,9223372036854775807))
Edge(380794,279278,(1,3))
Edge(380858,355440,(1,9223372036854775807))
Edge(382476,150537,(3,9223372036854775807))
Edge(382809,12724,(3,9223372036854775807))
Edge(382872,169637,(1,9223372036854775807))
Edge(383066,454759,(3,9223372036854775807))
Edge(383408,404675,(3,9223372036854775807))
Edge(383735,357040,(1,9223372036854775807))
Edge(384309,322949,(3,9223372036854775807))
Edge(384475,238124,(3,9223372036854775807))
Edge(384977,396335,(1,9223372036854775807))
Edge(384989,1194,(3,9223372036854775807))
Edge(385068,135240,(1,9223372036854775807))
Edge(386033,191021,(3,9223372036854775807))
Edge(386041,489037,(3,9223372036854775807))
Edge(386126,489682,(1,9223372036854775807))
Edge(386163,130267,(3,9223372036854775807))
Edge(386265,148790,(3,9223372036854775807))
Edge(386393,363768,(1,9223372036854775807))
Edge(386420,447296,(3,9223372036854775807))
Edge(386443,37293,(1,9223372036854775807))
Edge(386454,443837,(3,9223372036854775807))
Edge(386458,110833,(1,9223372036854775807))
Edge(387625,427559,(3,9223372036854775807))
Edge(387834,289201,(3,9223372036854775807))
Edge(388117,77806,(3,9223372036854775807))
Edge(388321,282639,(3,9223372036854775807))
Edge(389211,311942,(3,9223372036854775807))
Edge(390107,263028,(3,9223372036854775807))
Edge(390126,30065,(1,9223372036854775807))
Edge(390219,171028,(3,9223372036854775807))
Edge(390445,296989,(3,9223372036854775807))
Edge(390457,372191,(3,9223372036854775807))
Edge(390705,354099,(1,3))
Edge(390902,267640,(1,9223372036854775807))
Edge(391239,471248,(1,9223372036854775807))
Edge(391522,311653,(3,9223372036854775807))
Edge(391946,148857,(1,3))
Edge(391974,372429,(3,9223372036854775807))
Edge(392583,391470,(3,9223372036854775807))
Edge(392850,229628,(1,9223372036854775807))
Edge(393442,385800,(3,9223372036854775807))
Edge(393553,111177,(3,9223372036854775807))
Edge(394040,257937,(3,9223372036854775807))
Edge(394444,285383,(3,9223372036854775807))
Edge(394543,275068,(1,9223372036854775807))
Edge(394658,282603,(3,9223372036854775807))
Edge(394746,177510,(3,9223372036854775807))
Edge(394846,177447,(3,9223372036854775807))
Edge(394900,334238,(3,9223372036854775807))
Edge(394936,113153,(1,3))
Edge(395122,234596,(3,9223372036854775807))
Edge(395158,474644,(3,9223372036854775807))
Edge(395818,312768,(3,9223372036854775807))
Edge(395925,168496,(3,9223372036854775807))
Edge(396004,414801,(3,9223372036854775807))
Edge(396676,321042,(3,9223372036854775807))
Edge(396751,376776,(3,9223372036854775807))
Edge(396941,265855,(1,3))
Edge(396969,31500,(1,9223372036854775807))
Edge(397288,449994,(1,9223372036854775807))
Edge(397352,212063,(3,9223372036854775807))
Edge(397567,31012,(3,9223372036854775807))
Edge(397858,1282,(3,9223372036854775807))
Edge(398063,35912,(3,9223372036854775807))
Edge(398226,455635,(3,9223372036854775807))
Edge(399000,94382,(1,3))
Edge(399182,448517,(3,9223372036854775807))
Edge(399705,206178,(3,9223372036854775807))
Edge(399923,181797,(3,9223372036854775807))
Edge(400430,53469,(1,9223372036854775807))
Edge(401045,318831,(1,3))
Edge(401154,20771,(3,9223372036854775807))
Edge(401369,65945,(1,9223372036854775807))
Edge(401884,135750,(3,9223372036854775807))
Edge(402243,174849,(1,3))
Edge(402394,146158,(3,9223372036854775807))
Edge(402804,320124,(1,3))
Edge(403042,439629,(3,9223372036854775807))
Edge(403433,242001,(3,9223372036854775807))
Edge(403436,244225,(3,9223372036854775807))
Edge(403826,400093,(3,9223372036854775807))
Edge(403852,181117,(3,9223372036854775807))
Edge(403966,431830,(3,9223372036854775807))
Edge(404468,424076,(1,9223372036854775807))
Edge(404660,454909,(3,9223372036854775807))
Edge(404809,441749,(3,9223372036854775807))
Edge(404892,340082,(3,9223372036854775807))
Edge(405943,387677,(1,9223372036854775807))
Edge(406162,156426,(3,9223372036854775807))
Edge(406280,311558,(1,9223372036854775807))
Edge(406313,380531,(3,9223372036854775807))
Edge(406350,449281,(1,9223372036854775807))
Edge(406416,53892,(3,9223372036854775807))
Edge(406418,153391,(3,9223372036854775807))
Edge(407189,371723,(3,9223372036854775807))
Edge(407279,362195,(3,9223372036854775807))
Edge(407491,410395,(1,9223372036854775807))
Edge(407595,12845,(3,9223372036854775807))
Edge(407986,165115,(3,9223372036854775807))
Edge(408069,427200,(3,9223372036854775807))
Edge(408121,49866,(3,9223372036854775807))
Edge(408552,376997,(3,9223372036854775807))
Edge(408729,198880,(3,9223372036854775807))
Edge(408810,428392,(3,9223372036854775807))
Edge(409273,474960,(3,9223372036854775807))
Edge(409684,385625,(3,9223372036854775807))
Edge(409788,231372,(3,9223372036854775807))
Edge(410162,386070,(3,9223372036854775807))
Edge(410339,271929,(3,9223372036854775807))
Edge(410458,267538,(3,9223372036854775807))
Edge(410459,59941,(1,3))
Edge(410700,243709,(3,9223372036854775807))
Edge(410878,127761,(1,9223372036854775807))
Edge(411421,188793,(3,9223372036854775807))
Edge(411461,457520,(3,9223372036854775807))
Edge(411523,374276,(3,9223372036854775807))
Edge(411526,441458,(3,9223372036854775807))
Edge(411532,257173,(1,3))
Edge(413160,64716,(1,3))
Edge(413223,499638,(3,9223372036854775807))
Edge(413283,404979,(1,9223372036854775807))
Edge(413430,244787,(3,9223372036854775807))
Edge(413662,354421,(3,9223372036854775807))
Edge(413840,25609,(3,9223372036854775807))
Edge(414107,494082,(3,9223372036854775807))
Edge(414568,44697,(1,9223372036854775807))
Edge(414731,228730,(3,9223372036854775807))
Edge(415009,157558,(3,9223372036854775807))
Edge(415082,355612,(3,9223372036854775807))
Edge(415506,271091,(3,9223372036854775807))
Edge(415511,396687,(1,3))
Edge(415817,34630,(1,9223372036854775807))
Edge(416359,278412,(1,9223372036854775807))
Edge(416425,264243,(1,9223372036854775807))
Edge(416745,363619,(3,9223372036854775807))
Edge(418026,495247,(3,9223372036854775807))
Edge(418130,217283,(3,9223372036854775807))
Edge(418461,332788,(3,9223372036854775807))
Edge(418859,40215,(3,9223372036854775807))
Edge(419231,171508,(1,9223372036854775807))
Edge(419308,455540,(1,9223372036854775807))
Edge(419577,492146,(3,9223372036854775807))
Edge(419809,196765,(1,9223372036854775807))
Edge(421276,161336,(1,3))
Edge(421944,314243,(3,9223372036854775807))
Edge(421950,44271,(3,9223372036854775807))
Edge(422342,386386,(3,9223372036854775807))
Edge(422351,273398,(3,9223372036854775807))
Edge(422499,124109,(3,9223372036854775807))
Edge(423142,123229,(3,9223372036854775807))
Edge(423177,378905,(3,9223372036854775807))
Edge(423769,302773,(3,9223372036854775807))
Edge(423776,436090,(1,9223372036854775807))
Edge(424033,305494,(3,9223372036854775807))
Edge(424154,161445,(1,9223372036854775807))
Edge(424760,284630,(1,9223372036854775807))
Edge(425174,77221,(3,9223372036854775807))
Edge(425394,179237,(3,9223372036854775807))
Edge(425711,78152,(3,9223372036854775807))
Edge(426690,31867,(3,9223372036854775807))
Edge(427552,11160,(3,9223372036854775807))
Edge(427614,98302,(3,9223372036854775807))
Edge(428366,203988,(1,3))
Edge(428500,63788,(3,9223372036854775807))
Edge(429184,467450,(3,9223372036854775807))
Edge(429204,378761,(3,9223372036854775807))
Edge(429342,404452,(3,9223372036854775807))
Edge(430103,110072,(3,9223372036854775807))
Edge(431077,40269,(3,9223372036854775807))
Edge(431117,17416,(3,9223372036854775807))
Edge(431269,477672,(1,9223372036854775807))
Edge(431334,126480,(3,9223372036854775807))
Edge(431657,374667,(3,9223372036854775807))
Edge(432527,422925,(3,9223372036854775807))
Edge(432782,311927,(3,9223372036854775807))
Edge(432992,170457,(3,9223372036854775807))
Edge(433219,405588,(3,9223372036854775807))
Edge(433617,131939,(3,9223372036854775807))
Edge(433737,457943,(3,9223372036854775807))
Edge(434290,101247,(3,9223372036854775807))
Edge(434736,97226,(3,9223372036854775807))
Edge(435272,390711,(3,9223372036854775807))
Edge(435521,184948,(3,9223372036854775807))
Edge(435591,6991,(3,9223372036854775807))
Edge(435689,258835,(3,9223372036854775807))
Edge(435790,156214,(3,9223372036854775807))
Edge(435929,62868,(3,9223372036854775807))
Edge(436329,85246,(1,9223372036854775807))
Edge(436569,469629,(3,9223372036854775807))
Edge(436667,286509,(3,9223372036854775807))
Edge(436698,345865,(3,9223372036854775807))
Edge(436845,59983,(3,9223372036854775807))
Edge(437136,337114,(1,9223372036854775807))
Edge(437953,404172,(3,4))
Edge(437984,461475,(3,9223372036854775807))
Edge(438056,20737,(3,9223372036854775807))
Edge(438937,273746,(3,9223372036854775807))
Edge(439286,281684,(3,9223372036854775807))
Edge(439674,135477,(1,9223372036854775807))
Edge(440181,177680,(3,9223372036854775807))
Edge(440185,424115,(3,9223372036854775807))
Edge(440198,27623,(3,9223372036854775807))
Edge(440272,135714,(3,9223372036854775807))
Edge(440301,350504,(3,9223372036854775807))
Edge(440311,258862,(3,9223372036854775807))
Edge(440378,151063,(3,9223372036854775807))
Edge(440933,301644,(3,9223372036854775807))
Edge(440979,467848,(3,9223372036854775807))
Edge(441303,150989,(1,3))
Edge(441340,348957,(3,9223372036854775807))
Edge(441506,120138,(1,9223372036854775807))
Edge(441552,403049,(3,9223372036854775807))
Edge(442553,159177,(3,9223372036854775807))
Edge(442616,260920,(1,9223372036854775807))
Edge(442695,185621,(3,9223372036854775807))
Edge(443358,117682,(3,9223372036854775807))
Edge(443512,219267,(3,9223372036854775807))
Edge(443621,486206,(3,9223372036854775807))
Edge(444057,269933,(3,9223372036854775807))
Edge(444082,259583,(3,9223372036854775807))
Edge(444116,333076,(3,9223372036854775807))
Edge(444223,391929,(3,9223372036854775807))
Edge(444558,492420,(1,9223372036854775807))
Edge(444599,142537,(3,9223372036854775807))
Edge(444705,379145,(3,9223372036854775807))
Edge(444798,125457,(3,9223372036854775807))
Edge(444861,319274,(1,9223372036854775807))
Edge(444948,180515,(1,3))
Edge(445696,80470,(3,9223372036854775807))
Edge(445828,264865,(3,9223372036854775807))
Edge(445933,349860,(3,9223372036854775807))
Edge(446124,375976,(1,9223372036854775807))
Edge(446146,295405,(3,9223372036854775807))
Edge(446159,337622,(1,9223372036854775807))
Edge(446295,154243,(3,9223372036854775807))
Edge(446443,92439,(3,9223372036854775807))
Edge(447093,330246,(3,9223372036854775807))
Edge(447267,1483,(1,9223372036854775807))
Edge(447321,358447,(3,9223372036854775807))
Edge(447364,106302,(3,9223372036854775807))
Edge(447651,362334,(3,9223372036854775807))
Edge(447659,113424,(3,9223372036854775807))
Edge(447838,280245,(3,9223372036854775807))
Edge(447868,379211,(3,9223372036854775807))
Edge(448228,228922,(3,9223372036854775807))
Edge(448338,358047,(3,9223372036854775807))
Edge(448485,208257,(3,9223372036854775807))
Edge(448942,1401,(3,9223372036854775807))
Edge(448973,97965,(3,9223372036854775807))
Edge(449219,428522,(1,9223372036854775807))
Edge(449307,385570,(3,9223372036854775807))
Edge(449347,473082,(3,9223372036854775807))
Edge(449392,96864,(3,9223372036854775807))
Edge(449545,47850,(3,9223372036854775807))
Edge(449654,417096,(3,9223372036854775807))
Edge(450008,391733,(3,9223372036854775807))
Edge(450203,402906,(1,9223372036854775807))
Edge(450327,120747,(3,9223372036854775807))
Edge(450384,243064,(3,9223372036854775807))
Edge(451541,406298,(3,9223372036854775807))
Edge(451701,400439,(3,9223372036854775807))
Edge(451843,33452,(3,9223372036854775807))
Edge(451973,303836,(3,9223372036854775807))
Edge(451980,334648,(3,9223372036854775807))
Edge(452118,345629,(3,9223372036854775807))
Edge(452235,388784,(3,9223372036854775807))
Edge(452285,442927,(3,9223372036854775807))
Edge(452496,378199,(3,9223372036854775807))
Edge(452613,406451,(3,9223372036854775807))
Edge(452688,203061,(3,9223372036854775807))
Edge(452722,23727,(3,9223372036854775807))
Edge(452804,129337,(3,9223372036854775807))
Edge(452885,239873,(3,9223372036854775807))
Edge(453021,425740,(1,9223372036854775807))
Edge(453096,29227,(3,9223372036854775807))
Edge(453226,320614,(3,9223372036854775807))
Edge(453405,66272,(3,9223372036854775807))
Edge(453466,370206,(1,9223372036854775807))
Edge(454145,96768,(1,9223372036854775807))
Edge(454713,294284,(3,9223372036854775807))
Edge(455425,382253,(1,9223372036854775807))
Edge(455635,211331,(3,9223372036854775807))
Edge(456268,488689,(3,9223372036854775807))
Edge(456391,90312,(3,9223372036854775807))
Edge(456408,47322,(1,9223372036854775807))
Edge(456703,55174,(3,9223372036854775807))
Edge(456880,441466,(3,9223372036854775807))
Edge(457003,430731,(3,9223372036854775807))
Edge(457577,23985,(3,9223372036854775807))
Edge(458126,422438,(1,3))
Edge(458240,384802,(3,9223372036854775807))
Edge(458741,424097,(3,9223372036854775807))
Edge(458919,498942,(3,9223372036854775807))
Edge(459064,459370,(3,9223372036854775807))
Edge(459065,41905,(3,9223372036854775807))
Edge(459186,456536,(3,9223372036854775807))
Edge(459213,189565,(3,9223372036854775807))
Edge(459415,269318,(1,9223372036854775807))
Edge(459916,223030,(3,9223372036854775807))
Edge(459948,473022,(3,9223372036854775807))
Edge(460175,229806,(3,9223372036854775807))
Edge(460652,150590,(3,9223372036854775807))
Edge(461925,42813,(3,9223372036854775807))
Edge(462450,469137,(3,9223372036854775807))
Edge(462599,73298,(3,9223372036854775807))
Edge(462638,172395,(1,3))
Edge(462828,248375,(1,9223372036854775807))
Edge(462979,203236,(3,9223372036854775807))
Edge(462989,82865,(1,9223372036854775807))
Edge(463051,362165,(3,9223372036854775807))
Edge(463386,419100,(1,9223372036854775807))
Edge(463860,359746,(3,9223372036854775807))
Edge(463980,175199,(3,9223372036854775807))
Edge(464030,230662,(1,9223372036854775807))
Edge(464055,18655,(3,9223372036854775807))
Edge(464146,377886,(3,9223372036854775807))
Edge(464230,270208,(3,9223372036854775807))
Edge(464351,230846,(3,9223372036854775807))
Edge(464762,493223,(3,9223372036854775807))
Edge(465072,429998,(3,9223372036854775807))
Edge(466341,172037,(3,9223372036854775807))
Edge(466532,32344,(3,9223372036854775807))
Edge(466539,490032,(3,9223372036854775807))
Edge(466565,328427,(3,9223372036854775807))
Edge(467207,349255,(1,9223372036854775807))
Edge(468591,47626,(3,9223372036854775807))
Edge(469056,455581,(3,9223372036854775807))
Edge(469157,362902,(3,9223372036854775807))
Edge(469450,33797,(3,9223372036854775807))
Edge(469540,239852,(3,9223372036854775807))
Edge(470173,161264,(1,9223372036854775807))
Edge(470425,392082,(3,9223372036854775807))
Edge(470671,129556,(1,9223372036854775807))
Edge(470857,460541,(3,9223372036854775807))
Edge(470931,365511,(3,9223372036854775807))
Edge(470941,355648,(3,9223372036854775807))
Edge(471283,345810,(3,9223372036854775807))
Edge(471635,192386,(3,9223372036854775807))
Edge(471717,104697,(3,9223372036854775807))
Edge(471979,496103,(3,9223372036854775807))
Edge(472315,364094,(3,9223372036854775807))
Edge(472555,453450,(1,9223372036854775807))
Edge(472841,297269,(1,9223372036854775807))
Edge(473182,318030,(3,9223372036854775807))
Edge(474085,347059,(3,9223372036854775807))
Edge(474094,77327,(3,9223372036854775807))
Edge(474694,12016,(3,9223372036854775807))
Edge(474728,14165,(1,9223372036854775807))
Edge(474973,403805,(3,9223372036854775807))
Edge(475064,261590,(1,9223372036854775807))
Edge(475130,82961,(3,9223372036854775807))
Edge(475600,401039,(3,9223372036854775807))
Edge(475792,149590,(3,9223372036854775807))
Edge(476039,84789,(3,9223372036854775807))
Edge(476866,346673,(3,9223372036854775807))
Edge(476892,99671,(3,9223372036854775807))
Edge(477010,182625,(1,3))
Edge(477043,224874,(3,9223372036854775807))
Edge(477051,84740,(1,3))
Edge(477103,81136,(1,9223372036854775807))
Edge(477344,59479,(3,9223372036854775807))
Edge(478443,284445,(3,9223372036854775807))
Edge(478664,148105,(1,9223372036854775807))
Edge(478788,51715,(3,9223372036854775807))
Edge(478846,232298,(3,9223372036854775807))
Edge(479684,74964,(3,9223372036854775807))
Edge(479685,451695,(1,9223372036854775807))
Edge(480197,170549,(3,9223372036854775807))
Edge(480259,201519,(3,9223372036854775807))
Edge(480306,13996,(1,9223372036854775807))
Edge(480646,81787,(3,9223372036854775807))
Edge(481099,127432,(3,9223372036854775807))
Edge(481152,189876,(1,3))
Edge(481198,471116,(1,9223372036854775807))
Edge(481396,133975,(3,9223372036854775807))
Edge(481667,211085,(3,9223372036854775807))
Edge(481679,151416,(3,9223372036854775807))
Edge(481692,228999,(1,9223372036854775807))
Edge(481807,487496,(1,9223372036854775807))
Edge(482288,371627,(3,9223372036854775807))
Edge(482315,82205,(3,9223372036854775807))
Edge(482477,207761,(3,9223372036854775807))
Edge(482566,419574,(3,9223372036854775807))
Edge(482689,147431,(3,9223372036854775807))
Edge(483230,464982,(3,9223372036854775807))
Edge(483550,423758,(3,9223372036854775807))
Edge(483771,55305,(3,9223372036854775807))
Edge(484251,490354,(3,9223372036854775807))
Edge(484452,163549,(3,9223372036854775807))
Edge(484535,194488,(3,9223372036854775807))
Edge(484555,140396,(3,9223372036854775807))
Edge(484896,51148,(1,9223372036854775807))
Edge(485038,244623,(3,9223372036854775807))
Edge(485282,310652,(1,3))
Edge(485323,456767,(3,9223372036854775807))
Edge(485374,366516,(3,9223372036854775807))
Edge(485412,176455,(1,3))
Edge(486839,209972,(1,3))
Edge(487004,302304,(1,9223372036854775807))
Edge(487048,341807,(3,9223372036854775807))
Edge(487237,14554,(3,9223372036854775807))
Edge(487431,308777,(3,9223372036854775807))
Edge(487932,444740,(1,3))
Edge(487980,376631,(3,9223372036854775807))
Edge(488341,355169,(3,9223372036854775807))
Edge(488542,312392,(1,9223372036854775807))
Edge(489466,311064,(1,9223372036854775807))
Edge(489749,423565,(3,9223372036854775807))
Edge(489812,456068,(3,9223372036854775807))
Edge(489969,142453,(3,9223372036854775807))
Edge(490772,471465,(3,9223372036854775807))
Edge(491743,301604,(3,9223372036854775807))
Edge(491796,192018,(1,3))
Edge(492028,227515,(3,9223372036854775807))
Edge(492174,36436,(3,9223372036854775807))
Edge(492447,31828,(3,9223372036854775807))
Edge(492456,373474,(3,9223372036854775807))
Edge(492499,113648,(3,9223372036854775807))
Edge(492767,315893,(3,9223372036854775807))
Edge(493210,3858,(3,9223372036854775807))
Edge(494349,269113,(1,3))
Edge(494410,6021,(3,9223372036854775807))
Edge(494428,180092,(3,9223372036854775807))
Edge(494970,100829,(3,9223372036854775807))
Edge(495041,442841,(3,4))
Edge(495293,340499,(3,9223372036854775807))
Edge(495594,345597,(3,9223372036854775807))
Edge(495750,354687,(3,9223372036854775807))
Edge(496427,312620,(3,9223372036854775807))
Edge(496705,54444,(3,9223372036854775807))
Edge(496783,195319,(3,9223372036854775807))
Edge(496961,469765,(3,9223372036854775807))
Edge(497068,349379,(3,9223372036854775807))
Edge(497071,438441,(3,9223372036854775807))
Edge(498332,11414,(3,9223372036854775807))
Edge(498519,278081,(3,9223372036854775807))
Edge(498724,52765,(3,9223372036854775807))
Edge(499236,37154,(3,9223372036854775807))
Edge(499368,26166,(3,9223372036854775807))
Edge(499910,442192,(1,9223372036854775807))
