Edge(118,306699,(3,9223372036854775807))
Edge(575,288304,(3,9223372036854775807))
Edge(931,341790,(3,9223372036854775807))
Edge(1157,302717,(3,9223372036854775807))
Edge(1566,165973,(3,9223372036854775807))
Edge(1611,180656,(3,9223372036854775807))
Edge(1835,395468,(3,9223372036854775807))
Edge(1840,101583,(3,9223372036854775807))
Edge(2000,109203,(3,9223372036854775807))
Edge(2092,192555,(1,9223372036854775807))
Edge(2686,26232,(3,9223372036854775807))
Edge(3340,319517,(3,9223372036854775807))
Edge(3427,385656,(3,9223372036854775807))
Edge(3758,120345,(3,9223372036854775807))
Edge(3988,205607,(3,9223372036854775807))
Edge(4214,12541,(3,9223372036854775807))
Edge(4313,221440,(3,9223372036854775807))
Edge(5112,298415,(3,9223372036854775807))
Edge(5350,370238,(3,9223372036854775807))
Edge(5534,198595,(3,9223372036854775807))
Edge(5674,325303,(3,9223372036854775807))
Edge(6247,159693,(3,9223372036854775807))
Edge(7389,425341,(3,9223372036854775807))
Edge(7525,36499,(3,9223372036854775807))
Edge(7594,35001,(3,9223372036854775807))
Edge(7606,227935,(1,9223372036854775807))
Edge(7974,165216,(3,9223372036854775807))
Edge(8034,171882,(3,9223372036854775807))
Edge(8444,118281,(3,9223372036854775807))
Edge(8625,423845,(3,9223372036854775807))
Edge(8851,274615,(1,9223372036854775807))
Edge(9232,368785,(3,9223372036854775807))
Edge(9243,216672,(3,9223372036854775807))
Edge(9553,436461,(3,9223372036854775807))
Edge(9795,164453,(3,9223372036854775807))
Edge(10212,450889,(3,9223372036854775807))
Edge(10218,290784,(3,9223372036854775807))
Edge(10226,180944,(1,9223372036854775807))
Edge(11004,257252,(3,9223372036854775807))
Edge(11042,210654,(1,9223372036854775807))
Edge(11111,96652,(3,9223372036854775807))
Edge(11182,132049,(1,3))
Edge(12252,125818,(3,9223372036854775807))
Edge(12600,128226,(1,3))
Edge(12749,3227,(3,9223372036854775807))
Edge(13125,181951,(3,9223372036854775807))
Edge(13228,150825,(3,9223372036854775807))
Edge(13253,269296,(1,9223372036854775807))
Edge(13267,486024,(3,9223372036854775807))
Edge(13296,29759,(3,9223372036854775807))
Edge(13430,231865,(3,9223372036854775807))
Edge(13600,319346,(3,9223372036854775807))
Edge(13773,119568,(3,9223372036854775807))
Edge(13910,111655,(1,3))
Edge(14390,305178,(3,9223372036854775807))
Edge(14575,74209,(1,9223372036854775807))
Edge(14685,273943,(3,9223372036854775807))
Edge(14855,42607,(3,9223372036854775807))
Edge(15125,204828,(3,9223372036854775807))
Edge(15427,111537,(1,9223372036854775807))
Edge(15859,98842,(3,9223372036854775807))
Edge(16382,31757,(3,9223372036854775807))
Edge(16533,165925,(1,9223372036854775807))
Edge(16551,334200,(3,9223372036854775807))
Edge(16626,271124,(3,9223372036854775807))
Edge(16695,199453,(3,9223372036854775807))
Edge(16794,397240,(1,9223372036854775807))
Edge(16934,210852,(1,9223372036854775807))
Edge(16992,210752,(3,9223372036854775807))
Edge(17188,126367,(3,9223372036854775807))
Edge(17309,87935,(3,9223372036854775807))
Edge(17383,29811,(3,9223372036854775807))
Edge(17418,175609,(1,9223372036854775807))
Edge(17526,114629,(3,9223372036854775807))
Edge(18244,463378,(1,9223372036854775807))
Edge(18284,357121,(3,9223372036854775807))
Edge(18300,494135,(3,9223372036854775807))
Edge(18536,330580,(1,3))
Edge(18545,236036,(3,9223372036854775807))
Edge(18912,226295,(3,9223372036854775807))
Edge(19263,217122,(3,9223372036854775807))
Edge(19301,304313,(1,9223372036854775807))
Edge(19368,113774,(3,9223372036854775807))
Edge(19390,202732,(1,3))
Edge(19416,448452,(3,9223372036854775807))
Edge(19576,468176,(1,9223372036854775807))
Edge(19592,16614,(3,9223372036854775807))
Edge(19614,174504,(1,9223372036854775807))
Edge(20237,202622,(3,9223372036854775807))
Edge(20755,431000,(3,9223372036854775807))
Edge(21687,181388,(3,9223372036854775807))
Edge(21721,196022,(3,9223372036854775807))
Edge(23195,316443,(3,9223372036854775807))
Edge(23328,306683,(3,9223372036854775807))
Edge(23465,453571,(3,9223372036854775807))
Edge(23928,345724,(3,9223372036854775807))
Edge(24055,373207,(3,9223372036854775807))
Edge(24095,123679,(3,9223372036854775807))
Edge(24347,299088,(3,9223372036854775807))
Edge(24621,193324,(3,9223372036854775807))
Edge(25340,348619,(1,9223372036854775807))
Edge(25955,304836,(3,9223372036854775807))
Edge(26022,113563,(3,9223372036854775807))
Edge(26779,41631,(3,9223372036854775807))
Edge(27117,113172,(3,9223372036854775807))
Edge(27349,326667,(3,9223372036854775807))
Edge(27433,483490,(3,9223372036854775807))
Edge(28194,319107,(3,9223372036854775807))
Edge(28616,60545,(1,3))
Edge(28636,314703,(3,9223372036854775807))
Edge(29466,410577,(3,9223372036854775807))
Edge(29539,81116,(1,3))
Edge(29881,113683,(3,9223372036854775807))
Edge(29976,329666,(1,3))
Edge(30349,324736,(3,9223372036854775807))
Edge(30616,58619,(3,9223372036854775807))
Edge(30751,323973,(3,9223372036854775807))
Edge(30754,362784,(3,9223372036854775807))
Edge(30877,7751,(3,9223372036854775807))
Edge(30981,22547,(3,9223372036854775807))
Edge(31365,458825,(1,9223372036854775807))
Edge(32598,316687,(3,9223372036854775807))
Edge(32652,376551,(3,9223372036854775807))
Edge(32793,439013,(1,3))
Edge(32959,378448,(3,9223372036854775807))
Edge(33055,243724,(1,3))
Edge(33086,391038,(3,9223372036854775807))
Edge(33261,37953,(1,3))
Edge(33272,275746,(3,9223372036854775807))
Edge(33411,161090,(1,9223372036854775807))
Edge(33822,80849,(3,9223372036854775807))
Edge(33853,60052,(3,9223372036854775807))
Edge(34156,26553,(1,9223372036854775807))
Edge(34930,163879,(1,9223372036854775807))
Edge(35333,434722,(1,3))
Edge(35643,435961,(3,9223372036854775807))
Edge(35727,119879,(3,9223372036854775807))
Edge(35921,40996,(3,9223372036854775807))
Edge(36916,8733,(1,9223372036854775807))
Edge(37444,231351,(1,9223372036854775807))
Edge(37739,97679,(3,9223372036854775807))
Edge(38230,86185,(3,9223372036854775807))
Edge(38617,141310,(1,3))
Edge(38734,135406,(3,9223372036854775807))
Edge(38900,411628,(3,9223372036854775807))
Edge(39050,471117,(3,9223372036854775807))
Edge(39090,264669,(3,9223372036854775807))
Edge(39178,314657,(3,9223372036854775807))
Edge(39276,34153,(3,9223372036854775807))
Edge(39420,266068,(3,9223372036854775807))
Edge(39552,397489,(3,9223372036854775807))
Edge(40171,467885,(1,3))
Edge(40394,344450,(1,9223372036854775807))
Edge(40729,486679,(3,9223372036854775807))
Edge(40743,275721,(1,9223372036854775807))
Edge(40885,170062,(3,9223372036854775807))
Edge(41014,408481,(1,3))
Edge(41505,4324,(3,9223372036854775807))
Edge(41566,172757,(3,9223372036854775807))
Edge(41639,234138,(3,9223372036854775807))
Edge(41670,141441,(3,9223372036854775807))
Edge(42014,447611,(3,9223372036854775807))
Edge(42118,264903,(1,9223372036854775807))
Edge(42140,301787,(3,9223372036854775807))
Edge(42145,112899,(3,9223372036854775807))
Edge(42251,109582,(3,9223372036854775807))
Edge(42506,450064,(1,9223372036854775807))
Edge(42635,409515,(3,9223372036854775807))
Edge(42645,433066,(3,9223372036854775807))
Edge(42839,260647,(3,9223372036854775807))
Edge(43736,393781,(1,9223372036854775807))
Edge(44049,327051,(3,9223372036854775807))
Edge(44091,326005,(1,3))
Edge(44386,354804,(1,9223372036854775807))
Edge(44586,10,(3,9223372036854775807))
Edge(44626,51437,(3,9223372036854775807))
Edge(44737,201388,(1,9223372036854775807))
Edge(45202,386901,(3,9223372036854775807))
Edge(45880,207620,(3,9223372036854775807))
Edge(45980,318772,(3,9223372036854775807))
Edge(46152,311632,(3,9223372036854775807))
Edge(46266,475854,(3,9223372036854775807))
Edge(47004,428328,(4,9223372036854775807))
Edge(47363,492153,(3,9223372036854775807))
Edge(47490,13725,(3,9223372036854775807))
Edge(47616,134162,(1,9223372036854775807))
Edge(48252,289496,(3,4))
Edge(48478,390982,(3,9223372036854775807))
Edge(48584,6068,(3,9223372036854775807))
Edge(48707,203526,(3,9223372036854775807))
Edge(48766,361609,(3,9223372036854775807))
Edge(48951,426677,(3,9223372036854775807))
Edge(49530,92386,(3,9223372036854775807))
Edge(49539,147221,(1,3))
Edge(49605,12302,(3,9223372036854775807))
Edge(49775,218245,(3,9223372036854775807))
Edge(49895,281656,(3,9223372036854775807))
Edge(49941,158773,(3,9223372036854775807))
Edge(50406,21566,(3,9223372036854775807))
Edge(50860,193753,(1,3))
Edge(51011,896,(3,9223372036854775807))
Edge(51105,126934,(3,9223372036854775807))
Edge(51549,33846,(3,9223372036854775807))
Edge(52044,359700,(1,9223372036854775807))
Edge(52127,484833,(3,9223372036854775807))
Edge(52129,280754,(3,9223372036854775807))
Edge(52308,139924,(3,9223372036854775807))
Edge(52461,175439,(3,9223372036854775807))
Edge(52788,263099,(3,9223372036854775807))
Edge(52851,104748,(3,9223372036854775807))
Edge(52986,435282,(3,9223372036854775807))
Edge(53204,315591,(3,9223372036854775807))
Edge(53530,325811,(3,9223372036854775807))
Edge(53746,480766,(3,9223372036854775807))
Edge(53891,384058,(3,9223372036854775807))
Edge(54553,293336,(3,9223372036854775807))
Edge(54722,270561,(3,9223372036854775807))
Edge(54990,10073,(3,9223372036854775807))
Edge(55508,47239,(3,9223372036854775807))
Edge(55615,145146,(3,9223372036854775807))
Edge(55920,366780,(1,3))
Edge(56038,187452,(3,9223372036854775807))
Edge(56462,225849,(3,9223372036854775807))
Edge(56778,429079,(3,9223372036854775807))
Edge(57130,391041,(3,9223372036854775807))
Edge(58275,325453,(3,9223372036854775807))
Edge(58401,459240,(3,9223372036854775807))
Edge(58582,162374,(1,3))
Edge(58874,488497,(3,9223372036854775807))
Edge(59225,251050,(3,9223372036854775807))
Edge(59557,394237,(3,9223372036854775807))
Edge(60270,493188,(3,9223372036854775807))
Edge(60549,431065,(3,9223372036854775807))
Edge(60667,119337,(3,9223372036854775807))
Edge(61225,140620,(3,9223372036854775807))
Edge(61280,7039,(3,9223372036854775807))
Edge(62353,482093,(3,9223372036854775807))
Edge(62445,144443,(3,9223372036854775807))
Edge(62675,343201,(3,9223372036854775807))
Edge(63037,237111,(3,9223372036854775807))
Edge(63192,245304,(1,9223372036854775807))
Edge(63427,9834,(3,9223372036854775807))
Edge(63770,149321,(3,9223372036854775807))
Edge(64032,357318,(3,9223372036854775807))
Edge(64072,64328,(3,9223372036854775807))
Edge(64080,370066,(1,9223372036854775807))
Edge(64120,172184,(3,9223372036854775807))
Edge(64427,127908,(3,9223372036854775807))
Edge(64618,96053,(1,9223372036854775807))
Edge(64896,384474,(1,9223372036854775807))
Edge(64908,273086,(3,9223372036854775807))
Edge(65535,157385,(3,9223372036854775807))
Edge(65809,361342,(3,9223372036854775807))
Edge(66017,447462,(3,9223372036854775807))
Edge(66144,304820,(3,9223372036854775807))
Edge(66714,498352,(3,9223372036854775807))
Edge(66921,167985,(3,9223372036854775807))
Edge(67600,233419,(1,3))
Edge(67769,189693,(3,9223372036854775807))
Edge(67830,17535,(3,9223372036854775807))
Edge(67960,421124,(1,9223372036854775807))
Edge(68205,275782,(3,9223372036854775807))
Edge(68582,325687,(1,3))
Edge(69014,76113,(1,9223372036854775807))
Edge(69132,14958,(3,9223372036854775807))
Edge(70257,337549,(1,9223372036854775807))
Edge(70752,294640,(3,9223372036854775807))
Edge(70910,5924,(3,9223372036854775807))
Edge(71042,187322,(1,9223372036854775807))
Edge(71500,336226,(3,9223372036854775807))
Edge(72700,472638,(3,9223372036854775807))
Edge(72755,7992,(3,9223372036854775807))
Edge(72948,22099,(3,9223372036854775807))
Edge(73420,30021,(3,9223372036854775807))
Edge(74282,15726,(1,3))
Edge(74473,337880,(3,9223372036854775807))
Edge(74944,491673,(3,9223372036854775807))
Edge(74948,194551,(3,9223372036854775807))
Edge(74948,250663,(3,9223372036854775807))
Edge(75758,290328,(3,9223372036854775807))
Edge(75764,75003,(3,9223372036854775807))
Edge(75804,170924,(3,9223372036854775807))
Edge(76012,402614,(3,9223372036854775807))
Edge(76032,109774,(3,9223372036854775807))
Edge(76138,98980,(3,9223372036854775807))
Edge(76146,131216,(3,9223372036854775807))
Edge(76448,365262,(1,9223372036854775807))
Edge(76898,237563,(3,9223372036854775807))
Edge(77001,277957,(3,9223372036854775807))
Edge(78275,490473,(3,9223372036854775807))
Edge(78597,178722,(3,9223372036854775807))
Edge(78665,344904,(3,9223372036854775807))
Edge(79002,307370,(3,9223372036854775807))
Edge(80069,347098,(3,9223372036854775807))
Edge(80378,416608,(3,9223372036854775807))
Edge(80672,10779,(3,9223372036854775807))
Edge(80880,403927,(3,9223372036854775807))
Edge(81166,264702,(1,9223372036854775807))
Edge(82095,14056,(3,9223372036854775807))
Edge(82171,371550,(3,9223372036854775807))
Edge(82240,453126,(3,9223372036854775807))
Edge(82350,420660,(3,9223372036854775807))
Edge(82442,39668,(3,9223372036854775807))
Edge(83012,31430,(1,3))
Edge(83790,392554,(3,9223372036854775807))
Edge(83814,23313,(3,9223372036854775807))
Edge(84498,390786,(3,9223372036854775807))
Edge(84914,287394,(1,9223372036854775807))
Edge(85069,64551,(1,3))
Edge(85352,104594,(1,9223372036854775807))
Edge(85689,225115,(3,9223372036854775807))
Edge(85845,355825,(3,9223372036854775807))
Edge(86683,414378,(3,9223372036854775807))
Edge(87956,488086,(3,9223372036854775807))
Edge(88124,385780,(3,9223372036854775807))
Edge(88267,170437,(3,9223372036854775807))
Edge(88428,257982,(3,9223372036854775807))
Edge(89625,200968,(3,9223372036854775807))
Edge(89843,124325,(3,9223372036854775807))
Edge(90114,40999,(3,9223372036854775807))
Edge(90189,2293,(1,9223372036854775807))
Edge(90776,384697,(3,9223372036854775807))
Edge(90954,91211,(3,9223372036854775807))
Edge(91441,494996,(3,9223372036854775807))
Edge(91887,367654,(3,9223372036854775807))
Edge(92008,299298,(3,9223372036854775807))
Edge(92235,165256,(3,9223372036854775807))
Edge(92565,350883,(1,9223372036854775807))
Edge(92992,364043,(3,9223372036854775807))
Edge(92997,332399,(3,9223372036854775807))
Edge(93495,311940,(1,9223372036854775807))
Edge(93535,194760,(3,9223372036854775807))
Edge(93564,311159,(1,9223372036854775807))
Edge(93838,98951,(3,9223372036854775807))
Edge(94518,292049,(1,9223372036854775807))
Edge(94730,74905,(3,9223372036854775807))
Edge(95282,268294,(1,9223372036854775807))
Edge(95395,297108,(1,9223372036854775807))
Edge(95445,276566,(3,9223372036854775807))
Edge(95472,86823,(3,9223372036854775807))
Edge(95842,96393,(3,9223372036854775807))
Edge(96008,270283,(3,9223372036854775807))
Edge(96161,322288,(3,9223372036854775807))
Edge(96311,235033,(1,9223372036854775807))
Edge(96499,279651,(3,9223372036854775807))
Edge(96792,311749,(3,9223372036854775807))
Edge(97102,292962,(3,9223372036854775807))
Edge(97169,224629,(3,9223372036854775807))
Edge(97292,407446,(1,3))
Edge(98044,274744,(3,9223372036854775807))
Edge(98637,260100,(1,9223372036854775807))
Edge(98678,404616,(1,3))
Edge(99042,198202,(3,9223372036854775807))
Edge(99302,257521,(3,9223372036854775807))
Edge(99345,281277,(1,9223372036854775807))
Edge(99464,366836,(3,9223372036854775807))
Edge(99545,57994,(3,9223372036854775807))
Edge(99791,101929,(3,9223372036854775807))
Edge(99815,127712,(3,9223372036854775807))
Edge(100166,242303,(3,9223372036854775807))
Edge(100183,392305,(3,9223372036854775807))
Edge(100356,184203,(1,9223372036854775807))
Edge(101175,286978,(1,9223372036854775807))
Edge(101393,486255,(3,9223372036854775807))
Edge(101523,322313,(3,9223372036854775807))
Edge(102034,249266,(3,9223372036854775807))
Edge(102346,329555,(1,9223372036854775807))
Edge(102358,265306,(1,3))
Edge(102359,165379,(3,9223372036854775807))
Edge(102452,214426,(3,9223372036854775807))
Edge(103068,146608,(1,9223372036854775807))
Edge(103570,6222,(3,9223372036854775807))
Edge(103797,481748,(3,9223372036854775807))
Edge(103840,101891,(3,9223372036854775807))
Edge(103902,406363,(3,9223372036854775807))
Edge(103965,300573,(1,9223372036854775807))
Edge(104068,98221,(1,9223372036854775807))
Edge(105171,72376,(3,9223372036854775807))
Edge(105236,71172,(2,9223372036854775807))
Edge(106453,427304,(3,9223372036854775807))
Edge(106824,316412,(3,9223372036854775807))
Edge(106836,218608,(3,9223372036854775807))
Edge(107040,119554,(1,9223372036854775807))
Edge(107404,475584,(3,9223372036854775807))
Edge(107504,54069,(3,9223372036854775807))
Edge(107618,194006,(3,9223372036854775807))
Edge(107740,375796,(3,9223372036854775807))
Edge(107743,442524,(1,3))
Edge(108053,185360,(1,3))
Edge(108312,491584,(1,9223372036854775807))
Edge(108480,71325,(1,9223372036854775807))
Edge(108511,129184,(3,9223372036854775807))
Edge(108650,100501,(3,9223372036854775807))
Edge(108704,264038,(1,3))
Edge(108766,382381,(3,9223372036854775807))
Edge(109128,247119,(3,9223372036854775807))
Edge(109605,319361,(1,3))
Edge(109708,228461,(3,9223372036854775807))
Edge(109836,197410,(3,9223372036854775807))
Edge(109906,429816,(3,9223372036854775807))
Edge(110110,21105,(3,9223372036854775807))
Edge(110128,490267,(3,9223372036854775807))
Edge(110240,228028,(3,9223372036854775807))
Edge(110241,385487,(3,9223372036854775807))
Edge(110523,33576,(3,9223372036854775807))
Edge(110655,483264,(3,9223372036854775807))
Edge(111973,134244,(3,9223372036854775807))
Edge(111991,10645,(3,9223372036854775807))
Edge(112037,366852,(4,9223372036854775807))
Edge(112075,124690,(3,9223372036854775807))
Edge(112611,406885,(3,9223372036854775807))
Edge(112787,443900,(3,9223372036854775807))
Edge(113109,92121,(3,9223372036854775807))
Edge(113121,22332,(3,9223372036854775807))
Edge(113304,2612,(3,9223372036854775807))
Edge(113732,167129,(3,9223372036854775807))
Edge(113795,459148,(3,9223372036854775807))
Edge(113803,358299,(3,9223372036854775807))
Edge(113967,238836,(1,9223372036854775807))
Edge(114004,218838,(3,9223372036854775807))
Edge(114323,274037,(1,9223372036854775807))
Edge(114727,119618,(3,9223372036854775807))
Edge(114893,308838,(3,9223372036854775807))
Edge(114973,107296,(3,9223372036854775807))
Edge(114987,224764,(3,9223372036854775807))
Edge(115107,478910,(3,9223372036854775807))
Edge(115188,280867,(3,9223372036854775807))
Edge(115607,36739,(1,9223372036854775807))
Edge(115654,71505,(3,9223372036854775807))
Edge(115785,174403,(3,9223372036854775807))
Edge(115823,211725,(3,9223372036854775807))
Edge(116281,393792,(3,9223372036854775807))
Edge(116286,18661,(3,9223372036854775807))
Edge(116390,46101,(3,9223372036854775807))
Edge(116461,441717,(1,3))
Edge(116613,74119,(1,9223372036854775807))
Edge(116698,190710,(3,9223372036854775807))
Edge(116769,376184,(3,9223372036854775807))
Edge(116959,46338,(3,9223372036854775807))
Edge(117024,441794,(3,9223372036854775807))
Edge(117320,8854,(3,9223372036854775807))
Edge(117564,173213,(3,9223372036854775807))
Edge(117672,390236,(1,9223372036854775807))
Edge(117935,310593,(3,9223372036854775807))
Edge(118376,167438,(3,9223372036854775807))
Edge(118852,391129,(3,9223372036854775807))
Edge(118909,274644,(3,9223372036854775807))
Edge(119119,42225,(3,9223372036854775807))
Edge(119128,478144,(3,9223372036854775807))
Edge(119266,173029,(3,9223372036854775807))
Edge(119426,317154,(1,9223372036854775807))
Edge(119498,385522,(3,9223372036854775807))
Edge(119609,11141,(1,3))
Edge(120340,82136,(3,9223372036854775807))
Edge(120941,493628,(3,9223372036854775807))
Edge(121554,135677,(1,3))
Edge(122335,216987,(3,9223372036854775807))
Edge(122422,454910,(3,9223372036854775807))
Edge(123258,424057,(3,9223372036854775807))
Edge(124115,164894,(3,9223372036854775807))
Edge(124848,250091,(4,9223372036854775807))
Edge(125236,462195,(3,9223372036854775807))
Edge(125594,333971,(3,9223372036854775807))
Edge(125723,412258,(3,9223372036854775807))
Edge(125809,218250,(1,9223372036854775807))
Edge(125905,479327,(3,9223372036854775807))
Edge(126247,261812,(1,9223372036854775807))
Edge(126427,86751,(3,9223372036854775807))
Edge(126484,270273,(3,9223372036854775807))
Edge(127096,5270,(3,9223372036854775807))
Edge(127157,67188,(2,9223372036854775807))
Edge(127820,79579,(3,9223372036854775807))
Edge(128055,175523,(3,9223372036854775807))
Edge(128407,411870,(3,9223372036854775807))
Edge(128649,302787,(1,3))
Edge(129051,35023,(3,9223372036854775807))
Edge(129063,373949,(3,9223372036854775807))
Edge(129184,485894,(3,9223372036854775807))
Edge(129308,371924,(3,9223372036854775807))
Edge(129767,317715,(1,9223372036854775807))
Edge(129865,436916,(3,9223372036854775807))
Edge(130830,180901,(3,9223372036854775807))
Edge(130952,398508,(1,3))
Edge(131218,478239,(3,9223372036854775807))
Edge(131314,189504,(3,9223372036854775807))
Edge(132829,321758,(3,9223372036854775807))
Edge(133356,405475,(3,9223372036854775807))
Edge(133519,413880,(3,9223372036854775807))
Edge(133673,225670,(3,9223372036854775807))
Edge(133706,236814,(3,9223372036854775807))
Edge(133726,258843,(1,9223372036854775807))
Edge(133747,37707,(1,3))
Edge(134126,42942,(3,9223372036854775807))
Edge(134368,380661,(3,9223372036854775807))
Edge(134691,152400,(3,9223372036854775807))
Edge(134949,152764,(3,9223372036854775807))
Edge(135121,52691,(3,9223372036854775807))
Edge(136003,227672,(3,9223372036854775807))
Edge(136126,464544,(1,9223372036854775807))
Edge(136251,148720,(3,9223372036854775807))
Edge(136818,298795,(3,9223372036854775807))
Edge(137182,434773,(1,3))
Edge(137540,266300,(1,3))
Edge(137731,67600,(1,9223372036854775807))
Edge(138409,407967,(3,9223372036854775807))
Edge(138617,331210,(3,9223372036854775807))
Edge(138627,80653,(3,9223372036854775807))
Edge(138853,65377,(3,9223372036854775807))
Edge(139367,292801,(3,9223372036854775807))
Edge(139598,359955,(1,3))
Edge(139636,183695,(3,9223372036854775807))
Edge(139832,44544,(3,9223372036854775807))
Edge(139903,214854,(3,9223372036854775807))
Edge(140040,262950,(3,9223372036854775807))
Edge(140415,433217,(3,9223372036854775807))
Edge(140712,312483,(3,9223372036854775807))
Edge(140819,360649,(3,9223372036854775807))
Edge(140949,496085,(3,9223372036854775807))
Edge(141652,220484,(3,9223372036854775807))
Edge(141664,450490,(3,9223372036854775807))
Edge(142021,100396,(1,9223372036854775807))
Edge(142209,213830,(1,9223372036854775807))
Edge(143056,72695,(3,9223372036854775807))
Edge(143461,495354,(1,3))
Edge(143692,301288,(3,9223372036854775807))
Edge(143848,164574,(3,9223372036854775807))
Edge(144073,111753,(3,9223372036854775807))
Edge(144387,104560,(3,9223372036854775807))
Edge(144850,83460,(3,9223372036854775807))
Edge(145055,324430,(3,9223372036854775807))
Edge(145146,291367,(3,9223372036854775807))
Edge(145315,227150,(1,3))
Edge(145646,285746,(1,3))
Edge(145931,378089,(3,9223372036854775807))
Edge(145940,393303,(3,9223372036854775807))
Edge(146218,198835,(3,9223372036854775807))
Edge(146236,225199,(1,9223372036854775807))
Edge(146807,223064,(3,9223372036854775807))
Edge(147439,53208,(3,9223372036854775807))
Edge(147897,490933,(3,9223372036854775807))
Edge(148804,323324,(3,9223372036854775807))
Edge(149275,206037,(3,9223372036854775807))
Edge(149789,52902,(1,3))
Edge(150722,429198,(3,9223372036854775807))
Edge(150735,424561,(1,3))
Edge(150779,86642,(3,9223372036854775807))
Edge(150830,408154,(3,9223372036854775807))
Edge(151034,81295,(3,9223372036854775807))
Edge(151176,318954,(3,9223372036854775807))
Edge(151988,252644,(3,9223372036854775807))
Edge(152145,480422,(3,9223372036854775807))
Edge(153064,496081,(1,3))
Edge(153182,168358,(3,9223372036854775807))
Edge(153275,73519,(3,9223372036854775807))
Edge(153417,16893,(1,9223372036854775807))
Edge(153435,137693,(3,9223372036854775807))
Edge(153593,101746,(3,9223372036854775807))
Edge(153828,200898,(3,9223372036854775807))
Edge(153877,142477,(3,9223372036854775807))
Edge(154080,372334,(3,9223372036854775807))
Edge(154589,303525,(1,9223372036854775807))
Edge(154921,194228,(3,9223372036854775807))
Edge(155597,389080,(3,9223372036854775807))
Edge(156518,247207,(3,9223372036854775807))
Edge(156718,122469,(3,9223372036854775807))
Edge(156796,324021,(3,9223372036854775807))
Edge(156879,455958,(3,9223372036854775807))
Edge(157050,315944,(1,9223372036854775807))
Edge(157202,489818,(3,9223372036854775807))
Edge(157243,497026,(3,9223372036854775807))
Edge(158060,283389,(1,9223372036854775807))
Edge(158228,96115,(3,9223372036854775807))
Edge(158269,135148,(3,9223372036854775807))
Edge(158382,44957,(3,9223372036854775807))
Edge(159166,203281,(3,9223372036854775807))
Edge(159475,71113,(4,9223372036854775807))
Edge(159615,114230,(3,9223372036854775807))
Edge(159782,128150,(3,9223372036854775807))
Edge(159799,425952,(3,9223372036854775807))
Edge(159884,371614,(3,9223372036854775807))
Edge(160135,130601,(3,9223372036854775807))
Edge(160407,499097,(3,9223372036854775807))
Edge(160972,35071,(3,9223372036854775807))
Edge(161710,464316,(3,9223372036854775807))
Edge(162151,30456,(1,3))
Edge(162505,216324,(3,9223372036854775807))
Edge(162804,201293,(3,9223372036854775807))
Edge(162967,165860,(1,3))
Edge(163042,287594,(3,9223372036854775807))
Edge(163055,25539,(3,9223372036854775807))
Edge(163098,384199,(3,9223372036854775807))
Edge(163567,6625,(1,9223372036854775807))
Edge(163570,426465,(3,9223372036854775807))
Edge(164305,463756,(3,9223372036854775807))
Edge(164715,25777,(3,9223372036854775807))
Edge(164940,328577,(1,3))
Edge(165179,395287,(3,9223372036854775807))
Edge(165360,312621,(3,9223372036854775807))
Edge(166130,146132,(3,9223372036854775807))
Edge(166900,385398,(3,9223372036854775807))
Edge(166914,377986,(3,9223372036854775807))
Edge(167114,70379,(3,9223372036854775807))
Edge(167266,40143,(3,9223372036854775807))
Edge(167546,116561,(1,9223372036854775807))
Edge(167610,471952,(3,9223372036854775807))
Edge(167940,427763,(3,9223372036854775807))
Edge(167989,395024,(3,9223372036854775807))
Edge(168827,281005,(3,9223372036854775807))
Edge(169231,106248,(3,9223372036854775807))
Edge(169399,88015,(3,9223372036854775807))
Edge(169455,226683,(3,9223372036854775807))
Edge(169461,382509,(3,9223372036854775807))
Edge(169584,449363,(1,3))
Edge(169603,189752,(1,3))
Edge(169659,16543,(3,9223372036854775807))
Edge(169881,259712,(3,9223372036854775807))
Edge(170027,203154,(1,3))
Edge(170516,48439,(3,9223372036854775807))
Edge(170650,138046,(3,9223372036854775807))
Edge(170822,89949,(3,9223372036854775807))
Edge(170870,281648,(3,9223372036854775807))
Edge(170876,28491,(3,9223372036854775807))
Edge(170876,242852,(3,9223372036854775807))
Edge(171214,201680,(3,9223372036854775807))
Edge(172375,350228,(3,9223372036854775807))
Edge(172693,173420,(3,9223372036854775807))
Edge(172884,190680,(1,9223372036854775807))
Edge(173230,416409,(3,9223372036854775807))
Edge(173688,328617,(3,9223372036854775807))
Edge(173987,350493,(3,9223372036854775807))
Edge(174253,71133,(3,9223372036854775807))
Edge(175870,78394,(3,9223372036854775807))
Edge(175958,159799,(1,9223372036854775807))
Edge(176089,255430,(3,9223372036854775807))
Edge(176780,478604,(3,9223372036854775807))
Edge(177278,255471,(3,9223372036854775807))
Edge(177432,91154,(3,9223372036854775807))
Edge(178143,327617,(3,9223372036854775807))
Edge(178159,52199,(3,9223372036854775807))
Edge(178468,478356,(1,9223372036854775807))
Edge(178563,225127,(4,9223372036854775807))
Edge(178744,5648,(3,9223372036854775807))
Edge(178990,335568,(3,9223372036854775807))
Edge(179350,353030,(1,9223372036854775807))
Edge(179678,371475,(3,9223372036854775807))
Edge(180556,106283,(3,9223372036854775807))
Edge(180664,49137,(1,9223372036854775807))
Edge(180796,69283,(3,9223372036854775807))
Edge(180904,297686,(1,9223372036854775807))
Edge(180932,98933,(3,9223372036854775807))
Edge(181268,249538,(3,9223372036854775807))
Edge(181292,181842,(3,9223372036854775807))
Edge(181806,176421,(3,9223372036854775807))
Edge(182423,483856,(3,9223372036854775807))
Edge(182974,457065,(3,9223372036854775807))
Edge(182996,295943,(3,9223372036854775807))
Edge(183061,4420,(3,9223372036854775807))
Edge(183068,20485,(1,9223372036854775807))
Edge(183333,165285,(3,9223372036854775807))
Edge(183416,396909,(3,9223372036854775807))
Edge(184264,311419,(3,9223372036854775807))
Edge(184273,135223,(1,9223372036854775807))
Edge(184372,278613,(3,9223372036854775807))
Edge(184419,408539,(1,3))
Edge(184485,467352,(3,9223372036854775807))
Edge(184542,80930,(1,3))
Edge(184578,227305,(1,9223372036854775807))
Edge(185193,411316,(3,9223372036854775807))
Edge(185237,412712,(1,9223372036854775807))
Edge(185877,440493,(3,9223372036854775807))
Edge(186523,380682,(1,9223372036854775807))
Edge(187206,451090,(3,9223372036854775807))
Edge(187313,49079,(1,9223372036854775807))
Edge(187389,502,(1,9223372036854775807))
Edge(187646,336841,(1,9223372036854775807))
Edge(187751,494533,(3,9223372036854775807))
Edge(188060,311282,(1,9223372036854775807))
Edge(189209,203037,(3,9223372036854775807))
Edge(189313,343996,(1,9223372036854775807))
Edge(189607,319449,(3,9223372036854775807))
Edge(189853,427978,(3,9223372036854775807))
Edge(190133,284828,(3,9223372036854775807))
Edge(190261,432552,(1,3))
Edge(190342,138301,(1,9223372036854775807))
Edge(190342,193995,(3,9223372036854775807))
Edge(190347,410892,(3,9223372036854775807))
Edge(190403,136130,(3,9223372036854775807))
Edge(190432,126601,(3,9223372036854775807))
Edge(190603,436106,(3,9223372036854775807))
Edge(190606,179953,(3,9223372036854775807))
Edge(190911,230758,(1,9223372036854775807))
Edge(190941,465339,(3,9223372036854775807))
Edge(191129,257785,(3,9223372036854775807))
Edge(191282,48695,(3,9223372036854775807))
Edge(191766,272883,(3,9223372036854775807))
Edge(191932,77056,(3,9223372036854775807))
Edge(192190,248800,(3,9223372036854775807))
Edge(193415,103343,(3,9223372036854775807))
Edge(194035,364583,(3,9223372036854775807))
Edge(194454,369598,(3,9223372036854775807))
Edge(195465,125135,(1,9223372036854775807))
Edge(196749,34101,(3,9223372036854775807))
Edge(196888,132978,(1,9223372036854775807))
Edge(197442,402325,(1,9223372036854775807))
Edge(197969,190303,(3,9223372036854775807))
Edge(199204,383932,(3,9223372036854775807))
Edge(200090,199585,(3,9223372036854775807))
Edge(200451,483260,(3,9223372036854775807))
Edge(200792,264305,(3,9223372036854775807))
Edge(200817,100507,(3,9223372036854775807))
Edge(200846,412169,(3,9223372036854775807))
Edge(200876,84035,(3,9223372036854775807))
Edge(201300,137411,(3,9223372036854775807))
Edge(201493,155961,(3,9223372036854775807))
Edge(202448,472832,(1,9223372036854775807))
Edge(203003,267065,(3,9223372036854775807))
Edge(203260,327100,(1,3))
Edge(203287,352632,(3,9223372036854775807))
Edge(203317,224383,(3,9223372036854775807))
Edge(203959,159610,(3,9223372036854775807))
Edge(204383,240049,(3,9223372036854775807))
Edge(204503,228404,(3,9223372036854775807))
Edge(204694,492684,(3,9223372036854775807))
Edge(204888,366227,(3,9223372036854775807))
Edge(204907,314006,(3,9223372036854775807))
Edge(205400,362270,(3,9223372036854775807))
Edge(205770,347456,(3,9223372036854775807))
Edge(206172,52971,(3,9223372036854775807))
Edge(206539,408658,(3,9223372036854775807))
Edge(207669,484709,(3,9223372036854775807))
Edge(207828,77811,(3,9223372036854775807))
Edge(209224,421930,(3,9223372036854775807))
Edge(209257,486524,(3,9223372036854775807))
Edge(209641,427083,(3,9223372036854775807))
Edge(210539,77065,(3,9223372036854775807))
Edge(210676,164427,(3,9223372036854775807))
Edge(210862,354516,(1,9223372036854775807))
Edge(210966,416120,(1,3))
Edge(211050,410104,(3,9223372036854775807))
Edge(211770,365784,(3,9223372036854775807))
Edge(211807,43541,(1,3))
Edge(211816,417891,(3,9223372036854775807))
Edge(213374,476199,(3,9223372036854775807))
Edge(213451,126057,(4,9223372036854775807))
Edge(213637,248385,(3,9223372036854775807))
Edge(213859,277878,(3,9223372036854775807))
Edge(213878,99578,(1,9223372036854775807))
Edge(213908,119660,(3,9223372036854775807))
Edge(213909,265420,(3,9223372036854775807))
Edge(214076,437208,(3,9223372036854775807))
Edge(215214,35184,(3,9223372036854775807))
Edge(215265,167926,(3,9223372036854775807))
Edge(215306,264211,(3,9223372036854775807))
Edge(215954,180747,(3,9223372036854775807))
Edge(216453,10681,(1,9223372036854775807))
Edge(216576,42849,(3,9223372036854775807))
Edge(216637,292073,(3,9223372036854775807))
Edge(217058,274546,(4,9223372036854775807))
Edge(217527,61744,(1,3))
Edge(217654,27009,(1,9223372036854775807))
Edge(217842,367623,(3,9223372036854775807))
Edge(217948,196692,(3,9223372036854775807))
Edge(218159,16932,(3,9223372036854775807))
Edge(218702,282024,(3,9223372036854775807))
Edge(218775,49132,(3,9223372036854775807))
Edge(218937,65055,(3,9223372036854775807))
Edge(219049,78134,(3,9223372036854775807))
Edge(219079,331014,(3,9223372036854775807))
Edge(219256,132839,(3,9223372036854775807))
Edge(219323,497407,(3,9223372036854775807))
Edge(219509,47879,(3,9223372036854775807))
Edge(219767,475979,(3,9223372036854775807))
Edge(219769,304878,(3,9223372036854775807))
Edge(220316,64058,(3,9223372036854775807))
Edge(220317,452280,(3,9223372036854775807))
Edge(220407,71681,(3,9223372036854775807))
Edge(220684,279942,(3,9223372036854775807))
Edge(220796,372860,(3,9223372036854775807))
Edge(221529,94615,(3,9223372036854775807))
Edge(221584,311858,(3,9223372036854775807))
Edge(222029,471726,(1,9223372036854775807))
Edge(222089,205354,(1,9223372036854775807))
Edge(222150,494895,(3,9223372036854775807))
Edge(222269,68385,(3,9223372036854775807))
Edge(222371,6912,(3,9223372036854775807))
Edge(222450,385486,(3,9223372036854775807))
Edge(222549,240271,(3,9223372036854775807))
Edge(222974,422064,(3,9223372036854775807))
Edge(223132,396823,(3,9223372036854775807))
Edge(223745,456399,(3,9223372036854775807))
Edge(223937,412167,(1,4))
Edge(224315,265244,(3,9223372036854775807))
Edge(224911,31735,(3,9223372036854775807))
Edge(225090,70838,(3,9223372036854775807))
Edge(225266,137407,(3,9223372036854775807))
Edge(225354,118887,(3,9223372036854775807))
Edge(226125,144919,(3,9223372036854775807))
Edge(226290,164530,(1,9223372036854775807))
Edge(226420,180494,(3,9223372036854775807))
Edge(226435,108489,(3,9223372036854775807))
Edge(227383,253249,(3,9223372036854775807))
Edge(227509,129866,(3,9223372036854775807))
Edge(227699,205299,(3,9223372036854775807))
Edge(227799,475978,(3,9223372036854775807))
Edge(228129,164206,(3,9223372036854775807))
Edge(228636,134884,(3,9223372036854775807))
Edge(228871,435552,(3,9223372036854775807))
Edge(229186,37845,(3,9223372036854775807))
Edge(229344,190041,(3,9223372036854775807))
Edge(229841,278794,(3,9223372036854775807))
Edge(229918,240473,(3,9223372036854775807))
Edge(230140,388434,(3,9223372036854775807))
Edge(230322,129873,(3,9223372036854775807))
Edge(230395,65060,(3,9223372036854775807))
Edge(230421,313418,(3,9223372036854775807))
Edge(230786,167671,(3,9223372036854775807))
Edge(231775,251484,(3,9223372036854775807))
Edge(231907,301872,(3,9223372036854775807))
Edge(232758,56751,(3,9223372036854775807))
Edge(233535,306300,(3,9223372036854775807))
Edge(233567,62861,(3,9223372036854775807))
Edge(234060,351030,(3,9223372036854775807))
Edge(234287,130118,(1,9223372036854775807))
Edge(234359,119388,(1,9223372036854775807))
Edge(234404,228054,(3,9223372036854775807))
Edge(234623,135152,(3,9223372036854775807))
Edge(234658,360643,(3,9223372036854775807))
Edge(234786,323538,(3,9223372036854775807))
Edge(235053,278971,(3,9223372036854775807))
Edge(235320,386187,(3,9223372036854775807))
Edge(235442,137659,(1,3))
Edge(235571,123837,(3,9223372036854775807))
Edge(235792,181635,(3,9223372036854775807))
Edge(236044,132019,(3,9223372036854775807))
Edge(236986,305218,(1,9223372036854775807))
Edge(237954,327469,(3,9223372036854775807))
Edge(238439,261556,(3,9223372036854775807))
Edge(238503,269120,(3,9223372036854775807))
Edge(238814,443261,(3,9223372036854775807))
Edge(239133,380085,(3,9223372036854775807))
Edge(239589,182868,(3,9223372036854775807))
Edge(239883,167444,(3,9223372036854775807))
Edge(239926,259834,(1,9223372036854775807))
Edge(240134,310175,(3,9223372036854775807))
Edge(240177,386398,(3,9223372036854775807))
Edge(240797,291879,(3,9223372036854775807))
Edge(241238,113603,(1,9223372036854775807))
Edge(241278,148970,(3,9223372036854775807))
Edge(241910,377167,(3,9223372036854775807))
Edge(242012,180803,(1,3))
Edge(242130,354114,(3,9223372036854775807))
Edge(242144,404491,(3,9223372036854775807))
Edge(242154,78109,(1,9223372036854775807))
Edge(242411,126870,(3,9223372036854775807))
Edge(242452,378241,(3,9223372036854775807))
Edge(242720,213233,(3,9223372036854775807))
Edge(242815,369545,(3,9223372036854775807))
Edge(242883,425079,(3,9223372036854775807))
Edge(243221,451552,(3,9223372036854775807))
Edge(243356,130655,(3,9223372036854775807))
Edge(244030,165845,(3,9223372036854775807))
Edge(244469,254474,(1,9223372036854775807))
Edge(245855,460630,(3,9223372036854775807))
Edge(246024,76347,(3,9223372036854775807))
Edge(246218,151712,(3,9223372036854775807))
Edge(246276,92037,(1,9223372036854775807))
Edge(247259,51801,(3,9223372036854775807))
Edge(247541,142669,(3,9223372036854775807))
Edge(247622,332278,(1,9223372036854775807))
Edge(247751,249517,(3,9223372036854775807))
Edge(248038,149634,(1,3))
Edge(248039,85392,(3,9223372036854775807))
Edge(248100,450240,(3,9223372036854775807))
Edge(248756,486662,(3,9223372036854775807))
Edge(248798,439417,(1,9223372036854775807))
Edge(248848,190991,(3,9223372036854775807))
Edge(249270,155601,(1,3))
Edge(249313,155026,(3,9223372036854775807))
Edge(249482,252924,(3,9223372036854775807))
Edge(249946,338011,(3,9223372036854775807))
Edge(250064,166135,(3,9223372036854775807))
Edge(250148,296957,(1,9223372036854775807))
Edge(250433,160387,(3,9223372036854775807))
Edge(250438,130748,(3,9223372036854775807))
Edge(250758,441854,(3,9223372036854775807))
Edge(251013,319995,(3,9223372036854775807))
Edge(251369,155492,(3,9223372036854775807))
Edge(251388,202346,(3,9223372036854775807))
Edge(251916,98660,(3,9223372036854775807))
Edge(252137,481313,(1,3))
Edge(252146,156342,(3,9223372036854775807))
Edge(252175,273227,(1,9223372036854775807))
Edge(252270,352884,(1,9223372036854775807))
Edge(252633,50281,(3,9223372036854775807))
Edge(253826,36875,(3,9223372036854775807))
Edge(253840,139900,(3,9223372036854775807))
Edge(253867,388735,(3,9223372036854775807))
Edge(254043,131617,(3,9223372036854775807))
Edge(254250,340081,(3,9223372036854775807))
Edge(254291,53693,(3,9223372036854775807))
Edge(254869,25830,(3,9223372036854775807))
Edge(255273,495116,(3,9223372036854775807))
Edge(255513,394109,(3,9223372036854775807))
Edge(255806,384259,(3,9223372036854775807))
Edge(256180,9300,(3,9223372036854775807))
Edge(256196,106965,(3,9223372036854775807))
Edge(256436,19980,(1,9223372036854775807))
Edge(258244,224453,(3,9223372036854775807))
Edge(258515,156663,(3,9223372036854775807))
Edge(259086,211801,(3,9223372036854775807))
Edge(259168,430613,(3,9223372036854775807))
Edge(260266,178041,(1,9223372036854775807))
Edge(260578,474465,(3,9223372036854775807))
Edge(261386,452839,(3,9223372036854775807))
Edge(261752,314539,(1,9223372036854775807))
Edge(262503,251548,(3,9223372036854775807))
Edge(262797,223837,(3,9223372036854775807))
Edge(262829,259535,(1,3))
Edge(263122,1417,(3,9223372036854775807))
Edge(263298,465582,(3,9223372036854775807))
Edge(263365,207310,(3,9223372036854775807))
Edge(264373,112159,(1,3))
Edge(264890,48414,(3,9223372036854775807))
Edge(265109,165220,(3,9223372036854775807))
Edge(266347,201194,(1,3))
Edge(266432,412265,(3,9223372036854775807))
Edge(267698,457333,(3,9223372036854775807))
Edge(267721,496963,(1,3))
Edge(267798,338872,(3,9223372036854775807))
Edge(267880,132940,(3,9223372036854775807))
Edge(267909,284881,(1,3))
Edge(268113,241963,(3,9223372036854775807))
Edge(268242,30205,(1,3))
Edge(268615,373922,(3,9223372036854775807))
Edge(268897,125954,(3,9223372036854775807))
Edge(269351,484782,(3,9223372036854775807))
Edge(269527,418400,(3,9223372036854775807))
Edge(269990,332080,(3,9223372036854775807))
Edge(270286,491888,(3,9223372036854775807))
Edge(270458,159393,(3,9223372036854775807))
Edge(270957,479647,(1,3))
Edge(271229,183564,(3,9223372036854775807))
Edge(271472,429481,(3,9223372036854775807))
Edge(271495,3381,(3,9223372036854775807))
Edge(271738,353542,(3,9223372036854775807))
Edge(272026,42222,(3,9223372036854775807))
Edge(272064,142856,(3,9223372036854775807))
Edge(272243,396748,(1,3))
Edge(272463,228668,(3,9223372036854775807))
Edge(272575,382442,(1,9223372036854775807))
Edge(272786,446037,(1,3))
Edge(272804,491905,(3,9223372036854775807))
Edge(272828,448832,(3,9223372036854775807))
Edge(272928,401875,(3,9223372036854775807))
Edge(273192,369823,(3,9223372036854775807))
Edge(273222,103327,(3,9223372036854775807))
Edge(273303,98356,(1,9223372036854775807))
Edge(273345,317439,(3,9223372036854775807))
Edge(273670,135094,(3,9223372036854775807))
Edge(274245,448336,(3,9223372036854775807))
Edge(274999,77564,(3,9223372036854775807))
Edge(275447,465198,(3,9223372036854775807))
Edge(275513,252390,(3,9223372036854775807))
Edge(275685,75700,(3,9223372036854775807))
Edge(275812,473008,(1,9223372036854775807))
Edge(276127,426269,(3,9223372036854775807))
Edge(276221,143104,(1,9223372036854775807))
Edge(276622,251785,(3,9223372036854775807))
Edge(276825,379202,(3,9223372036854775807))
Edge(276985,317593,(3,9223372036854775807))
Edge(277206,213773,(3,9223372036854775807))
Edge(277438,263838,(3,9223372036854775807))
Edge(277549,79076,(3,9223372036854775807))
Edge(277928,117266,(3,9223372036854775807))
Edge(277990,435146,(3,9223372036854775807))
Edge(278011,200170,(1,3))
Edge(278012,471114,(3,9223372036854775807))
Edge(278026,452668,(3,9223372036854775807))
Edge(278080,18053,(3,9223372036854775807))
Edge(278104,41322,(3,9223372036854775807))
Edge(278448,476220,(1,9223372036854775807))
Edge(278511,261460,(1,9223372036854775807))
Edge(278815,129167,(1,3))
Edge(279337,427410,(3,9223372036854775807))
Edge(279368,176595,(3,9223372036854775807))
Edge(279630,33911,(4,9223372036854775807))
Edge(280125,34959,(3,9223372036854775807))
Edge(280223,124492,(3,9223372036854775807))
Edge(280336,463259,(3,9223372036854775807))
Edge(280377,44811,(3,9223372036854775807))
Edge(280436,389646,(3,9223372036854775807))
Edge(280523,56132,(3,9223372036854775807))
Edge(280553,155183,(1,3))
Edge(280717,85673,(3,9223372036854775807))
Edge(281177,169023,(3,9223372036854775807))
Edge(281512,59846,(3,9223372036854775807))
Edge(282150,247845,(1,3))
Edge(282335,228774,(3,9223372036854775807))
Edge(282779,318156,(3,9223372036854775807))
Edge(283231,474616,(3,9223372036854775807))
Edge(283633,202917,(1,3))
Edge(283776,215535,(3,9223372036854775807))
Edge(283832,231814,(3,9223372036854775807))
Edge(283955,170469,(3,9223372036854775807))
Edge(284123,289845,(3,9223372036854775807))
Edge(284232,431804,(3,9223372036854775807))
Edge(284375,10349,(1,9223372036854775807))
Edge(284399,254236,(1,3))
Edge(284418,92489,(3,9223372036854775807))
Edge(284510,213082,(3,9223372036854775807))
Edge(284587,182362,(4,9223372036854775807))
Edge(284876,440242,(3,9223372036854775807))
Edge(284915,152671,(3,9223372036854775807))
Edge(285117,129171,(3,9223372036854775807))
Edge(285372,34866,(1,9223372036854775807))
Edge(285389,408556,(3,9223372036854775807))
Edge(285432,153041,(3,9223372036854775807))
Edge(286760,490004,(3,9223372036854775807))
Edge(286840,293487,(3,9223372036854775807))
Edge(287439,488332,(3,9223372036854775807))
Edge(288255,329270,(1,9223372036854775807))
Edge(289097,344142,(3,9223372036854775807))
Edge(289267,392798,(1,9223372036854775807))
Edge(289697,176268,(3,9223372036854775807))
Edge(289911,47696,(1,9223372036854775807))
Edge(290587,42005,(1,3))
Edge(290884,17430,(3,9223372036854775807))
Edge(291040,317386,(3,9223372036854775807))
Edge(291157,393515,(3,9223372036854775807))
Edge(291601,5096,(3,9223372036854775807))
Edge(291889,67660,(3,9223372036854775807))
Edge(292477,499160,(1,9223372036854775807))
Edge(292505,314504,(3,9223372036854775807))
Edge(292626,201555,(3,9223372036854775807))
Edge(292901,235233,(3,9223372036854775807))
Edge(293003,221269,(3,9223372036854775807))
Edge(293049,161663,(3,9223372036854775807))
Edge(293106,28766,(3,9223372036854775807))
Edge(293167,202715,(3,9223372036854775807))
Edge(293962,152412,(1,3))
Edge(294646,170959,(3,9223372036854775807))
Edge(294791,166587,(1,9223372036854775807))
Edge(295180,98280,(3,9223372036854775807))
Edge(295508,368157,(1,3))
Edge(296177,43998,(3,9223372036854775807))
Edge(296486,300671,(1,3))
Edge(297051,380843,(1,3))
Edge(297198,427220,(3,9223372036854775807))
Edge(297238,448621,(3,9223372036854775807))
Edge(297448,224171,(1,9223372036854775807))
Edge(297890,232063,(3,9223372036854775807))
Edge(298364,79837,(1,9223372036854775807))
Edge(298685,228986,(3,9223372036854775807))
Edge(298688,375320,(3,9223372036854775807))
Edge(298872,119369,(3,9223372036854775807))
Edge(299188,351139,(3,9223372036854775807))
Edge(299686,51253,(3,9223372036854775807))
Edge(300043,449957,(3,9223372036854775807))
Edge(300331,126113,(3,9223372036854775807))
Edge(300402,429772,(3,9223372036854775807))
Edge(300776,167611,(3,9223372036854775807))
Edge(300879,176866,(3,9223372036854775807))
Edge(301384,91703,(3,9223372036854775807))
Edge(302072,28830,(3,9223372036854775807))
Edge(302184,258949,(3,9223372036854775807))
Edge(302236,129155,(3,9223372036854775807))
Edge(302510,313982,(3,9223372036854775807))
Edge(302721,171771,(3,9223372036854775807))
Edge(303577,343152,(3,9223372036854775807))
Edge(303777,453689,(1,9223372036854775807))
Edge(303885,280125,(3,9223372036854775807))
Edge(303911,456487,(3,9223372036854775807))
Edge(303997,216137,(3,9223372036854775807))
Edge(304187,135623,(1,3))
Edge(304361,421111,(3,9223372036854775807))
Edge(304896,25122,(1,3))
Edge(305068,18797,(4,9223372036854775807))
Edge(305376,486352,(3,9223372036854775807))
Edge(305557,255457,(1,9223372036854775807))
Edge(305785,246340,(3,9223372036854775807))
Edge(305921,177100,(3,9223372036854775807))
Edge(306487,30676,(3,9223372036854775807))
Edge(306786,286050,(3,9223372036854775807))
Edge(307068,261405,(3,9223372036854775807))
Edge(307238,163356,(1,3))
Edge(308042,214956,(3,9223372036854775807))
Edge(308151,279919,(3,9223372036854775807))
Edge(308424,463951,(3,9223372036854775807))
Edge(308476,182916,(1,9223372036854775807))
Edge(308997,325369,(1,9223372036854775807))
Edge(309001,350403,(1,9223372036854775807))
Edge(309233,216740,(3,9223372036854775807))
Edge(309272,224700,(3,9223372036854775807))
Edge(309376,279858,(1,3))
Edge(309441,149712,(1,9223372036854775807))
Edge(309516,61110,(3,9223372036854775807))
Edge(309688,492602,(3,9223372036854775807))
Edge(309917,230331,(3,9223372036854775807))
Edge(310034,195894,(1,9223372036854775807))
Edge(310540,54688,(3,9223372036854775807))
Edge(310749,486104,(1,9223372036854775807))
Edge(310799,320317,(3,9223372036854775807))
Edge(311167,246461,(3,9223372036854775807))
Edge(311197,360530,(3,9223372036854775807))
Edge(311682,208190,(3,9223372036854775807))
Edge(311980,301700,(3,9223372036854775807))
Edge(312200,63385,(1,9223372036854775807))
Edge(312783,81719,(3,9223372036854775807))
Edge(314178,234366,(3,9223372036854775807))
Edge(314326,282208,(3,9223372036854775807))
Edge(314437,34734,(3,9223372036854775807))
Edge(314534,270909,(3,9223372036854775807))
Edge(314598,230263,(3,9223372036854775807))
Edge(314779,375022,(3,9223372036854775807))
Edge(315128,22879,(3,9223372036854775807))
Edge(315578,200806,(3,9223372036854775807))
Edge(315946,151877,(1,3))
Edge(316058,180464,(1,9223372036854775807))
Edge(316084,116828,(1,3))
Edge(316456,170604,(3,9223372036854775807))
Edge(316575,342480,(3,9223372036854775807))
Edge(316592,250437,(1,3))
Edge(316736,6681,(3,9223372036854775807))
Edge(317100,316843,(3,9223372036854775807))
Edge(317398,239573,(1,9223372036854775807))
Edge(317470,437879,(3,9223372036854775807))
Edge(317852,156666,(3,9223372036854775807))
Edge(317945,10138,(3,9223372036854775807))
Edge(317962,400361,(1,3))
Edge(318099,87682,(3,9223372036854775807))
Edge(318304,370216,(3,9223372036854775807))
Edge(318663,297673,(3,9223372036854775807))
Edge(319074,240045,(1,3))
Edge(319414,140778,(3,9223372036854775807))
Edge(319468,409074,(3,9223372036854775807))
Edge(319510,133618,(3,9223372036854775807))
Edge(319658,4288,(1,9223372036854775807))
Edge(319665,84385,(3,9223372036854775807))
Edge(320186,269059,(3,9223372036854775807))
Edge(320404,411297,(3,9223372036854775807))
Edge(320676,252757,(1,9223372036854775807))
Edge(320696,461509,(3,9223372036854775807))
Edge(320889,406502,(3,9223372036854775807))
Edge(321027,165201,(3,9223372036854775807))
Edge(321128,387871,(3,9223372036854775807))
Edge(321605,227997,(1,9223372036854775807))
Edge(321782,387569,(3,9223372036854775807))
Edge(321796,235655,(3,9223372036854775807))
Edge(321800,166065,(3,9223372036854775807))
Edge(321803,479821,(3,9223372036854775807))
Edge(322246,380738,(3,9223372036854775807))
Edge(322942,266712,(3,9223372036854775807))
Edge(323048,96012,(3,9223372036854775807))
Edge(323311,57203,(3,9223372036854775807))
Edge(323494,16208,(3,9223372036854775807))
Edge(323548,161712,(3,9223372036854775807))
Edge(323551,119827,(3,9223372036854775807))
Edge(323681,77052,(1,3))
Edge(323735,157643,(3,9223372036854775807))
Edge(323832,478842,(3,9223372036854775807))
Edge(324059,430322,(3,9223372036854775807))
Edge(324132,154143,(3,9223372036854775807))
Edge(324212,352740,(1,9223372036854775807))
Edge(324259,36223,(3,9223372036854775807))
Edge(324336,375797,(3,9223372036854775807))
Edge(324344,200373,(1,3))
Edge(324482,110087,(3,9223372036854775807))
Edge(324606,94992,(3,9223372036854775807))
Edge(325143,266510,(3,9223372036854775807))
Edge(325774,450322,(3,9223372036854775807))
Edge(325876,25195,(3,9223372036854775807))
Edge(325934,159839,(1,3))
Edge(326854,229401,(3,9223372036854775807))
Edge(326932,620,(3,9223372036854775807))
Edge(327173,309970,(3,9223372036854775807))
Edge(327494,114667,(1,9223372036854775807))
Edge(327781,183422,(3,9223372036854775807))
Edge(328219,482106,(3,9223372036854775807))
Edge(328943,447024,(3,9223372036854775807))
Edge(329023,400345,(1,3))
Edge(329436,433162,(3,9223372036854775807))
Edge(329902,86620,(3,9223372036854775807))
Edge(329902,388180,(1,9223372036854775807))
Edge(330185,454229,(1,9223372036854775807))
Edge(330289,179573,(3,9223372036854775807))
Edge(330570,332912,(3,9223372036854775807))
Edge(330713,120420,(3,9223372036854775807))
Edge(331055,354658,(3,9223372036854775807))
Edge(332141,356140,(3,9223372036854775807))
Edge(332160,280472,(3,9223372036854775807))
Edge(332287,190795,(1,9223372036854775807))
Edge(332525,430657,(3,9223372036854775807))
Edge(332698,203213,(3,9223372036854775807))
Edge(333043,355416,(3,9223372036854775807))
Edge(333188,479126,(3,9223372036854775807))
Edge(333709,283566,(3,9223372036854775807))
Edge(333884,208764,(3,9223372036854775807))
Edge(333895,348177,(3,9223372036854775807))
Edge(334187,382957,(3,9223372036854775807))
Edge(334239,106605,(1,3))
Edge(334851,446559,(3,9223372036854775807))
Edge(335192,54771,(1,9223372036854775807))
Edge(335230,229269,(1,3))
Edge(335846,379663,(3,9223372036854775807))
Edge(336258,462232,(1,3))
Edge(336702,351552,(3,9223372036854775807))
Edge(336918,420543,(3,9223372036854775807))
Edge(336932,291749,(3,9223372036854775807))
Edge(337122,4616,(3,9223372036854775807))
Edge(337439,94472,(1,3))
Edge(337444,441168,(3,9223372036854775807))
Edge(337581,171316,(1,9223372036854775807))
Edge(337630,102980,(1,9223372036854775807))
Edge(337644,388413,(1,3))
Edge(337727,420469,(3,9223372036854775807))
Edge(337993,161385,(3,9223372036854775807))
Edge(338957,318944,(3,9223372036854775807))
Edge(339146,86028,(3,9223372036854775807))
Edge(339343,398242,(3,9223372036854775807))
Edge(339619,195757,(1,9223372036854775807))
Edge(339651,146634,(1,3))
Edge(339803,498585,(3,9223372036854775807))
Edge(339995,161222,(1,3))
Edge(340034,110919,(3,9223372036854775807))
Edge(340320,308303,(3,9223372036854775807))
Edge(340620,188474,(3,9223372036854775807))
Edge(340663,153945,(3,9223372036854775807))
Edge(340676,149457,(3,9223372036854775807))
Edge(340847,177578,(3,9223372036854775807))
Edge(341243,475379,(3,9223372036854775807))
Edge(341519,305314,(3,9223372036854775807))
Edge(342031,7790,(1,9223372036854775807))
Edge(342456,411070,(3,9223372036854775807))
Edge(342941,385874,(3,9223372036854775807))
Edge(343086,470553,(1,9223372036854775807))
Edge(343174,60161,(3,9223372036854775807))
Edge(343319,86463,(3,9223372036854775807))
Edge(343494,341418,(3,9223372036854775807))
Edge(344395,309069,(3,9223372036854775807))
Edge(344424,426033,(1,9223372036854775807))
Edge(344694,198025,(3,9223372036854775807))
Edge(344758,235759,(3,9223372036854775807))
Edge(344869,350556,(3,9223372036854775807))
Edge(345373,175273,(3,9223372036854775807))
Edge(346757,311583,(3,9223372036854775807))
Edge(346882,290998,(3,9223372036854775807))
Edge(346899,234111,(3,9223372036854775807))
Edge(347456,112954,(3,9223372036854775807))
Edge(347649,185454,(1,9223372036854775807))
Edge(347694,27442,(3,9223372036854775807))
Edge(347925,381623,(3,9223372036854775807))
Edge(348107,179724,(4,9223372036854775807))
Edge(348510,72945,(3,9223372036854775807))
Edge(349878,44865,(3,9223372036854775807))
Edge(349981,1244,(3,9223372036854775807))
Edge(350166,362348,(3,9223372036854775807))
Edge(350314,331240,(3,9223372036854775807))
Edge(350491,11802,(1,9223372036854775807))
Edge(350711,90296,(1,9223372036854775807))
Edge(351016,170219,(3,9223372036854775807))
Edge(351331,129651,(3,9223372036854775807))
Edge(351781,143262,(3,9223372036854775807))
Edge(352156,72624,(3,9223372036854775807))
Edge(352384,127410,(3,9223372036854775807))
Edge(352529,109362,(3,9223372036854775807))
Edge(352652,334388,(3,9223372036854775807))
Edge(352656,376200,(3,9223372036854775807))
Edge(352781,66389,(1,9223372036854775807))
Edge(352837,492589,(1,9223372036854775807))
Edge(353148,379582,(4,9223372036854775807))
Edge(353414,340926,(3,9223372036854775807))
Edge(353461,20862,(3,9223372036854775807))
Edge(353701,201490,(3,9223372036854775807))
Edge(353753,148220,(3,9223372036854775807))
Edge(354135,430667,(3,9223372036854775807))
Edge(354286,101009,(3,9223372036854775807))
Edge(354663,247375,(3,9223372036854775807))
Edge(354693,405931,(3,9223372036854775807))
Edge(354701,32559,(3,9223372036854775807))
Edge(354705,123134,(3,9223372036854775807))
Edge(354837,66348,(3,9223372036854775807))
Edge(354895,235482,(3,9223372036854775807))
Edge(355037,429663,(3,9223372036854775807))
Edge(355458,333851,(3,9223372036854775807))
Edge(355747,467154,(1,9223372036854775807))
Edge(356638,460953,(3,9223372036854775807))
Edge(356643,304187,(3,9223372036854775807))
Edge(356925,137154,(3,9223372036854775807))
Edge(356979,108697,(3,9223372036854775807))
Edge(357158,103306,(1,9223372036854775807))
Edge(357496,44809,(1,3))
Edge(358059,315636,(3,9223372036854775807))
Edge(358062,172125,(3,9223372036854775807))
Edge(358109,465058,(3,9223372036854775807))
Edge(358208,442256,(1,3))
Edge(359468,203641,(1,3))
Edge(360205,405596,(3,9223372036854775807))
Edge(360410,283250,(3,9223372036854775807))
Edge(361393,147578,(1,3))
Edge(361520,351942,(3,9223372036854775807))
Edge(361697,360389,(3,9223372036854775807))
Edge(362096,200118,(3,9223372036854775807))
Edge(362546,449018,(3,9223372036854775807))
Edge(363310,81563,(3,9223372036854775807))
Edge(363391,159701,(3,9223372036854775807))
Edge(363638,206041,(3,9223372036854775807))
Edge(364533,474782,(1,9223372036854775807))
Edge(364941,183014,(3,9223372036854775807))
Edge(365156,498099,(3,9223372036854775807))
Edge(365191,76436,(3,9223372036854775807))
Edge(365218,383245,(3,9223372036854775807))
Edge(366094,283129,(3,9223372036854775807))
Edge(366239,372800,(3,9223372036854775807))
Edge(366503,363913,(3,9223372036854775807))
Edge(366784,402554,(3,9223372036854775807))
Edge(366875,34013,(3,9223372036854775807))
Edge(367164,270317,(1,9223372036854775807))
Edge(367204,38244,(3,9223372036854775807))
Edge(367971,236071,(3,9223372036854775807))
Edge(368064,228768,(3,9223372036854775807))
Edge(368069,74197,(3,9223372036854775807))
Edge(368411,433838,(3,9223372036854775807))
Edge(368574,415483,(3,9223372036854775807))
Edge(368635,330094,(3,9223372036854775807))
Edge(368941,299021,(3,9223372036854775807))
Edge(369190,423058,(3,9223372036854775807))
Edge(369202,210340,(3,9223372036854775807))
Edge(369354,244019,(3,9223372036854775807))
Edge(369808,474621,(3,9223372036854775807))
Edge(369920,282879,(3,9223372036854775807))
Edge(370495,133817,(3,9223372036854775807))
Edge(370926,185093,(3,9223372036854775807))
Edge(371044,9771,(3,9223372036854775807))
Edge(371164,407548,(3,9223372036854775807))
Edge(371571,26726,(3,9223372036854775807))
Edge(371579,20064,(1,9223372036854775807))
Edge(371905,309060,(3,9223372036854775807))
Edge(372019,24095,(1,9223372036854775807))
Edge(372189,349085,(3,9223372036854775807))
Edge(372194,356666,(3,9223372036854775807))
Edge(372716,479844,(3,9223372036854775807))
Edge(372720,109782,(1,9223372036854775807))
Edge(372785,336840,(3,9223372036854775807))
Edge(372991,120739,(3,9223372036854775807))
Edge(373288,80541,(3,9223372036854775807))
Edge(374689,376199,(3,9223372036854775807))
Edge(375123,498004,(3,9223372036854775807))
Edge(375163,4084,(1,9223372036854775807))
Edge(375176,480967,(3,9223372036854775807))
Edge(375288,188885,(1,9223372036854775807))
Edge(375328,303136,(1,9223372036854775807))
Edge(375731,422898,(3,9223372036854775807))
Edge(376183,497740,(3,9223372036854775807))
Edge(376374,94866,(1,9223372036854775807))
Edge(376517,86786,(3,9223372036854775807))
Edge(376539,313055,(3,9223372036854775807))
Edge(377055,218346,(3,9223372036854775807))
Edge(377115,473865,(3,9223372036854775807))
Edge(377233,295500,(3,9223372036854775807))
Edge(377975,18517,(1,9223372036854775807))
Edge(378537,187903,(3,9223372036854775807))
Edge(378717,342113,(3,9223372036854775807))
Edge(378731,297789,(3,9223372036854775807))
Edge(378859,79824,(3,9223372036854775807))
Edge(378870,86337,(3,9223372036854775807))
Edge(379099,11003,(3,9223372036854775807))
Edge(379373,478598,(3,9223372036854775807))
Edge(379399,249503,(3,9223372036854775807))
Edge(379409,187506,(3,9223372036854775807))
Edge(379963,327361,(3,9223372036854775807))
Edge(380175,325341,(3,9223372036854775807))
Edge(380554,88351,(3,9223372036854775807))
Edge(380695,238622,(3,9223372036854775807))
Edge(381017,49936,(3,9223372036854775807))
Edge(381375,81785,(3,9223372036854775807))
Edge(381512,169001,(3,9223372036854775807))
Edge(382453,15331,(3,9223372036854775807))
Edge(383002,393130,(3,9223372036854775807))
Edge(383237,495788,(1,3))
Edge(383574,343249,(3,9223372036854775807))
Edge(383695,492361,(3,9223372036854775807))
Edge(383859,315364,(3,9223372036854775807))
Edge(383900,219131,(1,3))
Edge(384002,107485,(3,9223372036854775807))
Edge(384195,386327,(3,9223372036854775807))
Edge(384253,449947,(3,9223372036854775807))
Edge(384528,331755,(3,9223372036854775807))
Edge(385197,62710,(1,9223372036854775807))
Edge(385377,44862,(3,9223372036854775807))
Edge(385399,286212,(3,9223372036854775807))
Edge(385619,215139,(3,9223372036854775807))
Edge(386124,439700,(1,9223372036854775807))
Edge(386189,54905,(3,9223372036854775807))
Edge(386209,295854,(3,9223372036854775807))
Edge(386311,175741,(3,9223372036854775807))
Edge(387838,130517,(4,9223372036854775807))
Edge(388341,342345,(3,9223372036854775807))
Edge(388348,126071,(3,9223372036854775807))
Edge(388499,55825,(3,9223372036854775807))
Edge(388565,92379,(3,9223372036854775807))
Edge(388780,59845,(1,9223372036854775807))
Edge(389065,52013,(3,9223372036854775807))
Edge(389509,266255,(3,9223372036854775807))
Edge(389575,76751,(3,9223372036854775807))
Edge(389707,315830,(3,9223372036854775807))
Edge(390474,185028,(3,9223372036854775807))
Edge(390858,298246,(3,9223372036854775807))
Edge(390939,2684,(3,9223372036854775807))
Edge(391179,207289,(3,9223372036854775807))
Edge(391210,134450,(3,9223372036854775807))
Edge(391756,53422,(3,9223372036854775807))
Edge(391831,135392,(3,9223372036854775807))
Edge(392105,74859,(1,9223372036854775807))
Edge(392144,261105,(3,9223372036854775807))
Edge(392581,321378,(3,9223372036854775807))
Edge(392608,182308,(3,9223372036854775807))
Edge(393167,13225,(3,9223372036854775807))
Edge(393364,439600,(3,9223372036854775807))
Edge(393436,139867,(3,9223372036854775807))
Edge(393505,129551,(3,9223372036854775807))
Edge(394543,23390,(3,9223372036854775807))
Edge(394706,269785,(3,9223372036854775807))
Edge(394869,399329,(3,9223372036854775807))
Edge(394994,463572,(3,9223372036854775807))
Edge(395232,430515,(3,9223372036854775807))
Edge(396096,151160,(3,9223372036854775807))
Edge(396188,192443,(3,9223372036854775807))
Edge(396256,474706,(3,9223372036854775807))
Edge(396669,222095,(3,9223372036854775807))
Edge(396919,333978,(3,9223372036854775807))
Edge(397112,390249,(3,9223372036854775807))
Edge(397181,348576,(3,9223372036854775807))
Edge(397208,163928,(1,9223372036854775807))
Edge(397451,268323,(1,9223372036854775807))
Edge(397656,145838,(3,9223372036854775807))
Edge(398114,63900,(3,9223372036854775807))
Edge(398545,33262,(3,9223372036854775807))
Edge(399555,27996,(3,9223372036854775807))
Edge(399688,8403,(3,9223372036854775807))
Edge(399766,381136,(3,9223372036854775807))
Edge(400188,421684,(3,9223372036854775807))
Edge(400496,88484,(3,9223372036854775807))
Edge(400957,445540,(1,3))
Edge(401000,264986,(3,9223372036854775807))
Edge(401249,277779,(1,9223372036854775807))
Edge(401265,112547,(3,9223372036854775807))
Edge(401545,455513,(3,9223372036854775807))
Edge(401735,332648,(1,9223372036854775807))
Edge(401922,278041,(3,9223372036854775807))
Edge(402405,116747,(3,9223372036854775807))
Edge(402424,355536,(3,9223372036854775807))
Edge(403734,331964,(1,9223372036854775807))
Edge(404432,428771,(3,9223372036854775807))
Edge(404471,403689,(3,9223372036854775807))
Edge(404763,172249,(1,3))
Edge(404836,265878,(3,9223372036854775807))
Edge(404935,484770,(3,9223372036854775807))
Edge(405463,170422,(3,9223372036854775807))
Edge(406368,145817,(1,9223372036854775807))
Edge(406677,171065,(3,9223372036854775807))
Edge(407127,260605,(3,9223372036854775807))
Edge(407462,392697,(3,9223372036854775807))
Edge(408747,41180,(3,9223372036854775807))
Edge(409128,443929,(3,9223372036854775807))
Edge(409456,172478,(3,9223372036854775807))
Edge(410783,61219,(3,9223372036854775807))
Edge(411830,126177,(1,9223372036854775807))
Edge(412258,139920,(3,9223372036854775807))
Edge(412647,473645,(3,9223372036854775807))
Edge(413514,254013,(3,9223372036854775807))
Edge(413515,46589,(3,9223372036854775807))
Edge(413678,315307,(1,9223372036854775807))
Edge(413732,156082,(3,9223372036854775807))
Edge(414132,159721,(3,9223372036854775807))
Edge(414211,481299,(1,9223372036854775807))
Edge(414702,20105,(1,9223372036854775807))
Edge(415247,58778,(3,9223372036854775807))
Edge(415657,340895,(3,9223372036854775807))
Edge(416023,166090,(3,9223372036854775807))
Edge(416544,139941,(3,9223372036854775807))
Edge(416597,245892,(1,9223372036854775807))
Edge(416768,256349,(1,9223372036854775807))
Edge(416965,107038,(3,9223372036854775807))
Edge(417080,193894,(1,9223372036854775807))
Edge(417726,357733,(3,9223372036854775807))
Edge(417878,133096,(1,9223372036854775807))
Edge(418353,107894,(3,9223372036854775807))
Edge(418689,189728,(3,9223372036854775807))
Edge(418721,81174,(3,9223372036854775807))
Edge(418857,110720,(3,9223372036854775807))
Edge(418928,179572,(3,9223372036854775807))
Edge(418965,284354,(3,9223372036854775807))
Edge(419131,480319,(1,9223372036854775807))
Edge(419237,422130,(3,9223372036854775807))
Edge(419303,410856,(1,3))
Edge(419378,240992,(3,9223372036854775807))
Edge(419521,431625,(3,9223372036854775807))
Edge(419673,136599,(3,9223372036854775807))
Edge(419933,339948,(3,9223372036854775807))
Edge(420004,470817,(3,9223372036854775807))
Edge(420150,325634,(1,9223372036854775807))
Edge(420403,227605,(3,9223372036854775807))
Edge(420945,90534,(3,9223372036854775807))
Edge(421013,265081,(1,9223372036854775807))
Edge(421057,37011,(3,9223372036854775807))
Edge(421222,370470,(3,9223372036854775807))
Edge(421245,190008,(3,9223372036854775807))
Edge(421839,219885,(3,9223372036854775807))
Edge(422336,85497,(3,9223372036854775807))
Edge(422488,156488,(1,9223372036854775807))
Edge(422706,170096,(3,9223372036854775807))
Edge(422856,426634,(3,9223372036854775807))
Edge(423227,227717,(3,9223372036854775807))
Edge(423283,69276,(3,9223372036854775807))
Edge(423403,180448,(3,9223372036854775807))
Edge(423578,445531,(1,9223372036854775807))
Edge(423630,308418,(3,9223372036854775807))
Edge(423644,102597,(3,9223372036854775807))
Edge(423743,268251,(3,9223372036854775807))
Edge(424087,321532,(3,9223372036854775807))
Edge(424091,224520,(3,9223372036854775807))
Edge(424164,472876,(3,9223372036854775807))
Edge(424539,177579,(3,9223372036854775807))
Edge(425457,220619,(3,9223372036854775807))
Edge(425612,411953,(3,9223372036854775807))
Edge(425813,28645,(3,9223372036854775807))
Edge(426036,64608,(3,9223372036854775807))
Edge(426241,133266,(3,9223372036854775807))
Edge(426542,107087,(3,9223372036854775807))
Edge(426944,215199,(3,9223372036854775807))
Edge(427117,33329,(3,9223372036854775807))
Edge(427425,48832,(1,9223372036854775807))
Edge(428285,137257,(3,9223372036854775807))
Edge(428487,181666,(3,9223372036854775807))
Edge(428498,201410,(3,9223372036854775807))
Edge(428745,136383,(3,9223372036854775807))
Edge(429850,366435,(3,9223372036854775807))
Edge(429927,184789,(1,9223372036854775807))
Edge(429951,280325,(3,9223372036854775807))
Edge(430085,133321,(1,9223372036854775807))
Edge(430426,229927,(3,9223372036854775807))
Edge(430550,146064,(1,9223372036854775807))
Edge(431041,268868,(3,9223372036854775807))
Edge(431148,107579,(3,9223372036854775807))
Edge(431393,163966,(3,9223372036854775807))
Edge(431436,446837,(3,9223372036854775807))
Edge(431481,13105,(3,9223372036854775807))
Edge(431583,247040,(3,9223372036854775807))
Edge(431903,114362,(3,9223372036854775807))
Edge(432072,12671,(3,9223372036854775807))
Edge(432405,401685,(3,9223372036854775807))
Edge(432848,215600,(1,9223372036854775807))
Edge(433226,181027,(3,9223372036854775807))
Edge(433435,492532,(3,9223372036854775807))
Edge(433603,209154,(3,9223372036854775807))
Edge(433621,331319,(1,9223372036854775807))
Edge(433738,101459,(3,9223372036854775807))
Edge(434221,54479,(1,9223372036854775807))
Edge(434422,483708,(3,9223372036854775807))
Edge(434484,314956,(3,9223372036854775807))
Edge(434598,475531,(3,9223372036854775807))
Edge(434676,464694,(1,3))
Edge(435120,317870,(3,9223372036854775807))
Edge(436197,372239,(1,9223372036854775807))
Edge(436272,426760,(3,9223372036854775807))
Edge(436273,333583,(1,9223372036854775807))
Edge(436419,444481,(1,3))
Edge(436468,480743,(3,9223372036854775807))
Edge(436698,207545,(3,9223372036854775807))
Edge(437197,209681,(1,3))
Edge(437226,448429,(3,9223372036854775807))
Edge(437296,144390,(3,9223372036854775807))
Edge(437326,199611,(3,9223372036854775807))
Edge(437974,325293,(1,9223372036854775807))
Edge(438351,64508,(3,9223372036854775807))
Edge(438403,96266,(3,9223372036854775807))
Edge(438408,444853,(3,9223372036854775807))
Edge(438726,78833,(3,9223372036854775807))
Edge(438815,195536,(3,9223372036854775807))
Edge(439070,89325,(1,9223372036854775807))
Edge(439124,58376,(3,9223372036854775807))
Edge(439523,100647,(1,9223372036854775807))
Edge(439564,403184,(3,9223372036854775807))
Edge(439944,479899,(1,3))
Edge(440061,304931,(1,9223372036854775807))
Edge(440225,299206,(3,9223372036854775807))
Edge(440547,145806,(3,9223372036854775807))
Edge(440605,427419,(3,9223372036854775807))
Edge(441092,358702,(1,9223372036854775807))
Edge(441503,183999,(3,9223372036854775807))
Edge(441749,86022,(3,9223372036854775807))
Edge(441897,40739,(3,9223372036854775807))
Edge(442090,120095,(3,9223372036854775807))
Edge(442134,132770,(3,9223372036854775807))
Edge(442200,380126,(1,3))
Edge(442369,153503,(3,9223372036854775807))
Edge(442484,492088,(3,9223372036854775807))
Edge(442846,103132,(3,9223372036854775807))
Edge(443006,347728,(3,9223372036854775807))
Edge(443242,95772,(3,9223372036854775807))
Edge(443467,391178,(3,9223372036854775807))
Edge(443574,244633,(1,9223372036854775807))
Edge(443796,224055,(3,9223372036854775807))
Edge(444218,421387,(3,9223372036854775807))
Edge(444225,433224,(3,9223372036854775807))
Edge(444669,495457,(3,9223372036854775807))
Edge(444856,92342,(1,9223372036854775807))
Edge(445031,143856,(3,9223372036854775807))
Edge(445322,450402,(3,9223372036854775807))
Edge(445354,100768,(3,9223372036854775807))
Edge(445558,336216,(3,9223372036854775807))
Edge(445789,14473,(1,9223372036854775807))
Edge(446074,207564,(1,3))
Edge(446388,218887,(4,9223372036854775807))
Edge(446409,201131,(3,9223372036854775807))
Edge(447062,452212,(3,9223372036854775807))
Edge(447170,53299,(3,9223372036854775807))
Edge(447181,476707,(3,9223372036854775807))
Edge(447694,147550,(3,9223372036854775807))
Edge(448006,97831,(3,9223372036854775807))
Edge(448093,171173,(3,9223372036854775807))
Edge(448917,184030,(3,9223372036854775807))
Edge(448918,265459,(3,9223372036854775807))
Edge(449295,118213,(1,9223372036854775807))
Edge(449929,138078,(3,9223372036854775807))
Edge(450273,228686,(1,9223372036854775807))
Edge(450445,283158,(3,9223372036854775807))
Edge(450878,361837,(3,9223372036854775807))
Edge(452281,344817,(3,9223372036854775807))
Edge(452629,400178,(3,9223372036854775807))
Edge(453145,94029,(1,3))
Edge(453470,133779,(3,9223372036854775807))
Edge(453849,172983,(3,9223372036854775807))
Edge(454183,74329,(3,9223372036854775807))
Edge(454240,318647,(1,3))
Edge(454742,439619,(3,9223372036854775807))
Edge(455254,189029,(3,9223372036854775807))
Edge(455426,37924,(1,3))
Edge(455838,448390,(3,9223372036854775807))
Edge(456335,186587,(3,9223372036854775807))
Edge(457020,222156,(3,9223372036854775807))
Edge(457840,417356,(3,9223372036854775807))
Edge(458578,439483,(3,9223372036854775807))
Edge(458629,10244,(1,9223372036854775807))
Edge(458672,331898,(1,9223372036854775807))
Edge(458796,59929,(3,9223372036854775807))
Edge(458987,361587,(3,9223372036854775807))
Edge(459665,436662,(3,9223372036854775807))
Edge(459764,426703,(3,9223372036854775807))
Edge(460875,283773,(3,9223372036854775807))
Edge(460876,470760,(3,9223372036854775807))
Edge(461748,2559,(3,9223372036854775807))
Edge(461891,432144,(1,3))
Edge(462077,426646,(3,9223372036854775807))
Edge(462218,443518,(3,9223372036854775807))
Edge(462288,415374,(3,9223372036854775807))
Edge(462531,25677,(3,9223372036854775807))
Edge(462939,159736,(3,9223372036854775807))
Edge(463491,362241,(1,9223372036854775807))
Edge(464108,484479,(3,9223372036854775807))
Edge(464245,106176,(3,9223372036854775807))
Edge(464630,115089,(1,3))
Edge(464773,343928,(3,9223372036854775807))
Edge(464906,437020,(3,9223372036854775807))
Edge(464998,167648,(3,9223372036854775807))
Edge(465204,8660,(3,9223372036854775807))
Edge(465450,146844,(3,9223372036854775807))
Edge(465543,227626,(3,9223372036854775807))
Edge(465548,129733,(3,9223372036854775807))
Edge(465632,117187,(3,9223372036854775807))
Edge(465778,71891,(1,9223372036854775807))
Edge(465895,475693,(3,9223372036854775807))
Edge(465916,119148,(1,9223372036854775807))
Edge(466573,155423,(1,9223372036854775807))
Edge(466867,52439,(3,9223372036854775807))
Edge(467173,95802,(3,9223372036854775807))
Edge(467262,466915,(3,9223372036854775807))
Edge(467721,376420,(3,9223372036854775807))
Edge(468322,396565,(3,9223372036854775807))
Edge(468358,83195,(3,9223372036854775807))
Edge(468369,355535,(3,9223372036854775807))
Edge(468679,379607,(3,9223372036854775807))
Edge(469121,242149,(3,9223372036854775807))
Edge(469548,41870,(3,9223372036854775807))
Edge(469708,491442,(3,9223372036854775807))
Edge(469739,421820,(3,9223372036854775807))
Edge(469863,122076,(1,9223372036854775807))
Edge(470599,343845,(3,9223372036854775807))
Edge(471082,282683,(3,9223372036854775807))
Edge(471255,336654,(1,9223372036854775807))
Edge(471330,314847,(3,9223372036854775807))
Edge(471444,363834,(3,9223372036854775807))
Edge(471481,37509,(3,9223372036854775807))
Edge(471860,90465,(3,9223372036854775807))
Edge(472557,112157,(1,9223372036854775807))
Edge(473056,248083,(3,9223372036854775807))
Edge(473384,451690,(3,9223372036854775807))
Edge(473615,412836,(3,9223372036854775807))
Edge(473827,420904,(3,9223372036854775807))
Edge(474142,286521,(3,9223372036854775807))
Edge(474594,307955,(3,9223372036854775807))
Edge(474623,88471,(3,9223372036854775807))
Edge(475200,50566,(3,9223372036854775807))
Edge(475598,52647,(3,9223372036854775807))
Edge(475805,120322,(3,9223372036854775807))
Edge(476260,379507,(3,9223372036854775807))
Edge(476289,319061,(3,9223372036854775807))
Edge(476332,257344,(1,9223372036854775807))
Edge(476652,172166,(3,9223372036854775807))
Edge(476722,192392,(3,9223372036854775807))
Edge(476986,394215,(3,9223372036854775807))
Edge(477644,107869,(3,9223372036854775807))
Edge(477790,269624,(1,9223372036854775807))
Edge(478370,388710,(1,9223372036854775807))
Edge(478973,438234,(3,9223372036854775807))
Edge(478992,106855,(1,9223372036854775807))
Edge(479774,486269,(3,9223372036854775807))
Edge(480090,41053,(3,9223372036854775807))
Edge(480249,87929,(3,9223372036854775807))
Edge(480315,302533,(3,9223372036854775807))
Edge(480399,283288,(3,9223372036854775807))
Edge(480536,67852,(3,9223372036854775807))
Edge(481254,122811,(3,9223372036854775807))
Edge(481381,193207,(3,9223372036854775807))
Edge(481496,333510,(1,3))
Edge(481734,218731,(1,3))
Edge(481869,46773,(3,9223372036854775807))
Edge(482020,435478,(3,9223372036854775807))
Edge(482541,145055,(3,9223372036854775807))
Edge(482808,256616,(1,3))
Edge(483016,119948,(3,9223372036854775807))
Edge(483744,224301,(3,9223372036854775807))
Edge(483972,409688,(3,9223372036854775807))
Edge(484005,5859,(3,9223372036854775807))
Edge(484017,432130,(3,9223372036854775807))
Edge(485338,261880,(1,9223372036854775807))
Edge(485395,227295,(3,9223372036854775807))
Edge(485538,309575,(1,9223372036854775807))
Edge(485904,82240,(1,9223372036854775807))
Edge(486012,154927,(3,9223372036854775807))
Edge(486223,420762,(1,9223372036854775807))
Edge(486668,427929,(1,3))
Edge(487100,169738,(3,9223372036854775807))
Edge(487102,158001,(1,9223372036854775807))
Edge(487660,41519,(3,9223372036854775807))
Edge(487774,162340,(3,9223372036854775807))
Edge(487788,282636,(1,3))
Edge(487896,491750,(3,9223372036854775807))
Edge(488079,246121,(3,9223372036854775807))
Edge(488165,437732,(3,9223372036854775807))
Edge(488589,239396,(3,9223372036854775807))
Edge(488874,159525,(3,9223372036854775807))
Edge(488879,371414,(3,9223372036854775807))
Edge(489227,413512,(1,9223372036854775807))
Edge(489303,422455,(3,9223372036854775807))
Edge(489305,433277,(1,3))
Edge(489539,154374,(3,9223372036854775807))
Edge(490053,232716,(3,9223372036854775807))
Edge(490479,409588,(1,9223372036854775807))
Edge(490834,331488,(3,9223372036854775807))
Edge(491357,220895,(3,9223372036854775807))
Edge(491416,257823,(3,9223372036854775807))
Edge(491435,385319,(3,9223372036854775807))
Edge(491542,80103,(1,3))
Edge(491917,400049,(1,3))
Edge(492136,353391,(3,9223372036854775807))
Edge(492145,159252,(3,9223372036854775807))
Edge(492190,161841,(3,9223372036854775807))
Edge(492587,212687,(1,9223372036854775807))
Edge(492889,359587,(1,3))
Edge(493247,233328,(3,9223372036854775807))
Edge(493263,270951,(1,3))
Edge(493334,310294,(3,9223372036854775807))
Edge(494121,355255,(3,9223372036854775807))
Edge(494524,44629,(3,9223372036854775807))
Edge(494568,288590,(1,9223372036854775807))
Edge(494648,91205,(3,9223372036854775807))
Edge(494710,412269,(3,9223372036854775807))
Edge(494734,307724,(1,3))
Edge(494783,407959,(3,9223372036854775807))
Edge(494793,269526,(1,9223372036854775807))
Edge(495249,380537,(3,9223372036854775807))
Edge(495448,26579,(1,3))
Edge(495521,433182,(1,9223372036854775807))
Edge(495527,444524,(1,9223372036854775807))
Edge(495729,289291,(1,9223372036854775807))
Edge(496801,200764,(3,9223372036854775807))
Edge(496965,159918,(3,9223372036854775807))
Edge(497013,2890,(3,9223372036854775807))
Edge(497015,492289,(3,9223372036854775807))
Edge(497096,110828,(3,9223372036854775807))
Edge(497154,213389,(1,9223372036854775807))
Edge(497573,109298,(3,9223372036854775807))
Edge(497597,119781,(3,9223372036854775807))
Edge(497712,365638,(3,9223372036854775807))
Edge(497982,57916,(3,9223372036854775807))
Edge(498441,76336,(1,9223372036854775807))
Edge(498448,307529,(3,9223372036854775807))
Edge(498541,201697,(3,9223372036854775807))
Edge(498584,485244,(3,9223372036854775807))
Edge(498596,6153,(3,9223372036854775807))
Edge(498770,44127,(1,3))
Edge(498821,359740,(3,9223372036854775807))
Edge(499613,48918,(3,9223372036854775807))
Edge(499830,155015,(3,9223372036854775807))
