Edge(1104,241553,(3,9223372036854775807))
Edge(1466,63556,(3,9223372036854775807))
Edge(1585,472353,(1,9223372036854775807))
Edge(1762,30275,(3,9223372036854775807))
Edge(1768,111379,(3,9223372036854775807))
Edge(3180,336754,(3,9223372036854775807))
Edge(3388,152743,(3,9223372036854775807))
Edge(3458,267264,(3,9223372036854775807))
Edge(3875,366670,(3,9223372036854775807))
Edge(3923,358220,(3,9223372036854775807))
Edge(4712,483340,(1,9223372036854775807))
Edge(4760,265372,(3,9223372036854775807))
Edge(4868,252056,(3,9223372036854775807))
Edge(5365,323701,(1,9223372036854775807))
Edge(5444,261618,(3,9223372036854775807))
Edge(5735,306232,(3,9223372036854775807))
Edge(6756,268729,(3,9223372036854775807))
Edge(7263,98384,(3,9223372036854775807))
Edge(7684,300503,(1,9223372036854775807))
Edge(7840,37674,(3,9223372036854775807))
Edge(7883,20084,(3,9223372036854775807))
Edge(8148,297655,(3,9223372036854775807))
Edge(8351,102393,(3,9223372036854775807))
Edge(8505,325229,(3,9223372036854775807))
Edge(8607,85769,(3,9223372036854775807))
Edge(8697,419316,(3,9223372036854775807))
Edge(9334,190430,(3,9223372036854775807))
Edge(9485,103294,(3,9223372036854775807))
Edge(10278,186994,(3,9223372036854775807))
Edge(10828,499783,(1,9223372036854775807))
Edge(11093,403968,(3,9223372036854775807))
Edge(11377,465844,(3,9223372036854775807))
Edge(11606,449418,(3,9223372036854775807))
Edge(11990,128565,(3,9223372036854775807))
Edge(12129,203093,(3,9223372036854775807))
Edge(12142,95821,(3,9223372036854775807))
Edge(12147,320629,(3,9223372036854775807))
Edge(13010,356469,(3,9223372036854775807))
Edge(13111,12813,(3,9223372036854775807))
Edge(14411,277039,(3,9223372036854775807))
Edge(15358,212565,(3,9223372036854775807))
Edge(15548,387270,(3,9223372036854775807))
Edge(15962,340838,(3,9223372036854775807))
Edge(16438,195001,(3,9223372036854775807))
Edge(16674,429518,(1,3))
Edge(17145,129019,(3,9223372036854775807))
Edge(17471,103850,(3,9223372036854775807))
Edge(17739,382801,(3,9223372036854775807))
Edge(17977,318687,(3,9223372036854775807))
Edge(18455,331825,(3,9223372036854775807))
Edge(18998,326170,(3,9223372036854775807))
Edge(19018,385923,(3,9223372036854775807))
Edge(19191,101047,(1,9223372036854775807))
Edge(19269,161708,(3,9223372036854775807))
Edge(19559,439899,(3,9223372036854775807))
Edge(19977,8039,(3,9223372036854775807))
Edge(20892,334437,(3,9223372036854775807))
Edge(21944,186169,(3,9223372036854775807))
Edge(22171,31126,(3,9223372036854775807))
Edge(22183,88692,(1,9223372036854775807))
Edge(22255,20036,(3,9223372036854775807))
Edge(22439,98417,(3,9223372036854775807))
Edge(22484,84765,(3,9223372036854775807))
Edge(22536,289027,(1,9223372036854775807))
Edge(23266,420928,(3,9223372036854775807))
Edge(23593,112598,(3,9223372036854775807))
Edge(23628,98456,(1,3))
Edge(24195,401099,(3,9223372036854775807))
Edge(24230,399431,(3,9223372036854775807))
Edge(24640,481365,(3,9223372036854775807))
Edge(24765,27259,(3,9223372036854775807))
Edge(25086,428384,(3,9223372036854775807))
Edge(25616,23766,(3,9223372036854775807))
Edge(25645,26517,(3,9223372036854775807))
Edge(25751,357862,(3,9223372036854775807))
Edge(25992,24208,(3,9223372036854775807))
Edge(26157,320287,(3,9223372036854775807))
Edge(26203,341395,(1,9223372036854775807))
Edge(26481,343377,(1,9223372036854775807))
Edge(26615,380714,(3,9223372036854775807))
Edge(26899,258032,(3,9223372036854775807))
Edge(27243,401231,(1,3))
Edge(27763,204223,(3,9223372036854775807))
Edge(27997,5853,(3,9223372036854775807))
Edge(28125,168390,(3,9223372036854775807))
Edge(28269,247181,(1,9223372036854775807))
Edge(29097,163585,(3,9223372036854775807))
Edge(29154,121581,(4,9223372036854775807))
Edge(29182,490791,(3,9223372036854775807))
Edge(29284,226550,(3,9223372036854775807))
Edge(29293,148551,(3,9223372036854775807))
Edge(29370,46736,(3,9223372036854775807))
Edge(30364,175717,(3,9223372036854775807))
Edge(30794,447835,(1,9223372036854775807))
Edge(30822,99243,(3,9223372036854775807))
Edge(31363,382835,(1,9223372036854775807))
Edge(31593,177568,(3,9223372036854775807))
Edge(31608,242446,(3,9223372036854775807))
Edge(31914,156911,(3,9223372036854775807))
Edge(32200,160075,(3,9223372036854775807))
Edge(33120,419139,(3,9223372036854775807))
Edge(33477,431498,(1,9223372036854775807))
Edge(33519,405856,(3,9223372036854775807))
Edge(34092,371474,(3,9223372036854775807))
Edge(34095,497502,(3,9223372036854775807))
Edge(34353,417399,(3,9223372036854775807))
Edge(34722,46200,(3,9223372036854775807))
Edge(34723,205386,(3,9223372036854775807))
Edge(35610,345791,(3,9223372036854775807))
Edge(35788,16180,(3,9223372036854775807))
Edge(35873,225369,(3,9223372036854775807))
Edge(36094,494271,(1,9223372036854775807))
Edge(37052,119498,(3,9223372036854775807))
Edge(37489,488309,(3,9223372036854775807))
Edge(37736,340868,(3,9223372036854775807))
Edge(37868,286863,(3,9223372036854775807))
Edge(38371,109555,(3,9223372036854775807))
Edge(38779,327633,(1,9223372036854775807))
Edge(39007,231441,(3,9223372036854775807))
Edge(39225,57392,(3,9223372036854775807))
Edge(39468,319172,(3,9223372036854775807))
Edge(39794,427518,(3,9223372036854775807))
Edge(39991,176174,(3,9223372036854775807))
Edge(40028,469540,(3,9223372036854775807))
Edge(40266,484839,(3,9223372036854775807))
Edge(40460,418641,(1,9223372036854775807))
Edge(40899,464343,(1,9223372036854775807))
Edge(40948,407310,(3,9223372036854775807))
Edge(41051,120382,(3,9223372036854775807))
Edge(41341,352134,(1,9223372036854775807))
Edge(41486,258153,(3,9223372036854775807))
Edge(41515,254691,(3,9223372036854775807))
Edge(41947,59489,(1,9223372036854775807))
Edge(42475,437037,(3,9223372036854775807))
Edge(42702,121548,(3,9223372036854775807))
Edge(42758,149014,(3,9223372036854775807))
Edge(42801,222118,(3,9223372036854775807))
Edge(42957,332507,(1,3))
Edge(43188,363659,(3,9223372036854775807))
Edge(43206,50874,(3,9223372036854775807))
Edge(43469,209783,(3,9223372036854775807))
Edge(43488,234753,(3,9223372036854775807))
Edge(43560,268983,(3,9223372036854775807))
Edge(43564,464252,(3,9223372036854775807))
Edge(43576,347500,(3,9223372036854775807))
Edge(43671,302075,(1,9223372036854775807))
Edge(43836,350523,(1,3))
Edge(43893,365858,(3,9223372036854775807))
Edge(43900,441419,(3,9223372036854775807))
Edge(44123,283319,(3,9223372036854775807))
Edge(45467,78467,(3,9223372036854775807))
Edge(45577,457497,(3,9223372036854775807))
Edge(45870,455658,(3,9223372036854775807))
Edge(45999,470107,(3,9223372036854775807))
Edge(46522,309828,(3,9223372036854775807))
Edge(46780,434745,(1,3))
Edge(46808,400772,(3,9223372036854775807))
Edge(46837,142741,(3,9223372036854775807))
Edge(46898,111830,(1,3))
Edge(46971,355988,(3,9223372036854775807))
Edge(47342,262971,(3,9223372036854775807))
Edge(47353,424991,(3,9223372036854775807))
Edge(47867,408812,(1,3))
Edge(47868,467106,(1,9223372036854775807))
Edge(48349,456048,(1,9223372036854775807))
Edge(48810,337613,(1,9223372036854775807))
Edge(49293,103229,(3,9223372036854775807))
Edge(49436,299749,(3,9223372036854775807))
Edge(50555,30381,(3,9223372036854775807))
Edge(50611,384584,(3,9223372036854775807))
Edge(50893,379611,(1,9223372036854775807))
Edge(51665,317876,(3,9223372036854775807))
Edge(51703,158149,(3,9223372036854775807))
Edge(51938,414157,(3,9223372036854775807))
Edge(52181,142745,(1,9223372036854775807))
Edge(52232,207993,(3,9223372036854775807))
Edge(52609,155157,(3,9223372036854775807))
Edge(52840,310389,(3,9223372036854775807))
Edge(52916,253825,(3,9223372036854775807))
Edge(53342,295441,(3,9223372036854775807))
Edge(53553,231937,(1,3))
Edge(54236,154084,(1,9223372036854775807))
Edge(54585,320355,(3,9223372036854775807))
Edge(54721,177965,(3,9223372036854775807))
Edge(54899,373780,(1,9223372036854775807))
Edge(54949,325719,(3,9223372036854775807))
Edge(56093,180724,(3,9223372036854775807))
Edge(56266,404569,(3,9223372036854775807))
Edge(56308,174967,(3,9223372036854775807))
Edge(56473,79695,(3,9223372036854775807))
Edge(56916,459765,(3,9223372036854775807))
Edge(56931,356586,(3,9223372036854775807))
Edge(57750,202276,(1,3))
Edge(58020,242407,(3,9223372036854775807))
Edge(58757,72242,(3,9223372036854775807))
Edge(59051,441520,(3,9223372036854775807))
Edge(59364,355077,(1,3))
Edge(59548,40837,(3,9223372036854775807))
Edge(59827,79936,(1,9223372036854775807))
Edge(60217,376374,(1,9223372036854775807))
Edge(60259,77383,(3,9223372036854775807))
Edge(60407,87655,(3,9223372036854775807))
Edge(60559,495424,(3,9223372036854775807))
Edge(60652,87191,(3,9223372036854775807))
Edge(60726,166799,(3,9223372036854775807))
Edge(61055,325316,(1,9223372036854775807))
Edge(61557,477521,(3,9223372036854775807))
Edge(61639,277024,(3,9223372036854775807))
Edge(61647,158124,(3,9223372036854775807))
Edge(61716,351671,(3,9223372036854775807))
Edge(61939,464623,(3,9223372036854775807))
Edge(62063,128775,(3,9223372036854775807))
Edge(62212,482445,(3,9223372036854775807))
Edge(62411,442352,(3,9223372036854775807))
Edge(62423,137236,(3,9223372036854775807))
Edge(62672,301410,(3,9223372036854775807))
Edge(62708,273155,(1,9223372036854775807))
Edge(62807,31212,(3,9223372036854775807))
Edge(63252,200110,(1,9223372036854775807))
Edge(63817,246750,(3,9223372036854775807))
Edge(63866,456544,(3,9223372036854775807))
Edge(64168,388090,(3,9223372036854775807))
Edge(64501,223396,(3,9223372036854775807))
Edge(64508,449057,(3,9223372036854775807))
Edge(65072,463272,(3,9223372036854775807))
Edge(65656,250867,(3,9223372036854775807))
Edge(66015,360346,(3,9223372036854775807))
Edge(66433,246664,(3,9223372036854775807))
Edge(66644,473365,(1,9223372036854775807))
Edge(66759,57241,(3,9223372036854775807))
Edge(67172,160008,(3,9223372036854775807))
Edge(67259,344275,(3,9223372036854775807))
Edge(67464,7954,(3,9223372036854775807))
Edge(67547,227202,(3,9223372036854775807))
Edge(67804,97308,(3,9223372036854775807))
Edge(67869,389233,(3,9223372036854775807))
Edge(68079,51184,(3,9223372036854775807))
Edge(68111,7170,(1,9223372036854775807))
Edge(68370,121287,(3,9223372036854775807))
Edge(68416,395745,(3,9223372036854775807))
Edge(69333,454140,(3,9223372036854775807))
Edge(69913,74684,(1,9223372036854775807))
Edge(69932,185385,(1,9223372036854775807))
Edge(70407,278113,(3,9223372036854775807))
Edge(70490,118473,(3,9223372036854775807))
Edge(70559,125999,(3,9223372036854775807))
Edge(71137,23691,(3,9223372036854775807))
Edge(71486,435720,(3,9223372036854775807))
Edge(71547,285400,(3,9223372036854775807))
Edge(71743,362830,(3,9223372036854775807))
Edge(71975,404830,(3,9223372036854775807))
Edge(72018,11206,(3,9223372036854775807))
Edge(72058,403288,(3,9223372036854775807))
Edge(72285,114497,(3,9223372036854775807))
Edge(72371,37032,(3,9223372036854775807))
Edge(72516,250834,(3,9223372036854775807))
Edge(72962,496786,(1,9223372036854775807))
Edge(73056,373538,(3,9223372036854775807))
Edge(74403,194608,(3,9223372036854775807))
Edge(74568,33597,(3,9223372036854775807))
Edge(74592,143411,(3,9223372036854775807))
Edge(74857,457687,(1,9223372036854775807))
Edge(76049,407648,(3,9223372036854775807))
Edge(76195,218022,(3,9223372036854775807))
Edge(76218,12151,(1,3))
Edge(76595,123906,(3,9223372036854775807))
Edge(76858,1037,(3,9223372036854775807))
Edge(76876,105225,(3,9223372036854775807))
Edge(77172,409831,(3,9223372036854775807))
Edge(77295,115819,(1,9223372036854775807))
Edge(77445,441274,(3,9223372036854775807))
Edge(77634,26123,(3,9223372036854775807))
Edge(78040,6552,(3,9223372036854775807))
Edge(78496,26342,(3,9223372036854775807))
Edge(78639,249558,(3,9223372036854775807))
Edge(78862,133609,(3,9223372036854775807))
Edge(79169,218416,(3,9223372036854775807))
Edge(79612,265896,(3,9223372036854775807))
Edge(79868,317359,(3,9223372036854775807))
Edge(79872,85580,(3,9223372036854775807))
Edge(79893,492897,(3,9223372036854775807))
Edge(80436,112880,(3,9223372036854775807))
Edge(80577,98831,(1,9223372036854775807))
Edge(80775,375926,(3,9223372036854775807))
Edge(80954,240721,(3,9223372036854775807))
Edge(81143,263177,(1,9223372036854775807))
Edge(81432,287319,(3,9223372036854775807))
Edge(81466,328006,(3,9223372036854775807))
Edge(81590,300567,(1,9223372036854775807))
Edge(81672,306731,(3,9223372036854775807))
Edge(81935,37299,(3,9223372036854775807))
Edge(82368,333246,(3,9223372036854775807))
Edge(82766,251066,(3,9223372036854775807))
Edge(82823,56755,(3,9223372036854775807))
Edge(82972,219686,(1,3))
Edge(83927,447267,(1,3))
Edge(84069,174471,(3,9223372036854775807))
Edge(84169,31054,(3,9223372036854775807))
Edge(84471,394683,(3,9223372036854775807))
Edge(84481,18728,(1,3))
Edge(85211,414667,(3,9223372036854775807))
Edge(85409,212749,(3,9223372036854775807))
Edge(86303,475208,(1,3))
Edge(86640,88613,(3,9223372036854775807))
Edge(86701,69955,(3,9223372036854775807))
Edge(86735,317485,(3,9223372036854775807))
Edge(87333,173837,(3,9223372036854775807))
Edge(87638,40365,(3,9223372036854775807))
Edge(87759,140635,(3,9223372036854775807))
Edge(88134,241221,(3,9223372036854775807))
Edge(88353,332495,(3,9223372036854775807))
Edge(88656,161404,(1,9223372036854775807))
Edge(89377,370200,(3,9223372036854775807))
Edge(89484,129918,(1,3))
Edge(89497,336347,(1,3))
Edge(89546,376542,(3,9223372036854775807))
Edge(89634,459609,(3,9223372036854775807))
Edge(89824,20633,(3,9223372036854775807))
Edge(90258,110757,(3,9223372036854775807))
Edge(90469,59863,(3,9223372036854775807))
Edge(90949,352418,(1,9223372036854775807))
Edge(90987,479241,(1,3))
Edge(91569,24209,(3,9223372036854775807))
Edge(91956,410876,(3,9223372036854775807))
Edge(92990,66965,(1,9223372036854775807))
Edge(93313,469085,(3,9223372036854775807))
Edge(93381,219919,(1,3))
Edge(93638,417952,(3,9223372036854775807))
Edge(93932,314473,(1,9223372036854775807))
Edge(93973,362562,(3,9223372036854775807))
Edge(95264,311663,(1,3))
Edge(95503,483843,(1,9223372036854775807))
Edge(96333,414791,(3,9223372036854775807))
Edge(96484,217034,(3,9223372036854775807))
Edge(96782,45966,(3,9223372036854775807))
Edge(96972,249781,(3,9223372036854775807))
Edge(97597,183151,(1,9223372036854775807))
Edge(97694,341248,(3,9223372036854775807))
Edge(97949,437178,(1,9223372036854775807))
Edge(98539,261706,(3,9223372036854775807))
Edge(98843,280944,(3,9223372036854775807))
Edge(99041,260836,(3,9223372036854775807))
Edge(99078,116637,(3,9223372036854775807))
Edge(99092,57650,(3,9223372036854775807))
Edge(99365,203791,(1,9223372036854775807))
Edge(99467,280606,(1,3))
Edge(99577,294496,(3,9223372036854775807))
Edge(99619,459961,(3,9223372036854775807))
Edge(100221,1568,(3,9223372036854775807))
Edge(100373,117520,(3,9223372036854775807))
Edge(100460,432650,(1,9223372036854775807))
Edge(100522,439726,(1,3))
Edge(101251,395879,(1,9223372036854775807))
Edge(101785,216131,(3,9223372036854775807))
Edge(102045,210170,(1,3))
Edge(102264,444392,(1,9223372036854775807))
Edge(103028,454002,(3,9223372036854775807))
Edge(103116,68909,(3,9223372036854775807))
Edge(103149,14268,(3,9223372036854775807))
Edge(103423,340577,(1,9223372036854775807))
Edge(103545,10725,(3,9223372036854775807))
Edge(103820,104424,(3,9223372036854775807))
Edge(104332,86294,(3,9223372036854775807))
Edge(104450,167446,(3,9223372036854775807))
Edge(104704,82912,(1,3))
Edge(104734,51349,(1,3))
Edge(105543,353267,(3,9223372036854775807))
Edge(105878,47547,(3,9223372036854775807))
Edge(107031,32921,(3,9223372036854775807))
Edge(107334,62795,(3,9223372036854775807))
Edge(107549,27020,(3,9223372036854775807))
Edge(107554,354164,(3,9223372036854775807))
Edge(107672,112300,(1,9223372036854775807))
Edge(108030,143812,(1,9223372036854775807))
Edge(108520,243787,(3,9223372036854775807))
Edge(109063,187460,(1,3))
Edge(109435,21172,(3,9223372036854775807))
Edge(109610,471954,(3,9223372036854775807))
Edge(109910,51069,(3,9223372036854775807))
Edge(110217,291276,(3,9223372036854775807))
Edge(110269,199062,(3,9223372036854775807))
Edge(110352,248484,(3,9223372036854775807))
Edge(110362,258932,(3,9223372036854775807))
Edge(110961,368742,(3,9223372036854775807))
Edge(111040,480777,(3,9223372036854775807))
Edge(111265,211351,(3,9223372036854775807))
Edge(111319,360525,(3,9223372036854775807))
Edge(111762,378800,(3,9223372036854775807))
Edge(112400,54264,(3,9223372036854775807))
Edge(112619,270224,(3,9223372036854775807))
Edge(113007,23848,(3,9223372036854775807))
Edge(113093,401201,(1,9223372036854775807))
Edge(113127,61620,(1,9223372036854775807))
Edge(113370,320655,(3,9223372036854775807))
Edge(113590,411245,(3,9223372036854775807))
Edge(113780,267486,(3,9223372036854775807))
Edge(114968,406329,(1,9223372036854775807))
Edge(115186,408641,(3,9223372036854775807))
Edge(115545,273894,(3,9223372036854775807))
Edge(115597,54495,(3,9223372036854775807))
Edge(115606,73230,(3,9223372036854775807))
Edge(115665,166837,(3,9223372036854775807))
Edge(115729,118177,(3,9223372036854775807))
Edge(115952,7030,(1,3))
Edge(116073,110886,(3,9223372036854775807))
Edge(116266,286238,(3,9223372036854775807))
Edge(116424,355257,(3,9223372036854775807))
Edge(116577,34014,(3,9223372036854775807))
Edge(116926,423958,(3,9223372036854775807))
Edge(117414,355520,(1,9223372036854775807))
Edge(117634,487099,(3,9223372036854775807))
Edge(117948,224420,(3,9223372036854775807))
Edge(118116,197601,(3,9223372036854775807))
Edge(118169,466471,(3,9223372036854775807))
Edge(118615,11960,(3,9223372036854775807))
Edge(118791,317899,(3,9223372036854775807))
Edge(118872,423852,(1,9223372036854775807))
Edge(118972,73828,(1,3))
Edge(118978,471573,(3,9223372036854775807))
Edge(119089,374541,(3,9223372036854775807))
Edge(119932,315807,(3,9223372036854775807))
Edge(120277,373179,(3,9223372036854775807))
Edge(120598,440405,(3,9223372036854775807))
Edge(120602,302692,(3,9223372036854775807))
Edge(120853,77981,(3,9223372036854775807))
Edge(120890,352862,(1,3))
Edge(121219,168297,(3,9223372036854775807))
Edge(121632,89521,(1,9223372036854775807))
Edge(121723,128071,(3,9223372036854775807))
Edge(121772,52394,(3,9223372036854775807))
Edge(121902,367893,(1,9223372036854775807))
Edge(121908,486879,(3,9223372036854775807))
Edge(122057,271306,(3,9223372036854775807))
Edge(122448,494276,(3,9223372036854775807))
Edge(122479,258642,(3,9223372036854775807))
Edge(122667,377883,(3,9223372036854775807))
Edge(122710,347956,(3,9223372036854775807))
Edge(123025,296192,(1,3))
Edge(123042,13758,(3,9223372036854775807))
Edge(123524,61184,(3,9223372036854775807))
Edge(123698,396348,(3,9223372036854775807))
Edge(124398,204386,(3,9223372036854775807))
Edge(124921,446650,(3,9223372036854775807))
Edge(125734,382781,(3,9223372036854775807))
Edge(125847,51195,(3,9223372036854775807))
Edge(125876,26461,(4,9223372036854775807))
Edge(126063,439647,(3,9223372036854775807))
Edge(126583,57126,(3,9223372036854775807))
Edge(126808,4731,(1,9223372036854775807))
Edge(127214,95432,(1,3))
Edge(127260,462125,(3,9223372036854775807))
Edge(127537,259342,(3,9223372036854775807))
Edge(127645,222835,(3,9223372036854775807))
Edge(127673,248239,(3,9223372036854775807))
Edge(128107,315577,(3,9223372036854775807))
Edge(128237,385801,(1,9223372036854775807))
Edge(128408,35858,(3,9223372036854775807))
Edge(128491,184537,(3,9223372036854775807))
Edge(128718,248693,(3,9223372036854775807))
Edge(128772,122593,(1,9223372036854775807))
Edge(129068,415075,(3,9223372036854775807))
Edge(130527,40720,(3,9223372036854775807))
Edge(130591,31138,(3,9223372036854775807))
Edge(130769,221726,(3,9223372036854775807))
Edge(130861,27387,(3,9223372036854775807))
Edge(131238,409094,(3,9223372036854775807))
Edge(131371,126347,(3,9223372036854775807))
Edge(131404,147432,(1,9223372036854775807))
Edge(131510,389141,(3,9223372036854775807))
Edge(131682,173402,(3,9223372036854775807))
Edge(131929,291075,(3,9223372036854775807))
Edge(132044,34008,(3,9223372036854775807))
Edge(132286,278966,(3,9223372036854775807))
Edge(132487,274949,(3,9223372036854775807))
Edge(132494,179519,(3,9223372036854775807))
Edge(132561,133025,(1,9223372036854775807))
Edge(132854,17632,(3,9223372036854775807))
Edge(132993,289624,(3,9223372036854775807))
Edge(133050,38976,(1,9223372036854775807))
Edge(133136,150942,(1,9223372036854775807))
Edge(133189,16188,(1,9223372036854775807))
Edge(133353,324128,(3,9223372036854775807))
Edge(134106,168649,(1,3))
Edge(134299,155291,(3,9223372036854775807))
Edge(134336,404009,(3,9223372036854775807))
Edge(134599,192559,(1,9223372036854775807))
Edge(134882,80479,(1,9223372036854775807))
Edge(134890,211378,(3,9223372036854775807))
Edge(134989,279098,(3,9223372036854775807))
Edge(135658,326273,(3,9223372036854775807))
Edge(135866,171103,(3,9223372036854775807))
Edge(135989,411478,(3,9223372036854775807))
Edge(136377,264596,(1,9223372036854775807))
Edge(136469,199412,(3,9223372036854775807))
Edge(136586,129351,(1,9223372036854775807))
Edge(136651,216047,(3,9223372036854775807))
Edge(136655,328226,(1,9223372036854775807))
Edge(136694,29440,(1,9223372036854775807))
Edge(136732,327228,(3,9223372036854775807))
Edge(136827,243194,(3,9223372036854775807))
Edge(137135,474034,(3,9223372036854775807))
Edge(137156,365420,(3,9223372036854775807))
Edge(137160,181455,(3,9223372036854775807))
Edge(137406,473473,(3,9223372036854775807))
Edge(137847,306264,(3,9223372036854775807))
Edge(137873,328005,(3,9223372036854775807))
Edge(137944,476678,(3,9223372036854775807))
Edge(138000,2069,(1,9223372036854775807))
Edge(138059,356480,(3,9223372036854775807))
Edge(138084,320589,(3,9223372036854775807))
Edge(138381,199701,(3,9223372036854775807))
Edge(139074,245802,(3,9223372036854775807))
Edge(139462,207749,(3,9223372036854775807))
Edge(139703,334294,(3,9223372036854775807))
Edge(140384,124015,(3,9223372036854775807))
Edge(140739,315846,(3,9223372036854775807))
Edge(141036,4442,(3,9223372036854775807))
Edge(141106,16836,(3,9223372036854775807))
Edge(141238,55241,(3,9223372036854775807))
Edge(141471,396948,(3,9223372036854775807))
Edge(141672,367875,(3,9223372036854775807))
Edge(141941,188403,(1,9223372036854775807))
Edge(142229,453595,(3,9223372036854775807))
Edge(142672,177184,(3,9223372036854775807))
Edge(142731,39127,(3,9223372036854775807))
Edge(142830,286280,(1,9223372036854775807))
Edge(143655,303531,(1,9223372036854775807))
Edge(144152,132106,(3,9223372036854775807))
Edge(144763,97212,(3,9223372036854775807))
Edge(145549,495776,(3,9223372036854775807))
Edge(146053,188620,(3,9223372036854775807))
Edge(146492,81936,(1,9223372036854775807))
Edge(146539,38451,(3,9223372036854775807))
Edge(146594,229485,(3,9223372036854775807))
Edge(147235,362401,(3,9223372036854775807))
Edge(147505,474421,(3,9223372036854775807))
Edge(147691,212274,(3,9223372036854775807))
Edge(147901,291730,(3,9223372036854775807))
Edge(147982,351469,(1,3))
Edge(148091,17912,(3,9223372036854775807))
Edge(148384,96428,(3,9223372036854775807))
Edge(148487,411796,(1,3))
Edge(148490,447063,(3,9223372036854775807))
Edge(148534,126822,(3,9223372036854775807))
Edge(148595,26330,(3,9223372036854775807))
Edge(148703,341788,(1,9223372036854775807))
Edge(148907,184505,(3,9223372036854775807))
Edge(149034,147200,(3,9223372036854775807))
Edge(149068,158584,(3,9223372036854775807))
Edge(149307,198220,(3,9223372036854775807))
Edge(149323,414382,(3,9223372036854775807))
Edge(149466,404678,(3,9223372036854775807))
Edge(149606,36149,(1,3))
Edge(150920,98509,(3,9223372036854775807))
Edge(151263,293704,(3,9223372036854775807))
Edge(151284,360042,(3,9223372036854775807))
Edge(151471,113406,(1,9223372036854775807))
Edge(151589,165432,(3,9223372036854775807))
Edge(151707,153877,(3,9223372036854775807))
Edge(151767,250476,(3,9223372036854775807))
Edge(151872,219847,(1,9223372036854775807))
Edge(152341,219507,(1,9223372036854775807))
Edge(152345,41612,(1,9223372036854775807))
Edge(152998,45343,(3,9223372036854775807))
Edge(153175,436968,(1,9223372036854775807))
Edge(153476,441796,(3,9223372036854775807))
Edge(153491,479788,(1,3))
Edge(155292,337096,(1,9223372036854775807))
Edge(155641,76111,(3,9223372036854775807))
Edge(156076,125205,(3,9223372036854775807))
Edge(156552,461469,(3,9223372036854775807))
Edge(157173,162986,(3,9223372036854775807))
Edge(157285,427681,(3,9223372036854775807))
Edge(157843,460379,(3,9223372036854775807))
Edge(157946,339691,(3,9223372036854775807))
Edge(158369,400588,(1,9223372036854775807))
Edge(158399,427924,(3,9223372036854775807))
Edge(158400,283196,(1,3))
Edge(158444,290744,(3,9223372036854775807))
Edge(158594,261824,(1,3))
Edge(158708,476067,(3,9223372036854775807))
Edge(159200,319381,(1,9223372036854775807))
Edge(159205,6891,(3,9223372036854775807))
Edge(159949,137282,(3,9223372036854775807))
Edge(159996,278845,(3,9223372036854775807))
Edge(160232,336528,(3,9223372036854775807))
Edge(160764,17105,(3,9223372036854775807))
Edge(161039,279120,(3,9223372036854775807))
Edge(161045,17996,(3,9223372036854775807))
Edge(161095,97119,(3,9223372036854775807))
Edge(161314,132365,(1,3))
Edge(161679,384346,(1,9223372036854775807))
Edge(161924,445587,(3,9223372036854775807))
Edge(162025,164679,(3,9223372036854775807))
Edge(162812,303077,(3,9223372036854775807))
Edge(162839,26116,(3,9223372036854775807))
Edge(162916,103893,(3,9223372036854775807))
Edge(162979,299987,(3,9223372036854775807))
Edge(163218,34035,(3,9223372036854775807))
Edge(163297,370658,(1,9223372036854775807))
Edge(163369,287258,(1,9223372036854775807))
Edge(163398,82051,(3,9223372036854775807))
Edge(163418,389000,(1,9223372036854775807))
Edge(163478,491727,(3,9223372036854775807))
Edge(163790,218180,(3,9223372036854775807))
Edge(163897,362246,(3,9223372036854775807))
Edge(163988,248344,(1,9223372036854775807))
Edge(164070,481431,(3,9223372036854775807))
Edge(165039,163560,(1,3))
Edge(165589,335760,(1,9223372036854775807))
Edge(165756,492055,(3,9223372036854775807))
Edge(165822,452044,(3,9223372036854775807))
Edge(165835,56805,(3,9223372036854775807))
Edge(165888,184527,(1,9223372036854775807))
Edge(166341,97677,(3,9223372036854775807))
Edge(166644,382355,(3,9223372036854775807))
Edge(166724,189632,(3,9223372036854775807))
Edge(166757,477110,(3,9223372036854775807))
Edge(166874,414408,(3,9223372036854775807))
Edge(167157,245621,(3,9223372036854775807))
Edge(167408,378033,(3,9223372036854775807))
Edge(167498,62539,(3,9223372036854775807))
Edge(167655,327136,(3,9223372036854775807))
Edge(167720,123713,(3,9223372036854775807))
Edge(167801,169958,(3,9223372036854775807))
Edge(167883,208701,(3,9223372036854775807))
Edge(167900,219560,(3,9223372036854775807))
Edge(167979,355191,(3,9223372036854775807))
Edge(168442,471628,(3,9223372036854775807))
Edge(168512,485754,(1,9223372036854775807))
Edge(168566,244824,(3,9223372036854775807))
Edge(168594,242174,(3,9223372036854775807))
Edge(168609,198375,(1,9223372036854775807))
Edge(168902,259131,(3,9223372036854775807))
Edge(169169,479595,(3,9223372036854775807))
Edge(169230,264940,(3,9223372036854775807))
Edge(169288,61522,(3,9223372036854775807))
Edge(169527,323688,(3,9223372036854775807))
Edge(169583,374767,(3,9223372036854775807))
Edge(169711,396526,(3,9223372036854775807))
Edge(170504,150470,(1,9223372036854775807))
Edge(171000,273780,(3,9223372036854775807))
Edge(171209,99352,(3,9223372036854775807))
Edge(171682,14703,(3,9223372036854775807))
Edge(171754,283391,(3,9223372036854775807))
Edge(171942,131508,(3,9223372036854775807))
Edge(172134,450446,(3,9223372036854775807))
Edge(172184,42439,(3,9223372036854775807))
Edge(172386,471616,(1,9223372036854775807))
Edge(172441,195953,(3,9223372036854775807))
Edge(172806,381774,(3,9223372036854775807))
Edge(172829,409666,(3,9223372036854775807))
Edge(173273,412500,(1,9223372036854775807))
Edge(173526,107769,(3,9223372036854775807))
Edge(173673,350021,(3,9223372036854775807))
Edge(173807,403700,(1,9223372036854775807))
Edge(174697,394063,(1,9223372036854775807))
Edge(174806,79382,(3,9223372036854775807))
Edge(174882,31745,(3,9223372036854775807))
Edge(175007,361173,(3,9223372036854775807))
Edge(175131,333359,(3,9223372036854775807))
Edge(175171,109374,(3,9223372036854775807))
Edge(175207,153352,(3,9223372036854775807))
Edge(175340,5993,(1,3))
Edge(175352,411504,(3,9223372036854775807))
Edge(175484,473634,(3,9223372036854775807))
Edge(175489,445178,(3,9223372036854775807))
Edge(175588,277678,(3,9223372036854775807))
Edge(175600,230519,(1,3))
Edge(175774,65192,(3,9223372036854775807))
Edge(175870,202182,(3,9223372036854775807))
Edge(176122,386989,(1,9223372036854775807))
Edge(176799,47549,(3,9223372036854775807))
Edge(177403,204884,(3,9223372036854775807))
Edge(177565,98287,(3,9223372036854775807))
Edge(177629,396966,(3,9223372036854775807))
Edge(177808,112814,(3,9223372036854775807))
Edge(178585,106036,(3,9223372036854775807))
Edge(178730,479758,(3,9223372036854775807))
Edge(178991,56832,(3,9223372036854775807))
Edge(179593,346659,(1,9223372036854775807))
Edge(179629,213576,(3,9223372036854775807))
Edge(179700,51648,(1,3))
Edge(180041,246466,(3,9223372036854775807))
Edge(180301,234016,(3,9223372036854775807))
Edge(180430,368554,(3,9223372036854775807))
Edge(180563,212330,(1,9223372036854775807))
Edge(180581,232493,(3,9223372036854775807))
Edge(180641,14488,(3,9223372036854775807))
Edge(180787,97443,(3,9223372036854775807))
Edge(181402,237242,(3,9223372036854775807))
Edge(181462,249516,(1,9223372036854775807))
Edge(181812,145478,(3,9223372036854775807))
Edge(181923,49857,(3,9223372036854775807))
Edge(181993,203643,(3,9223372036854775807))
Edge(182356,347746,(3,9223372036854775807))
Edge(182695,8046,(1,9223372036854775807))
Edge(182950,15611,(3,9223372036854775807))
Edge(183009,290111,(1,9223372036854775807))
Edge(183087,77247,(1,3))
Edge(183675,71999,(1,9223372036854775807))
Edge(183788,453786,(1,9223372036854775807))
Edge(184045,234748,(3,9223372036854775807))
Edge(184130,32565,(3,9223372036854775807))
Edge(184387,186066,(3,9223372036854775807))
Edge(184447,85108,(3,9223372036854775807))
Edge(184583,482010,(1,9223372036854775807))
Edge(184960,78175,(3,9223372036854775807))
Edge(185074,538,(3,9223372036854775807))
Edge(185077,135435,(3,9223372036854775807))
Edge(185131,83177,(3,9223372036854775807))
Edge(185212,189188,(3,9223372036854775807))
Edge(185839,243743,(3,9223372036854775807))
Edge(185962,425150,(3,9223372036854775807))
Edge(186116,124580,(3,9223372036854775807))
Edge(186352,466865,(1,9223372036854775807))
Edge(186431,166084,(3,9223372036854775807))
Edge(186437,476314,(3,9223372036854775807))
Edge(186638,334325,(3,9223372036854775807))
Edge(186753,479328,(3,9223372036854775807))
Edge(187536,264654,(3,9223372036854775807))
Edge(187639,290444,(3,9223372036854775807))
Edge(187658,103621,(1,9223372036854775807))
Edge(187733,49987,(1,9223372036854775807))
Edge(187974,218719,(3,9223372036854775807))
Edge(188118,447793,(3,9223372036854775807))
Edge(188909,391057,(1,9223372036854775807))
Edge(189415,94733,(1,9223372036854775807))
Edge(189522,381083,(4,9223372036854775807))
Edge(190269,362191,(3,9223372036854775807))
Edge(190291,393893,(3,9223372036854775807))
Edge(190376,472501,(3,9223372036854775807))
Edge(190407,100366,(3,9223372036854775807))
Edge(191006,437631,(3,9223372036854775807))
Edge(191615,472637,(1,9223372036854775807))
Edge(192079,175103,(3,9223372036854775807))
Edge(192212,24807,(3,9223372036854775807))
Edge(192604,351926,(1,9223372036854775807))
Edge(192648,324826,(3,9223372036854775807))
Edge(192827,275404,(1,3))
Edge(193105,335344,(1,3))
Edge(193271,345469,(3,9223372036854775807))
Edge(193284,213772,(3,9223372036854775807))
Edge(193468,439814,(3,9223372036854775807))
Edge(193531,63696,(1,9223372036854775807))
Edge(194034,186303,(3,9223372036854775807))
Edge(194432,32561,(3,9223372036854775807))
Edge(194532,40347,(3,9223372036854775807))
Edge(194639,55123,(3,9223372036854775807))
Edge(195286,85759,(3,9223372036854775807))
Edge(195308,193432,(3,9223372036854775807))
Edge(195497,488394,(3,9223372036854775807))
Edge(195502,93079,(3,9223372036854775807))
Edge(196180,415665,(1,9223372036854775807))
Edge(196257,371641,(3,9223372036854775807))
Edge(196529,91748,(1,3))
Edge(196682,178,(3,9223372036854775807))
Edge(196856,155203,(3,9223372036854775807))
Edge(196869,496258,(1,9223372036854775807))
Edge(196977,471309,(3,9223372036854775807))
Edge(196996,287284,(1,3))
Edge(197204,274440,(3,9223372036854775807))
Edge(197235,160417,(3,9223372036854775807))
Edge(197245,174977,(3,9223372036854775807))
Edge(197283,389772,(1,9223372036854775807))
Edge(199313,36096,(3,9223372036854775807))
Edge(199341,353654,(3,9223372036854775807))
Edge(199515,27240,(3,9223372036854775807))
Edge(199709,41936,(3,9223372036854775807))
Edge(200431,245156,(3,9223372036854775807))
Edge(200608,411079,(3,9223372036854775807))
Edge(200965,117307,(3,9223372036854775807))
Edge(201090,88005,(3,9223372036854775807))
Edge(201091,77180,(3,9223372036854775807))
Edge(201159,423601,(3,9223372036854775807))
Edge(201458,405256,(1,9223372036854775807))
Edge(201614,52982,(3,9223372036854775807))
Edge(201620,272409,(3,9223372036854775807))
Edge(201703,480347,(3,9223372036854775807))
Edge(201953,293106,(3,9223372036854775807))
Edge(202304,211281,(3,9223372036854775807))
Edge(202446,270403,(1,9223372036854775807))
Edge(202450,286291,(1,3))
Edge(202682,127106,(1,9223372036854775807))
Edge(202811,125500,(3,9223372036854775807))
Edge(203117,354970,(3,9223372036854775807))
Edge(203834,454110,(3,9223372036854775807))
Edge(203916,378406,(4,9223372036854775807))
Edge(204446,180722,(1,9223372036854775807))
Edge(205098,156626,(3,9223372036854775807))
Edge(205194,250860,(1,9223372036854775807))
Edge(205463,384681,(3,9223372036854775807))
Edge(205549,195777,(1,9223372036854775807))
Edge(205555,91848,(3,9223372036854775807))
Edge(205601,308822,(1,3))
Edge(205630,406480,(3,9223372036854775807))
Edge(205755,336140,(1,9223372036854775807))
Edge(205773,16680,(3,9223372036854775807))
Edge(206535,414056,(1,9223372036854775807))
Edge(206564,228475,(1,9223372036854775807))
Edge(206635,384350,(3,9223372036854775807))
Edge(206679,333199,(3,9223372036854775807))
Edge(207550,277670,(1,9223372036854775807))
Edge(207832,403305,(3,9223372036854775807))
Edge(207981,28930,(3,9223372036854775807))
Edge(208167,61153,(3,9223372036854775807))
Edge(208181,241805,(3,9223372036854775807))
Edge(208683,483101,(3,9223372036854775807))
Edge(208813,367702,(3,9223372036854775807))
Edge(209165,244294,(3,9223372036854775807))
Edge(209913,214293,(3,9223372036854775807))
Edge(210109,61609,(1,9223372036854775807))
Edge(210257,280993,(3,9223372036854775807))
Edge(210411,142901,(1,9223372036854775807))
Edge(210779,84554,(1,3))
Edge(210971,246299,(3,9223372036854775807))
Edge(211134,438933,(3,9223372036854775807))
Edge(211278,438220,(1,9223372036854775807))
Edge(211305,307113,(3,9223372036854775807))
Edge(211333,77891,(3,9223372036854775807))
Edge(211481,48401,(1,9223372036854775807))
Edge(211525,128743,(3,9223372036854775807))
Edge(211623,58836,(3,9223372036854775807))
Edge(211780,482502,(3,9223372036854775807))
Edge(211888,266383,(1,3))
Edge(212052,81047,(3,9223372036854775807))
Edge(212082,88422,(3,9223372036854775807))
Edge(212624,45062,(1,3))
Edge(212850,415072,(3,9223372036854775807))
Edge(213167,306852,(3,9223372036854775807))
Edge(213184,184805,(1,9223372036854775807))
Edge(213571,19508,(3,9223372036854775807))
Edge(213618,434841,(3,9223372036854775807))
Edge(213643,355644,(3,9223372036854775807))
Edge(213767,156617,(3,9223372036854775807))
Edge(213892,355995,(1,3))
Edge(214692,451444,(3,9223372036854775807))
Edge(214884,188950,(3,9223372036854775807))
Edge(215662,395017,(3,9223372036854775807))
Edge(215899,277206,(1,9223372036854775807))
Edge(215945,364911,(3,9223372036854775807))
Edge(216152,22943,(3,9223372036854775807))
Edge(216625,29336,(3,9223372036854775807))
Edge(216866,180298,(1,9223372036854775807))
Edge(217094,399495,(3,9223372036854775807))
Edge(217815,116468,(3,9223372036854775807))
Edge(217841,221322,(3,9223372036854775807))
Edge(217971,423777,(3,9223372036854775807))
Edge(218184,171810,(3,9223372036854775807))
Edge(218788,457849,(3,9223372036854775807))
Edge(219083,349104,(3,9223372036854775807))
Edge(219714,258702,(1,9223372036854775807))
Edge(219787,162912,(3,9223372036854775807))
Edge(219839,375526,(3,9223372036854775807))
Edge(220448,134456,(3,9223372036854775807))
Edge(220570,68819,(3,9223372036854775807))
Edge(220672,447911,(3,9223372036854775807))
Edge(220775,377065,(1,9223372036854775807))
Edge(220882,233630,(1,9223372036854775807))
Edge(222127,292201,(1,9223372036854775807))
Edge(222311,462452,(3,9223372036854775807))
Edge(222526,326931,(3,9223372036854775807))
Edge(223108,424515,(3,9223372036854775807))
Edge(223154,102344,(1,9223372036854775807))
Edge(223344,317688,(1,9223372036854775807))
Edge(223357,272437,(3,9223372036854775807))
Edge(223483,142010,(3,9223372036854775807))
Edge(223874,432673,(3,9223372036854775807))
Edge(224167,63490,(3,9223372036854775807))
Edge(224389,132490,(3,9223372036854775807))
Edge(224472,172384,(3,9223372036854775807))
Edge(224556,279523,(3,9223372036854775807))
Edge(225428,378309,(3,9223372036854775807))
Edge(225526,228924,(3,9223372036854775807))
Edge(225617,377768,(3,9223372036854775807))
Edge(225762,256396,(3,9223372036854775807))
Edge(225772,324223,(3,9223372036854775807))
Edge(226023,482790,(3,9223372036854775807))
Edge(226229,73233,(3,9223372036854775807))
Edge(226265,149542,(3,9223372036854775807))
Edge(226726,362988,(3,9223372036854775807))
Edge(226948,144263,(3,9223372036854775807))
Edge(226991,377313,(3,9223372036854775807))
Edge(227002,320180,(3,9223372036854775807))
Edge(227777,460536,(3,9223372036854775807))
Edge(228244,274016,(3,9223372036854775807))
Edge(228389,277930,(3,9223372036854775807))
Edge(228665,414259,(3,9223372036854775807))
Edge(228806,497032,(3,9223372036854775807))
Edge(228959,252259,(3,9223372036854775807))
Edge(228984,464372,(3,9223372036854775807))
Edge(229071,100840,(3,9223372036854775807))
Edge(229503,486774,(3,9223372036854775807))
Edge(229513,26354,(3,9223372036854775807))
Edge(230153,253922,(3,9223372036854775807))
Edge(230390,43646,(3,9223372036854775807))
Edge(230978,241340,(3,9223372036854775807))
Edge(232707,137911,(3,9223372036854775807))
Edge(232879,337012,(3,9223372036854775807))
Edge(232928,381438,(3,9223372036854775807))
Edge(233121,44915,(1,9223372036854775807))
Edge(233719,289139,(3,9223372036854775807))
Edge(234004,357587,(3,9223372036854775807))
Edge(234089,365124,(1,9223372036854775807))
Edge(234397,353078,(3,9223372036854775807))
Edge(234428,409273,(3,9223372036854775807))
Edge(234875,280411,(3,9223372036854775807))
Edge(235118,432688,(3,9223372036854775807))
Edge(235363,42116,(1,9223372036854775807))
Edge(235489,260155,(3,9223372036854775807))
Edge(235517,265912,(3,9223372036854775807))
Edge(235810,320206,(3,9223372036854775807))
Edge(236459,199470,(3,9223372036854775807))
Edge(236701,422837,(3,9223372036854775807))
Edge(236758,62591,(3,9223372036854775807))
Edge(237431,247957,(3,9223372036854775807))
Edge(238026,411131,(3,9223372036854775807))
Edge(238250,74862,(3,9223372036854775807))
Edge(238744,108407,(3,9223372036854775807))
Edge(239123,159985,(1,3))
Edge(239270,477273,(3,9223372036854775807))
Edge(239547,8475,(3,9223372036854775807))
Edge(239777,482379,(3,9223372036854775807))
Edge(239797,54513,(3,9223372036854775807))
Edge(239813,102325,(3,9223372036854775807))
Edge(240208,194000,(1,9223372036854775807))
Edge(240536,461497,(3,9223372036854775807))
Edge(240573,35056,(3,9223372036854775807))
Edge(240616,308908,(1,9223372036854775807))
Edge(240649,267022,(3,9223372036854775807))
Edge(240686,151120,(3,9223372036854775807))
Edge(240731,14938,(3,9223372036854775807))
Edge(240775,337009,(3,9223372036854775807))
Edge(241193,161638,(3,9223372036854775807))
Edge(241325,12634,(3,9223372036854775807))
Edge(241350,125006,(3,9223372036854775807))
Edge(241406,382297,(3,9223372036854775807))
Edge(241506,65573,(1,9223372036854775807))
Edge(241581,143445,(3,9223372036854775807))
Edge(241613,114852,(3,9223372036854775807))
Edge(241700,152426,(3,9223372036854775807))
Edge(242286,421722,(3,9223372036854775807))
Edge(242345,126100,(3,9223372036854775807))
Edge(242747,7914,(3,9223372036854775807))
Edge(242814,64286,(3,9223372036854775807))
Edge(242909,308203,(1,9223372036854775807))
Edge(243472,3998,(3,9223372036854775807))
Edge(243482,375325,(3,9223372036854775807))
Edge(243662,453683,(3,9223372036854775807))
Edge(243912,335000,(3,9223372036854775807))
Edge(243949,40114,(3,9223372036854775807))
Edge(244031,421988,(3,9223372036854775807))
Edge(244041,86505,(3,9223372036854775807))
Edge(244041,322461,(3,9223372036854775807))
Edge(244054,477176,(3,9223372036854775807))
Edge(244131,330847,(3,9223372036854775807))
Edge(244183,347405,(3,9223372036854775807))
Edge(244309,387444,(3,9223372036854775807))
Edge(244341,379148,(3,9223372036854775807))
Edge(245253,251572,(1,3))
Edge(245734,475341,(1,3))
Edge(245903,486412,(3,9223372036854775807))
Edge(246295,382502,(3,9223372036854775807))
Edge(246398,149112,(3,9223372036854775807))
Edge(247138,374397,(3,9223372036854775807))
Edge(247138,404456,(3,9223372036854775807))
Edge(247508,190463,(3,9223372036854775807))
Edge(248331,118761,(3,9223372036854775807))
Edge(248415,65582,(3,9223372036854775807))
Edge(248542,329437,(3,9223372036854775807))
Edge(248745,392686,(3,9223372036854775807))
Edge(248812,258916,(3,9223372036854775807))
Edge(248854,258495,(3,9223372036854775807))
Edge(248876,193734,(1,3))
Edge(249026,440834,(3,9223372036854775807))
Edge(249357,461047,(1,9223372036854775807))
Edge(249575,348455,(3,9223372036854775807))
Edge(249592,302596,(1,3))
Edge(249658,207639,(3,9223372036854775807))
Edge(249749,108726,(3,9223372036854775807))
Edge(249948,422417,(3,9223372036854775807))
Edge(250042,365700,(3,9223372036854775807))
Edge(250286,466788,(3,9223372036854775807))
Edge(250552,62576,(1,3))
Edge(250628,247695,(3,9223372036854775807))
Edge(251302,320598,(3,9223372036854775807))
Edge(251422,454288,(3,9223372036854775807))
Edge(251606,181623,(3,9223372036854775807))
Edge(251682,253317,(3,9223372036854775807))
Edge(251705,261104,(1,9223372036854775807))
Edge(251813,230199,(1,9223372036854775807))
Edge(252073,463854,(1,9223372036854775807))
Edge(252173,2544,(3,9223372036854775807))
Edge(252344,206872,(3,9223372036854775807))
Edge(252460,120332,(3,9223372036854775807))
Edge(252713,25623,(3,9223372036854775807))
Edge(252884,102234,(3,9223372036854775807))
Edge(253330,131652,(3,9223372036854775807))
Edge(253396,51884,(3,9223372036854775807))
Edge(253690,101454,(3,9223372036854775807))
Edge(253690,470326,(3,9223372036854775807))
Edge(254006,376526,(3,9223372036854775807))
Edge(254114,143278,(3,9223372036854775807))
Edge(254245,72345,(3,9223372036854775807))
Edge(254302,183893,(3,9223372036854775807))
Edge(254331,277793,(1,9223372036854775807))
Edge(254403,167179,(3,9223372036854775807))
Edge(254486,278054,(3,9223372036854775807))
Edge(254500,353998,(1,9223372036854775807))
Edge(255002,426284,(3,9223372036854775807))
Edge(255082,229648,(1,9223372036854775807))
Edge(255095,426,(1,3))
Edge(255330,79568,(3,9223372036854775807))
Edge(255601,316018,(1,3))
Edge(255789,410605,(3,9223372036854775807))
Edge(255932,479650,(3,9223372036854775807))
Edge(256270,187587,(3,9223372036854775807))
Edge(256813,125874,(3,9223372036854775807))
Edge(256947,205193,(3,9223372036854775807))
Edge(257370,108788,(3,9223372036854775807))
Edge(257569,197221,(3,9223372036854775807))
Edge(258304,274965,(1,3))
Edge(258901,59548,(3,9223372036854775807))
Edge(259154,377234,(3,9223372036854775807))
Edge(259344,429890,(1,9223372036854775807))
Edge(259509,190179,(3,9223372036854775807))
Edge(259590,82004,(3,9223372036854775807))
Edge(259644,314584,(3,9223372036854775807))
Edge(259720,291891,(3,9223372036854775807))
Edge(260308,258002,(3,9223372036854775807))
Edge(260325,223658,(1,3))
Edge(260452,56879,(3,9223372036854775807))
Edge(260601,364499,(3,9223372036854775807))
Edge(262756,444797,(3,9223372036854775807))
Edge(262873,318271,(3,9223372036854775807))
Edge(263568,90490,(3,9223372036854775807))
Edge(264110,148801,(3,9223372036854775807))
Edge(264156,234265,(3,9223372036854775807))
Edge(265222,87685,(3,9223372036854775807))
Edge(265262,187150,(3,9223372036854775807))
Edge(265549,221605,(3,9223372036854775807))
Edge(265802,107091,(3,9223372036854775807))
Edge(265829,394782,(3,9223372036854775807))
Edge(266047,270394,(3,9223372036854775807))
Edge(266638,425343,(1,3))
Edge(267484,335623,(3,9223372036854775807))
Edge(267884,74065,(1,9223372036854775807))
Edge(268166,451622,(3,9223372036854775807))
Edge(268289,277804,(3,9223372036854775807))
Edge(268298,293459,(3,9223372036854775807))
Edge(268374,207416,(1,9223372036854775807))
Edge(268403,422414,(3,9223372036854775807))
Edge(268615,371480,(3,9223372036854775807))
Edge(269108,157240,(3,9223372036854775807))
Edge(269621,250280,(3,9223372036854775807))
Edge(269885,44007,(3,9223372036854775807))
Edge(269971,121999,(1,3))
Edge(269997,96070,(3,9223372036854775807))
Edge(270102,205462,(3,9223372036854775807))
Edge(270589,259578,(3,9223372036854775807))
Edge(270693,361934,(3,9223372036854775807))
Edge(271384,228880,(3,9223372036854775807))
Edge(271456,218202,(3,9223372036854775807))
Edge(271636,33900,(1,9223372036854775807))
Edge(271740,272886,(3,9223372036854775807))
Edge(271971,213032,(3,9223372036854775807))
Edge(272017,263014,(3,9223372036854775807))
Edge(272335,147613,(3,9223372036854775807))
Edge(272427,106843,(3,9223372036854775807))
Edge(272583,363411,(3,9223372036854775807))
Edge(272612,458245,(1,3))
Edge(272725,148240,(1,9223372036854775807))
Edge(273078,260354,(3,9223372036854775807))
Edge(273186,69388,(3,9223372036854775807))
Edge(273963,202778,(3,9223372036854775807))
Edge(274032,200767,(3,9223372036854775807))
Edge(274241,228987,(3,9223372036854775807))
Edge(274808,168240,(3,9223372036854775807))
Edge(274865,270073,(1,3))
Edge(274944,389759,(1,3))
Edge(275213,233619,(3,9223372036854775807))
Edge(275608,199020,(3,9223372036854775807))
Edge(276441,155950,(3,9223372036854775807))
Edge(276502,78705,(3,9223372036854775807))
Edge(276546,493783,(3,9223372036854775807))
Edge(277288,316322,(3,9223372036854775807))
Edge(277292,142475,(3,9223372036854775807))
Edge(277296,191052,(3,9223372036854775807))
Edge(277753,295397,(3,9223372036854775807))
Edge(278166,194842,(3,9223372036854775807))
Edge(278251,135241,(3,9223372036854775807))
Edge(279461,393162,(3,9223372036854775807))
Edge(279939,3816,(1,9223372036854775807))
Edge(279957,235874,(3,9223372036854775807))
Edge(280613,239636,(3,9223372036854775807))
Edge(281078,21240,(1,9223372036854775807))
Edge(281097,262903,(3,9223372036854775807))
Edge(281172,394160,(3,9223372036854775807))
Edge(281195,374482,(3,9223372036854775807))
Edge(281286,46863,(3,9223372036854775807))
Edge(281594,133630,(3,9223372036854775807))
Edge(281780,129118,(3,9223372036854775807))
Edge(281864,318301,(1,9223372036854775807))
Edge(282166,188373,(3,9223372036854775807))
Edge(282745,498249,(3,9223372036854775807))
Edge(282869,369050,(1,3))
Edge(283041,428251,(1,9223372036854775807))
Edge(283403,128993,(3,9223372036854775807))
Edge(283418,316965,(1,9223372036854775807))
Edge(283605,404060,(1,9223372036854775807))
Edge(283702,401546,(3,9223372036854775807))
Edge(283869,135834,(3,9223372036854775807))
Edge(284512,300433,(1,9223372036854775807))
Edge(284589,104473,(3,9223372036854775807))
Edge(284782,159946,(3,9223372036854775807))
Edge(284987,425949,(3,9223372036854775807))
Edge(285333,417413,(4,9223372036854775807))
Edge(286012,308815,(3,9223372036854775807))
Edge(286158,235960,(3,9223372036854775807))
Edge(286320,486842,(1,3))
Edge(286340,91561,(3,9223372036854775807))
Edge(286802,368550,(1,3))
Edge(287190,487539,(3,9223372036854775807))
Edge(287307,458399,(3,9223372036854775807))
Edge(288222,315174,(3,9223372036854775807))
Edge(288256,276156,(3,9223372036854775807))
Edge(288327,312382,(3,9223372036854775807))
Edge(288631,238031,(3,9223372036854775807))
Edge(289086,484629,(3,9223372036854775807))
Edge(289853,213779,(3,9223372036854775807))
Edge(289937,200735,(1,9223372036854775807))
Edge(289975,227416,(3,9223372036854775807))
Edge(290633,349114,(3,9223372036854775807))
Edge(291045,461927,(3,9223372036854775807))
Edge(291156,282509,(3,9223372036854775807))
Edge(291564,124351,(1,9223372036854775807))
Edge(292020,87442,(3,9223372036854775807))
Edge(292087,476833,(3,9223372036854775807))
Edge(293155,417728,(1,9223372036854775807))
Edge(293318,418027,(3,9223372036854775807))
Edge(293463,161851,(3,9223372036854775807))
Edge(293895,155939,(3,9223372036854775807))
Edge(294008,362030,(3,9223372036854775807))
Edge(294159,112638,(3,9223372036854775807))
Edge(294368,201511,(1,9223372036854775807))
Edge(294621,1855,(1,3))
Edge(294736,483463,(3,9223372036854775807))
Edge(294769,361010,(3,9223372036854775807))
Edge(295034,144453,(3,9223372036854775807))
Edge(295277,131437,(3,9223372036854775807))
Edge(295291,325241,(3,9223372036854775807))
Edge(295715,278599,(3,9223372036854775807))
Edge(296208,116560,(3,9223372036854775807))
Edge(296772,140443,(1,9223372036854775807))
Edge(297117,333201,(1,9223372036854775807))
Edge(297369,264737,(3,9223372036854775807))
Edge(297494,489601,(3,9223372036854775807))
Edge(297878,213951,(3,9223372036854775807))
Edge(298183,428060,(3,9223372036854775807))
Edge(298425,57608,(3,9223372036854775807))
Edge(298459,319013,(4,9223372036854775807))
Edge(298518,102364,(3,9223372036854775807))
Edge(298576,477394,(3,9223372036854775807))
Edge(298718,262365,(3,9223372036854775807))
Edge(298845,246494,(3,9223372036854775807))
Edge(299426,333339,(3,9223372036854775807))
Edge(299762,252758,(1,9223372036854775807))
Edge(300155,265870,(3,9223372036854775807))
Edge(300752,477412,(3,9223372036854775807))
Edge(301320,248754,(3,9223372036854775807))
Edge(301404,215558,(3,9223372036854775807))
Edge(301854,355166,(1,9223372036854775807))
Edge(301929,38886,(1,3))
Edge(302030,417057,(3,9223372036854775807))
Edge(302038,104237,(1,3))
Edge(302266,20726,(3,9223372036854775807))
Edge(302703,7137,(3,9223372036854775807))
Edge(302954,166251,(3,9223372036854775807))
Edge(303176,285993,(1,9223372036854775807))
Edge(303388,183329,(3,9223372036854775807))
Edge(304227,10945,(3,9223372036854775807))
Edge(304475,13737,(3,9223372036854775807))
Edge(304484,47937,(3,9223372036854775807))
Edge(304830,308223,(3,9223372036854775807))
Edge(305298,398027,(3,9223372036854775807))
Edge(305442,341473,(3,9223372036854775807))
Edge(305719,270507,(3,9223372036854775807))
Edge(306084,135649,(3,9223372036854775807))
Edge(306160,434137,(3,9223372036854775807))
Edge(306549,293981,(1,9223372036854775807))
Edge(306566,21521,(3,9223372036854775807))
Edge(306728,407156,(3,9223372036854775807))
Edge(306841,8363,(3,9223372036854775807))
Edge(307132,299099,(3,9223372036854775807))
Edge(307343,158622,(1,9223372036854775807))
Edge(307404,380929,(3,9223372036854775807))
Edge(307640,450408,(3,9223372036854775807))
Edge(308013,187234,(1,9223372036854775807))
Edge(308379,390528,(3,9223372036854775807))
Edge(308894,450350,(3,9223372036854775807))
Edge(308955,421334,(3,9223372036854775807))
Edge(308969,257985,(1,9223372036854775807))
Edge(308974,381387,(3,9223372036854775807))
Edge(309176,480684,(3,9223372036854775807))
Edge(310172,40541,(3,9223372036854775807))
Edge(310329,233114,(3,9223372036854775807))
Edge(310342,395268,(3,9223372036854775807))
Edge(311100,332504,(3,9223372036854775807))
Edge(311506,463436,(3,9223372036854775807))
Edge(311657,363493,(3,9223372036854775807))
Edge(311868,105422,(3,9223372036854775807))
Edge(312161,135968,(3,9223372036854775807))
Edge(312281,210515,(3,9223372036854775807))
Edge(312322,146049,(3,9223372036854775807))
Edge(312992,391497,(1,3))
Edge(313109,298502,(3,9223372036854775807))
Edge(313124,213621,(3,9223372036854775807))
Edge(313230,291378,(1,3))
Edge(313250,482336,(3,9223372036854775807))
Edge(313570,284578,(1,9223372036854775807))
Edge(313737,138662,(1,9223372036854775807))
Edge(313753,83363,(3,9223372036854775807))
Edge(314694,481172,(3,9223372036854775807))
Edge(314848,355149,(3,9223372036854775807))
Edge(314893,85252,(3,9223372036854775807))
Edge(314899,208376,(3,9223372036854775807))
Edge(315025,85340,(3,9223372036854775807))
Edge(315439,53916,(3,9223372036854775807))
Edge(315874,141866,(3,9223372036854775807))
Edge(315918,25169,(3,9223372036854775807))
Edge(315971,276632,(3,9223372036854775807))
Edge(316247,105852,(3,9223372036854775807))
Edge(316248,57940,(3,9223372036854775807))
Edge(316832,146529,(3,9223372036854775807))
Edge(317620,134909,(1,9223372036854775807))
Edge(317718,356937,(1,3))
Edge(317929,112621,(1,9223372036854775807))
Edge(318219,414454,(3,9223372036854775807))
Edge(319375,118674,(1,9223372036854775807))
Edge(319496,363905,(3,9223372036854775807))
Edge(319667,415507,(3,9223372036854775807))
Edge(319814,198592,(3,9223372036854775807))
Edge(320218,464258,(3,9223372036854775807))
Edge(320518,121699,(3,9223372036854775807))
Edge(321241,186327,(1,9223372036854775807))
Edge(321593,21787,(3,9223372036854775807))
Edge(321815,24892,(3,9223372036854775807))
Edge(321886,222479,(3,9223372036854775807))
Edge(321921,377762,(3,9223372036854775807))
Edge(322323,80326,(1,9223372036854775807))
Edge(322515,410483,(3,9223372036854775807))
Edge(323408,257843,(1,9223372036854775807))
Edge(323494,248354,(3,9223372036854775807))
Edge(323699,328748,(3,9223372036854775807))
Edge(323736,430784,(3,9223372036854775807))
Edge(324009,136582,(3,9223372036854775807))
Edge(324316,255704,(1,9223372036854775807))
Edge(325566,145852,(3,9223372036854775807))
Edge(326058,69368,(3,9223372036854775807))
Edge(326254,255168,(3,9223372036854775807))
Edge(326351,208686,(3,9223372036854775807))
Edge(326609,392046,(1,9223372036854775807))
Edge(326738,11190,(1,9223372036854775807))
Edge(326753,415910,(3,9223372036854775807))
Edge(327344,110893,(3,9223372036854775807))
Edge(327401,92364,(3,9223372036854775807))
Edge(327773,2821,(1,9223372036854775807))
Edge(327913,220953,(3,9223372036854775807))
Edge(328329,151713,(1,9223372036854775807))
Edge(328803,110074,(1,9223372036854775807))
Edge(328851,345222,(3,9223372036854775807))
Edge(329376,128918,(3,9223372036854775807))
Edge(329481,181508,(1,9223372036854775807))
Edge(329559,424443,(3,9223372036854775807))
Edge(329599,267701,(3,9223372036854775807))
Edge(329987,3648,(3,9223372036854775807))
Edge(330112,407102,(1,9223372036854775807))
Edge(330241,206283,(3,9223372036854775807))
Edge(331589,177108,(1,9223372036854775807))
Edge(331715,316150,(3,9223372036854775807))
Edge(332225,17608,(1,9223372036854775807))
Edge(332886,214085,(3,9223372036854775807))
Edge(333392,273141,(3,9223372036854775807))
Edge(333887,449247,(3,9223372036854775807))
Edge(333977,283637,(3,9223372036854775807))
Edge(334000,347419,(3,9223372036854775807))
Edge(334025,269327,(3,9223372036854775807))
Edge(334390,111510,(1,3))
Edge(334428,154028,(3,9223372036854775807))
Edge(334833,22847,(1,9223372036854775807))
Edge(334894,481895,(3,9223372036854775807))
Edge(335026,395777,(3,9223372036854775807))
Edge(335066,169712,(3,9223372036854775807))
Edge(336050,27361,(3,9223372036854775807))
Edge(336979,258200,(3,9223372036854775807))
Edge(337031,177142,(3,9223372036854775807))
Edge(337826,129656,(1,9223372036854775807))
Edge(338365,158132,(3,9223372036854775807))
Edge(338418,424583,(3,9223372036854775807))
Edge(338510,413468,(3,9223372036854775807))
Edge(338715,170368,(3,9223372036854775807))
Edge(338781,252168,(3,9223372036854775807))
Edge(339406,419637,(3,9223372036854775807))
Edge(339712,257541,(3,9223372036854775807))
Edge(339767,188492,(3,9223372036854775807))
Edge(339768,301179,(3,9223372036854775807))
Edge(339809,204911,(3,9223372036854775807))
Edge(339920,17761,(3,9223372036854775807))
Edge(339929,15884,(3,9223372036854775807))
Edge(341235,382308,(3,9223372036854775807))
Edge(341298,489925,(3,9223372036854775807))
Edge(341829,383818,(1,3))
Edge(341893,366648,(3,9223372036854775807))
Edge(341909,407360,(1,9223372036854775807))
Edge(342038,457212,(3,9223372036854775807))
Edge(342874,198944,(3,9223372036854775807))
Edge(342875,140048,(3,9223372036854775807))
Edge(343314,208024,(3,9223372036854775807))
Edge(343584,343866,(3,9223372036854775807))
Edge(344289,194510,(3,9223372036854775807))
Edge(344719,210643,(3,9223372036854775807))
Edge(345716,5908,(3,9223372036854775807))
Edge(345899,359449,(1,9223372036854775807))
Edge(346041,200241,(3,9223372036854775807))
Edge(346096,21878,(3,9223372036854775807))
Edge(346542,370771,(3,9223372036854775807))
Edge(346953,354751,(3,9223372036854775807))
Edge(347681,113568,(3,9223372036854775807))
Edge(347835,477644,(3,9223372036854775807))
Edge(347904,115544,(3,9223372036854775807))
Edge(347944,277452,(3,9223372036854775807))
Edge(348071,17867,(3,9223372036854775807))
Edge(348359,85484,(3,9223372036854775807))
Edge(348402,359975,(1,3))
Edge(348771,311557,(3,9223372036854775807))
Edge(348969,203391,(3,9223372036854775807))
Edge(349160,436516,(3,9223372036854775807))
Edge(349522,212742,(3,9223372036854775807))
Edge(350413,236056,(3,9223372036854775807))
Edge(350609,416422,(3,9223372036854775807))
Edge(350667,325095,(3,9223372036854775807))
Edge(351709,410872,(3,9223372036854775807))
Edge(351722,113820,(3,9223372036854775807))
Edge(352117,231623,(3,9223372036854775807))
Edge(352414,348037,(1,9223372036854775807))
Edge(352464,277476,(3,9223372036854775807))
Edge(353178,26750,(3,9223372036854775807))
Edge(353193,417345,(3,9223372036854775807))
Edge(353274,71157,(3,9223372036854775807))
Edge(353957,25884,(1,3))
Edge(354129,120255,(1,3))
Edge(354134,425959,(3,9223372036854775807))
Edge(354397,101563,(1,9223372036854775807))
Edge(354488,385410,(1,9223372036854775807))
Edge(354492,215691,(1,9223372036854775807))
Edge(354761,242965,(3,9223372036854775807))
Edge(355398,483605,(3,9223372036854775807))
Edge(356036,313115,(3,9223372036854775807))
Edge(356188,452351,(3,9223372036854775807))
Edge(356508,308712,(1,3))
Edge(356601,154027,(3,9223372036854775807))
Edge(356615,284173,(3,9223372036854775807))
Edge(356617,499220,(1,3))
Edge(356694,488172,(3,9223372036854775807))
Edge(357243,373636,(3,9223372036854775807))
Edge(357438,3583,(3,9223372036854775807))
Edge(357459,60232,(1,3))
Edge(357561,367195,(3,9223372036854775807))
Edge(357652,218452,(1,3))
Edge(357653,251659,(1,9223372036854775807))
Edge(357851,324568,(3,9223372036854775807))
Edge(358248,208085,(3,9223372036854775807))
Edge(358698,292066,(3,9223372036854775807))
Edge(359110,401012,(3,9223372036854775807))
Edge(359128,343103,(3,9223372036854775807))
Edge(359341,362652,(3,9223372036854775807))
Edge(359367,92431,(3,9223372036854775807))
Edge(359781,90394,(3,9223372036854775807))
Edge(360298,397368,(3,9223372036854775807))
Edge(360769,499364,(1,9223372036854775807))
Edge(361132,383006,(3,9223372036854775807))
Edge(361754,34145,(3,9223372036854775807))
Edge(361985,208371,(3,9223372036854775807))
Edge(362839,302143,(3,9223372036854775807))
Edge(362911,96084,(3,9223372036854775807))
Edge(363018,120147,(3,9223372036854775807))
Edge(363112,98143,(1,9223372036854775807))
Edge(363206,197786,(3,9223372036854775807))
Edge(363312,452998,(3,9223372036854775807))
Edge(363393,228872,(3,9223372036854775807))
Edge(363583,389226,(3,9223372036854775807))
Edge(363670,269239,(4,9223372036854775807))
Edge(363754,123959,(3,9223372036854775807))
Edge(363948,139959,(3,9223372036854775807))
Edge(364206,72764,(1,9223372036854775807))
Edge(364276,349233,(1,9223372036854775807))
Edge(364929,27740,(3,9223372036854775807))
Edge(365008,166850,(1,9223372036854775807))
Edge(365533,221947,(1,9223372036854775807))
Edge(366287,247513,(1,3))
Edge(366310,256074,(1,3))
Edge(366395,480509,(3,9223372036854775807))
Edge(366925,488145,(3,9223372036854775807))
Edge(367013,244109,(3,9223372036854775807))
Edge(367187,499571,(3,9223372036854775807))
Edge(367238,381497,(3,9223372036854775807))
Edge(367508,302920,(3,9223372036854775807))
Edge(367620,230595,(3,9223372036854775807))
Edge(367739,258892,(3,9223372036854775807))
Edge(367835,363746,(1,9223372036854775807))
Edge(368004,183563,(1,3))
Edge(368199,484155,(3,9223372036854775807))
Edge(368803,19040,(1,3))
Edge(368856,2706,(3,9223372036854775807))
Edge(368971,419871,(3,9223372036854775807))
Edge(369030,141375,(3,9223372036854775807))
Edge(369200,12609,(1,9223372036854775807))
Edge(369546,72134,(3,9223372036854775807))
Edge(370042,79737,(3,9223372036854775807))
Edge(370210,338999,(3,9223372036854775807))
Edge(370387,61993,(3,9223372036854775807))
Edge(370478,198406,(1,3))
Edge(370632,237716,(3,9223372036854775807))
Edge(371057,241659,(3,9223372036854775807))
Edge(371359,306667,(3,9223372036854775807))
Edge(372693,283029,(3,9223372036854775807))
Edge(372693,370675,(3,9223372036854775807))
Edge(373062,371084,(3,9223372036854775807))
Edge(373261,313144,(3,9223372036854775807))
Edge(373707,411441,(1,9223372036854775807))
Edge(373839,314733,(3,9223372036854775807))
Edge(374162,368697,(3,9223372036854775807))
Edge(374349,91457,(1,9223372036854775807))
Edge(374476,117400,(3,9223372036854775807))
Edge(374674,417103,(3,9223372036854775807))
Edge(374748,4575,(3,9223372036854775807))
Edge(374883,407846,(3,9223372036854775807))
Edge(374994,278361,(3,9223372036854775807))
Edge(375605,67504,(3,9223372036854775807))
Edge(375621,474818,(3,9223372036854775807))
Edge(376787,369725,(3,9223372036854775807))
Edge(377040,405715,(1,9223372036854775807))
Edge(377136,443460,(3,9223372036854775807))
Edge(377187,262852,(3,9223372036854775807))
Edge(377298,74520,(3,9223372036854775807))
Edge(377412,375754,(3,9223372036854775807))
Edge(377548,469352,(1,9223372036854775807))
Edge(377686,229862,(3,9223372036854775807))
Edge(377832,75886,(3,9223372036854775807))
Edge(378055,18863,(3,9223372036854775807))
Edge(378074,357500,(3,9223372036854775807))
Edge(378360,41395,(3,9223372036854775807))
Edge(378581,145017,(3,9223372036854775807))
Edge(378713,439528,(3,9223372036854775807))
Edge(378771,142946,(1,9223372036854775807))
Edge(379048,101516,(1,3))
Edge(379123,330152,(3,9223372036854775807))
Edge(379307,405959,(3,9223372036854775807))
Edge(380179,452090,(3,9223372036854775807))
Edge(380759,57107,(3,9223372036854775807))
Edge(381350,435849,(3,9223372036854775807))
Edge(382108,438053,(3,9223372036854775807))
Edge(382165,43059,(1,9223372036854775807))
Edge(382165,299125,(3,9223372036854775807))
Edge(382214,226462,(3,9223372036854775807))
Edge(383177,233352,(3,9223372036854775807))
Edge(383422,393681,(1,3))
Edge(383634,374307,(3,9223372036854775807))
Edge(383642,325318,(3,9223372036854775807))
Edge(384104,150535,(3,9223372036854775807))
Edge(384963,297506,(1,9223372036854775807))
Edge(385285,459998,(3,9223372036854775807))
Edge(385582,3089,(3,9223372036854775807))
Edge(385751,482192,(1,3))
Edge(386077,209923,(3,9223372036854775807))
Edge(386086,234161,(3,9223372036854775807))
Edge(386203,453998,(3,9223372036854775807))
Edge(386948,383375,(3,9223372036854775807))
Edge(387417,166823,(3,9223372036854775807))
Edge(387499,398565,(3,9223372036854775807))
Edge(388316,254482,(3,9223372036854775807))
Edge(388691,291588,(3,9223372036854775807))
Edge(388789,466161,(3,9223372036854775807))
Edge(389674,91566,(1,9223372036854775807))
Edge(389772,83234,(3,9223372036854775807))
Edge(390000,347502,(3,9223372036854775807))
Edge(390107,400507,(3,9223372036854775807))
Edge(390424,280332,(3,9223372036854775807))
Edge(390504,156943,(3,9223372036854775807))
Edge(390624,181211,(3,9223372036854775807))
Edge(391252,361598,(3,9223372036854775807))
Edge(392161,456657,(3,9223372036854775807))
Edge(392197,139735,(3,9223372036854775807))
Edge(392249,361490,(1,3))
Edge(392515,332999,(3,9223372036854775807))
Edge(392525,24622,(3,9223372036854775807))
Edge(392541,328291,(3,9223372036854775807))
Edge(392813,477265,(3,9223372036854775807))
Edge(392883,137959,(3,9223372036854775807))
Edge(392933,128622,(3,9223372036854775807))
Edge(394012,287158,(3,9223372036854775807))
Edge(394184,442540,(3,9223372036854775807))
Edge(394210,184953,(1,9223372036854775807))
Edge(394672,258698,(3,9223372036854775807))
Edge(394751,290301,(3,9223372036854775807))
Edge(394886,139317,(3,9223372036854775807))
Edge(394984,192976,(3,9223372036854775807))
Edge(395761,495401,(3,9223372036854775807))
Edge(395863,474631,(3,9223372036854775807))
Edge(396104,446642,(3,9223372036854775807))
Edge(396625,272453,(3,9223372036854775807))
Edge(397314,303089,(1,9223372036854775807))
Edge(397348,353440,(3,9223372036854775807))
Edge(397491,471087,(3,9223372036854775807))
Edge(397499,398904,(3,9223372036854775807))
Edge(398078,303302,(3,9223372036854775807))
Edge(398324,275001,(3,9223372036854775807))
Edge(398491,394143,(3,9223372036854775807))
Edge(398576,165750,(3,9223372036854775807))
Edge(398633,183446,(3,9223372036854775807))
Edge(398634,257299,(3,9223372036854775807))
Edge(398817,155658,(3,9223372036854775807))
Edge(398831,332606,(3,9223372036854775807))
Edge(399424,250500,(3,9223372036854775807))
Edge(399445,234291,(1,3))
Edge(399663,11641,(3,9223372036854775807))
Edge(399757,399231,(3,9223372036854775807))
Edge(399867,357753,(3,9223372036854775807))
Edge(399884,144353,(3,9223372036854775807))
Edge(400512,295638,(3,9223372036854775807))
Edge(400662,97110,(3,9223372036854775807))
Edge(401529,488644,(3,9223372036854775807))
Edge(401609,124677,(3,9223372036854775807))
Edge(401681,229010,(3,9223372036854775807))
Edge(402174,226639,(3,9223372036854775807))
Edge(402524,254323,(3,9223372036854775807))
Edge(402772,320895,(3,9223372036854775807))
Edge(402823,407300,(3,9223372036854775807))
Edge(403061,150497,(3,9223372036854775807))
Edge(403365,162881,(3,9223372036854775807))
Edge(403553,442444,(1,9223372036854775807))
Edge(404130,219781,(3,9223372036854775807))
Edge(404447,368053,(3,9223372036854775807))
Edge(404483,65601,(3,9223372036854775807))
Edge(404483,465566,(3,9223372036854775807))
Edge(404928,269517,(1,9223372036854775807))
Edge(404962,434296,(3,9223372036854775807))
Edge(404974,204246,(3,9223372036854775807))
Edge(405237,116673,(1,9223372036854775807))
Edge(405381,389490,(3,9223372036854775807))
Edge(405684,233834,(3,9223372036854775807))
Edge(405721,403695,(3,9223372036854775807))
Edge(406572,81456,(1,9223372036854775807))
Edge(407255,297855,(3,9223372036854775807))
Edge(407571,411151,(3,9223372036854775807))
Edge(407728,305237,(3,9223372036854775807))
Edge(408164,182100,(3,9223372036854775807))
Edge(408232,264461,(3,9223372036854775807))
Edge(408438,122567,(3,9223372036854775807))
Edge(408458,477418,(3,9223372036854775807))
Edge(408743,467330,(1,9223372036854775807))
Edge(408869,360064,(3,9223372036854775807))
Edge(409496,422783,(3,9223372036854775807))
Edge(410240,157982,(3,9223372036854775807))
Edge(410611,444727,(1,9223372036854775807))
Edge(410976,491643,(1,3))
Edge(411081,437299,(3,9223372036854775807))
Edge(411090,246113,(3,9223372036854775807))
Edge(411241,139763,(3,9223372036854775807))
Edge(411293,139211,(3,9223372036854775807))
Edge(411460,400121,(3,9223372036854775807))
Edge(411696,435220,(1,9223372036854775807))
Edge(411736,402900,(3,9223372036854775807))
Edge(412015,278494,(3,9223372036854775807))
Edge(412924,38177,(3,9223372036854775807))
Edge(413464,119463,(3,9223372036854775807))
Edge(413485,488962,(1,9223372036854775807))
Edge(414018,336131,(3,9223372036854775807))
Edge(414042,363409,(3,9223372036854775807))
Edge(414075,29404,(3,9223372036854775807))
Edge(414127,251383,(3,9223372036854775807))
Edge(414133,158904,(1,9223372036854775807))
Edge(414214,427853,(1,3))
Edge(414398,118640,(3,9223372036854775807))
Edge(414713,355324,(3,9223372036854775807))
Edge(414854,389384,(3,9223372036854775807))
Edge(415416,12571,(3,9223372036854775807))
Edge(415748,181660,(3,9223372036854775807))
Edge(415853,94862,(3,9223372036854775807))
Edge(416017,252812,(3,9223372036854775807))
Edge(416059,80634,(3,9223372036854775807))
Edge(416193,259686,(1,9223372036854775807))
Edge(416203,360094,(3,9223372036854775807))
Edge(416228,22953,(3,9223372036854775807))
Edge(416692,431596,(3,9223372036854775807))
Edge(416994,57621,(1,9223372036854775807))
Edge(417040,322654,(1,9223372036854775807))
Edge(417071,35307,(3,9223372036854775807))
Edge(417266,174068,(3,9223372036854775807))
Edge(417504,252408,(3,9223372036854775807))
Edge(418048,32210,(3,9223372036854775807))
Edge(418221,177547,(3,9223372036854775807))
Edge(418246,433640,(3,9223372036854775807))
Edge(418347,440722,(3,9223372036854775807))
Edge(418457,391072,(3,9223372036854775807))
Edge(418717,485270,(3,9223372036854775807))
Edge(419153,373844,(3,9223372036854775807))
Edge(419299,229332,(3,9223372036854775807))
Edge(419493,361958,(3,9223372036854775807))
Edge(419589,199698,(3,9223372036854775807))
Edge(419759,289961,(3,9223372036854775807))
Edge(420172,390111,(3,9223372036854775807))
Edge(420482,110478,(3,9223372036854775807))
Edge(420690,119957,(3,9223372036854775807))
Edge(420941,350219,(3,9223372036854775807))
Edge(421274,102745,(3,9223372036854775807))
Edge(421838,493360,(3,9223372036854775807))
Edge(421981,393518,(3,9223372036854775807))
Edge(422066,323700,(3,9223372036854775807))
Edge(422150,206102,(3,9223372036854775807))
Edge(422534,308954,(3,9223372036854775807))
Edge(422787,259301,(3,9223372036854775807))
Edge(422871,109649,(1,9223372036854775807))
Edge(423217,368238,(3,9223372036854775807))
Edge(423386,363449,(3,9223372036854775807))
Edge(423469,383426,(3,9223372036854775807))
Edge(424320,389159,(3,9223372036854775807))
Edge(424550,196809,(3,9223372036854775807))
Edge(425062,165382,(3,9223372036854775807))
Edge(425739,294604,(1,9223372036854775807))
Edge(425776,47072,(3,9223372036854775807))
Edge(425835,458830,(1,9223372036854775807))
Edge(425933,264278,(1,3))
Edge(426175,402942,(1,3))
Edge(426309,100879,(3,9223372036854775807))
Edge(426388,244793,(1,9223372036854775807))
Edge(426519,315614,(3,9223372036854775807))
Edge(426686,416756,(3,9223372036854775807))
Edge(427053,79155,(3,9223372036854775807))
Edge(427527,338529,(3,9223372036854775807))
Edge(427998,415901,(1,9223372036854775807))
Edge(428108,58919,(3,9223372036854775807))
Edge(428262,73325,(3,9223372036854775807))
Edge(428292,451813,(1,9223372036854775807))
Edge(428688,130959,(3,9223372036854775807))
Edge(429126,2051,(3,9223372036854775807))
Edge(429488,137326,(3,9223372036854775807))
Edge(429738,470663,(3,9223372036854775807))
Edge(429739,336857,(1,9223372036854775807))
Edge(430466,129536,(3,9223372036854775807))
Edge(431117,286091,(3,9223372036854775807))
Edge(431439,44905,(3,9223372036854775807))
Edge(431679,190068,(3,9223372036854775807))
Edge(431781,41324,(3,9223372036854775807))
Edge(432655,192746,(1,3))
Edge(432729,19679,(3,9223372036854775807))
Edge(433044,13491,(1,3))
Edge(433262,452555,(3,9223372036854775807))
Edge(433897,33112,(3,9223372036854775807))
Edge(433931,408111,(3,9223372036854775807))
Edge(434931,85380,(3,9223372036854775807))
Edge(435136,388940,(3,9223372036854775807))
Edge(435564,55820,(3,9223372036854775807))
Edge(435623,106607,(1,9223372036854775807))
Edge(435792,151869,(1,9223372036854775807))
Edge(436034,44911,(3,9223372036854775807))
Edge(436180,59997,(3,9223372036854775807))
Edge(436406,401639,(3,9223372036854775807))
Edge(436505,360246,(1,3))
Edge(437024,23209,(3,9223372036854775807))
Edge(437211,499264,(1,9223372036854775807))
Edge(437660,489849,(1,3))
Edge(437765,97088,(3,9223372036854775807))
Edge(438006,32625,(3,9223372036854775807))
Edge(438197,418957,(3,9223372036854775807))
Edge(438364,491544,(3,9223372036854775807))
Edge(438635,385059,(3,9223372036854775807))
Edge(438697,481146,(1,3))
Edge(438778,31439,(3,9223372036854775807))
Edge(438816,119564,(3,9223372036854775807))
Edge(438977,470020,(3,9223372036854775807))
Edge(439006,335867,(3,9223372036854775807))
Edge(439605,401345,(1,3))
Edge(440112,75747,(3,9223372036854775807))
Edge(440373,130665,(3,9223372036854775807))
Edge(440970,464026,(3,9223372036854775807))
Edge(441111,432366,(3,9223372036854775807))
Edge(441891,349623,(3,9223372036854775807))
Edge(442003,471089,(1,3))
Edge(442307,378330,(1,9223372036854775807))
Edge(442661,339006,(3,9223372036854775807))
Edge(442941,145844,(1,3))
Edge(443249,158455,(3,9223372036854775807))
Edge(443450,265746,(3,9223372036854775807))
Edge(443529,104839,(3,9223372036854775807))
Edge(443774,33465,(3,9223372036854775807))
Edge(443983,334558,(1,3))
Edge(444637,398383,(3,9223372036854775807))
Edge(445065,267295,(1,3))
Edge(445330,479711,(3,9223372036854775807))
Edge(445333,473214,(1,3))
Edge(445379,409039,(3,9223372036854775807))
Edge(446016,422899,(3,9223372036854775807))
Edge(446168,193981,(3,9223372036854775807))
Edge(446652,40168,(3,9223372036854775807))
Edge(446670,128155,(3,9223372036854775807))
Edge(447432,121262,(3,9223372036854775807))
Edge(447617,473983,(1,9223372036854775807))
Edge(447774,24731,(3,9223372036854775807))
Edge(447827,46290,(3,9223372036854775807))
Edge(448040,492646,(3,9223372036854775807))
Edge(448449,274112,(3,9223372036854775807))
Edge(448681,144370,(1,9223372036854775807))
Edge(448983,431397,(3,9223372036854775807))
Edge(449016,415846,(3,9223372036854775807))
Edge(449564,484012,(1,9223372036854775807))
Edge(449808,85270,(1,9223372036854775807))
Edge(449867,495476,(3,9223372036854775807))
Edge(449892,339497,(3,9223372036854775807))
Edge(449904,277781,(3,9223372036854775807))
Edge(450123,207611,(1,9223372036854775807))
Edge(450440,334722,(3,9223372036854775807))
Edge(451137,191396,(3,9223372036854775807))
Edge(451141,327724,(3,9223372036854775807))
Edge(452043,120726,(3,9223372036854775807))
Edge(452358,231813,(1,9223372036854775807))
Edge(452372,469235,(3,9223372036854775807))
Edge(452968,148431,(3,9223372036854775807))
Edge(453053,453964,(3,9223372036854775807))
Edge(453317,456867,(3,9223372036854775807))
Edge(453745,269794,(3,9223372036854775807))
Edge(453875,128555,(3,9223372036854775807))
Edge(454009,97260,(3,9223372036854775807))
Edge(454296,425688,(3,9223372036854775807))
Edge(454327,134518,(3,9223372036854775807))
Edge(455776,241176,(3,9223372036854775807))
Edge(456162,222106,(3,9223372036854775807))
Edge(456192,816,(3,9223372036854775807))
Edge(456216,493607,(1,3))
Edge(456403,115198,(3,9223372036854775807))
Edge(456530,229930,(3,9223372036854775807))
Edge(457497,126248,(3,9223372036854775807))
Edge(457668,114943,(3,9223372036854775807))
Edge(458621,251242,(1,9223372036854775807))
Edge(458712,302076,(3,9223372036854775807))
Edge(458984,5278,(3,9223372036854775807))
Edge(459645,116358,(3,9223372036854775807))
Edge(459890,14946,(3,9223372036854775807))
Edge(460493,25741,(1,9223372036854775807))
Edge(460903,450130,(1,3))
Edge(461036,359229,(1,3))
Edge(461122,387993,(3,9223372036854775807))
Edge(461235,414737,(3,9223372036854775807))
Edge(461344,477834,(3,9223372036854775807))
Edge(461779,284024,(3,9223372036854775807))
Edge(461858,74616,(3,9223372036854775807))
Edge(461944,315431,(3,9223372036854775807))
Edge(462080,52925,(3,9223372036854775807))
Edge(462568,69274,(1,9223372036854775807))
Edge(462750,649,(3,9223372036854775807))
Edge(462862,376288,(1,3))
Edge(464108,203636,(3,9223372036854775807))
Edge(464162,148876,(1,9223372036854775807))
Edge(464645,215850,(1,9223372036854775807))
Edge(465256,177841,(3,9223372036854775807))
Edge(465424,382116,(3,9223372036854775807))
Edge(465617,283445,(3,9223372036854775807))
Edge(466595,473410,(3,9223372036854775807))
Edge(466880,367383,(3,9223372036854775807))
Edge(467277,317837,(3,9223372036854775807))
Edge(467327,296272,(3,9223372036854775807))
Edge(467831,38522,(3,9223372036854775807))
Edge(467877,122551,(3,9223372036854775807))
Edge(467983,222345,(3,9223372036854775807))
Edge(468315,80935,(3,9223372036854775807))
Edge(468413,27327,(1,3))
Edge(468739,367792,(3,9223372036854775807))
Edge(468939,286201,(3,9223372036854775807))
Edge(469079,303481,(3,9223372036854775807))
Edge(469094,407277,(3,9223372036854775807))
Edge(469231,381667,(1,9223372036854775807))
Edge(469238,232779,(1,9223372036854775807))
Edge(469286,324722,(1,3))
Edge(469345,375132,(3,9223372036854775807))
Edge(469409,32699,(1,9223372036854775807))
Edge(469464,38452,(3,9223372036854775807))
Edge(469578,228391,(1,9223372036854775807))
Edge(469684,253283,(3,9223372036854775807))
Edge(469744,311923,(3,9223372036854775807))
Edge(470084,430455,(3,9223372036854775807))
Edge(471073,357742,(3,9223372036854775807))
Edge(471434,451907,(3,9223372036854775807))
Edge(471624,260466,(3,9223372036854775807))
Edge(472139,321555,(3,9223372036854775807))
Edge(472238,14465,(3,9223372036854775807))
Edge(472834,89439,(1,9223372036854775807))
Edge(472935,405520,(3,9223372036854775807))
Edge(473007,29721,(3,9223372036854775807))
Edge(473307,222080,(3,9223372036854775807))
Edge(473404,464463,(3,9223372036854775807))
Edge(473438,273545,(1,3))
Edge(473449,124113,(1,3))
Edge(473574,108778,(3,9223372036854775807))
Edge(473819,107009,(3,9223372036854775807))
Edge(474106,478408,(3,9223372036854775807))
Edge(474144,350017,(3,9223372036854775807))
Edge(474188,36301,(3,9223372036854775807))
Edge(474264,351969,(3,9223372036854775807))
Edge(474499,208734,(3,9223372036854775807))
Edge(474690,313939,(3,9223372036854775807))
Edge(475466,236925,(3,9223372036854775807))
Edge(475548,408829,(3,9223372036854775807))
Edge(475582,126471,(3,9223372036854775807))
Edge(475895,202564,(1,9223372036854775807))
Edge(475970,249619,(3,9223372036854775807))
Edge(476257,426865,(3,9223372036854775807))
Edge(476309,315660,(3,9223372036854775807))
Edge(476373,255794,(3,9223372036854775807))
Edge(476735,174806,(3,9223372036854775807))
Edge(476828,440142,(3,9223372036854775807))
Edge(477683,481944,(3,9223372036854775807))
Edge(478450,33957,(1,9223372036854775807))
Edge(478683,190380,(1,3))
Edge(478741,289331,(1,3))
Edge(479232,314373,(3,9223372036854775807))
Edge(479441,331138,(3,9223372036854775807))
Edge(479443,111904,(3,9223372036854775807))
Edge(480347,118420,(3,9223372036854775807))
Edge(481074,401371,(3,9223372036854775807))
Edge(481226,400396,(3,9223372036854775807))
Edge(481879,321339,(3,9223372036854775807))
Edge(482036,168447,(3,9223372036854775807))
Edge(482351,199154,(3,9223372036854775807))
Edge(482404,103816,(3,9223372036854775807))
Edge(482675,415479,(1,9223372036854775807))
Edge(482931,79068,(1,9223372036854775807))
Edge(483174,451878,(3,9223372036854775807))
Edge(483528,43996,(1,9223372036854775807))
Edge(483580,345266,(3,9223372036854775807))
Edge(484018,388559,(3,9223372036854775807))
Edge(484141,383344,(1,3))
Edge(484495,276852,(3,9223372036854775807))
Edge(484846,37603,(1,3))
Edge(484935,310212,(1,3))
Edge(485038,248002,(3,9223372036854775807))
Edge(485261,365773,(3,9223372036854775807))
Edge(485406,389145,(3,9223372036854775807))
Edge(485407,392052,(3,9223372036854775807))
Edge(485696,460121,(3,9223372036854775807))
Edge(485754,28139,(1,9223372036854775807))
Edge(485895,239356,(3,9223372036854775807))
Edge(486233,167917,(3,9223372036854775807))
Edge(486402,148373,(3,9223372036854775807))
Edge(487131,102195,(3,9223372036854775807))
Edge(487359,29286,(1,9223372036854775807))
Edge(487622,320110,(3,9223372036854775807))
Edge(487780,297984,(3,9223372036854775807))
Edge(488126,445871,(1,9223372036854775807))
Edge(488169,221612,(3,9223372036854775807))
Edge(488193,402817,(1,3))
Edge(488248,4876,(3,9223372036854775807))
Edge(488321,477374,(3,9223372036854775807))
Edge(488431,272792,(3,9223372036854775807))
Edge(488724,444014,(3,9223372036854775807))
Edge(488959,233334,(3,9223372036854775807))
Edge(490510,390890,(3,9223372036854775807))
Edge(491144,192326,(3,9223372036854775807))
Edge(491173,413707,(1,9223372036854775807))
Edge(491363,4428,(1,9223372036854775807))
Edge(491609,25731,(3,9223372036854775807))
Edge(492000,248925,(3,9223372036854775807))
Edge(492242,196378,(3,9223372036854775807))
Edge(492405,164698,(3,9223372036854775807))
Edge(492464,46466,(1,9223372036854775807))
Edge(492957,376018,(1,9223372036854775807))
Edge(492995,137938,(1,9223372036854775807))
Edge(492997,479923,(3,9223372036854775807))
Edge(493703,75497,(1,9223372036854775807))
Edge(493734,377053,(3,9223372036854775807))
Edge(493786,399780,(3,9223372036854775807))
Edge(493803,274541,(3,9223372036854775807))
Edge(493939,494633,(3,9223372036854775807))
Edge(494787,227159,(3,9223372036854775807))
Edge(495245,58653,(3,9223372036854775807))
Edge(495428,220977,(3,9223372036854775807))
Edge(495642,469393,(1,9223372036854775807))
Edge(496045,369047,(1,3))
Edge(496083,347276,(3,9223372036854775807))
Edge(496220,466335,(1,3))
Edge(496402,101019,(3,9223372036854775807))
Edge(496469,356482,(1,3))
Edge(496788,393241,(3,9223372036854775807))
Edge(496813,451109,(3,9223372036854775807))
Edge(496824,386583,(3,9223372036854775807))
Edge(497474,49731,(3,9223372036854775807))
Edge(497647,63198,(3,9223372036854775807))
Edge(497995,382574,(1,9223372036854775807))
Edge(498020,41659,(3,9223372036854775807))
Edge(498470,33239,(3,9223372036854775807))
Edge(498538,230403,(3,9223372036854775807))
Edge(498599,340124,(3,9223372036854775807))
Edge(498961,260638,(3,9223372036854775807))
Edge(499028,161449,(1,9223372036854775807))
Edge(499061,122970,(1,9223372036854775807))
Edge(499336,455952,(3,9223372036854775807))
Edge(499421,313281,(1,9223372036854775807))
Edge(499428,9018,(3,9223372036854775807))
