Edge(66,154177,(3,9223372036854775807))
Edge(612,316569,(1,9223372036854775807))
Edge(631,92763,(3,9223372036854775807))
Edge(647,28524,(3,9223372036854775807))
Edge(949,63019,(3,9223372036854775807))
Edge(1278,203368,(3,9223372036854775807))
Edge(1813,353543,(1,9223372036854775807))
Edge(1843,87335,(3,9223372036854775807))
Edge(2002,276244,(3,9223372036854775807))
Edge(2110,30382,(3,9223372036854775807))
Edge(2526,321989,(1,3))
Edge(2603,102693,(1,3))
Edge(2632,882,(3,9223372036854775807))
Edge(2673,89512,(3,9223372036854775807))
Edge(3222,357393,(3,9223372036854775807))
Edge(3233,188261,(3,9223372036854775807))
Edge(3713,233874,(3,9223372036854775807))
Edge(4286,135436,(3,9223372036854775807))
Edge(4311,210876,(3,9223372036854775807))
Edge(4378,407091,(3,9223372036854775807))
Edge(4382,29809,(3,9223372036854775807))
Edge(5335,316650,(3,9223372036854775807))
Edge(5436,137025,(3,9223372036854775807))
Edge(5508,43867,(3,9223372036854775807))
Edge(6155,459686,(3,9223372036854775807))
Edge(6248,102417,(3,9223372036854775807))
Edge(6594,54807,(1,9223372036854775807))
Edge(6954,219352,(3,9223372036854775807))
Edge(7065,285540,(3,9223372036854775807))
Edge(7314,318410,(3,9223372036854775807))
Edge(7454,276235,(3,9223372036854775807))
Edge(7474,449156,(3,9223372036854775807))
Edge(7517,2035,(3,9223372036854775807))
Edge(7583,325874,(3,9223372036854775807))
Edge(7658,91464,(3,9223372036854775807))
Edge(7672,411185,(1,3))
Edge(7746,334508,(3,9223372036854775807))
Edge(8308,20179,(3,9223372036854775807))
Edge(8487,236148,(3,9223372036854775807))
Edge(8508,142876,(1,9223372036854775807))
Edge(8881,416522,(3,9223372036854775807))
Edge(8959,6650,(3,9223372036854775807))
Edge(9572,40549,(3,9223372036854775807))
Edge(9957,236938,(3,9223372036854775807))
Edge(10010,410304,(1,9223372036854775807))
Edge(10155,330626,(3,9223372036854775807))
Edge(10245,281917,(3,9223372036854775807))
Edge(10733,298070,(3,9223372036854775807))
Edge(11183,10330,(3,9223372036854775807))
Edge(11373,161389,(3,9223372036854775807))
Edge(11409,363748,(3,9223372036854775807))
Edge(11469,152393,(1,9223372036854775807))
Edge(12099,26448,(1,9223372036854775807))
Edge(12205,388155,(3,9223372036854775807))
Edge(12282,449124,(3,9223372036854775807))
Edge(12314,76860,(3,9223372036854775807))
Edge(12362,90812,(3,9223372036854775807))
Edge(12429,383256,(3,9223372036854775807))
Edge(12541,186772,(3,9223372036854775807))
Edge(12627,157835,(3,9223372036854775807))
Edge(13141,207157,(1,9223372036854775807))
Edge(13561,330996,(3,9223372036854775807))
Edge(13735,154477,(3,9223372036854775807))
Edge(13818,242144,(1,9223372036854775807))
Edge(13863,340741,(3,9223372036854775807))
Edge(13915,393114,(3,9223372036854775807))
Edge(14364,424535,(3,9223372036854775807))
Edge(14848,152998,(3,9223372036854775807))
Edge(15132,81723,(1,3))
Edge(15697,351022,(3,9223372036854775807))
Edge(15876,499744,(3,9223372036854775807))
Edge(15996,17737,(3,9223372036854775807))
Edge(16081,234573,(3,9223372036854775807))
Edge(16142,238266,(3,9223372036854775807))
Edge(16147,234440,(3,9223372036854775807))
Edge(16455,365973,(1,3))
Edge(16643,79480,(3,9223372036854775807))
Edge(16673,453829,(1,9223372036854775807))
Edge(16694,143397,(3,9223372036854775807))
Edge(16792,406291,(3,9223372036854775807))
Edge(17210,53326,(1,9223372036854775807))
Edge(17859,316261,(1,9223372036854775807))
Edge(17936,263619,(3,9223372036854775807))
Edge(18112,309179,(3,9223372036854775807))
Edge(18241,97616,(3,9223372036854775807))
Edge(19267,111343,(3,9223372036854775807))
Edge(19356,234095,(3,9223372036854775807))
Edge(19550,272255,(1,3))
Edge(19633,477860,(1,9223372036854775807))
Edge(20317,313260,(3,9223372036854775807))
Edge(20425,213294,(3,9223372036854775807))
Edge(20502,257923,(3,9223372036854775807))
Edge(20569,472069,(1,9223372036854775807))
Edge(21358,207619,(3,9223372036854775807))
Edge(21883,43013,(1,9223372036854775807))
Edge(21887,61812,(3,9223372036854775807))
Edge(22283,268738,(3,9223372036854775807))
Edge(22383,40054,(1,3))
Edge(22702,301689,(3,9223372036854775807))
Edge(23062,177598,(3,9223372036854775807))
Edge(23163,447025,(3,9223372036854775807))
Edge(23423,235918,(3,9223372036854775807))
Edge(24050,499113,(3,9223372036854775807))
Edge(24052,312636,(3,9223372036854775807))
Edge(24269,426192,(3,9223372036854775807))
Edge(24406,131509,(3,9223372036854775807))
Edge(24712,387537,(3,9223372036854775807))
Edge(24790,151131,(3,9223372036854775807))
Edge(25049,425820,(3,9223372036854775807))
Edge(26054,119778,(3,9223372036854775807))
Edge(26297,440906,(3,9223372036854775807))
Edge(26335,352434,(1,9223372036854775807))
Edge(26751,95660,(3,9223372036854775807))
Edge(27065,264612,(1,9223372036854775807))
Edge(27228,182600,(3,9223372036854775807))
Edge(27263,360280,(3,9223372036854775807))
Edge(27379,58755,(1,3))
Edge(27439,448737,(3,9223372036854775807))
Edge(27986,351465,(3,9223372036854775807))
Edge(28229,172609,(3,9223372036854775807))
Edge(28497,139636,(3,9223372036854775807))
Edge(28622,42990,(1,9223372036854775807))
Edge(28929,135885,(3,9223372036854775807))
Edge(29045,378941,(3,9223372036854775807))
Edge(29168,434565,(3,9223372036854775807))
Edge(29386,78560,(3,9223372036854775807))
Edge(29851,339292,(1,9223372036854775807))
Edge(30074,326688,(1,3))
Edge(30183,329410,(3,9223372036854775807))
Edge(30188,1670,(3,9223372036854775807))
Edge(30715,432215,(1,9223372036854775807))
Edge(30758,393318,(3,9223372036854775807))
Edge(31284,452787,(3,9223372036854775807))
Edge(31562,444634,(1,3))
Edge(31854,491609,(3,9223372036854775807))
Edge(32034,305553,(3,9223372036854775807))
Edge(32187,138897,(3,9223372036854775807))
Edge(32223,490604,(3,9223372036854775807))
Edge(32657,302240,(3,9223372036854775807))
Edge(32795,430012,(3,9223372036854775807))
Edge(32964,74673,(3,9223372036854775807))
Edge(33252,181480,(1,9223372036854775807))
Edge(33265,437301,(3,9223372036854775807))
Edge(33482,117215,(3,9223372036854775807))
Edge(33600,402870,(1,9223372036854775807))
Edge(33951,107156,(3,9223372036854775807))
Edge(34102,149799,(3,9223372036854775807))
Edge(34112,270242,(3,9223372036854775807))
Edge(34332,401946,(3,9223372036854775807))
Edge(34427,232199,(3,9223372036854775807))
Edge(34599,95243,(3,9223372036854775807))
Edge(34607,246372,(3,9223372036854775807))
Edge(34690,117161,(1,9223372036854775807))
Edge(34705,180004,(3,9223372036854775807))
Edge(35300,116025,(4,9223372036854775807))
Edge(35399,10226,(1,3))
Edge(35556,19212,(1,9223372036854775807))
Edge(36180,380893,(3,9223372036854775807))
Edge(36828,419926,(3,9223372036854775807))
Edge(36945,72693,(1,3))
Edge(37284,144203,(1,3))
Edge(37307,424704,(3,9223372036854775807))
Edge(37423,144893,(3,9223372036854775807))
Edge(38075,327740,(3,9223372036854775807))
Edge(38596,53687,(3,9223372036854775807))
Edge(38604,129960,(1,9223372036854775807))
Edge(39500,276125,(3,9223372036854775807))
Edge(40884,443625,(3,9223372036854775807))
Edge(41128,157204,(3,9223372036854775807))
Edge(41205,298342,(3,9223372036854775807))
Edge(41516,120690,(3,9223372036854775807))
Edge(41734,128932,(1,9223372036854775807))
Edge(42063,252459,(3,9223372036854775807))
Edge(42066,26313,(1,3))
Edge(42530,150416,(3,9223372036854775807))
Edge(42845,51617,(3,9223372036854775807))
Edge(43205,258114,(3,9223372036854775807))
Edge(43294,225368,(3,9223372036854775807))
Edge(43507,362756,(3,9223372036854775807))
Edge(43607,250389,(3,9223372036854775807))
Edge(43758,41816,(3,9223372036854775807))
Edge(44713,198466,(3,9223372036854775807))
Edge(44988,372021,(3,9223372036854775807))
Edge(45224,397270,(3,9223372036854775807))
Edge(45235,3620,(3,9223372036854775807))
Edge(46168,473931,(3,9223372036854775807))
Edge(46829,69699,(3,9223372036854775807))
Edge(46883,210418,(3,9223372036854775807))
Edge(47674,358232,(1,9223372036854775807))
Edge(48018,133246,(3,9223372036854775807))
Edge(48196,291639,(1,9223372036854775807))
Edge(48245,393053,(1,9223372036854775807))
Edge(48472,336426,(3,9223372036854775807))
Edge(48558,258330,(3,9223372036854775807))
Edge(49059,481711,(3,9223372036854775807))
Edge(49514,473432,(3,9223372036854775807))
Edge(49515,37231,(3,9223372036854775807))
Edge(50161,311420,(3,9223372036854775807))
Edge(50302,170276,(3,9223372036854775807))
Edge(50306,301411,(3,9223372036854775807))
Edge(51282,467838,(3,9223372036854775807))
Edge(51481,269998,(3,9223372036854775807))
Edge(52419,185163,(3,9223372036854775807))
Edge(52614,187636,(3,9223372036854775807))
Edge(52660,151923,(3,9223372036854775807))
Edge(52713,359242,(1,9223372036854775807))
Edge(53219,50723,(3,9223372036854775807))
Edge(53585,87907,(3,9223372036854775807))
Edge(54214,460698,(3,9223372036854775807))
Edge(54262,415723,(3,9223372036854775807))
Edge(54878,493077,(3,9223372036854775807))
Edge(55318,390493,(3,9223372036854775807))
Edge(55657,23760,(1,9223372036854775807))
Edge(55976,147727,(3,9223372036854775807))
Edge(56388,302878,(1,9223372036854775807))
Edge(56603,191388,(3,9223372036854775807))
Edge(58175,403015,(3,9223372036854775807))
Edge(58285,438198,(3,9223372036854775807))
Edge(58986,421553,(3,9223372036854775807))
Edge(59362,57879,(1,3))
Edge(59647,444971,(1,9223372036854775807))
Edge(60157,2092,(3,9223372036854775807))
Edge(60368,97165,(1,9223372036854775807))
Edge(60436,343713,(3,9223372036854775807))
Edge(60606,44356,(3,9223372036854775807))
Edge(62468,35623,(1,9223372036854775807))
Edge(62815,235439,(3,9223372036854775807))
Edge(63012,344020,(3,9223372036854775807))
Edge(63163,361279,(1,9223372036854775807))
Edge(63632,297279,(3,9223372036854775807))
Edge(63656,19392,(3,9223372036854775807))
Edge(64103,190109,(3,9223372036854775807))
Edge(64325,5630,(3,9223372036854775807))
Edge(65216,222317,(3,9223372036854775807))
Edge(65684,38597,(3,9223372036854775807))
Edge(66340,82767,(3,9223372036854775807))
Edge(67889,191252,(3,9223372036854775807))
Edge(67934,10486,(1,9223372036854775807))
Edge(68064,126055,(3,9223372036854775807))
Edge(68271,239463,(3,9223372036854775807))
Edge(68474,54879,(3,9223372036854775807))
Edge(68506,469624,(3,9223372036854775807))
Edge(68594,38725,(3,9223372036854775807))
Edge(68945,401700,(3,9223372036854775807))
Edge(68973,309006,(3,9223372036854775807))
Edge(69287,408863,(1,9223372036854775807))
Edge(69516,349285,(3,9223372036854775807))
Edge(69586,215072,(3,9223372036854775807))
Edge(69696,314944,(3,9223372036854775807))
Edge(69846,165077,(3,9223372036854775807))
Edge(69951,221062,(3,9223372036854775807))
Edge(70134,225912,(3,9223372036854775807))
Edge(70558,403560,(3,9223372036854775807))
Edge(70729,64553,(3,9223372036854775807))
Edge(70874,486217,(3,9223372036854775807))
Edge(71281,77192,(3,9223372036854775807))
Edge(71421,478881,(3,9223372036854775807))
Edge(71497,367722,(3,9223372036854775807))
Edge(71527,421833,(1,3))
Edge(71916,362717,(3,9223372036854775807))
Edge(72070,470955,(3,9223372036854775807))
Edge(72514,125331,(1,3))
Edge(73384,316883,(3,9223372036854775807))
Edge(73689,93235,(1,9223372036854775807))
Edge(73804,285473,(3,9223372036854775807))
Edge(73932,49829,(3,9223372036854775807))
Edge(74832,110180,(3,9223372036854775807))
Edge(75379,107005,(3,9223372036854775807))
Edge(75510,207711,(3,9223372036854775807))
Edge(75534,383038,(3,9223372036854775807))
Edge(75573,461912,(3,9223372036854775807))
Edge(75666,47581,(1,9223372036854775807))
Edge(75729,385136,(3,9223372036854775807))
Edge(75740,59851,(3,9223372036854775807))
Edge(76089,243007,(3,9223372036854775807))
Edge(76189,20226,(3,9223372036854775807))
Edge(76399,378504,(1,3))
Edge(76730,172927,(3,9223372036854775807))
Edge(77189,62405,(3,9223372036854775807))
Edge(77363,439029,(3,9223372036854775807))
Edge(77575,285573,(3,9223372036854775807))
Edge(78320,102120,(3,9223372036854775807))
Edge(78373,176332,(1,3))
Edge(78679,361467,(1,9223372036854775807))
Edge(79549,104440,(3,9223372036854775807))
Edge(79714,459324,(3,9223372036854775807))
Edge(80014,15876,(3,9223372036854775807))
Edge(80403,129729,(3,9223372036854775807))
Edge(80471,461458,(3,9223372036854775807))
Edge(80696,219048,(3,9223372036854775807))
Edge(81374,396952,(3,9223372036854775807))
Edge(81493,274664,(3,9223372036854775807))
Edge(81586,312283,(3,9223372036854775807))
Edge(82069,159336,(3,9223372036854775807))
Edge(82178,129361,(3,9223372036854775807))
Edge(82391,316790,(3,9223372036854775807))
Edge(82487,58532,(3,9223372036854775807))
Edge(82620,1983,(3,9223372036854775807))
Edge(82672,18430,(3,9223372036854775807))
Edge(82763,448638,(3,9223372036854775807))
Edge(83279,288917,(3,9223372036854775807))
Edge(83562,96173,(3,9223372036854775807))
Edge(84153,482435,(3,9223372036854775807))
Edge(84721,275237,(3,9223372036854775807))
Edge(84764,405200,(3,9223372036854775807))
Edge(84771,136484,(3,9223372036854775807))
Edge(84902,117995,(3,9223372036854775807))
Edge(85053,286244,(3,9223372036854775807))
Edge(85170,158669,(3,9223372036854775807))
Edge(85295,259791,(3,9223372036854775807))
Edge(85425,319713,(3,9223372036854775807))
Edge(85867,463438,(1,9223372036854775807))
Edge(86034,79952,(3,9223372036854775807))
Edge(86400,440090,(1,9223372036854775807))
Edge(87134,382149,(3,9223372036854775807))
Edge(87909,385983,(3,9223372036854775807))
Edge(88069,177994,(1,3))
Edge(88208,407656,(3,9223372036854775807))
Edge(88516,39978,(3,9223372036854775807))
Edge(88989,322207,(3,9223372036854775807))
Edge(89111,464709,(3,9223372036854775807))
Edge(89450,263530,(3,9223372036854775807))
Edge(90060,117153,(1,3))
Edge(90152,169080,(3,9223372036854775807))
Edge(90493,230710,(3,9223372036854775807))
Edge(90646,486946,(3,9223372036854775807))
Edge(90977,308129,(1,9223372036854775807))
Edge(91355,495631,(3,9223372036854775807))
Edge(91890,27314,(1,3))
Edge(91893,157026,(1,3))
Edge(92475,292923,(3,9223372036854775807))
Edge(92939,170562,(3,9223372036854775807))
Edge(93180,65634,(3,9223372036854775807))
Edge(94316,247756,(3,9223372036854775807))
Edge(94397,292307,(1,3))
Edge(95349,80751,(3,9223372036854775807))
Edge(95869,299586,(3,9223372036854775807))
Edge(96545,139478,(3,9223372036854775807))
Edge(96736,8764,(1,9223372036854775807))
Edge(97085,175725,(3,9223372036854775807))
Edge(97167,999,(3,9223372036854775807))
Edge(97398,285878,(1,9223372036854775807))
Edge(98319,297554,(1,9223372036854775807))
Edge(98455,87446,(3,9223372036854775807))
Edge(98921,137092,(3,9223372036854775807))
Edge(99103,335773,(3,9223372036854775807))
Edge(99241,327899,(1,3))
Edge(99401,82264,(1,9223372036854775807))
Edge(100137,412763,(3,9223372036854775807))
Edge(100201,28854,(3,9223372036854775807))
Edge(100392,9840,(1,3))
Edge(100670,174670,(3,9223372036854775807))
Edge(100761,108767,(3,9223372036854775807))
Edge(100789,197069,(3,9223372036854775807))
Edge(101164,346829,(3,9223372036854775807))
Edge(101300,315675,(3,9223372036854775807))
Edge(101626,74441,(3,9223372036854775807))
Edge(101916,320621,(3,9223372036854775807))
Edge(103289,103546,(3,9223372036854775807))
Edge(103775,321988,(3,9223372036854775807))
Edge(103937,128887,(3,9223372036854775807))
Edge(103977,1630,(1,3))
Edge(104383,37786,(3,9223372036854775807))
Edge(104692,497787,(1,9223372036854775807))
Edge(105104,300221,(1,3))
Edge(105198,414722,(1,9223372036854775807))
Edge(105269,408624,(3,9223372036854775807))
Edge(106007,332793,(3,9223372036854775807))
Edge(106741,68106,(3,9223372036854775807))
Edge(106859,345585,(3,9223372036854775807))
Edge(106862,232194,(3,9223372036854775807))
Edge(107289,11464,(3,9223372036854775807))
Edge(107348,361105,(3,9223372036854775807))
Edge(107522,107356,(3,9223372036854775807))
Edge(107644,418127,(3,9223372036854775807))
Edge(107707,198644,(3,9223372036854775807))
Edge(108190,43428,(1,3))
Edge(108196,150289,(3,9223372036854775807))
Edge(108465,113521,(1,3))
Edge(108938,76434,(3,9223372036854775807))
Edge(109084,349378,(3,9223372036854775807))
Edge(109334,366103,(3,9223372036854775807))
Edge(109646,488673,(3,9223372036854775807))
Edge(109707,447725,(3,9223372036854775807))
Edge(110043,321500,(4,9223372036854775807))
Edge(110270,294798,(1,9223372036854775807))
Edge(110477,123978,(3,9223372036854775807))
Edge(110729,247824,(1,9223372036854775807))
Edge(111331,53315,(3,9223372036854775807))
Edge(111387,431858,(3,9223372036854775807))
Edge(111421,290281,(3,9223372036854775807))
Edge(111697,219765,(3,9223372036854775807))
Edge(112038,354848,(3,9223372036854775807))
Edge(112654,341777,(3,9223372036854775807))
Edge(112749,172861,(3,9223372036854775807))
Edge(113169,485175,(3,9223372036854775807))
Edge(113190,329475,(3,9223372036854775807))
Edge(113397,119147,(1,3))
Edge(113939,386130,(3,9223372036854775807))
Edge(114024,429409,(3,9223372036854775807))
Edge(114456,494529,(3,9223372036854775807))
Edge(114504,290523,(1,9223372036854775807))
Edge(115269,452309,(3,9223372036854775807))
Edge(115620,457610,(3,9223372036854775807))
Edge(116961,402487,(3,9223372036854775807))
Edge(118464,157993,(3,9223372036854775807))
Edge(118631,477169,(3,9223372036854775807))
Edge(119257,39356,(3,9223372036854775807))
Edge(119274,487365,(3,9223372036854775807))
Edge(119450,318430,(1,9223372036854775807))
Edge(119851,126970,(3,9223372036854775807))
Edge(120473,374204,(3,9223372036854775807))
Edge(120554,485775,(3,9223372036854775807))
Edge(120750,95380,(3,9223372036854775807))
Edge(121406,86560,(3,9223372036854775807))
Edge(121483,304174,(3,9223372036854775807))
Edge(121974,99998,(3,9223372036854775807))
Edge(122534,345702,(3,9223372036854775807))
Edge(122732,265784,(3,9223372036854775807))
Edge(122882,334253,(3,9223372036854775807))
Edge(123389,333079,(3,9223372036854775807))
Edge(123505,118671,(3,9223372036854775807))
Edge(123564,16049,(3,9223372036854775807))
Edge(124365,397527,(3,9223372036854775807))
Edge(125154,112782,(1,9223372036854775807))
Edge(125162,109971,(3,9223372036854775807))
Edge(125579,360384,(3,9223372036854775807))
Edge(125853,74154,(3,9223372036854775807))
Edge(126310,79212,(3,9223372036854775807))
Edge(126374,22109,(3,9223372036854775807))
Edge(126641,482836,(3,9223372036854775807))
Edge(126740,489651,(3,9223372036854775807))
Edge(127564,239149,(1,9223372036854775807))
Edge(128464,88089,(3,9223372036854775807))
Edge(128477,482437,(3,9223372036854775807))
Edge(128509,414005,(3,9223372036854775807))
Edge(128547,340770,(3,9223372036854775807))
Edge(128553,35291,(3,9223372036854775807))
Edge(129229,263948,(3,9223372036854775807))
Edge(129484,159999,(4,9223372036854775807))
Edge(129822,122032,(3,9223372036854775807))
Edge(130091,180060,(3,9223372036854775807))
Edge(130320,28124,(3,9223372036854775807))
Edge(130360,326955,(3,9223372036854775807))
Edge(130443,154376,(3,9223372036854775807))
Edge(130942,398373,(3,9223372036854775807))
Edge(131120,19015,(3,9223372036854775807))
Edge(131166,306111,(3,9223372036854775807))
Edge(132101,312323,(1,9223372036854775807))
Edge(132313,142838,(1,3))
Edge(133002,369306,(3,9223372036854775807))
Edge(133893,208444,(3,9223372036854775807))
Edge(134797,32144,(1,9223372036854775807))
Edge(134932,245863,(3,9223372036854775807))
Edge(135522,427221,(3,9223372036854775807))
Edge(135974,94316,(3,9223372036854775807))
Edge(136006,315434,(3,9223372036854775807))
Edge(136338,57580,(3,9223372036854775807))
Edge(136461,479390,(3,9223372036854775807))
Edge(136637,113220,(1,9223372036854775807))
Edge(136708,160685,(3,9223372036854775807))
Edge(136918,2172,(1,9223372036854775807))
Edge(136957,6480,(3,9223372036854775807))
Edge(137461,284085,(3,9223372036854775807))
Edge(137595,413596,(1,9223372036854775807))
Edge(137813,345285,(3,9223372036854775807))
Edge(138099,395768,(3,9223372036854775807))
Edge(138108,414203,(3,9223372036854775807))
Edge(138476,377357,(4,9223372036854775807))
Edge(138659,424962,(3,9223372036854775807))
Edge(138865,370087,(3,9223372036854775807))
Edge(139256,253946,(3,9223372036854775807))
Edge(139963,142911,(1,9223372036854775807))
Edge(140108,258674,(1,9223372036854775807))
Edge(140487,377990,(3,9223372036854775807))
Edge(140520,249977,(3,9223372036854775807))
Edge(140524,177775,(3,9223372036854775807))
Edge(141532,197864,(1,9223372036854775807))
Edge(142106,313692,(3,9223372036854775807))
Edge(142170,172341,(3,9223372036854775807))
Edge(142201,185078,(1,3))
Edge(143365,406403,(3,9223372036854775807))
Edge(143386,25810,(3,9223372036854775807))
Edge(143574,159465,(3,9223372036854775807))
Edge(143922,239791,(3,9223372036854775807))
Edge(144227,417243,(3,9223372036854775807))
Edge(144235,323249,(1,9223372036854775807))
Edge(144541,320024,(1,9223372036854775807))
Edge(145423,314930,(3,9223372036854775807))
Edge(145717,15882,(4,9223372036854775807))
Edge(146383,245753,(3,9223372036854775807))
Edge(146819,247159,(3,9223372036854775807))
Edge(147328,174538,(3,9223372036854775807))
Edge(147338,75656,(1,9223372036854775807))
Edge(147438,217872,(3,9223372036854775807))
Edge(147606,379059,(3,9223372036854775807))
Edge(147750,159714,(3,9223372036854775807))
Edge(147862,54144,(3,9223372036854775807))
Edge(147994,16481,(3,9223372036854775807))
Edge(148177,15336,(3,9223372036854775807))
Edge(148817,141709,(3,9223372036854775807))
Edge(149322,34508,(3,9223372036854775807))
Edge(150207,452423,(1,9223372036854775807))
Edge(150211,70385,(3,9223372036854775807))
Edge(150338,300481,(3,9223372036854775807))
Edge(150515,22101,(3,9223372036854775807))
Edge(150770,79760,(3,9223372036854775807))
Edge(151423,348191,(3,9223372036854775807))
Edge(151489,286999,(3,9223372036854775807))
Edge(152096,233827,(3,9223372036854775807))
Edge(152294,477174,(1,3))
Edge(152538,390810,(3,9223372036854775807))
Edge(153243,165385,(3,9223372036854775807))
Edge(153284,298946,(3,9223372036854775807))
Edge(153476,187729,(1,9223372036854775807))
Edge(153651,242975,(3,9223372036854775807))
Edge(153769,224450,(3,9223372036854775807))
Edge(153895,107890,(3,9223372036854775807))
Edge(154766,229755,(3,9223372036854775807))
Edge(155176,412112,(3,9223372036854775807))
Edge(155425,46291,(3,9223372036854775807))
Edge(156002,239894,(3,9223372036854775807))
Edge(156223,129678,(1,9223372036854775807))
Edge(156223,289524,(1,3))
Edge(156375,362528,(3,9223372036854775807))
Edge(156607,53999,(3,9223372036854775807))
Edge(156823,441637,(1,3))
Edge(157285,178416,(3,9223372036854775807))
Edge(157573,121900,(1,9223372036854775807))
Edge(157660,129781,(3,9223372036854775807))
Edge(157905,371039,(1,9223372036854775807))
Edge(157940,60111,(3,9223372036854775807))
Edge(158149,316369,(1,9223372036854775807))
Edge(158235,483100,(3,9223372036854775807))
Edge(158525,386694,(3,9223372036854775807))
Edge(158923,143025,(3,9223372036854775807))
Edge(159765,336215,(3,9223372036854775807))
Edge(159963,410198,(3,9223372036854775807))
Edge(160944,161515,(3,9223372036854775807))
Edge(160989,91844,(3,9223372036854775807))
Edge(161228,65613,(3,9223372036854775807))
Edge(161416,495198,(3,9223372036854775807))
Edge(161797,94227,(3,9223372036854775807))
Edge(161884,226019,(3,9223372036854775807))
Edge(162177,239389,(3,9223372036854775807))
Edge(162453,282902,(3,9223372036854775807))
Edge(162511,223042,(1,9223372036854775807))
Edge(162544,48589,(3,9223372036854775807))
Edge(162768,385615,(1,3))
Edge(162871,56104,(3,9223372036854775807))
Edge(162876,66987,(1,9223372036854775807))
Edge(163272,307188,(1,9223372036854775807))
Edge(163555,278744,(1,9223372036854775807))
Edge(163569,413598,(3,9223372036854775807))
Edge(163676,331468,(3,9223372036854775807))
Edge(163829,217000,(3,9223372036854775807))
Edge(163898,460401,(1,9223372036854775807))
Edge(164228,354569,(1,3))
Edge(164699,149417,(3,9223372036854775807))
Edge(165110,488575,(3,9223372036854775807))
Edge(165685,431525,(3,9223372036854775807))
Edge(166583,153072,(3,9223372036854775807))
Edge(166707,219677,(1,3))
Edge(167010,116241,(3,9223372036854775807))
Edge(167120,109956,(3,9223372036854775807))
Edge(167222,201600,(3,9223372036854775807))
Edge(168073,487261,(3,9223372036854775807))
Edge(168146,162672,(3,9223372036854775807))
Edge(168232,89178,(3,9223372036854775807))
Edge(168351,90605,(3,9223372036854775807))
Edge(168358,89275,(3,9223372036854775807))
Edge(168432,59992,(1,9223372036854775807))
Edge(168458,455486,(3,9223372036854775807))
Edge(168976,498653,(3,9223372036854775807))
Edge(169094,439170,(1,9223372036854775807))
Edge(169229,164944,(1,9223372036854775807))
Edge(169241,61560,(3,9223372036854775807))
Edge(169427,480207,(3,9223372036854775807))
Edge(169837,6463,(3,9223372036854775807))
Edge(170016,312368,(3,9223372036854775807))
Edge(170146,197972,(3,9223372036854775807))
Edge(170250,432683,(3,9223372036854775807))
Edge(170716,350214,(3,9223372036854775807))
Edge(171580,242630,(3,9223372036854775807))
Edge(171638,259769,(3,9223372036854775807))
Edge(171967,39450,(3,9223372036854775807))
Edge(172561,390027,(3,9223372036854775807))
Edge(173030,59268,(4,9223372036854775807))
Edge(174192,457006,(3,9223372036854775807))
Edge(174238,467403,(3,9223372036854775807))
Edge(174446,112248,(3,9223372036854775807))
Edge(174472,6671,(3,9223372036854775807))
Edge(174710,153664,(1,3))
Edge(175092,397475,(3,9223372036854775807))
Edge(175930,63626,(3,9223372036854775807))
Edge(176063,436423,(3,9223372036854775807))
Edge(176624,126159,(3,9223372036854775807))
Edge(176683,70415,(3,9223372036854775807))
Edge(176843,158847,(3,9223372036854775807))
Edge(177916,43696,(3,9223372036854775807))
Edge(177932,186037,(3,9223372036854775807))
Edge(178974,12904,(3,9223372036854775807))
Edge(179057,167831,(3,9223372036854775807))
Edge(179185,438541,(3,9223372036854775807))
Edge(179268,329674,(1,9223372036854775807))
Edge(179361,82213,(3,9223372036854775807))
Edge(179980,68759,(3,9223372036854775807))
Edge(180470,67791,(3,9223372036854775807))
Edge(181339,170944,(3,9223372036854775807))
Edge(181716,54098,(3,9223372036854775807))
Edge(181833,202472,(3,9223372036854775807))
Edge(182135,334363,(1,9223372036854775807))
Edge(182585,472938,(1,3))
Edge(182646,475099,(3,9223372036854775807))
Edge(182937,387221,(1,9223372036854775807))
Edge(183489,280986,(3,9223372036854775807))
Edge(183595,398862,(3,9223372036854775807))
Edge(183730,282146,(3,9223372036854775807))
Edge(183807,411367,(3,9223372036854775807))
Edge(183948,203572,(3,9223372036854775807))
Edge(183957,448849,(3,9223372036854775807))
Edge(184734,148523,(1,9223372036854775807))
Edge(184794,264643,(3,9223372036854775807))
Edge(184970,121561,(3,9223372036854775807))
Edge(185364,471940,(3,9223372036854775807))
Edge(185583,243747,(3,9223372036854775807))
Edge(185638,459177,(1,9223372036854775807))
Edge(185831,337569,(3,9223372036854775807))
Edge(186171,276764,(3,9223372036854775807))
Edge(186506,254774,(3,9223372036854775807))
Edge(186551,175009,(3,9223372036854775807))
Edge(186726,338853,(3,9223372036854775807))
Edge(186750,258637,(1,3))
Edge(186867,483982,(3,9223372036854775807))
Edge(186967,215329,(3,9223372036854775807))
Edge(187264,262963,(1,9223372036854775807))
Edge(187378,290714,(1,3))
Edge(187421,21855,(1,3))
Edge(187547,33897,(3,9223372036854775807))
Edge(187641,150774,(3,9223372036854775807))
Edge(187795,23496,(3,9223372036854775807))
Edge(188087,491319,(3,9223372036854775807))
Edge(188269,104823,(3,9223372036854775807))
Edge(188272,356903,(3,9223372036854775807))
Edge(188815,235114,(1,9223372036854775807))
Edge(189023,446554,(3,9223372036854775807))
Edge(189043,136285,(3,9223372036854775807))
Edge(189094,187815,(3,9223372036854775807))
Edge(189110,421460,(1,9223372036854775807))
Edge(189384,409637,(3,9223372036854775807))
Edge(189401,195830,(3,9223372036854775807))
Edge(189508,339626,(1,9223372036854775807))
Edge(190522,358660,(3,9223372036854775807))
Edge(191002,145760,(3,9223372036854775807))
Edge(191259,197959,(3,9223372036854775807))
Edge(191394,154247,(3,9223372036854775807))
Edge(191891,67807,(3,9223372036854775807))
Edge(193340,1954,(3,9223372036854775807))
Edge(193901,262908,(3,9223372036854775807))
Edge(193931,2277,(3,9223372036854775807))
Edge(194217,379595,(3,9223372036854775807))
Edge(194537,106161,(1,3))
Edge(195210,411711,(1,9223372036854775807))
Edge(195461,232521,(3,9223372036854775807))
Edge(195892,468084,(3,9223372036854775807))
Edge(196326,101213,(3,9223372036854775807))
Edge(196473,467884,(3,9223372036854775807))
Edge(196868,211568,(3,9223372036854775807))
Edge(197403,9853,(3,9223372036854775807))
Edge(197507,282815,(3,9223372036854775807))
Edge(198217,256288,(3,9223372036854775807))
Edge(198257,327561,(3,9223372036854775807))
Edge(198269,402273,(3,9223372036854775807))
Edge(198471,285095,(3,9223372036854775807))
Edge(198554,73690,(1,3))
Edge(198915,399580,(3,9223372036854775807))
Edge(199150,128264,(1,9223372036854775807))
Edge(199676,262111,(3,9223372036854775807))
Edge(199757,178737,(3,9223372036854775807))
Edge(199803,106016,(3,9223372036854775807))
Edge(200409,299866,(3,9223372036854775807))
Edge(200477,427322,(3,9223372036854775807))
Edge(200551,388826,(3,9223372036854775807))
Edge(200661,153345,(1,9223372036854775807))
Edge(200717,64512,(3,9223372036854775807))
Edge(200964,48571,(3,9223372036854775807))
Edge(200997,110399,(3,9223372036854775807))
Edge(201075,463418,(3,9223372036854775807))
Edge(201396,321344,(3,9223372036854775807))
Edge(201547,365302,(3,9223372036854775807))
Edge(202179,294259,(3,9223372036854775807))
Edge(202298,382710,(1,9223372036854775807))
Edge(202367,42441,(3,9223372036854775807))
Edge(202448,327229,(1,9223372036854775807))
Edge(203377,302681,(3,9223372036854775807))
Edge(203419,275573,(3,9223372036854775807))
Edge(204255,467219,(3,9223372036854775807))
Edge(204405,476960,(3,9223372036854775807))
Edge(204416,177794,(3,9223372036854775807))
Edge(204632,213179,(3,9223372036854775807))
Edge(205317,34559,(4,9223372036854775807))
Edge(205494,418461,(1,9223372036854775807))
Edge(205566,232642,(1,3))
Edge(206167,257845,(3,9223372036854775807))
Edge(206384,490337,(3,9223372036854775807))
Edge(206725,305079,(4,9223372036854775807))
Edge(206889,36741,(1,3))
Edge(207697,337917,(3,9223372036854775807))
Edge(208014,151684,(3,9223372036854775807))
Edge(209131,390430,(3,9223372036854775807))
Edge(209573,241955,(3,9223372036854775807))
Edge(210237,393213,(3,9223372036854775807))
Edge(210361,39843,(3,9223372036854775807))
Edge(210565,491975,(3,9223372036854775807))
Edge(211021,298203,(3,9223372036854775807))
Edge(211029,200484,(3,9223372036854775807))
Edge(211440,15353,(3,9223372036854775807))
Edge(211559,225911,(1,3))
Edge(211977,391925,(1,9223372036854775807))
Edge(212618,192402,(3,9223372036854775807))
Edge(212639,384734,(3,9223372036854775807))
Edge(212924,32873,(3,9223372036854775807))
Edge(213404,263466,(3,9223372036854775807))
Edge(213429,365007,(3,9223372036854775807))
Edge(213631,449011,(3,9223372036854775807))
Edge(213814,461750,(3,9223372036854775807))
Edge(214489,331812,(3,9223372036854775807))
Edge(214959,50236,(3,9223372036854775807))
Edge(215374,488990,(3,9223372036854775807))
Edge(215506,379162,(1,9223372036854775807))
Edge(215580,192308,(3,9223372036854775807))
Edge(215636,325990,(3,9223372036854775807))
Edge(215773,14799,(3,9223372036854775807))
Edge(216168,254088,(3,9223372036854775807))
Edge(216572,279571,(3,9223372036854775807))
Edge(216925,100062,(3,9223372036854775807))
Edge(217027,378922,(3,9223372036854775807))
Edge(217118,116615,(3,9223372036854775807))
Edge(217448,310787,(3,9223372036854775807))
Edge(217666,169661,(3,9223372036854775807))
Edge(217734,421916,(3,9223372036854775807))
Edge(218145,490098,(1,9223372036854775807))
Edge(218164,89452,(3,9223372036854775807))
Edge(218321,414246,(3,9223372036854775807))
Edge(218551,396215,(3,9223372036854775807))
Edge(218657,320318,(3,9223372036854775807))
Edge(218832,437775,(1,3))
Edge(219729,117303,(3,9223372036854775807))
Edge(220466,29854,(1,3))
Edge(220654,473587,(3,9223372036854775807))
Edge(220752,479648,(3,9223372036854775807))
Edge(221493,374340,(1,9223372036854775807))
Edge(221984,128795,(3,9223372036854775807))
Edge(222071,234472,(3,9223372036854775807))
Edge(222565,216980,(3,9223372036854775807))
Edge(222835,397699,(3,9223372036854775807))
Edge(223106,409186,(3,9223372036854775807))
Edge(223202,482870,(3,9223372036854775807))
Edge(223296,378203,(3,9223372036854775807))
Edge(224133,399783,(3,9223372036854775807))
Edge(224321,92300,(3,9223372036854775807))
Edge(224499,207516,(3,9223372036854775807))
Edge(224913,376597,(3,9223372036854775807))
Edge(225391,240433,(3,9223372036854775807))
Edge(225406,207926,(1,9223372036854775807))
Edge(225696,391332,(1,9223372036854775807))
Edge(226047,284029,(3,9223372036854775807))
Edge(226384,451017,(3,9223372036854775807))
Edge(226444,219013,(1,3))
Edge(226554,280934,(3,9223372036854775807))
Edge(227510,9051,(3,9223372036854775807))
Edge(227606,286827,(3,9223372036854775807))
Edge(228367,479659,(3,9223372036854775807))
Edge(228570,401974,(3,9223372036854775807))
Edge(228644,146210,(3,9223372036854775807))
Edge(228828,486455,(3,9223372036854775807))
Edge(229401,100987,(3,9223372036854775807))
Edge(229407,422544,(3,9223372036854775807))
Edge(229415,216531,(3,9223372036854775807))
Edge(229658,169675,(3,9223372036854775807))
Edge(229931,183324,(3,9223372036854775807))
Edge(230744,285280,(3,9223372036854775807))
Edge(230760,143591,(3,9223372036854775807))
Edge(231015,242,(3,9223372036854775807))
Edge(231714,193848,(3,9223372036854775807))
Edge(232290,227677,(3,9223372036854775807))
Edge(232717,237366,(3,9223372036854775807))
Edge(232783,437041,(3,9223372036854775807))
Edge(232868,23107,(3,9223372036854775807))
Edge(233249,280365,(3,9223372036854775807))
Edge(233386,483919,(3,9223372036854775807))
Edge(233452,409069,(3,9223372036854775807))
Edge(233452,482565,(3,9223372036854775807))
Edge(233597,178880,(3,9223372036854775807))
Edge(233629,234315,(3,9223372036854775807))
Edge(233718,45525,(3,9223372036854775807))
Edge(234032,28267,(3,9223372036854775807))
Edge(234890,212096,(3,9223372036854775807))
Edge(234917,263322,(3,9223372036854775807))
Edge(235045,394348,(3,9223372036854775807))
Edge(235963,114394,(1,9223372036854775807))
Edge(236173,323457,(3,9223372036854775807))
Edge(236429,399741,(3,9223372036854775807))
Edge(236602,91678,(1,3))
Edge(236618,45836,(3,9223372036854775807))
Edge(237257,55962,(3,9223372036854775807))
Edge(237406,31523,(3,9223372036854775807))
Edge(237572,306657,(3,9223372036854775807))
Edge(238063,113897,(3,9223372036854775807))
Edge(238176,461830,(3,9223372036854775807))
Edge(238296,437637,(3,9223372036854775807))
Edge(238789,444801,(3,9223372036854775807))
Edge(239487,324164,(3,9223372036854775807))
Edge(239713,306058,(1,3))
Edge(240306,493401,(3,9223372036854775807))
Edge(240320,427509,(3,9223372036854775807))
Edge(240420,25798,(1,9223372036854775807))
Edge(240452,265522,(3,9223372036854775807))
Edge(240501,54488,(3,9223372036854775807))
Edge(240519,44826,(3,9223372036854775807))
Edge(240654,73908,(3,9223372036854775807))
Edge(240834,153854,(1,3))
Edge(240864,170806,(3,9223372036854775807))
Edge(240900,200640,(3,9223372036854775807))
Edge(241250,448255,(3,9223372036854775807))
Edge(241623,422931,(3,9223372036854775807))
Edge(241805,146105,(1,9223372036854775807))
Edge(242484,411240,(3,9223372036854775807))
Edge(242561,445193,(3,9223372036854775807))
Edge(243155,442842,(3,9223372036854775807))
Edge(243460,163535,(3,9223372036854775807))
Edge(243600,334002,(3,9223372036854775807))
Edge(243604,364522,(3,9223372036854775807))
Edge(244982,251513,(1,9223372036854775807))
Edge(245224,399908,(3,9223372036854775807))
Edge(245297,137998,(3,9223372036854775807))
Edge(245300,178856,(3,9223372036854775807))
Edge(246185,453732,(1,9223372036854775807))
Edge(246510,314571,(1,9223372036854775807))
Edge(246526,350099,(1,9223372036854775807))
Edge(246567,105160,(1,3))
Edge(247316,155468,(3,9223372036854775807))
Edge(247341,499436,(1,3))
Edge(247637,419186,(3,9223372036854775807))
Edge(247880,303186,(3,9223372036854775807))
Edge(248516,106361,(3,9223372036854775807))
Edge(248556,477972,(3,9223372036854775807))
Edge(248605,134740,(3,9223372036854775807))
Edge(248825,446761,(3,9223372036854775807))
Edge(249041,262983,(3,9223372036854775807))
Edge(249331,65745,(3,9223372036854775807))
Edge(249400,38343,(3,9223372036854775807))
Edge(249558,239470,(3,9223372036854775807))
Edge(250175,132354,(1,9223372036854775807))
Edge(250778,7734,(3,9223372036854775807))
Edge(251031,306493,(3,9223372036854775807))
Edge(251358,371009,(3,9223372036854775807))
Edge(251599,280950,(3,9223372036854775807))
Edge(251603,319093,(3,9223372036854775807))
Edge(251668,442791,(3,9223372036854775807))
Edge(251702,286891,(3,9223372036854775807))
Edge(251862,336864,(3,9223372036854775807))
Edge(252054,191906,(1,9223372036854775807))
Edge(252226,457899,(3,9223372036854775807))
Edge(252291,271175,(3,9223372036854775807))
Edge(252553,391119,(3,9223372036854775807))
Edge(252728,169144,(3,9223372036854775807))
Edge(252728,210044,(3,9223372036854775807))
Edge(252932,446291,(1,3))
Edge(252965,340343,(3,9223372036854775807))
Edge(253039,332492,(3,9223372036854775807))
Edge(253050,128466,(3,9223372036854775807))
Edge(253384,270198,(3,9223372036854775807))
Edge(253715,245444,(3,9223372036854775807))
Edge(254455,121080,(1,9223372036854775807))
Edge(254775,435568,(3,9223372036854775807))
Edge(256191,94085,(1,3))
Edge(256337,227294,(3,9223372036854775807))
Edge(256388,258353,(1,9223372036854775807))
Edge(256471,400523,(1,3))
Edge(256578,482491,(3,9223372036854775807))
Edge(256723,8461,(3,9223372036854775807))
Edge(256757,465182,(3,9223372036854775807))
Edge(256808,334405,(3,9223372036854775807))
Edge(256857,128822,(1,9223372036854775807))
Edge(257789,101959,(3,9223372036854775807))
Edge(257981,131822,(3,9223372036854775807))
Edge(258587,232360,(3,9223372036854775807))
Edge(258621,404353,(1,9223372036854775807))
Edge(258666,244749,(3,9223372036854775807))
Edge(258944,269613,(1,3))
Edge(259257,97129,(1,9223372036854775807))
Edge(259519,259284,(3,9223372036854775807))
Edge(259852,446948,(1,9223372036854775807))
Edge(260044,381482,(3,9223372036854775807))
Edge(260230,144000,(1,9223372036854775807))
Edge(260741,379072,(3,9223372036854775807))
Edge(260835,276699,(3,9223372036854775807))
Edge(261152,269875,(3,9223372036854775807))
Edge(261191,193738,(3,9223372036854775807))
Edge(261406,157085,(1,9223372036854775807))
Edge(261701,417051,(1,3))
Edge(261926,317000,(3,9223372036854775807))
Edge(262508,98003,(3,9223372036854775807))
Edge(262548,74033,(3,9223372036854775807))
Edge(263266,267501,(3,9223372036854775807))
Edge(263517,94464,(3,9223372036854775807))
Edge(264468,137295,(3,9223372036854775807))
Edge(264673,112039,(3,9223372036854775807))
Edge(264757,278625,(3,9223372036854775807))
Edge(264800,180065,(1,9223372036854775807))
Edge(264926,91810,(3,9223372036854775807))
Edge(265529,328169,(3,9223372036854775807))
Edge(265777,77156,(3,9223372036854775807))
Edge(265875,436535,(3,9223372036854775807))
Edge(265962,393115,(3,9223372036854775807))
Edge(266256,390482,(3,9223372036854775807))
Edge(266276,270141,(3,9223372036854775807))
Edge(266554,405881,(3,9223372036854775807))
Edge(266639,68567,(1,9223372036854775807))
Edge(266745,145401,(3,9223372036854775807))
Edge(266892,338740,(3,9223372036854775807))
Edge(266967,97957,(3,9223372036854775807))
Edge(267332,156057,(3,9223372036854775807))
Edge(267789,451085,(3,9223372036854775807))
Edge(268110,17130,(3,9223372036854775807))
Edge(268664,305546,(3,9223372036854775807))
Edge(268831,114977,(3,9223372036854775807))
Edge(268855,30949,(1,9223372036854775807))
Edge(269041,448730,(3,9223372036854775807))
Edge(269108,344650,(3,9223372036854775807))
Edge(269348,201698,(3,9223372036854775807))
Edge(269399,226237,(3,9223372036854775807))
Edge(269653,422043,(1,3))
Edge(269741,241213,(3,9223372036854775807))
Edge(269974,228778,(3,9223372036854775807))
Edge(270372,398705,(1,9223372036854775807))
Edge(270441,10177,(3,9223372036854775807))
Edge(270466,499294,(3,9223372036854775807))
Edge(271928,451004,(3,9223372036854775807))
Edge(272428,112297,(3,9223372036854775807))
Edge(272660,431600,(3,9223372036854775807))
Edge(272988,419258,(3,9223372036854775807))
Edge(272992,372650,(3,9223372036854775807))
Edge(273225,381439,(3,9223372036854775807))
Edge(273775,114111,(1,9223372036854775807))
Edge(273798,371778,(3,9223372036854775807))
Edge(274067,113447,(3,9223372036854775807))
Edge(274079,482383,(3,9223372036854775807))
Edge(274455,36043,(3,9223372036854775807))
Edge(274517,364013,(3,9223372036854775807))
Edge(274559,195975,(3,9223372036854775807))
Edge(275058,420671,(3,9223372036854775807))
Edge(275155,216817,(3,9223372036854775807))
Edge(275360,81119,(3,9223372036854775807))
Edge(275629,166366,(3,9223372036854775807))
Edge(275980,15197,(1,4))
Edge(276041,91720,(3,9223372036854775807))
Edge(276526,379912,(3,9223372036854775807))
Edge(276792,245094,(3,9223372036854775807))
Edge(277168,60530,(3,9223372036854775807))
Edge(277216,232541,(3,9223372036854775807))
Edge(277240,375530,(1,9223372036854775807))
Edge(277830,195153,(1,9223372036854775807))
Edge(278074,96167,(3,9223372036854775807))
Edge(278331,257633,(3,9223372036854775807))
Edge(278472,95114,(1,9223372036854775807))
Edge(278543,266692,(3,9223372036854775807))
Edge(278600,157500,(3,9223372036854775807))
Edge(278834,275662,(3,9223372036854775807))
Edge(278907,73665,(3,9223372036854775807))
Edge(279208,188930,(3,9223372036854775807))
Edge(279300,29197,(3,9223372036854775807))
Edge(279504,66723,(1,9223372036854775807))
Edge(279783,295679,(3,9223372036854775807))
Edge(279857,87647,(3,9223372036854775807))
Edge(280192,6835,(1,9223372036854775807))
Edge(280416,237759,(3,9223372036854775807))
Edge(280419,423504,(3,9223372036854775807))
Edge(280444,268453,(3,9223372036854775807))
Edge(280681,402796,(3,9223372036854775807))
Edge(280916,115520,(3,9223372036854775807))
Edge(281031,98686,(3,9223372036854775807))
Edge(281057,292685,(3,9223372036854775807))
Edge(281138,274878,(4,9223372036854775807))
Edge(281306,117693,(3,9223372036854775807))
Edge(282736,113795,(1,9223372036854775807))
Edge(282934,278706,(3,9223372036854775807))
Edge(283249,367149,(1,9223372036854775807))
Edge(283380,140317,(3,9223372036854775807))
Edge(283697,494537,(3,9223372036854775807))
Edge(283770,154059,(3,9223372036854775807))
Edge(283794,234409,(3,9223372036854775807))
Edge(284198,439047,(3,9223372036854775807))
Edge(284296,30695,(3,9223372036854775807))
Edge(284314,102855,(3,9223372036854775807))
Edge(284588,87116,(3,9223372036854775807))
Edge(284858,298003,(3,9223372036854775807))
Edge(285156,67934,(3,9223372036854775807))
Edge(285221,28571,(3,9223372036854775807))
Edge(285492,305679,(3,9223372036854775807))
Edge(285775,399950,(1,9223372036854775807))
Edge(285947,419572,(3,9223372036854775807))
Edge(286101,8113,(1,3))
Edge(286634,62227,(3,9223372036854775807))
Edge(287088,244391,(3,9223372036854775807))
Edge(287172,257996,(3,9223372036854775807))
Edge(287225,115754,(1,9223372036854775807))
Edge(287249,99751,(3,9223372036854775807))
Edge(287453,306084,(3,9223372036854775807))
Edge(287716,66318,(3,9223372036854775807))
Edge(287886,217922,(1,9223372036854775807))
Edge(288297,491444,(3,9223372036854775807))
Edge(288551,225028,(3,9223372036854775807))
Edge(289023,102974,(3,9223372036854775807))
Edge(289102,436464,(3,9223372036854775807))
Edge(289153,58148,(3,9223372036854775807))
Edge(289322,402613,(3,9223372036854775807))
Edge(289745,107669,(3,9223372036854775807))
Edge(289797,111905,(1,3))
Edge(289877,494664,(3,9223372036854775807))
Edge(290085,168713,(3,9223372036854775807))
Edge(290409,118721,(3,9223372036854775807))
Edge(290605,322454,(1,9223372036854775807))
Edge(290698,396815,(3,9223372036854775807))
Edge(291224,11401,(3,9223372036854775807))
Edge(291225,416290,(3,9223372036854775807))
Edge(291405,218307,(3,9223372036854775807))
Edge(291444,213632,(3,9223372036854775807))
Edge(291859,12740,(1,3))
Edge(292530,441384,(3,9223372036854775807))
Edge(292559,36417,(3,9223372036854775807))
Edge(292707,418420,(3,9223372036854775807))
Edge(293189,444871,(3,9223372036854775807))
Edge(293414,271158,(3,9223372036854775807))
Edge(293726,256291,(3,9223372036854775807))
Edge(294243,308114,(3,9223372036854775807))
Edge(294324,327544,(3,9223372036854775807))
Edge(294558,32251,(3,9223372036854775807))
Edge(294711,101760,(3,9223372036854775807))
Edge(294993,347218,(1,3))
Edge(295025,212892,(1,9223372036854775807))
Edge(295568,477057,(3,9223372036854775807))
Edge(295742,81989,(1,3))
Edge(295945,190900,(3,9223372036854775807))
Edge(296165,212051,(3,9223372036854775807))
Edge(296543,376622,(3,9223372036854775807))
Edge(296561,357801,(3,9223372036854775807))
Edge(296596,84616,(3,9223372036854775807))
Edge(296935,444588,(1,9223372036854775807))
Edge(297381,47877,(3,9223372036854775807))
Edge(297807,148726,(3,9223372036854775807))
Edge(297819,225528,(3,9223372036854775807))
Edge(298198,90859,(3,9223372036854775807))
Edge(298281,88193,(3,9223372036854775807))
Edge(298592,447550,(3,9223372036854775807))
Edge(298679,42040,(1,9223372036854775807))
Edge(298722,108801,(1,9223372036854775807))
Edge(299307,173495,(3,9223372036854775807))
Edge(299619,431432,(1,3))
Edge(299702,492963,(3,9223372036854775807))
Edge(299972,65485,(3,9223372036854775807))
Edge(300461,194906,(3,9223372036854775807))
Edge(300635,278628,(3,9223372036854775807))
Edge(300876,286312,(3,9223372036854775807))
Edge(301457,282314,(3,9223372036854775807))
Edge(301657,318341,(3,9223372036854775807))
Edge(302360,99940,(3,9223372036854775807))
Edge(302530,364749,(4,9223372036854775807))
Edge(303061,91552,(1,3))
Edge(303240,242535,(3,9223372036854775807))
Edge(303364,439386,(1,9223372036854775807))
Edge(303520,201758,(1,9223372036854775807))
Edge(303916,288047,(3,9223372036854775807))
Edge(304913,481598,(1,9223372036854775807))
Edge(305184,319878,(3,9223372036854775807))
Edge(305333,234355,(1,9223372036854775807))
Edge(305365,26425,(1,9223372036854775807))
Edge(305672,197087,(3,9223372036854775807))
Edge(305772,309345,(3,9223372036854775807))
Edge(305983,66495,(3,9223372036854775807))
Edge(306469,312035,(1,9223372036854775807))
Edge(306622,15108,(3,9223372036854775807))
Edge(306903,359600,(3,9223372036854775807))
Edge(307084,332166,(3,9223372036854775807))
Edge(307395,9066,(3,9223372036854775807))
Edge(308942,316717,(3,9223372036854775807))
Edge(309661,203473,(3,9223372036854775807))
Edge(309787,263708,(3,9223372036854775807))
Edge(309907,273352,(1,9223372036854775807))
Edge(310037,291399,(1,9223372036854775807))
Edge(310095,43473,(3,9223372036854775807))
Edge(310683,28049,(3,9223372036854775807))
Edge(310848,345685,(3,9223372036854775807))
Edge(310907,198580,(3,9223372036854775807))
Edge(310976,318746,(3,9223372036854775807))
Edge(311130,117225,(3,9223372036854775807))
Edge(311258,339644,(1,9223372036854775807))
Edge(311278,146999,(3,9223372036854775807))
Edge(311291,181441,(3,9223372036854775807))
Edge(312452,116923,(3,9223372036854775807))
Edge(313256,478327,(3,9223372036854775807))
Edge(313939,493547,(1,9223372036854775807))
Edge(314264,50911,(3,9223372036854775807))
Edge(314428,41734,(3,9223372036854775807))
Edge(314493,250660,(1,9223372036854775807))
Edge(314800,102898,(3,9223372036854775807))
Edge(315652,341125,(1,9223372036854775807))
Edge(315884,445775,(3,9223372036854775807))
Edge(315997,74268,(3,9223372036854775807))
Edge(316240,377311,(3,9223372036854775807))
Edge(316410,25880,(3,9223372036854775807))
Edge(316813,460961,(3,9223372036854775807))
Edge(317104,59764,(3,9223372036854775807))
Edge(317216,346490,(3,9223372036854775807))
Edge(317283,315309,(3,9223372036854775807))
Edge(317978,329705,(3,9223372036854775807))
Edge(318054,193048,(3,9223372036854775807))
Edge(319170,251134,(3,9223372036854775807))
Edge(319431,367571,(3,9223372036854775807))
Edge(320514,434997,(3,9223372036854775807))
Edge(320738,263316,(3,9223372036854775807))
Edge(320761,445870,(1,9223372036854775807))
Edge(320899,85150,(3,9223372036854775807))
Edge(321232,95857,(1,9223372036854775807))
Edge(321403,306903,(3,9223372036854775807))
Edge(321466,188256,(3,9223372036854775807))
Edge(321688,217237,(3,9223372036854775807))
Edge(322145,474953,(3,9223372036854775807))
Edge(322218,488565,(3,9223372036854775807))
Edge(322772,332252,(3,9223372036854775807))
Edge(323071,336505,(3,9223372036854775807))
Edge(323165,120759,(3,9223372036854775807))
Edge(323785,448860,(3,9223372036854775807))
Edge(323875,54587,(3,9223372036854775807))
Edge(324392,67906,(1,3))
Edge(324617,492980,(3,9223372036854775807))
Edge(325396,14768,(3,9223372036854775807))
Edge(325444,40065,(1,3))
Edge(326298,29099,(1,3))
Edge(326452,56729,(3,9223372036854775807))
Edge(326895,53019,(3,9223372036854775807))
Edge(327836,41986,(1,9223372036854775807))
Edge(328229,305059,(3,9223372036854775807))
Edge(328337,243234,(1,3))
Edge(328640,343763,(3,9223372036854775807))
Edge(328885,268435,(3,9223372036854775807))
Edge(329047,96259,(3,9223372036854775807))
Edge(329393,423472,(3,9223372036854775807))
Edge(329922,141264,(3,9223372036854775807))
Edge(330182,111541,(3,9223372036854775807))
Edge(330609,465557,(3,9223372036854775807))
Edge(330614,310372,(3,9223372036854775807))
Edge(330745,86548,(3,9223372036854775807))
Edge(330855,376264,(1,9223372036854775807))
Edge(331121,12989,(3,9223372036854775807))
Edge(331290,220800,(3,9223372036854775807))
Edge(331442,421026,(1,3))
Edge(331612,400952,(1,9223372036854775807))
Edge(332485,388820,(3,9223372036854775807))
Edge(333128,362563,(3,9223372036854775807))
Edge(333636,134372,(3,9223372036854775807))
Edge(333687,493466,(3,9223372036854775807))
Edge(333721,370499,(3,9223372036854775807))
Edge(334703,398251,(3,9223372036854775807))
Edge(335206,204616,(3,9223372036854775807))
Edge(335574,164133,(1,3))
Edge(335641,146414,(3,9223372036854775807))
Edge(336420,487338,(3,9223372036854775807))
Edge(336999,40314,(3,9223372036854775807))
Edge(337131,314479,(3,9223372036854775807))
Edge(337217,69850,(3,9223372036854775807))
Edge(337399,72563,(3,9223372036854775807))
Edge(337506,121300,(1,9223372036854775807))
Edge(338121,259250,(3,9223372036854775807))
Edge(338741,199144,(3,9223372036854775807))
Edge(338744,80000,(3,9223372036854775807))
Edge(339525,341819,(3,9223372036854775807))
Edge(339558,408698,(1,3))
Edge(339678,455523,(3,9223372036854775807))
Edge(339890,419535,(1,9223372036854775807))
Edge(340073,78162,(3,9223372036854775807))
Edge(340095,183632,(1,9223372036854775807))
Edge(341018,268219,(3,9223372036854775807))
Edge(341348,361440,(1,9223372036854775807))
Edge(341534,435045,(3,9223372036854775807))
Edge(341800,277347,(1,9223372036854775807))
Edge(341841,173333,(3,9223372036854775807))
Edge(341865,416061,(3,9223372036854775807))
Edge(341889,317897,(1,9223372036854775807))
Edge(342005,314406,(3,9223372036854775807))
Edge(342046,34081,(1,9223372036854775807))
Edge(342136,151936,(3,9223372036854775807))
Edge(342901,178345,(3,9223372036854775807))
Edge(343032,203058,(1,9223372036854775807))
Edge(343637,71498,(3,9223372036854775807))
Edge(343679,12633,(3,9223372036854775807))
Edge(343950,490613,(3,9223372036854775807))
Edge(344192,49903,(3,9223372036854775807))
Edge(344503,325908,(3,9223372036854775807))
Edge(344616,144411,(3,9223372036854775807))
Edge(344811,129362,(3,9223372036854775807))
Edge(345120,319154,(1,9223372036854775807))
Edge(345454,410799,(3,9223372036854775807))
Edge(345587,24260,(3,9223372036854775807))
Edge(345673,27806,(3,9223372036854775807))
Edge(346745,343058,(3,9223372036854775807))
Edge(346772,178657,(3,9223372036854775807))
Edge(346960,86000,(3,9223372036854775807))
Edge(347044,66322,(3,9223372036854775807))
Edge(347389,479589,(3,9223372036854775807))
Edge(347585,416397,(3,9223372036854775807))
Edge(347829,211831,(3,9223372036854775807))
Edge(347880,498567,(3,9223372036854775807))
Edge(348121,378639,(3,9223372036854775807))
Edge(348251,80877,(3,9223372036854775807))
Edge(348279,476062,(3,9223372036854775807))
Edge(348297,228466,(1,9223372036854775807))
Edge(348311,37613,(1,9223372036854775807))
Edge(348474,498512,(3,9223372036854775807))
Edge(349515,481819,(3,9223372036854775807))
Edge(349731,156613,(3,9223372036854775807))
Edge(349837,456605,(1,3))
Edge(349857,255205,(1,9223372036854775807))
Edge(349961,452633,(3,9223372036854775807))
Edge(351323,175209,(3,9223372036854775807))
Edge(351481,385880,(4,9223372036854775807))
Edge(351593,395826,(3,9223372036854775807))
Edge(352302,386444,(1,9223372036854775807))
Edge(353049,352719,(3,9223372036854775807))
Edge(353208,4219,(3,9223372036854775807))
Edge(353242,246050,(3,9223372036854775807))
Edge(353306,146587,(3,9223372036854775807))
Edge(353389,126373,(3,9223372036854775807))
Edge(353448,271365,(1,3))
Edge(353639,347680,(3,9223372036854775807))
Edge(353937,256517,(3,9223372036854775807))
Edge(353940,71417,(3,9223372036854775807))
Edge(354346,155273,(1,9223372036854775807))
Edge(354651,290568,(3,9223372036854775807))
Edge(355022,327781,(3,9223372036854775807))
Edge(355908,98477,(1,3))
Edge(356122,60088,(3,9223372036854775807))
Edge(356725,299748,(3,9223372036854775807))
Edge(356875,446481,(3,9223372036854775807))
Edge(357098,4057,(3,9223372036854775807))
Edge(357107,202357,(3,9223372036854775807))
Edge(357409,263084,(3,9223372036854775807))
Edge(357876,132788,(1,9223372036854775807))
Edge(357952,196930,(3,9223372036854775807))
Edge(358057,43236,(3,9223372036854775807))
Edge(358305,475190,(3,9223372036854775807))
Edge(358334,186504,(3,9223372036854775807))
Edge(358902,155509,(1,3))
Edge(359078,361684,(3,9223372036854775807))
Edge(359660,361353,(3,9223372036854775807))
Edge(360170,304706,(3,9223372036854775807))
Edge(360212,254157,(3,9223372036854775807))
Edge(360315,412482,(3,9223372036854775807))
Edge(360467,43566,(3,9223372036854775807))
Edge(360768,144024,(3,9223372036854775807))
Edge(361041,116722,(1,9223372036854775807))
Edge(361280,282402,(3,9223372036854775807))
Edge(361320,381265,(3,9223372036854775807))
Edge(361387,252519,(3,9223372036854775807))
Edge(361452,468612,(3,9223372036854775807))
Edge(361578,479192,(3,9223372036854775807))
Edge(361704,20415,(3,9223372036854775807))
Edge(362230,19462,(3,9223372036854775807))
Edge(362598,114818,(1,3))
Edge(363399,429274,(1,9223372036854775807))
Edge(363436,228056,(1,9223372036854775807))
Edge(363462,168362,(1,9223372036854775807))
Edge(363659,74390,(3,9223372036854775807))
Edge(363708,42576,(3,9223372036854775807))
Edge(364255,401798,(3,9223372036854775807))
Edge(364343,126457,(3,9223372036854775807))
Edge(364458,23752,(1,3))
Edge(364755,359402,(3,9223372036854775807))
Edge(364924,440881,(1,3))
Edge(365956,343865,(3,9223372036854775807))
Edge(366009,475972,(1,9223372036854775807))
Edge(366063,156788,(3,9223372036854775807))
Edge(366098,403513,(3,9223372036854775807))
Edge(366278,419387,(3,9223372036854775807))
Edge(366312,212582,(3,9223372036854775807))
Edge(366724,405577,(3,9223372036854775807))
Edge(367341,494317,(3,9223372036854775807))
Edge(367405,395260,(1,9223372036854775807))
Edge(367508,120208,(3,9223372036854775807))
Edge(367910,308190,(3,9223372036854775807))
Edge(368330,238519,(1,3))
Edge(368589,314878,(3,9223372036854775807))
Edge(368606,242461,(3,9223372036854775807))
Edge(368777,448205,(3,9223372036854775807))
Edge(369153,452052,(3,9223372036854775807))
Edge(369726,182095,(3,9223372036854775807))
Edge(369772,88658,(3,9223372036854775807))
Edge(370298,89069,(3,9223372036854775807))
Edge(370841,29738,(3,9223372036854775807))
Edge(371703,27506,(3,9223372036854775807))
Edge(371871,332900,(3,9223372036854775807))
Edge(371880,244722,(3,9223372036854775807))
Edge(372242,68655,(3,9223372036854775807))
Edge(372738,74974,(1,9223372036854775807))
Edge(373332,474065,(3,9223372036854775807))
Edge(373380,445889,(3,9223372036854775807))
Edge(373686,449570,(3,9223372036854775807))
Edge(373762,391779,(1,9223372036854775807))
Edge(374451,123257,(3,9223372036854775807))
Edge(374453,252167,(3,9223372036854775807))
Edge(374464,453862,(3,9223372036854775807))
Edge(374688,378714,(3,9223372036854775807))
Edge(374977,380436,(3,9223372036854775807))
Edge(375007,99236,(3,9223372036854775807))
Edge(375040,313562,(3,9223372036854775807))
Edge(375099,222036,(3,9223372036854775807))
Edge(375247,310137,(3,9223372036854775807))
Edge(375406,363267,(1,3))
Edge(375534,106822,(1,9223372036854775807))
Edge(375551,12438,(3,9223372036854775807))
Edge(376758,48299,(3,9223372036854775807))
Edge(377263,193474,(3,9223372036854775807))
Edge(377788,126666,(1,9223372036854775807))
Edge(377881,76606,(3,9223372036854775807))
Edge(378509,238772,(3,9223372036854775807))
Edge(378995,37676,(3,9223372036854775807))
Edge(379334,276726,(3,9223372036854775807))
Edge(379402,176053,(3,9223372036854775807))
Edge(380070,97398,(1,9223372036854775807))
Edge(380177,431218,(3,9223372036854775807))
Edge(380289,174693,(3,9223372036854775807))
Edge(380525,443612,(1,3))
Edge(380910,315795,(3,9223372036854775807))
Edge(381365,470022,(3,9223372036854775807))
Edge(381446,161981,(1,9223372036854775807))
Edge(381553,480271,(1,3))
Edge(381760,482997,(3,9223372036854775807))
Edge(381924,185806,(3,9223372036854775807))
Edge(382138,447988,(3,9223372036854775807))
Edge(382183,487122,(3,9223372036854775807))
Edge(382316,14506,(4,9223372036854775807))
Edge(382321,21577,(3,9223372036854775807))
Edge(382326,489414,(1,9223372036854775807))
Edge(382956,91480,(3,9223372036854775807))
Edge(383127,59430,(3,9223372036854775807))
Edge(383427,368620,(1,9223372036854775807))
Edge(383670,149962,(3,9223372036854775807))
Edge(383696,110069,(1,9223372036854775807))
Edge(383844,124376,(3,9223372036854775807))
Edge(385297,189458,(3,9223372036854775807))
Edge(385375,412899,(3,9223372036854775807))
Edge(385495,127082,(3,9223372036854775807))
Edge(385525,477123,(3,9223372036854775807))
Edge(386379,141443,(3,9223372036854775807))
Edge(386399,278470,(3,9223372036854775807))
Edge(386417,15665,(3,9223372036854775807))
Edge(387930,498967,(3,9223372036854775807))
Edge(388090,446732,(3,9223372036854775807))
Edge(388125,47831,(3,9223372036854775807))
Edge(388403,59995,(1,9223372036854775807))
Edge(388410,106619,(3,9223372036854775807))
Edge(389844,181284,(1,9223372036854775807))
Edge(390027,486822,(3,9223372036854775807))
Edge(390062,162308,(3,9223372036854775807))
Edge(390148,168126,(3,9223372036854775807))
Edge(390465,278711,(3,9223372036854775807))
Edge(390530,67090,(3,9223372036854775807))
Edge(391336,439322,(3,9223372036854775807))
Edge(391495,118524,(1,9223372036854775807))
Edge(391570,272110,(3,9223372036854775807))
Edge(391627,497795,(3,9223372036854775807))
Edge(392564,413006,(3,9223372036854775807))
Edge(392839,499639,(1,3))
Edge(392876,497214,(3,9223372036854775807))
Edge(393101,288643,(3,9223372036854775807))
Edge(393332,344156,(1,3))
Edge(393620,285264,(3,9223372036854775807))
Edge(393904,184403,(1,3))
Edge(394483,462059,(3,9223372036854775807))
Edge(394497,300357,(3,9223372036854775807))
Edge(394550,419478,(1,9223372036854775807))
Edge(394689,266948,(3,9223372036854775807))
Edge(395057,479284,(3,9223372036854775807))
Edge(396748,313930,(3,9223372036854775807))
Edge(397107,26049,(3,9223372036854775807))
Edge(397292,105390,(3,9223372036854775807))
Edge(397350,401469,(3,9223372036854775807))
Edge(397419,113665,(3,9223372036854775807))
Edge(397621,427295,(1,3))
Edge(397891,302207,(3,9223372036854775807))
Edge(398178,355394,(3,9223372036854775807))
Edge(398319,176023,(3,9223372036854775807))
Edge(398466,222878,(3,9223372036854775807))
Edge(398787,191528,(1,9223372036854775807))
Edge(398835,114569,(3,9223372036854775807))
Edge(399691,463844,(3,9223372036854775807))
Edge(399720,141407,(3,9223372036854775807))
Edge(400238,147943,(1,3))
Edge(401062,112140,(3,9223372036854775807))
Edge(401394,53192,(3,9223372036854775807))
Edge(401880,350777,(3,9223372036854775807))
Edge(402203,12407,(3,9223372036854775807))
Edge(402782,95747,(1,9223372036854775807))
Edge(402808,456221,(3,9223372036854775807))
Edge(402879,163275,(3,9223372036854775807))
Edge(403450,370757,(3,9223372036854775807))
Edge(403804,292909,(3,9223372036854775807))
Edge(403934,302167,(1,9223372036854775807))
Edge(404078,493672,(3,9223372036854775807))
Edge(404491,240995,(1,3))
Edge(404900,23042,(3,9223372036854775807))
Edge(405532,123302,(3,9223372036854775807))
Edge(406121,136814,(1,3))
Edge(406327,401976,(3,9223372036854775807))
Edge(406795,175499,(3,9223372036854775807))
Edge(407599,276882,(3,9223372036854775807))
Edge(408111,239259,(3,9223372036854775807))
Edge(408236,230174,(3,9223372036854775807))
Edge(408729,199646,(3,9223372036854775807))
Edge(408813,76448,(3,9223372036854775807))
Edge(408995,251693,(3,9223372036854775807))
Edge(409006,161821,(1,9223372036854775807))
Edge(409476,83001,(1,9223372036854775807))
Edge(409668,317010,(1,3))
Edge(409718,275076,(1,9223372036854775807))
Edge(410513,399906,(3,9223372036854775807))
Edge(410855,250941,(3,9223372036854775807))
Edge(411081,191012,(3,9223372036854775807))
Edge(411170,56592,(3,9223372036854775807))
Edge(411213,302593,(3,9223372036854775807))
Edge(411302,392796,(3,9223372036854775807))
Edge(411914,141631,(3,9223372036854775807))
Edge(412035,14644,(3,9223372036854775807))
Edge(412221,434590,(3,9223372036854775807))
Edge(412319,168532,(1,9223372036854775807))
Edge(412723,228643,(1,9223372036854775807))
Edge(413237,308181,(3,9223372036854775807))
Edge(413260,45830,(1,9223372036854775807))
Edge(413368,82748,(3,9223372036854775807))
Edge(413643,211055,(1,9223372036854775807))
Edge(413715,389760,(1,9223372036854775807))
Edge(413766,480698,(3,9223372036854775807))
Edge(413786,19358,(3,9223372036854775807))
Edge(414203,303046,(3,9223372036854775807))
Edge(414521,76218,(3,9223372036854775807))
Edge(414529,318253,(3,9223372036854775807))
Edge(414704,430375,(3,9223372036854775807))
Edge(414854,462099,(3,9223372036854775807))
Edge(414895,105476,(3,9223372036854775807))
Edge(415033,305101,(3,9223372036854775807))
Edge(415154,133917,(3,9223372036854775807))
Edge(415345,492925,(3,9223372036854775807))
Edge(415369,475571,(3,9223372036854775807))
Edge(415693,183502,(3,9223372036854775807))
Edge(415695,325032,(3,9223372036854775807))
Edge(416283,27736,(3,9223372036854775807))
Edge(416918,300855,(3,9223372036854775807))
Edge(417189,13068,(3,9223372036854775807))
Edge(417251,8329,(1,3))
Edge(417605,342864,(1,9223372036854775807))
Edge(417874,417402,(3,9223372036854775807))
Edge(418887,337535,(3,9223372036854775807))
Edge(419036,415737,(3,9223372036854775807))
Edge(419402,105123,(3,9223372036854775807))
Edge(419988,3971,(3,9223372036854775807))
Edge(420339,134853,(3,9223372036854775807))
Edge(420373,50256,(3,9223372036854775807))
Edge(420378,49216,(1,9223372036854775807))
Edge(420626,298294,(1,3))
Edge(420700,78463,(1,9223372036854775807))
Edge(420859,322594,(3,9223372036854775807))
Edge(420978,195510,(3,9223372036854775807))
Edge(421518,246702,(3,9223372036854775807))
Edge(422731,459696,(3,9223372036854775807))
Edge(423126,493523,(3,9223372036854775807))
Edge(423374,220174,(3,9223372036854775807))
Edge(423777,63891,(3,9223372036854775807))
Edge(423927,295115,(3,9223372036854775807))
Edge(424446,187218,(3,9223372036854775807))
Edge(425028,420337,(3,9223372036854775807))
Edge(426257,314850,(3,9223372036854775807))
Edge(427087,179432,(3,9223372036854775807))
Edge(427238,245376,(3,9223372036854775807))
Edge(427407,110416,(3,9223372036854775807))
Edge(427454,396888,(1,9223372036854775807))
Edge(427571,449278,(3,9223372036854775807))
Edge(427891,224240,(3,9223372036854775807))
Edge(427952,365713,(3,9223372036854775807))
Edge(428168,320968,(3,9223372036854775807))
Edge(429018,365404,(3,9223372036854775807))
Edge(429140,470558,(3,9223372036854775807))
Edge(429414,465081,(1,9223372036854775807))
Edge(429668,196724,(3,9223372036854775807))
Edge(430020,113156,(1,3))
Edge(430042,287096,(3,9223372036854775807))
Edge(430063,258042,(3,9223372036854775807))
Edge(430130,495423,(3,9223372036854775807))
Edge(430507,145693,(3,9223372036854775807))
Edge(430593,234444,(3,9223372036854775807))
Edge(430877,68790,(3,9223372036854775807))
Edge(431077,287499,(3,9223372036854775807))
Edge(431169,363303,(3,9223372036854775807))
Edge(431308,349483,(3,9223372036854775807))
Edge(431889,175820,(3,9223372036854775807))
Edge(432939,463831,(1,3))
Edge(433056,435767,(3,9223372036854775807))
Edge(433071,292767,(3,9223372036854775807))
Edge(433529,316345,(3,9223372036854775807))
Edge(433625,88152,(3,9223372036854775807))
Edge(434185,340211,(3,9223372036854775807))
Edge(434479,494719,(3,9223372036854775807))
Edge(435041,456840,(3,9223372036854775807))
Edge(435447,419196,(1,9223372036854775807))
Edge(435525,201628,(3,9223372036854775807))
Edge(435773,17031,(1,9223372036854775807))
Edge(436054,221936,(3,9223372036854775807))
Edge(436443,406351,(1,9223372036854775807))
Edge(436712,87717,(3,9223372036854775807))
Edge(436962,180234,(3,9223372036854775807))
Edge(437083,166566,(1,9223372036854775807))
Edge(437552,114968,(3,9223372036854775807))
Edge(438259,158090,(1,9223372036854775807))
Edge(438512,200670,(3,9223372036854775807))
Edge(438744,352939,(3,9223372036854775807))
Edge(439368,43372,(3,9223372036854775807))
Edge(439419,306937,(3,9223372036854775807))
Edge(439477,155946,(3,9223372036854775807))
Edge(439608,103222,(1,9223372036854775807))
Edge(440396,272540,(3,9223372036854775807))
Edge(440429,327802,(1,9223372036854775807))
Edge(440695,352601,(1,9223372036854775807))
Edge(440880,116368,(3,9223372036854775807))
Edge(442349,183620,(3,9223372036854775807))
Edge(442474,452097,(3,9223372036854775807))
Edge(443613,314631,(3,9223372036854775807))
Edge(443698,11600,(3,9223372036854775807))
Edge(443822,304463,(3,9223372036854775807))
Edge(443854,90056,(1,3))
Edge(443978,41583,(3,9223372036854775807))
Edge(444462,10932,(3,9223372036854775807))
Edge(444471,292630,(3,9223372036854775807))
Edge(444516,353210,(3,9223372036854775807))
Edge(444960,34519,(3,9223372036854775807))
Edge(444961,318284,(1,9223372036854775807))
Edge(445474,254515,(3,9223372036854775807))
Edge(445543,344783,(3,9223372036854775807))
Edge(445976,113258,(3,9223372036854775807))
Edge(446061,480650,(1,9223372036854775807))
Edge(446323,447182,(1,3))
Edge(446331,196513,(1,3))
Edge(446389,154870,(3,9223372036854775807))
Edge(447298,454567,(3,9223372036854775807))
Edge(447637,449466,(3,9223372036854775807))
Edge(447853,400460,(3,9223372036854775807))
Edge(448515,89662,(3,9223372036854775807))
Edge(448905,218924,(3,9223372036854775807))
Edge(449640,217946,(3,9223372036854775807))
Edge(449669,294171,(3,9223372036854775807))
Edge(449779,66375,(1,3))
Edge(449923,250580,(3,9223372036854775807))
Edge(449984,435973,(3,9223372036854775807))
Edge(450360,6065,(3,9223372036854775807))
Edge(450441,75972,(1,9223372036854775807))
Edge(450803,377830,(3,9223372036854775807))
Edge(450893,98334,(3,9223372036854775807))
Edge(451011,174166,(1,9223372036854775807))
Edge(451022,161386,(3,9223372036854775807))
Edge(451158,460414,(1,9223372036854775807))
Edge(452488,399330,(3,9223372036854775807))
Edge(452831,288600,(3,9223372036854775807))
Edge(452976,52606,(3,9223372036854775807))
Edge(453350,269278,(3,9223372036854775807))
Edge(453511,399881,(1,9223372036854775807))
Edge(453659,450436,(3,9223372036854775807))
Edge(454495,488785,(3,9223372036854775807))
Edge(454771,296786,(3,9223372036854775807))
Edge(454860,414166,(3,9223372036854775807))
Edge(454865,116300,(3,9223372036854775807))
Edge(454981,470622,(3,9223372036854775807))
Edge(455466,126512,(3,9223372036854775807))
Edge(455962,80952,(3,9223372036854775807))
Edge(456001,269755,(3,9223372036854775807))
Edge(456080,62150,(1,9223372036854775807))
Edge(456140,380781,(1,9223372036854775807))
Edge(456352,360881,(3,9223372036854775807))
Edge(456379,456268,(3,9223372036854775807))
Edge(456529,152278,(3,9223372036854775807))
Edge(456652,6360,(1,9223372036854775807))
Edge(456850,32123,(3,9223372036854775807))
Edge(458122,292631,(1,3))
Edge(458267,96510,(3,9223372036854775807))
Edge(458797,279915,(3,9223372036854775807))
Edge(458940,429670,(1,3))
Edge(458970,204537,(3,9223372036854775807))
Edge(459015,151627,(3,9223372036854775807))
Edge(459029,230296,(3,9223372036854775807))
Edge(459312,110530,(1,3))
Edge(459444,104644,(1,9223372036854775807))
Edge(459450,439706,(1,9223372036854775807))
Edge(460464,476156,(1,3))
Edge(460559,64184,(3,9223372036854775807))
Edge(460802,275338,(3,9223372036854775807))
Edge(461005,222172,(3,9223372036854775807))
Edge(461027,362248,(3,9223372036854775807))
Edge(461964,182147,(1,9223372036854775807))
Edge(461971,498433,(3,9223372036854775807))
Edge(462011,237781,(3,9223372036854775807))
Edge(462613,102439,(3,9223372036854775807))
Edge(462691,408018,(3,9223372036854775807))
Edge(462852,481031,(3,9223372036854775807))
Edge(463145,406988,(3,9223372036854775807))
Edge(463155,166798,(3,9223372036854775807))
Edge(463359,334331,(3,9223372036854775807))
Edge(463418,185593,(3,9223372036854775807))
Edge(463770,448734,(3,9223372036854775807))
Edge(464447,34722,(3,9223372036854775807))
Edge(464924,46948,(3,9223372036854775807))
Edge(465708,70548,(3,9223372036854775807))
Edge(465737,290738,(1,9223372036854775807))
Edge(465873,256581,(3,9223372036854775807))
Edge(465908,460892,(3,9223372036854775807))
Edge(466408,394442,(3,9223372036854775807))
Edge(466453,301068,(3,9223372036854775807))
Edge(466510,319846,(3,9223372036854775807))
Edge(467104,457950,(3,9223372036854775807))
Edge(467460,113839,(1,9223372036854775807))
Edge(467665,93133,(3,9223372036854775807))
Edge(468035,280792,(3,9223372036854775807))
Edge(468060,43240,(3,9223372036854775807))
Edge(468116,113543,(3,9223372036854775807))
Edge(468541,474384,(3,9223372036854775807))
Edge(468695,205925,(3,9223372036854775807))
Edge(468741,203980,(3,9223372036854775807))
Edge(468767,221019,(3,9223372036854775807))
Edge(469453,303721,(3,9223372036854775807))
Edge(469604,185123,(3,9223372036854775807))
Edge(470333,307130,(3,9223372036854775807))
Edge(470428,476049,(1,3))
Edge(470529,22020,(3,9223372036854775807))
Edge(471630,144449,(1,9223372036854775807))
Edge(471642,12370,(3,9223372036854775807))
Edge(471729,426109,(3,9223372036854775807))
Edge(471835,249593,(3,9223372036854775807))
Edge(471847,44475,(3,9223372036854775807))
Edge(472048,219740,(3,9223372036854775807))
Edge(472715,45002,(3,9223372036854775807))
Edge(473235,202579,(3,9223372036854775807))
Edge(473780,101957,(3,9223372036854775807))
Edge(473808,92232,(3,9223372036854775807))
Edge(474102,410589,(3,9223372036854775807))
Edge(474414,224436,(3,9223372036854775807))
Edge(474458,228665,(1,3))
Edge(474487,123709,(3,9223372036854775807))
Edge(475277,429318,(3,9223372036854775807))
Edge(475789,115636,(3,9223372036854775807))
Edge(475819,429807,(3,9223372036854775807))
Edge(476182,91027,(3,9223372036854775807))
Edge(476189,40847,(3,9223372036854775807))
Edge(476226,19818,(3,9223372036854775807))
Edge(476643,350158,(1,9223372036854775807))
Edge(476736,449697,(3,9223372036854775807))
Edge(476804,269710,(3,9223372036854775807))
Edge(477117,279176,(3,9223372036854775807))
Edge(477399,36410,(3,9223372036854775807))
Edge(477407,201762,(3,9223372036854775807))
Edge(477548,23247,(3,9223372036854775807))
Edge(477897,387074,(1,9223372036854775807))
Edge(478264,274379,(3,9223372036854775807))
Edge(478550,233981,(3,9223372036854775807))
Edge(478884,49127,(1,9223372036854775807))
Edge(479017,145593,(3,9223372036854775807))
Edge(479257,149874,(3,9223372036854775807))
Edge(479347,166401,(3,9223372036854775807))
Edge(479645,365822,(3,9223372036854775807))
Edge(479859,226777,(3,9223372036854775807))
Edge(480126,278337,(3,9223372036854775807))
Edge(480448,115535,(1,9223372036854775807))
Edge(480686,340153,(3,9223372036854775807))
Edge(481077,397939,(1,9223372036854775807))
Edge(481230,176904,(3,9223372036854775807))
Edge(481345,435637,(1,3))
Edge(481639,191248,(3,9223372036854775807))
Edge(482188,141355,(3,9223372036854775807))
Edge(482532,372964,(3,9223372036854775807))
Edge(482549,276943,(3,9223372036854775807))
Edge(483916,278912,(3,9223372036854775807))
Edge(484155,224786,(1,9223372036854775807))
Edge(484564,421830,(3,9223372036854775807))
Edge(484586,319095,(4,9223372036854775807))
Edge(484815,177367,(3,9223372036854775807))
Edge(485204,16307,(3,9223372036854775807))
Edge(485687,461896,(3,9223372036854775807))
Edge(485739,449067,(1,9223372036854775807))
Edge(486201,253708,(3,9223372036854775807))
Edge(486462,193844,(3,9223372036854775807))
Edge(486646,262333,(3,9223372036854775807))
Edge(487130,492951,(3,9223372036854775807))
Edge(487338,74082,(3,9223372036854775807))
Edge(487525,386674,(3,9223372036854775807))
Edge(488230,32442,(3,9223372036854775807))
Edge(488450,353298,(3,9223372036854775807))
Edge(488663,396993,(3,9223372036854775807))
Edge(489049,388009,(3,9223372036854775807))
Edge(489078,204048,(3,9223372036854775807))
Edge(489114,286876,(1,9223372036854775807))
Edge(489329,231542,(3,9223372036854775807))
Edge(489373,189465,(3,9223372036854775807))
Edge(489423,348178,(1,9223372036854775807))
Edge(489744,418013,(3,9223372036854775807))
Edge(489754,55842,(3,9223372036854775807))
Edge(489822,160842,(1,9223372036854775807))
Edge(490927,258068,(3,9223372036854775807))
Edge(491346,9017,(1,9223372036854775807))
Edge(491403,251332,(3,9223372036854775807))
Edge(491423,206487,(3,9223372036854775807))
Edge(491502,379605,(1,9223372036854775807))
Edge(491730,39965,(1,9223372036854775807))
Edge(492661,252713,(3,9223372036854775807))
Edge(493128,334580,(1,9223372036854775807))
Edge(493307,117151,(3,9223372036854775807))
Edge(493969,96745,(3,9223372036854775807))
Edge(494394,58051,(3,9223372036854775807))
Edge(494867,264753,(3,9223372036854775807))
Edge(495629,364401,(3,9223372036854775807))
Edge(496145,145490,(1,9223372036854775807))
Edge(496233,170665,(3,9223372036854775807))
Edge(497193,377628,(1,9223372036854775807))
Edge(497472,2394,(3,9223372036854775807))
Edge(497485,241467,(3,9223372036854775807))
Edge(499322,426957,(3,9223372036854775807))
Edge(499504,452870,(3,9223372036854775807))
Edge(499711,411576,(3,9223372036854775807))
Edge(499747,110712,(3,9223372036854775807))
Edge(499999,328880,(3,9223372036854775807))
