Edge(128,355587,(3,9223372036854775807))
Edge(1117,422699,(3,9223372036854775807))
Edge(1224,240158,(3,9223372036854775807))
Edge(1581,451163,(3,9223372036854775807))
Edge(2490,153650,(3,9223372036854775807))
Edge(2817,304034,(3,9223372036854775807))
Edge(3046,362381,(3,9223372036854775807))
Edge(3632,40181,(3,9223372036854775807))
Edge(3650,277559,(3,9223372036854775807))
Edge(3825,61547,(1,3))
Edge(3916,66898,(3,9223372036854775807))
Edge(4338,153278,(1,9223372036854775807))
Edge(4453,222695,(3,9223372036854775807))
Edge(4597,73737,(3,9223372036854775807))
Edge(5104,125629,(1,3))
Edge(5282,28563,(3,9223372036854775807))
Edge(5318,165130,(3,9223372036854775807))
Edge(5646,247150,(3,9223372036854775807))
Edge(5848,95931,(3,9223372036854775807))
Edge(6334,201593,(3,9223372036854775807))
Edge(6473,368394,(3,9223372036854775807))
Edge(6813,100740,(3,9223372036854775807))
Edge(7304,417779,(3,9223372036854775807))
Edge(7326,104398,(1,9223372036854775807))
Edge(7359,147522,(3,9223372036854775807))
Edge(8532,171440,(3,9223372036854775807))
Edge(8620,240977,(3,9223372036854775807))
Edge(8943,205112,(3,9223372036854775807))
Edge(9067,156689,(3,9223372036854775807))
Edge(9495,34462,(3,9223372036854775807))
Edge(9650,269946,(1,3))
Edge(9666,89628,(4,9223372036854775807))
Edge(9836,406491,(3,9223372036854775807))
Edge(9878,48088,(3,9223372036854775807))
Edge(10060,60048,(1,3))
Edge(10425,223486,(3,9223372036854775807))
Edge(10431,224030,(1,9223372036854775807))
Edge(10662,397985,(3,9223372036854775807))
Edge(10892,197284,(3,9223372036854775807))
Edge(10982,343575,(3,9223372036854775807))
Edge(11520,471720,(3,9223372036854775807))
Edge(12525,471255,(3,9223372036854775807))
Edge(12545,387158,(3,9223372036854775807))
Edge(13088,236929,(1,3))
Edge(13102,45873,(3,9223372036854775807))
Edge(13160,435549,(1,9223372036854775807))
Edge(13690,399309,(3,9223372036854775807))
Edge(13854,234956,(3,9223372036854775807))
Edge(14063,17512,(3,9223372036854775807))
Edge(14158,262228,(3,9223372036854775807))
Edge(14877,92949,(3,9223372036854775807))
Edge(15062,123103,(3,9223372036854775807))
Edge(15078,302455,(1,9223372036854775807))
Edge(15222,91310,(3,9223372036854775807))
Edge(15359,157507,(3,9223372036854775807))
Edge(15378,189252,(3,9223372036854775807))
Edge(15398,116639,(3,9223372036854775807))
Edge(17010,440132,(3,9223372036854775807))
Edge(17041,223361,(1,9223372036854775807))
Edge(17224,142455,(1,9223372036854775807))
Edge(17340,312597,(3,9223372036854775807))
Edge(17380,5048,(3,9223372036854775807))
Edge(17396,240811,(3,9223372036854775807))
Edge(18087,280126,(1,3))
Edge(18494,298093,(1,9223372036854775807))
Edge(18837,476932,(3,9223372036854775807))
Edge(18871,309556,(3,9223372036854775807))
Edge(19008,462892,(1,9223372036854775807))
Edge(19803,365509,(3,9223372036854775807))
Edge(19983,200617,(3,9223372036854775807))
Edge(20037,46497,(3,9223372036854775807))
Edge(20165,203263,(3,9223372036854775807))
Edge(20313,159402,(3,9223372036854775807))
Edge(20619,393388,(3,9223372036854775807))
Edge(20917,120794,(1,9223372036854775807))
Edge(21714,78822,(3,9223372036854775807))
Edge(22013,393807,(3,9223372036854775807))
Edge(22061,357468,(3,9223372036854775807))
Edge(22395,113845,(3,9223372036854775807))
Edge(23002,253188,(3,9223372036854775807))
Edge(23183,204106,(3,9223372036854775807))
Edge(23362,307378,(3,9223372036854775807))
Edge(23862,20132,(3,9223372036854775807))
Edge(24115,414121,(1,9223372036854775807))
Edge(24192,484326,(3,9223372036854775807))
Edge(24273,426769,(3,9223372036854775807))
Edge(24605,187982,(1,3))
Edge(24606,491535,(1,9223372036854775807))
Edge(24638,430710,(3,9223372036854775807))
Edge(24815,176109,(3,9223372036854775807))
Edge(25164,210912,(3,9223372036854775807))
Edge(25550,308797,(3,9223372036854775807))
Edge(25597,34239,(1,9223372036854775807))
Edge(25685,143783,(3,9223372036854775807))
Edge(26104,448170,(3,9223372036854775807))
Edge(27238,340902,(1,9223372036854775807))
Edge(27267,389968,(1,9223372036854775807))
Edge(27940,127185,(3,9223372036854775807))
Edge(27955,459579,(3,9223372036854775807))
Edge(28075,433612,(3,9223372036854775807))
Edge(28175,143481,(3,9223372036854775807))
Edge(28227,390737,(1,9223372036854775807))
Edge(28754,57511,(3,9223372036854775807))
Edge(28934,464621,(3,9223372036854775807))
Edge(29928,153138,(3,9223372036854775807))
Edge(29963,356326,(3,9223372036854775807))
Edge(30127,212393,(4,9223372036854775807))
Edge(30183,314932,(3,9223372036854775807))
Edge(30868,374012,(1,9223372036854775807))
Edge(30944,216217,(3,9223372036854775807))
Edge(31263,193809,(3,9223372036854775807))
Edge(32150,109733,(3,9223372036854775807))
Edge(32651,464208,(1,3))
Edge(32743,23555,(3,9223372036854775807))
Edge(33040,14197,(1,9223372036854775807))
Edge(33335,454195,(3,9223372036854775807))
Edge(33903,217550,(3,9223372036854775807))
Edge(34499,294775,(3,9223372036854775807))
Edge(35419,483675,(3,9223372036854775807))
Edge(35671,106934,(3,9223372036854775807))
Edge(35848,484203,(3,9223372036854775807))
Edge(35954,427435,(3,9223372036854775807))
Edge(35999,46063,(3,9223372036854775807))
Edge(36326,207059,(3,9223372036854775807))
Edge(36680,124026,(3,9223372036854775807))
Edge(36828,291380,(3,9223372036854775807))
Edge(36846,295020,(3,9223372036854775807))
Edge(36865,29601,(3,9223372036854775807))
Edge(37296,381248,(3,9223372036854775807))
Edge(38350,3448,(3,9223372036854775807))
Edge(38602,274342,(3,9223372036854775807))
Edge(38602,421885,(3,9223372036854775807))
Edge(38831,436626,(3,9223372036854775807))
Edge(39611,398987,(1,9223372036854775807))
Edge(39919,328282,(3,9223372036854775807))
Edge(40115,235149,(3,9223372036854775807))
Edge(40427,376203,(3,9223372036854775807))
Edge(41372,233435,(3,9223372036854775807))
Edge(41445,134472,(3,9223372036854775807))
Edge(42075,278783,(3,9223372036854775807))
Edge(42284,184867,(3,9223372036854775807))
Edge(42570,146632,(3,9223372036854775807))
Edge(42945,78828,(3,9223372036854775807))
Edge(43082,428886,(3,9223372036854775807))
Edge(43168,59039,(3,9223372036854775807))
Edge(43596,181472,(3,9223372036854775807))
Edge(43606,35508,(3,9223372036854775807))
Edge(43707,32765,(3,9223372036854775807))
Edge(43825,237016,(3,9223372036854775807))
Edge(43851,246942,(3,9223372036854775807))
Edge(44047,413327,(3,9223372036854775807))
Edge(44180,134928,(3,9223372036854775807))
Edge(44862,315816,(1,3))
Edge(44865,325216,(3,9223372036854775807))
Edge(45127,124060,(3,9223372036854775807))
Edge(45224,235049,(3,9223372036854775807))
Edge(46237,323421,(3,9223372036854775807))
Edge(46306,193510,(1,9223372036854775807))
Edge(46448,45972,(3,9223372036854775807))
Edge(46481,55575,(3,9223372036854775807))
Edge(46780,166825,(3,9223372036854775807))
Edge(46812,148527,(3,9223372036854775807))
Edge(47151,242244,(3,9223372036854775807))
Edge(47680,312307,(1,3))
Edge(48308,283651,(3,9223372036854775807))
Edge(48426,77163,(4,9223372036854775807))
Edge(48492,403536,(3,9223372036854775807))
Edge(48956,298225,(3,9223372036854775807))
Edge(49413,22087,(3,9223372036854775807))
Edge(49742,308441,(3,9223372036854775807))
Edge(49790,443547,(3,9223372036854775807))
Edge(50165,335677,(3,9223372036854775807))
Edge(50280,356686,(3,9223372036854775807))
Edge(50360,121086,(3,9223372036854775807))
Edge(51061,411649,(3,9223372036854775807))
Edge(51218,131363,(1,9223372036854775807))
Edge(51474,22256,(1,3))
Edge(51498,89966,(3,9223372036854775807))
Edge(51654,311367,(4,9223372036854775807))
Edge(52104,300828,(1,9223372036854775807))
Edge(53321,220896,(3,9223372036854775807))
Edge(54217,6534,(3,9223372036854775807))
Edge(54472,327465,(3,9223372036854775807))
Edge(54631,46506,(1,9223372036854775807))
Edge(54665,216133,(1,3))
Edge(54671,101521,(3,9223372036854775807))
Edge(54923,383297,(3,9223372036854775807))
Edge(55116,448645,(3,9223372036854775807))
Edge(55166,385814,(1,9223372036854775807))
Edge(55242,155739,(1,9223372036854775807))
Edge(55350,458690,(3,9223372036854775807))
Edge(55511,472937,(3,9223372036854775807))
Edge(55539,13186,(3,9223372036854775807))
Edge(55634,374936,(3,9223372036854775807))
Edge(55665,366385,(3,9223372036854775807))
Edge(55920,92953,(3,9223372036854775807))
Edge(55978,99935,(3,9223372036854775807))
Edge(56694,119318,(3,9223372036854775807))
Edge(56710,336584,(3,9223372036854775807))
Edge(57069,91093,(3,9223372036854775807))
Edge(57816,107913,(3,9223372036854775807))
Edge(57889,72842,(3,9223372036854775807))
Edge(57950,170638,(3,9223372036854775807))
Edge(57981,321956,(3,9223372036854775807))
Edge(58340,373434,(3,9223372036854775807))
Edge(58396,215842,(1,3))
Edge(58864,315634,(1,9223372036854775807))
Edge(58874,393922,(3,9223372036854775807))
Edge(59380,202312,(3,9223372036854775807))
Edge(59523,4619,(3,9223372036854775807))
Edge(59566,456306,(3,9223372036854775807))
Edge(59870,406956,(1,9223372036854775807))
Edge(60096,24559,(1,3))
Edge(60217,91979,(3,9223372036854775807))
Edge(60222,271825,(3,9223372036854775807))
Edge(60302,449150,(3,9223372036854775807))
Edge(60857,460848,(3,9223372036854775807))
Edge(61175,354505,(3,9223372036854775807))
Edge(61282,419983,(3,9223372036854775807))
Edge(61584,377752,(1,9223372036854775807))
Edge(61961,335504,(3,9223372036854775807))
Edge(63126,375787,(3,9223372036854775807))
Edge(63363,303921,(3,9223372036854775807))
Edge(63406,177711,(3,9223372036854775807))
Edge(63429,387319,(3,9223372036854775807))
Edge(63538,91801,(1,9223372036854775807))
Edge(63625,358815,(3,9223372036854775807))
Edge(63659,456498,(1,3))
Edge(63801,456580,(3,9223372036854775807))
Edge(63806,314132,(3,9223372036854775807))
Edge(64103,56860,(3,9223372036854775807))
Edge(64484,479799,(3,9223372036854775807))
Edge(65013,12902,(3,9223372036854775807))
Edge(65085,21137,(1,9223372036854775807))
Edge(65132,146223,(1,9223372036854775807))
Edge(65178,393177,(1,9223372036854775807))
Edge(65604,185959,(1,3))
Edge(66082,383067,(3,9223372036854775807))
Edge(66085,35222,(3,9223372036854775807))
Edge(66179,388581,(3,9223372036854775807))
Edge(66330,118215,(3,9223372036854775807))
Edge(66465,406940,(1,3))
Edge(66599,190058,(3,9223372036854775807))
Edge(66724,188576,(3,9223372036854775807))
Edge(67791,77243,(3,9223372036854775807))
Edge(68054,367176,(3,9223372036854775807))
Edge(68277,470090,(3,9223372036854775807))
Edge(68922,360771,(3,9223372036854775807))
Edge(69026,290406,(1,3))
Edge(69062,185511,(3,9223372036854775807))
Edge(69587,260392,(1,9223372036854775807))
Edge(69734,373256,(3,9223372036854775807))
Edge(69964,149371,(3,9223372036854775807))
Edge(70046,134835,(3,9223372036854775807))
Edge(70463,402499,(3,9223372036854775807))
Edge(70525,290474,(3,9223372036854775807))
Edge(70608,301863,(3,9223372036854775807))
Edge(70925,147027,(3,9223372036854775807))
Edge(71569,487996,(3,9223372036854775807))
Edge(71764,102136,(3,9223372036854775807))
Edge(71803,89522,(3,9223372036854775807))
Edge(71808,101723,(3,9223372036854775807))
Edge(72421,178626,(3,9223372036854775807))
Edge(72565,12738,(3,9223372036854775807))
Edge(72641,42409,(3,9223372036854775807))
Edge(72886,307211,(3,9223372036854775807))
Edge(73165,166553,(1,3))
Edge(73232,117024,(1,9223372036854775807))
Edge(73655,72655,(3,9223372036854775807))
Edge(73763,353196,(1,9223372036854775807))
Edge(73912,87748,(1,3))
Edge(75494,411255,(3,9223372036854775807))
Edge(75707,256087,(3,9223372036854775807))
Edge(75838,446353,(3,9223372036854775807))
Edge(75885,188411,(3,9223372036854775807))
Edge(76284,208580,(3,9223372036854775807))
Edge(76616,441158,(3,9223372036854775807))
Edge(76749,70,(3,9223372036854775807))
Edge(76913,243565,(1,3))
Edge(77015,485512,(3,9223372036854775807))
Edge(77220,183986,(3,9223372036854775807))
Edge(77716,419300,(3,9223372036854775807))
Edge(77741,370268,(3,9223372036854775807))
Edge(77794,80409,(3,9223372036854775807))
Edge(78029,288062,(1,3))
Edge(78040,93337,(3,9223372036854775807))
Edge(78132,464974,(3,9223372036854775807))
Edge(78249,326806,(3,9223372036854775807))
Edge(78309,359591,(3,9223372036854775807))
Edge(78580,84946,(3,9223372036854775807))
Edge(78587,420747,(3,9223372036854775807))
Edge(79134,440079,(3,9223372036854775807))
Edge(79190,361013,(1,9223372036854775807))
Edge(79391,313028,(3,9223372036854775807))
Edge(79734,117207,(3,9223372036854775807))
Edge(80134,354628,(3,9223372036854775807))
Edge(80273,100106,(3,9223372036854775807))
Edge(80750,481370,(3,9223372036854775807))
Edge(81069,185722,(3,9223372036854775807))
Edge(81407,190540,(3,9223372036854775807))
Edge(82401,329191,(3,9223372036854775807))
Edge(82765,85052,(3,9223372036854775807))
Edge(83464,160597,(3,9223372036854775807))
Edge(83653,402722,(3,9223372036854775807))
Edge(83918,209585,(3,9223372036854775807))
Edge(83945,398515,(3,9223372036854775807))
Edge(84046,236916,(3,9223372036854775807))
Edge(84143,393831,(3,9223372036854775807))
Edge(84788,297226,(3,9223372036854775807))
Edge(84840,395050,(3,9223372036854775807))
Edge(84941,182215,(3,9223372036854775807))
Edge(84955,471011,(3,9223372036854775807))
Edge(85343,31139,(3,9223372036854775807))
Edge(85715,469643,(3,9223372036854775807))
Edge(86119,429286,(3,9223372036854775807))
Edge(86282,227189,(1,3))
Edge(86903,494489,(1,3))
Edge(87197,379908,(3,9223372036854775807))
Edge(87207,360253,(3,9223372036854775807))
Edge(87282,148387,(3,9223372036854775807))
Edge(87377,233175,(3,9223372036854775807))
Edge(87648,447970,(3,9223372036854775807))
Edge(87905,134424,(3,9223372036854775807))
Edge(87930,433009,(1,9223372036854775807))
Edge(88875,378013,(3,9223372036854775807))
Edge(88949,4585,(1,3))
Edge(89219,219904,(3,9223372036854775807))
Edge(89331,69138,(3,9223372036854775807))
Edge(89602,324483,(4,9223372036854775807))
Edge(89608,138928,(3,9223372036854775807))
Edge(89703,452237,(3,9223372036854775807))
Edge(89947,28675,(1,3))
Edge(91325,469231,(1,3))
Edge(91859,255989,(1,9223372036854775807))
Edge(91935,66813,(3,9223372036854775807))
Edge(92380,200472,(1,3))
Edge(92882,76231,(3,9223372036854775807))
Edge(92964,494880,(1,9223372036854775807))
Edge(93174,164343,(3,9223372036854775807))
Edge(93277,454473,(1,9223372036854775807))
Edge(93860,182257,(3,9223372036854775807))
Edge(94003,83122,(3,9223372036854775807))
Edge(94366,13918,(1,9223372036854775807))
Edge(95404,363957,(3,9223372036854775807))
Edge(95445,15248,(3,9223372036854775807))
Edge(95512,315159,(1,3))
Edge(95540,80210,(1,9223372036854775807))
Edge(95599,363254,(3,9223372036854775807))
Edge(95839,64155,(3,9223372036854775807))
Edge(95936,423559,(3,9223372036854775807))
Edge(96067,375788,(1,9223372036854775807))
Edge(96133,164957,(3,9223372036854775807))
Edge(96468,237916,(3,9223372036854775807))
Edge(96849,194151,(1,3))
Edge(96855,214362,(1,9223372036854775807))
Edge(97202,213722,(3,9223372036854775807))
Edge(97431,142575,(3,9223372036854775807))
Edge(97736,401144,(3,9223372036854775807))
Edge(97864,485046,(3,9223372036854775807))
Edge(98292,108866,(1,9223372036854775807))
Edge(98509,6901,(3,9223372036854775807))
Edge(99516,130321,(1,3))
Edge(99757,400220,(3,9223372036854775807))
Edge(99995,342169,(3,9223372036854775807))
Edge(100017,396975,(3,9223372036854775807))
Edge(100986,461580,(3,9223372036854775807))
Edge(101047,151732,(3,9223372036854775807))
Edge(101073,108789,(1,9223372036854775807))
Edge(101113,361383,(3,9223372036854775807))
Edge(101648,239991,(3,9223372036854775807))
Edge(101735,398431,(3,9223372036854775807))
Edge(101982,396140,(3,9223372036854775807))
Edge(102109,131269,(1,9223372036854775807))
Edge(102148,359648,(1,3))
Edge(102275,340630,(3,9223372036854775807))
Edge(102869,494481,(3,9223372036854775807))
Edge(103387,146212,(3,9223372036854775807))
Edge(103587,223218,(3,9223372036854775807))
Edge(103735,178792,(1,3))
Edge(103864,435409,(3,9223372036854775807))
Edge(103904,266267,(3,9223372036854775807))
Edge(104024,230285,(3,9223372036854775807))
Edge(104462,271641,(3,9223372036854775807))
Edge(104869,242914,(3,9223372036854775807))
Edge(105617,166349,(3,9223372036854775807))
Edge(105916,458157,(3,9223372036854775807))
Edge(106127,138333,(3,9223372036854775807))
Edge(106203,299153,(1,3))
Edge(106428,69115,(3,9223372036854775807))
Edge(106606,40078,(1,3))
Edge(106817,342786,(3,9223372036854775807))
Edge(106999,149155,(1,3))
Edge(107735,141384,(1,9223372036854775807))
Edge(107895,75915,(3,9223372036854775807))
Edge(108408,398665,(3,9223372036854775807))
Edge(108877,139596,(3,9223372036854775807))
Edge(108899,315114,(3,9223372036854775807))
Edge(109316,271188,(3,9223372036854775807))
Edge(109369,93484,(3,9223372036854775807))
Edge(109697,454230,(3,9223372036854775807))
Edge(109742,306460,(3,9223372036854775807))
Edge(109830,309303,(3,9223372036854775807))
Edge(109972,162256,(3,9223372036854775807))
Edge(110118,72344,(3,9223372036854775807))
Edge(110141,144424,(1,9223372036854775807))
Edge(110210,345482,(3,9223372036854775807))
Edge(110449,3475,(3,9223372036854775807))
Edge(110472,362490,(1,9223372036854775807))
Edge(110510,355653,(1,9223372036854775807))
Edge(110590,461803,(3,9223372036854775807))
Edge(110797,166006,(3,9223372036854775807))
Edge(111237,85691,(3,9223372036854775807))
Edge(111358,263297,(3,9223372036854775807))
Edge(111796,87806,(3,9223372036854775807))
Edge(111859,352395,(1,9223372036854775807))
Edge(111924,207141,(3,9223372036854775807))
Edge(111944,248022,(3,9223372036854775807))
Edge(111963,59749,(3,9223372036854775807))
Edge(112048,458439,(3,9223372036854775807))
Edge(112933,441408,(3,9223372036854775807))
Edge(114608,282888,(3,9223372036854775807))
Edge(114609,399758,(3,9223372036854775807))
Edge(115046,82374,(3,9223372036854775807))
Edge(115516,256064,(3,9223372036854775807))
Edge(115658,182528,(3,9223372036854775807))
Edge(116058,115931,(3,9223372036854775807))
Edge(117100,310059,(3,9223372036854775807))
Edge(117132,124176,(3,9223372036854775807))
Edge(117288,396761,(1,3))
Edge(117578,332190,(3,9223372036854775807))
Edge(117640,414899,(1,9223372036854775807))
Edge(117691,382734,(1,9223372036854775807))
Edge(118031,333190,(3,9223372036854775807))
Edge(118291,438328,(3,9223372036854775807))
Edge(118476,470578,(3,9223372036854775807))
Edge(118794,149033,(3,9223372036854775807))
Edge(118883,27679,(3,9223372036854775807))
Edge(119011,306537,(3,9223372036854775807))
Edge(119037,170410,(3,9223372036854775807))
Edge(119543,326977,(3,9223372036854775807))
Edge(119551,233480,(3,9223372036854775807))
Edge(119804,196783,(3,9223372036854775807))
Edge(120880,356209,(3,9223372036854775807))
Edge(120899,87073,(3,9223372036854775807))
Edge(120977,22360,(3,9223372036854775807))
Edge(121081,156894,(3,9223372036854775807))
Edge(121257,429725,(3,9223372036854775807))
Edge(121878,144246,(3,9223372036854775807))
Edge(122041,358606,(3,9223372036854775807))
Edge(123070,246386,(3,9223372036854775807))
Edge(123337,441290,(3,9223372036854775807))
Edge(123434,212622,(3,9223372036854775807))
Edge(124024,37904,(3,9223372036854775807))
Edge(124670,295140,(3,9223372036854775807))
Edge(124720,362672,(3,9223372036854775807))
Edge(124768,273965,(3,9223372036854775807))
Edge(125114,16284,(3,9223372036854775807))
Edge(125230,7305,(3,9223372036854775807))
Edge(125259,253357,(1,9223372036854775807))
Edge(125577,338397,(3,9223372036854775807))
Edge(126036,374503,(1,9223372036854775807))
Edge(126064,382655,(3,9223372036854775807))
Edge(126066,324469,(3,9223372036854775807))
Edge(126480,386965,(3,9223372036854775807))
Edge(126570,280272,(1,3))
Edge(127254,234977,(3,9223372036854775807))
Edge(127799,263325,(1,3))
Edge(127837,157270,(3,9223372036854775807))
Edge(128710,320668,(3,9223372036854775807))
Edge(129277,212772,(1,9223372036854775807))
Edge(129603,354744,(3,9223372036854775807))
Edge(129909,204691,(1,3))
Edge(130342,496180,(3,9223372036854775807))
Edge(131019,464987,(3,9223372036854775807))
Edge(131411,495836,(3,9223372036854775807))
Edge(131971,89020,(3,9223372036854775807))
Edge(131988,275514,(1,3))
Edge(132140,230088,(3,9223372036854775807))
Edge(132141,442662,(1,9223372036854775807))
Edge(132845,320553,(3,9223372036854775807))
Edge(132970,403410,(3,9223372036854775807))
Edge(133011,426415,(3,9223372036854775807))
Edge(133050,168470,(3,9223372036854775807))
Edge(133147,235519,(3,9223372036854775807))
Edge(133562,69118,(1,9223372036854775807))
Edge(134354,84497,(3,9223372036854775807))
Edge(134779,479865,(3,9223372036854775807))
Edge(134938,231171,(3,9223372036854775807))
Edge(135360,113606,(1,9223372036854775807))
Edge(136565,15183,(3,9223372036854775807))
Edge(136952,114471,(3,9223372036854775807))
Edge(137089,376820,(3,9223372036854775807))
Edge(137147,46964,(3,9223372036854775807))
Edge(137581,447135,(3,9223372036854775807))
Edge(137857,4055,(3,9223372036854775807))
Edge(138143,404698,(3,9223372036854775807))
Edge(138170,258779,(1,9223372036854775807))
Edge(139150,141022,(3,9223372036854775807))
Edge(139182,456118,(3,9223372036854775807))
Edge(139212,357889,(3,9223372036854775807))
Edge(139588,489912,(3,9223372036854775807))
Edge(140201,425414,(3,9223372036854775807))
Edge(140264,435023,(3,9223372036854775807))
Edge(140560,126421,(3,9223372036854775807))
Edge(140664,363535,(3,9223372036854775807))
Edge(141176,194799,(3,9223372036854775807))
Edge(141192,74957,(3,9223372036854775807))
Edge(141623,299772,(3,9223372036854775807))
Edge(141718,130471,(3,9223372036854775807))
Edge(141734,141393,(1,3))
Edge(142312,119015,(3,9223372036854775807))
Edge(142389,43621,(3,9223372036854775807))
Edge(142574,315960,(3,9223372036854775807))
Edge(142947,59317,(3,9223372036854775807))
Edge(143819,399097,(3,9223372036854775807))
Edge(144266,283397,(3,9223372036854775807))
Edge(144403,406708,(3,9223372036854775807))
Edge(144622,388556,(3,9223372036854775807))
Edge(145291,190594,(3,9223372036854775807))
Edge(145434,354738,(1,9223372036854775807))
Edge(145450,100496,(3,9223372036854775807))
Edge(146105,476584,(3,9223372036854775807))
Edge(146539,213021,(1,9223372036854775807))
Edge(147195,54623,(3,9223372036854775807))
Edge(147925,334111,(1,9223372036854775807))
Edge(148963,369418,(1,9223372036854775807))
Edge(150085,195629,(3,9223372036854775807))
Edge(150457,373906,(3,9223372036854775807))
Edge(150618,105466,(3,9223372036854775807))
Edge(151002,168302,(1,9223372036854775807))
Edge(151199,256150,(1,9223372036854775807))
Edge(151717,188288,(3,9223372036854775807))
Edge(151852,416050,(3,9223372036854775807))
Edge(151915,235255,(3,9223372036854775807))
Edge(152060,228219,(1,3))
Edge(152065,103387,(3,9223372036854775807))
Edge(152086,250693,(3,9223372036854775807))
Edge(152492,189099,(3,9223372036854775807))
Edge(152591,108760,(3,9223372036854775807))
Edge(152723,301903,(3,9223372036854775807))
Edge(153308,79271,(3,9223372036854775807))
Edge(153325,271528,(3,9223372036854775807))
Edge(153709,190069,(3,9223372036854775807))
Edge(153881,76115,(3,9223372036854775807))
Edge(153894,43827,(3,9223372036854775807))
Edge(154143,302000,(1,9223372036854775807))
Edge(154222,66038,(3,9223372036854775807))
Edge(154252,145709,(3,9223372036854775807))
Edge(154470,200440,(3,9223372036854775807))
Edge(155263,485190,(1,9223372036854775807))
Edge(155470,340003,(1,9223372036854775807))
Edge(156587,194037,(3,9223372036854775807))
Edge(156678,391294,(1,3))
Edge(156823,326155,(3,9223372036854775807))
Edge(156910,319720,(3,9223372036854775807))
Edge(157268,301513,(3,9223372036854775807))
Edge(157281,185863,(1,3))
Edge(157571,197382,(1,3))
Edge(157702,400268,(1,9223372036854775807))
Edge(158941,146947,(1,9223372036854775807))
Edge(159047,318141,(3,9223372036854775807))
Edge(159742,272560,(3,9223372036854775807))
Edge(159750,22147,(3,9223372036854775807))
Edge(160149,27439,(1,3))
Edge(160454,361000,(3,9223372036854775807))
Edge(160659,105227,(3,9223372036854775807))
Edge(160778,244463,(3,9223372036854775807))
Edge(160861,195394,(3,9223372036854775807))
Edge(161071,286991,(3,9223372036854775807))
Edge(161318,410898,(3,9223372036854775807))
Edge(161693,460026,(3,9223372036854775807))
Edge(161703,152456,(3,9223372036854775807))
Edge(161825,412820,(3,9223372036854775807))
Edge(162348,18454,(3,9223372036854775807))
Edge(162468,421655,(1,9223372036854775807))
Edge(162534,281718,(4,9223372036854775807))
Edge(162966,232462,(3,9223372036854775807))
Edge(162995,22057,(3,9223372036854775807))
Edge(164040,281221,(1,9223372036854775807))
Edge(164043,197765,(1,3))
Edge(164221,86588,(3,9223372036854775807))
Edge(164590,128357,(3,9223372036854775807))
Edge(164664,187030,(1,9223372036854775807))
Edge(164700,56591,(3,9223372036854775807))
Edge(164792,51619,(1,9223372036854775807))
Edge(165015,280041,(3,9223372036854775807))
Edge(165321,350792,(3,9223372036854775807))
Edge(165397,80830,(1,9223372036854775807))
Edge(166766,157333,(3,9223372036854775807))
Edge(166940,46238,(3,9223372036854775807))
Edge(167092,487715,(3,9223372036854775807))
Edge(167715,418857,(3,9223372036854775807))
Edge(167752,7851,(1,3))
Edge(169232,335111,(3,9223372036854775807))
Edge(169424,420025,(3,9223372036854775807))
Edge(169613,401796,(3,9223372036854775807))
Edge(170556,304989,(3,9223372036854775807))
Edge(170594,228214,(1,9223372036854775807))
Edge(170878,259194,(3,9223372036854775807))
Edge(171066,353925,(1,9223372036854775807))
Edge(171200,81995,(3,9223372036854775807))
Edge(171731,47607,(3,9223372036854775807))
Edge(172057,211547,(3,9223372036854775807))
Edge(172328,266786,(3,9223372036854775807))
Edge(172495,256839,(3,9223372036854775807))
Edge(172731,228379,(3,9223372036854775807))
Edge(173109,218591,(3,9223372036854775807))
Edge(173123,86732,(1,9223372036854775807))
Edge(173874,68840,(3,9223372036854775807))
Edge(173932,127361,(3,9223372036854775807))
Edge(174044,14123,(3,9223372036854775807))
Edge(174437,464474,(3,9223372036854775807))
Edge(174445,227140,(1,9223372036854775807))
Edge(174594,199440,(3,9223372036854775807))
Edge(174623,447251,(3,9223372036854775807))
Edge(174788,454740,(3,9223372036854775807))
Edge(174857,314628,(1,9223372036854775807))
Edge(175125,357961,(3,9223372036854775807))
Edge(175129,436345,(3,9223372036854775807))
Edge(175223,125112,(3,9223372036854775807))
Edge(176057,134457,(1,9223372036854775807))
Edge(176079,481481,(3,9223372036854775807))
Edge(176176,292544,(1,9223372036854775807))
Edge(176397,360195,(3,9223372036854775807))
Edge(176488,495823,(3,9223372036854775807))
Edge(176567,325307,(3,9223372036854775807))
Edge(176650,112551,(3,9223372036854775807))
Edge(176686,467188,(3,9223372036854775807))
Edge(176752,113492,(3,9223372036854775807))
Edge(176781,407948,(1,9223372036854775807))
Edge(176808,340390,(3,9223372036854775807))
Edge(176905,342226,(3,9223372036854775807))
Edge(176987,83389,(3,9223372036854775807))
Edge(177631,32769,(1,9223372036854775807))
Edge(177655,157025,(3,9223372036854775807))
Edge(178406,236508,(3,9223372036854775807))
Edge(178750,494377,(3,9223372036854775807))
Edge(178918,360885,(1,9223372036854775807))
Edge(179145,208979,(1,9223372036854775807))
Edge(179466,196230,(3,9223372036854775807))
Edge(179517,316170,(3,9223372036854775807))
Edge(179632,124179,(3,9223372036854775807))
Edge(179868,347781,(1,3))
Edge(179932,448655,(3,9223372036854775807))
Edge(180623,331566,(1,3))
Edge(180751,497133,(3,9223372036854775807))
Edge(180897,383360,(3,9223372036854775807))
Edge(181062,198901,(3,9223372036854775807))
Edge(181235,306172,(3,9223372036854775807))
Edge(181594,407631,(3,9223372036854775807))
Edge(182283,237964,(1,3))
Edge(182697,348685,(3,9223372036854775807))
Edge(182712,347482,(1,9223372036854775807))
Edge(183022,350885,(1,9223372036854775807))
Edge(183093,118147,(3,9223372036854775807))
Edge(183445,66249,(3,9223372036854775807))
Edge(183497,274793,(3,9223372036854775807))
Edge(183605,297767,(3,9223372036854775807))
Edge(183770,155932,(3,9223372036854775807))
Edge(184419,389802,(3,9223372036854775807))
Edge(185000,222500,(3,9223372036854775807))
Edge(185114,367700,(3,9223372036854775807))
Edge(185199,415970,(1,3))
Edge(185387,201061,(3,9223372036854775807))
Edge(185824,137859,(3,9223372036854775807))
Edge(185976,24290,(3,9223372036854775807))
Edge(186209,392389,(3,9223372036854775807))
Edge(186925,76775,(1,9223372036854775807))
Edge(186931,84005,(3,9223372036854775807))
Edge(186970,260794,(3,9223372036854775807))
Edge(187521,207708,(3,9223372036854775807))
Edge(187692,277329,(3,9223372036854775807))
Edge(187697,335499,(3,9223372036854775807))
Edge(188219,35891,(3,9223372036854775807))
Edge(188472,337801,(3,9223372036854775807))
Edge(188571,22437,(3,9223372036854775807))
Edge(189126,183498,(1,9223372036854775807))
Edge(189337,450541,(1,9223372036854775807))
Edge(189457,36378,(1,9223372036854775807))
Edge(189828,255968,(3,9223372036854775807))
Edge(190399,474227,(1,9223372036854775807))
Edge(190463,435467,(3,9223372036854775807))
Edge(190820,19793,(3,9223372036854775807))
Edge(191528,98548,(3,9223372036854775807))
Edge(191553,80269,(1,9223372036854775807))
Edge(191701,476346,(1,3))
Edge(192265,83659,(3,9223372036854775807))
Edge(192596,151041,(3,9223372036854775807))
Edge(192710,75897,(3,9223372036854775807))
Edge(192999,45026,(3,9223372036854775807))
Edge(193297,155567,(3,9223372036854775807))
Edge(193365,183758,(3,9223372036854775807))
Edge(193556,185852,(3,9223372036854775807))
Edge(193818,494753,(3,9223372036854775807))
Edge(194265,123400,(3,9223372036854775807))
Edge(194560,84989,(3,9223372036854775807))
Edge(194740,326818,(1,3))
Edge(194810,400698,(3,9223372036854775807))
Edge(195057,206128,(3,9223372036854775807))
Edge(195271,10282,(3,9223372036854775807))
Edge(196034,259246,(1,9223372036854775807))
Edge(196468,383789,(3,9223372036854775807))
Edge(196598,200765,(3,9223372036854775807))
Edge(196910,334894,(3,9223372036854775807))
Edge(197074,94025,(3,9223372036854775807))
Edge(197130,380939,(3,9223372036854775807))
Edge(197144,73517,(3,9223372036854775807))
Edge(197234,241209,(3,9223372036854775807))
Edge(197632,145745,(3,9223372036854775807))
Edge(197744,72431,(3,9223372036854775807))
Edge(197966,185920,(3,9223372036854775807))
Edge(198317,337125,(3,9223372036854775807))
Edge(198339,423087,(3,9223372036854775807))
Edge(198562,189739,(1,3))
Edge(198686,269269,(3,9223372036854775807))
Edge(198876,464912,(3,9223372036854775807))
Edge(199053,301622,(3,9223372036854775807))
Edge(199124,51816,(3,9223372036854775807))
Edge(199674,112434,(3,9223372036854775807))
Edge(199677,65933,(1,9223372036854775807))
Edge(199837,142862,(3,9223372036854775807))
Edge(200374,268815,(3,9223372036854775807))
Edge(200628,63708,(1,9223372036854775807))
Edge(200900,53705,(1,9223372036854775807))
Edge(201173,119897,(1,3))
Edge(201423,107596,(3,9223372036854775807))
Edge(201649,443170,(3,9223372036854775807))
Edge(201763,443371,(3,9223372036854775807))
Edge(201882,69641,(1,3))
Edge(202016,261090,(3,9223372036854775807))
Edge(202076,497590,(3,9223372036854775807))
Edge(202087,136891,(3,9223372036854775807))
Edge(202857,156461,(3,9223372036854775807))
Edge(203010,234219,(1,3))
Edge(203399,18534,(3,9223372036854775807))
Edge(203686,476217,(3,9223372036854775807))
Edge(203775,389912,(1,9223372036854775807))
Edge(204019,372589,(3,9223372036854775807))
Edge(204216,419010,(3,9223372036854775807))
Edge(205121,338718,(3,9223372036854775807))
Edge(205170,2242,(3,9223372036854775807))
Edge(205332,244219,(3,9223372036854775807))
Edge(205480,476201,(3,9223372036854775807))
Edge(205755,162801,(3,9223372036854775807))
Edge(205826,319812,(3,9223372036854775807))
Edge(205886,125118,(3,9223372036854775807))
Edge(205994,135898,(3,9223372036854775807))
Edge(206426,303663,(3,9223372036854775807))
Edge(207058,243327,(3,9223372036854775807))
Edge(207846,298121,(3,9223372036854775807))
Edge(207921,196667,(3,9223372036854775807))
Edge(208119,223414,(3,9223372036854775807))
Edge(208877,279636,(3,9223372036854775807))
Edge(209222,402136,(1,9223372036854775807))
Edge(209327,422568,(3,9223372036854775807))
Edge(209351,393335,(3,9223372036854775807))
Edge(209359,64743,(3,9223372036854775807))
Edge(209490,168090,(3,9223372036854775807))
Edge(210954,347191,(3,9223372036854775807))
Edge(210983,395643,(1,3))
Edge(211610,247042,(3,9223372036854775807))
Edge(211673,117505,(3,9223372036854775807))
Edge(213545,156999,(1,3))
Edge(213837,273715,(3,9223372036854775807))
Edge(213948,413809,(3,9223372036854775807))
Edge(214089,482193,(3,9223372036854775807))
Edge(214113,31120,(3,9223372036854775807))
Edge(214134,30350,(3,9223372036854775807))
Edge(214395,303159,(3,9223372036854775807))
Edge(214417,398306,(3,9223372036854775807))
Edge(214539,498377,(1,9223372036854775807))
Edge(214625,136512,(3,9223372036854775807))
Edge(215350,17844,(3,9223372036854775807))
Edge(215390,49778,(1,3))
Edge(215614,352028,(3,9223372036854775807))
Edge(215682,153284,(1,9223372036854775807))
Edge(216018,328991,(3,9223372036854775807))
Edge(216191,448033,(3,9223372036854775807))
Edge(216234,414880,(3,9223372036854775807))
Edge(216282,357773,(3,9223372036854775807))
Edge(216433,284955,(1,9223372036854775807))
Edge(216560,237593,(1,3))
Edge(217104,440224,(3,9223372036854775807))
Edge(217348,263119,(1,9223372036854775807))
Edge(217434,378085,(3,9223372036854775807))
Edge(217488,277507,(3,9223372036854775807))
Edge(218022,121427,(3,9223372036854775807))
Edge(218142,416037,(3,9223372036854775807))
Edge(218205,228388,(3,9223372036854775807))
Edge(218793,151029,(3,9223372036854775807))
Edge(218921,146051,(3,9223372036854775807))
Edge(219067,203558,(3,9223372036854775807))
Edge(219546,178559,(3,9223372036854775807))
Edge(219639,218396,(3,9223372036854775807))
Edge(220742,209193,(3,9223372036854775807))
Edge(221075,312417,(3,9223372036854775807))
Edge(221219,47531,(3,9223372036854775807))
Edge(221570,164215,(3,9223372036854775807))
Edge(221598,193173,(1,9223372036854775807))
Edge(221752,36375,(1,9223372036854775807))
Edge(222130,65643,(3,9223372036854775807))
Edge(222495,463984,(1,9223372036854775807))
Edge(222747,114440,(3,9223372036854775807))
Edge(223733,342947,(3,9223372036854775807))
Edge(223849,441727,(1,3))
Edge(224536,403710,(3,9223372036854775807))
Edge(224964,35974,(1,3))
Edge(225009,445815,(1,9223372036854775807))
Edge(225197,291603,(3,9223372036854775807))
Edge(225412,342107,(3,9223372036854775807))
Edge(225447,49041,(3,9223372036854775807))
Edge(226696,93266,(1,9223372036854775807))
Edge(226725,191999,(3,9223372036854775807))
Edge(227185,461883,(3,9223372036854775807))
Edge(227222,244645,(3,9223372036854775807))
Edge(227241,170183,(3,9223372036854775807))
Edge(227685,485612,(3,9223372036854775807))
Edge(228199,158525,(3,9223372036854775807))
Edge(228262,254933,(1,3))
Edge(228398,498511,(3,9223372036854775807))
Edge(228500,4546,(1,9223372036854775807))
Edge(228737,70069,(1,3))
Edge(228938,445592,(3,9223372036854775807))
Edge(229119,144503,(3,9223372036854775807))
Edge(229224,292227,(1,9223372036854775807))
Edge(229690,458914,(1,9223372036854775807))
Edge(230121,152636,(3,9223372036854775807))
Edge(230192,484193,(3,9223372036854775807))
Edge(230358,402760,(3,9223372036854775807))
Edge(230669,467279,(3,9223372036854775807))
Edge(230683,284696,(3,9223372036854775807))
Edge(231970,491920,(3,9223372036854775807))
Edge(232613,155524,(3,9223372036854775807))
Edge(232850,318475,(3,9223372036854775807))
Edge(232871,70157,(3,9223372036854775807))
Edge(233156,286044,(3,9223372036854775807))
Edge(233349,42291,(1,9223372036854775807))
Edge(233677,117477,(3,9223372036854775807))
Edge(233841,342483,(3,9223372036854775807))
Edge(234156,309951,(3,9223372036854775807))
Edge(234345,172536,(3,9223372036854775807))
Edge(234615,316988,(3,9223372036854775807))
Edge(235230,302622,(1,9223372036854775807))
Edge(235320,110531,(3,9223372036854775807))
Edge(235423,152333,(3,9223372036854775807))
Edge(236277,81056,(3,9223372036854775807))
Edge(236522,176076,(3,9223372036854775807))
Edge(236556,418534,(3,9223372036854775807))
Edge(236662,202049,(3,9223372036854775807))
Edge(236880,417175,(3,9223372036854775807))
Edge(237232,340217,(3,9223372036854775807))
Edge(237606,207188,(3,9223372036854775807))
Edge(237640,188969,(3,9223372036854775807))
Edge(238543,444769,(3,9223372036854775807))
Edge(238662,53461,(3,9223372036854775807))
Edge(239108,276659,(3,9223372036854775807))
Edge(239685,155344,(3,9223372036854775807))
Edge(240378,283290,(3,9223372036854775807))
Edge(240482,114086,(1,9223372036854775807))
Edge(241006,329976,(3,9223372036854775807))
Edge(241515,49505,(3,9223372036854775807))
Edge(241606,270201,(3,9223372036854775807))
Edge(241849,97683,(3,9223372036854775807))
Edge(241986,92665,(3,9223372036854775807))
Edge(242662,192314,(3,9223372036854775807))
Edge(242764,221825,(3,9223372036854775807))
Edge(242804,60688,(3,9223372036854775807))
Edge(243710,437194,(1,9223372036854775807))
Edge(243841,263456,(3,9223372036854775807))
Edge(244038,346414,(3,9223372036854775807))
Edge(244393,179618,(3,9223372036854775807))
Edge(244642,475516,(3,9223372036854775807))
Edge(244753,429342,(3,9223372036854775807))
Edge(244838,397399,(3,9223372036854775807))
Edge(246358,338893,(3,9223372036854775807))
Edge(246972,24780,(3,9223372036854775807))
Edge(247214,291957,(3,9223372036854775807))
Edge(247699,116229,(3,9223372036854775807))
Edge(247733,24585,(3,9223372036854775807))
Edge(247776,343692,(1,9223372036854775807))
Edge(248517,77980,(3,9223372036854775807))
Edge(248586,422234,(3,9223372036854775807))
Edge(249075,398388,(3,9223372036854775807))
Edge(249172,210889,(3,9223372036854775807))
Edge(249836,248677,(1,9223372036854775807))
Edge(249881,396192,(3,9223372036854775807))
Edge(250473,112606,(3,9223372036854775807))
Edge(251197,353169,(3,9223372036854775807))
Edge(251293,292650,(3,9223372036854775807))
Edge(251955,155114,(3,9223372036854775807))
Edge(252253,32669,(3,9223372036854775807))
Edge(252352,301497,(1,3))
Edge(252445,67866,(3,9223372036854775807))
Edge(252675,223256,(3,9223372036854775807))
Edge(252795,320353,(3,9223372036854775807))
Edge(252848,459188,(3,9223372036854775807))
Edge(252882,67524,(3,9223372036854775807))
Edge(252974,395330,(3,9223372036854775807))
Edge(254054,226138,(3,9223372036854775807))
Edge(254273,82247,(3,9223372036854775807))
Edge(254423,362849,(1,3))
Edge(254474,340522,(3,9223372036854775807))
Edge(254864,404481,(3,9223372036854775807))
Edge(254870,420494,(1,3))
Edge(255006,202825,(1,3))
Edge(255416,10336,(3,9223372036854775807))
Edge(255607,179777,(1,3))
Edge(256399,389344,(3,9223372036854775807))
Edge(256599,212955,(1,3))
Edge(257998,359945,(3,9223372036854775807))
Edge(258056,424190,(3,9223372036854775807))
Edge(258622,47959,(3,9223372036854775807))
Edge(259434,92874,(3,9223372036854775807))
Edge(259627,279552,(3,9223372036854775807))
Edge(259638,349858,(1,3))
Edge(259687,101166,(3,9223372036854775807))
Edge(260828,261350,(3,9223372036854775807))
Edge(261846,25948,(1,9223372036854775807))
Edge(262104,393559,(1,9223372036854775807))
Edge(262163,342417,(3,9223372036854775807))
Edge(262454,61107,(3,9223372036854775807))
Edge(262585,295709,(3,9223372036854775807))
Edge(262629,380390,(3,9223372036854775807))
Edge(262753,380853,(3,9223372036854775807))
Edge(262787,214927,(3,9223372036854775807))
Edge(262888,278453,(3,9223372036854775807))
Edge(262925,450734,(3,9223372036854775807))
Edge(263094,314635,(3,9223372036854775807))
Edge(263376,437946,(3,9223372036854775807))
Edge(263466,433075,(3,9223372036854775807))
Edge(263649,213181,(1,9223372036854775807))
Edge(263963,140083,(3,9223372036854775807))
Edge(264139,15893,(1,9223372036854775807))
Edge(264231,226278,(3,9223372036854775807))
Edge(264936,5357,(3,9223372036854775807))
Edge(265087,254715,(3,9223372036854775807))
Edge(265652,376423,(1,9223372036854775807))
Edge(266275,389327,(3,9223372036854775807))
Edge(266618,459742,(3,9223372036854775807))
Edge(267190,89288,(3,9223372036854775807))
Edge(267631,499693,(3,9223372036854775807))
Edge(268441,128144,(3,9223372036854775807))
Edge(268456,216373,(3,9223372036854775807))
Edge(268619,167967,(3,9223372036854775807))
Edge(268697,28055,(3,9223372036854775807))
Edge(268861,224605,(1,3))
Edge(268886,150566,(1,9223372036854775807))
Edge(268918,232164,(3,9223372036854775807))
Edge(269141,435890,(3,9223372036854775807))
Edge(269234,129214,(3,9223372036854775807))
Edge(269980,127681,(3,9223372036854775807))
Edge(270193,433816,(3,9223372036854775807))
Edge(270205,385924,(3,9223372036854775807))
Edge(270236,440527,(3,9223372036854775807))
Edge(270251,129904,(1,3))
Edge(270529,195218,(3,9223372036854775807))
Edge(271771,329431,(3,9223372036854775807))
Edge(271918,13970,(3,9223372036854775807))
Edge(272096,208845,(3,9223372036854775807))
Edge(272449,342303,(3,9223372036854775807))
Edge(272971,124106,(1,9223372036854775807))
Edge(273252,113537,(3,9223372036854775807))
Edge(273466,242686,(1,9223372036854775807))
Edge(273654,345816,(3,9223372036854775807))
Edge(274237,101644,(3,9223372036854775807))
Edge(274288,175179,(3,9223372036854775807))
Edge(274360,61899,(3,9223372036854775807))
Edge(274699,35485,(3,9223372036854775807))
Edge(275062,58333,(3,9223372036854775807))
Edge(275197,53074,(3,9223372036854775807))
Edge(275336,34356,(3,9223372036854775807))
Edge(275625,410967,(1,9223372036854775807))
Edge(275635,235000,(3,9223372036854775807))
Edge(275793,284110,(3,9223372036854775807))
Edge(276055,371752,(1,9223372036854775807))
Edge(276253,53234,(3,9223372036854775807))
Edge(277280,224660,(3,9223372036854775807))
Edge(277424,463250,(3,9223372036854775807))
Edge(277673,427080,(3,9223372036854775807))
Edge(277726,309415,(1,3))
Edge(277731,346452,(3,9223372036854775807))
Edge(277973,301867,(3,9223372036854775807))
Edge(277983,450669,(3,9223372036854775807))
Edge(278028,183179,(1,9223372036854775807))
Edge(278235,335400,(3,9223372036854775807))
Edge(278618,78029,(3,9223372036854775807))
Edge(278775,245236,(3,9223372036854775807))
Edge(278897,354763,(1,9223372036854775807))
Edge(279223,71625,(3,9223372036854775807))
Edge(279457,233282,(3,9223372036854775807))
Edge(279791,334212,(3,9223372036854775807))
Edge(279926,386488,(3,9223372036854775807))
Edge(280284,105999,(3,9223372036854775807))
Edge(280503,269428,(3,9223372036854775807))
Edge(280681,337782,(3,9223372036854775807))
Edge(280816,408329,(3,9223372036854775807))
Edge(281155,481333,(3,9223372036854775807))
Edge(281655,88183,(3,9223372036854775807))
Edge(282119,10273,(1,9223372036854775807))
Edge(282221,142779,(3,9223372036854775807))
Edge(282715,44315,(3,9223372036854775807))
Edge(283034,119028,(3,9223372036854775807))
Edge(283661,362150,(1,3))
Edge(283934,481025,(3,9223372036854775807))
Edge(284124,24728,(3,9223372036854775807))
Edge(284187,55767,(3,9223372036854775807))
Edge(284212,223952,(1,3))
Edge(284344,180176,(1,9223372036854775807))
Edge(285113,282527,(3,9223372036854775807))
Edge(285376,383470,(3,9223372036854775807))
Edge(285634,420407,(3,9223372036854775807))
Edge(285896,344219,(3,9223372036854775807))
Edge(285978,281067,(1,9223372036854775807))
Edge(285984,314524,(3,9223372036854775807))
Edge(286049,479150,(1,3))
Edge(286197,27451,(3,9223372036854775807))
Edge(286445,204344,(1,9223372036854775807))
Edge(286545,75004,(3,9223372036854775807))
Edge(286599,68257,(3,9223372036854775807))
Edge(286934,155742,(3,9223372036854775807))
Edge(286954,343086,(3,9223372036854775807))
Edge(287137,44778,(3,9223372036854775807))
Edge(287490,285741,(1,9223372036854775807))
Edge(287864,362184,(3,9223372036854775807))
Edge(288097,382485,(3,9223372036854775807))
Edge(288264,356777,(3,9223372036854775807))
Edge(289317,486295,(4,9223372036854775807))
Edge(289380,76521,(3,9223372036854775807))
Edge(289570,200912,(3,9223372036854775807))
Edge(289671,307528,(3,9223372036854775807))
Edge(290022,373149,(1,3))
Edge(290102,394971,(3,9223372036854775807))
Edge(290242,331221,(3,9223372036854775807))
Edge(291405,228276,(3,9223372036854775807))
Edge(291632,304452,(3,9223372036854775807))
Edge(291778,255650,(3,9223372036854775807))
Edge(292180,128525,(3,9223372036854775807))
Edge(292193,27140,(2,9223372036854775807))
Edge(293534,217630,(3,9223372036854775807))
Edge(293832,265022,(3,9223372036854775807))
Edge(294440,497054,(3,9223372036854775807))
Edge(294868,145835,(3,9223372036854775807))
Edge(294880,54376,(3,9223372036854775807))
Edge(294948,40047,(3,9223372036854775807))
Edge(294966,342425,(3,9223372036854775807))
Edge(295502,443529,(3,9223372036854775807))
Edge(295908,332918,(3,9223372036854775807))
Edge(295971,386686,(3,9223372036854775807))
Edge(296935,338594,(3,9223372036854775807))
Edge(297044,69484,(3,9223372036854775807))
Edge(299059,96080,(3,9223372036854775807))
Edge(299111,421957,(3,9223372036854775807))
Edge(299342,404770,(3,9223372036854775807))
Edge(299710,123130,(1,9223372036854775807))
Edge(300118,134325,(3,9223372036854775807))
Edge(300741,254070,(3,9223372036854775807))
Edge(301543,450868,(3,9223372036854775807))
Edge(301864,211381,(3,9223372036854775807))
Edge(301958,235218,(1,9223372036854775807))
Edge(301970,248701,(3,9223372036854775807))
Edge(302073,222499,(1,3))
Edge(302698,256827,(3,9223372036854775807))
Edge(302808,408635,(3,9223372036854775807))
Edge(303495,206970,(3,9223372036854775807))
Edge(303926,114700,(3,9223372036854775807))
Edge(304027,258478,(1,9223372036854775807))
Edge(304382,186424,(3,9223372036854775807))
Edge(305029,94679,(1,9223372036854775807))
Edge(305557,124530,(1,9223372036854775807))
Edge(305757,80769,(1,3))
Edge(306049,274961,(3,9223372036854775807))
Edge(306061,383963,(3,9223372036854775807))
Edge(306398,342751,(3,9223372036854775807))
Edge(306578,218764,(1,9223372036854775807))
Edge(306730,426243,(3,9223372036854775807))
Edge(307124,255847,(1,9223372036854775807))
Edge(307328,397330,(3,9223372036854775807))
Edge(307375,271238,(3,9223372036854775807))
Edge(307657,245787,(3,9223372036854775807))
Edge(307886,364281,(3,9223372036854775807))
Edge(308015,180968,(3,9223372036854775807))
Edge(308544,350290,(3,9223372036854775807))
Edge(308792,302229,(1,9223372036854775807))
Edge(308963,337653,(1,9223372036854775807))
Edge(309383,109056,(3,9223372036854775807))
Edge(309481,211948,(3,9223372036854775807))
Edge(310435,215178,(1,9223372036854775807))
Edge(310451,298015,(1,3))
Edge(310633,302439,(3,9223372036854775807))
Edge(311086,231555,(3,9223372036854775807))
Edge(311122,351772,(3,9223372036854775807))
Edge(311305,272232,(3,9223372036854775807))
Edge(311537,199842,(3,9223372036854775807))
Edge(311714,475889,(3,9223372036854775807))
Edge(311868,116167,(3,9223372036854775807))
Edge(312192,292864,(3,9223372036854775807))
Edge(312302,351402,(1,9223372036854775807))
Edge(312447,32296,(1,9223372036854775807))
Edge(312684,184164,(1,3))
Edge(313864,69887,(3,9223372036854775807))
Edge(314648,147871,(3,9223372036854775807))
Edge(314655,389495,(3,9223372036854775807))
Edge(315040,238057,(3,9223372036854775807))
Edge(315599,96606,(3,9223372036854775807))
Edge(317047,166469,(3,9223372036854775807))
Edge(317269,299467,(1,9223372036854775807))
Edge(318297,45016,(3,9223372036854775807))
Edge(318749,118053,(3,9223372036854775807))
Edge(318947,461797,(3,9223372036854775807))
Edge(318969,425067,(3,9223372036854775807))
Edge(319200,201186,(3,9223372036854775807))
Edge(319255,491805,(3,9223372036854775807))
Edge(319288,85084,(3,9223372036854775807))
Edge(319291,182700,(1,9223372036854775807))
Edge(319644,49344,(3,9223372036854775807))
Edge(321187,225327,(3,9223372036854775807))
Edge(321518,224654,(1,3))
Edge(321565,154973,(3,9223372036854775807))
Edge(322005,485395,(3,9223372036854775807))
Edge(322551,70589,(1,9223372036854775807))
Edge(323513,17818,(3,9223372036854775807))
Edge(323525,148055,(1,9223372036854775807))
Edge(324163,234410,(3,9223372036854775807))
Edge(324335,459831,(1,9223372036854775807))
Edge(325129,434332,(3,9223372036854775807))
Edge(325358,17015,(3,4))
Edge(325478,416703,(3,9223372036854775807))
Edge(325893,22255,(3,9223372036854775807))
Edge(326323,373492,(3,9223372036854775807))
Edge(326487,100873,(1,3))
Edge(326616,270617,(3,9223372036854775807))
Edge(326764,184005,(1,9223372036854775807))
Edge(328089,466923,(3,9223372036854775807))
Edge(328192,446234,(3,9223372036854775807))
Edge(328767,271020,(3,9223372036854775807))
Edge(328974,449437,(3,9223372036854775807))
Edge(329621,108787,(3,9223372036854775807))
Edge(329796,131697,(1,9223372036854775807))
Edge(329894,283550,(3,9223372036854775807))
Edge(330390,189680,(3,9223372036854775807))
Edge(330771,363100,(3,9223372036854775807))
Edge(330999,371830,(3,9223372036854775807))
Edge(331232,326619,(1,3))
Edge(331561,324569,(3,9223372036854775807))
Edge(331803,282538,(3,9223372036854775807))
Edge(331944,270691,(3,9223372036854775807))
Edge(331985,189175,(3,9223372036854775807))
Edge(332092,215217,(3,9223372036854775807))
Edge(332384,400110,(3,9223372036854775807))
Edge(332463,71301,(3,9223372036854775807))
Edge(332466,402589,(3,9223372036854775807))
Edge(332602,353557,(3,9223372036854775807))
Edge(332694,418230,(3,9223372036854775807))
Edge(332901,433875,(3,9223372036854775807))
Edge(332921,268280,(3,9223372036854775807))
Edge(333734,431200,(3,9223372036854775807))
Edge(333743,279892,(1,9223372036854775807))
Edge(333759,404236,(3,9223372036854775807))
Edge(334019,256707,(3,9223372036854775807))
Edge(334529,130005,(3,9223372036854775807))
Edge(334606,121053,(3,9223372036854775807))
Edge(334722,419391,(1,3))
Edge(334780,283442,(3,9223372036854775807))
Edge(334787,384081,(1,3))
Edge(334883,456787,(3,9223372036854775807))
Edge(335266,332157,(3,9223372036854775807))
Edge(335377,157468,(3,9223372036854775807))
Edge(335609,499513,(3,9223372036854775807))
Edge(335638,134990,(3,9223372036854775807))
Edge(336320,199897,(1,9223372036854775807))
Edge(337197,382361,(3,9223372036854775807))
Edge(337256,51066,(3,9223372036854775807))
Edge(337591,318406,(3,9223372036854775807))
Edge(337983,301160,(3,9223372036854775807))
Edge(338278,383241,(3,9223372036854775807))
Edge(339011,124887,(1,3))
Edge(339231,88531,(3,9223372036854775807))
Edge(339370,161724,(1,9223372036854775807))
Edge(339391,194454,(3,9223372036854775807))
Edge(339497,150106,(3,9223372036854775807))
Edge(339736,92966,(1,9223372036854775807))
Edge(339878,11936,(3,9223372036854775807))
Edge(340059,327059,(3,9223372036854775807))
Edge(340089,497429,(1,9223372036854775807))
Edge(340506,5886,(3,9223372036854775807))
Edge(340534,90119,(3,9223372036854775807))
Edge(340631,407402,(3,9223372036854775807))
Edge(340828,237058,(1,9223372036854775807))
Edge(341108,436322,(3,9223372036854775807))
Edge(341317,312927,(3,9223372036854775807))
Edge(341536,188296,(3,9223372036854775807))
Edge(341722,390396,(1,3))
Edge(341778,34855,(3,9223372036854775807))
Edge(342139,219434,(3,9223372036854775807))
Edge(342252,68137,(1,3))
Edge(342383,38208,(3,9223372036854775807))
Edge(342864,84029,(3,9223372036854775807))
Edge(342968,402014,(3,9223372036854775807))
Edge(343263,171561,(1,9223372036854775807))
Edge(343731,193807,(1,3))
Edge(344394,486163,(1,9223372036854775807))
Edge(344628,410544,(3,9223372036854775807))
Edge(344741,446556,(3,9223372036854775807))
Edge(345072,478765,(3,9223372036854775807))
Edge(345219,478633,(3,9223372036854775807))
Edge(345262,163506,(3,9223372036854775807))
Edge(345881,50596,(1,9223372036854775807))
Edge(346098,278193,(3,9223372036854775807))
Edge(346647,225511,(3,9223372036854775807))
Edge(346738,18412,(3,9223372036854775807))
Edge(346745,464797,(1,9223372036854775807))
Edge(346753,21246,(3,9223372036854775807))
Edge(347166,201888,(3,9223372036854775807))
Edge(348007,67694,(1,9223372036854775807))
Edge(348258,165790,(1,9223372036854775807))
Edge(348260,99031,(3,9223372036854775807))
Edge(348373,80845,(3,9223372036854775807))
Edge(349044,280794,(3,9223372036854775807))
Edge(349120,294978,(3,9223372036854775807))
Edge(349191,185349,(3,9223372036854775807))
Edge(349276,495529,(3,9223372036854775807))
Edge(349534,362295,(1,9223372036854775807))
Edge(349593,296486,(3,9223372036854775807))
Edge(350004,159029,(3,9223372036854775807))
Edge(350585,241362,(3,9223372036854775807))
Edge(350731,446020,(3,9223372036854775807))
Edge(350834,462066,(1,9223372036854775807))
Edge(350876,183050,(1,3))
Edge(350895,154674,(3,9223372036854775807))
Edge(350997,243572,(3,9223372036854775807))
Edge(351163,315397,(1,9223372036854775807))
Edge(351209,32183,(3,9223372036854775807))
Edge(351258,252501,(3,9223372036854775807))
Edge(351406,78697,(3,9223372036854775807))
Edge(351568,64995,(3,9223372036854775807))
Edge(351975,229637,(1,3))
Edge(352808,95567,(3,9223372036854775807))
Edge(353400,279440,(1,3))
Edge(353665,44330,(3,9223372036854775807))
Edge(353765,80609,(1,3))
Edge(354043,344527,(1,3))
Edge(354368,212309,(3,9223372036854775807))
Edge(355064,388318,(3,9223372036854775807))
Edge(355120,222748,(3,9223372036854775807))
Edge(355183,269662,(3,9223372036854775807))
Edge(355447,87421,(3,9223372036854775807))
Edge(355793,337842,(3,9223372036854775807))
Edge(356783,284681,(1,9223372036854775807))
Edge(356922,319827,(3,9223372036854775807))
Edge(357382,19833,(3,9223372036854775807))
Edge(357970,405852,(3,9223372036854775807))
Edge(358293,384447,(1,9223372036854775807))
Edge(358401,218777,(3,9223372036854775807))
Edge(358466,312497,(3,9223372036854775807))
Edge(358492,79100,(3,9223372036854775807))
Edge(358819,119895,(3,9223372036854775807))
Edge(358849,241672,(3,9223372036854775807))
Edge(358962,129912,(3,9223372036854775807))
Edge(359046,237734,(3,9223372036854775807))
Edge(359303,263785,(3,9223372036854775807))
Edge(359418,121304,(3,9223372036854775807))
Edge(359561,407093,(3,9223372036854775807))
Edge(359897,44557,(1,9223372036854775807))
Edge(359897,488334,(3,9223372036854775807))
Edge(359925,193938,(3,9223372036854775807))
Edge(360220,264707,(1,9223372036854775807))
Edge(360278,406718,(3,9223372036854775807))
Edge(360747,89005,(3,9223372036854775807))
Edge(361269,120089,(3,9223372036854775807))
Edge(361336,205989,(3,9223372036854775807))
Edge(361599,200182,(3,9223372036854775807))
Edge(361823,82192,(3,9223372036854775807))
Edge(362001,276191,(1,9223372036854775807))
Edge(362599,63865,(1,9223372036854775807))
Edge(362724,114346,(1,3))
Edge(362839,137712,(3,9223372036854775807))
Edge(364083,356664,(3,9223372036854775807))
Edge(364961,318415,(3,9223372036854775807))
Edge(365151,60645,(3,9223372036854775807))
Edge(365282,446636,(3,9223372036854775807))
Edge(365344,91295,(1,9223372036854775807))
Edge(365366,499594,(3,9223372036854775807))
Edge(365998,96819,(3,9223372036854775807))
Edge(366344,172656,(1,3))
Edge(366633,119933,(3,9223372036854775807))
Edge(367049,224460,(3,9223372036854775807))
Edge(368775,465742,(1,3))
Edge(369135,438697,(1,9223372036854775807))
Edge(369335,288029,(1,9223372036854775807))
Edge(369374,217925,(3,9223372036854775807))
Edge(370095,249151,(3,9223372036854775807))
Edge(370104,166311,(3,9223372036854775807))
Edge(370424,207424,(1,9223372036854775807))
Edge(370515,189074,(3,9223372036854775807))
Edge(370545,381793,(3,9223372036854775807))
Edge(370633,487025,(3,9223372036854775807))
Edge(370692,280793,(3,9223372036854775807))
Edge(370714,228046,(3,9223372036854775807))
Edge(370884,485936,(3,9223372036854775807))
Edge(371011,299921,(3,9223372036854775807))
Edge(371663,42737,(3,9223372036854775807))
Edge(371683,382515,(3,9223372036854775807))
Edge(371803,337210,(3,9223372036854775807))
Edge(372211,362228,(3,9223372036854775807))
Edge(372635,183712,(3,9223372036854775807))
Edge(372687,497843,(3,9223372036854775807))
Edge(372836,146285,(1,3))
Edge(372991,386931,(3,9223372036854775807))
Edge(373273,182729,(3,9223372036854775807))
Edge(373363,399737,(3,9223372036854775807))
Edge(373497,462762,(3,9223372036854775807))
Edge(373786,258588,(3,9223372036854775807))
Edge(373928,152931,(3,9223372036854775807))
Edge(374072,221981,(3,9223372036854775807))
Edge(374790,428945,(3,9223372036854775807))
Edge(374889,498865,(3,9223372036854775807))
Edge(375071,174876,(3,9223372036854775807))
Edge(375229,209111,(3,9223372036854775807))
Edge(375853,54878,(3,9223372036854775807))
Edge(376244,318807,(3,9223372036854775807))
Edge(376255,202940,(3,9223372036854775807))
Edge(376714,293902,(3,9223372036854775807))
Edge(376932,4367,(3,9223372036854775807))
Edge(377022,343656,(3,9223372036854775807))
Edge(377257,274412,(3,9223372036854775807))
Edge(377696,111590,(3,9223372036854775807))
Edge(378643,91142,(3,9223372036854775807))
Edge(378748,272521,(3,9223372036854775807))
Edge(378796,244740,(3,9223372036854775807))
Edge(378799,175673,(3,9223372036854775807))
Edge(379405,239680,(3,9223372036854775807))
Edge(379481,284841,(3,9223372036854775807))
Edge(379589,284292,(3,9223372036854775807))
Edge(379673,40784,(3,9223372036854775807))
Edge(380799,400315,(3,9223372036854775807))
Edge(380977,230154,(3,9223372036854775807))
Edge(381110,296311,(3,9223372036854775807))
Edge(381306,305016,(3,9223372036854775807))
Edge(381727,214459,(3,9223372036854775807))
Edge(381803,420091,(1,9223372036854775807))
Edge(381982,430542,(3,9223372036854775807))
Edge(381983,407191,(3,9223372036854775807))
Edge(382138,120957,(3,9223372036854775807))
Edge(382412,119802,(3,9223372036854775807))
Edge(382803,346683,(3,9223372036854775807))
Edge(383070,368124,(3,9223372036854775807))
Edge(383262,149875,(3,9223372036854775807))
Edge(383335,61897,(3,9223372036854775807))
Edge(383479,288979,(1,9223372036854775807))
Edge(383547,435180,(3,9223372036854775807))
Edge(383555,203677,(3,9223372036854775807))
Edge(383992,439610,(3,9223372036854775807))
Edge(385395,237100,(1,3))
Edge(385413,372726,(3,9223372036854775807))
Edge(385554,470593,(3,9223372036854775807))
Edge(386158,140373,(3,9223372036854775807))
Edge(386199,7427,(1,9223372036854775807))
Edge(386208,149965,(4,9223372036854775807))
Edge(386480,172083,(3,9223372036854775807))
Edge(386758,392047,(1,3))
Edge(386818,315496,(1,9223372036854775807))
Edge(387072,369495,(3,9223372036854775807))
Edge(387281,33109,(3,9223372036854775807))
Edge(387289,451056,(3,9223372036854775807))
Edge(387456,223492,(3,9223372036854775807))
Edge(388161,432878,(3,9223372036854775807))
Edge(388194,156533,(1,9223372036854775807))
Edge(388347,44565,(3,9223372036854775807))
Edge(389329,188207,(3,9223372036854775807))
Edge(389396,394822,(3,9223372036854775807))
Edge(389994,169364,(1,3))
Edge(390387,401074,(3,9223372036854775807))
Edge(390448,487021,(3,9223372036854775807))
Edge(390764,331485,(3,9223372036854775807))
Edge(390887,352559,(3,9223372036854775807))
Edge(390980,407368,(4,9223372036854775807))
Edge(391307,81613,(1,3))
Edge(391363,54433,(3,9223372036854775807))
Edge(391486,215933,(3,9223372036854775807))
Edge(391674,213953,(3,9223372036854775807))
Edge(391914,170032,(3,9223372036854775807))
Edge(391917,244145,(3,9223372036854775807))
Edge(392138,96709,(3,9223372036854775807))
Edge(392421,257895,(3,9223372036854775807))
Edge(392756,460289,(3,9223372036854775807))
Edge(393934,456720,(3,9223372036854775807))
Edge(394122,240929,(3,9223372036854775807))
Edge(394168,258206,(3,9223372036854775807))
Edge(394804,265722,(1,9223372036854775807))
Edge(395238,482085,(1,9223372036854775807))
Edge(395479,162060,(3,9223372036854775807))
Edge(395825,96777,(3,9223372036854775807))
Edge(395931,66577,(3,9223372036854775807))
Edge(396474,299411,(3,9223372036854775807))
Edge(397059,67055,(3,9223372036854775807))
Edge(397402,347248,(3,9223372036854775807))
Edge(397653,44336,(3,9223372036854775807))
Edge(398447,300781,(3,9223372036854775807))
Edge(398456,407887,(3,9223372036854775807))
Edge(398463,326983,(3,9223372036854775807))
Edge(398486,361242,(3,9223372036854775807))
Edge(399006,218107,(3,9223372036854775807))
Edge(399052,401156,(3,9223372036854775807))
Edge(399932,475743,(1,3))
Edge(400261,466129,(1,3))
Edge(400432,186908,(1,9223372036854775807))
Edge(400687,482200,(3,9223372036854775807))
Edge(400802,324850,(3,9223372036854775807))
Edge(400825,221622,(1,9223372036854775807))
Edge(401040,129241,(3,9223372036854775807))
Edge(401747,445595,(1,9223372036854775807))
Edge(402057,355082,(3,9223372036854775807))
Edge(402209,474253,(3,9223372036854775807))
Edge(402822,175131,(3,9223372036854775807))
Edge(402940,58879,(3,9223372036854775807))
Edge(402979,194733,(3,9223372036854775807))
Edge(403073,35687,(1,9223372036854775807))
Edge(403103,492773,(3,9223372036854775807))
Edge(403154,235434,(1,9223372036854775807))
Edge(403363,200320,(3,9223372036854775807))
Edge(403746,194486,(1,9223372036854775807))
Edge(404043,314019,(3,9223372036854775807))
Edge(405146,92628,(3,9223372036854775807))
Edge(405174,256890,(3,9223372036854775807))
Edge(405233,30739,(3,9223372036854775807))
Edge(405263,278955,(1,3))
Edge(405665,46760,(3,9223372036854775807))
Edge(406173,93813,(3,9223372036854775807))
Edge(406486,21003,(3,9223372036854775807))
Edge(406621,439526,(3,9223372036854775807))
Edge(406643,328689,(3,9223372036854775807))
Edge(406937,246176,(1,9223372036854775807))
Edge(407051,424040,(3,9223372036854775807))
Edge(407071,572,(3,9223372036854775807))
Edge(407251,157986,(3,9223372036854775807))
Edge(407639,188531,(3,9223372036854775807))
Edge(407983,124856,(1,9223372036854775807))
Edge(408093,340695,(3,9223372036854775807))
Edge(408885,434207,(3,9223372036854775807))
Edge(408943,78647,(3,9223372036854775807))
Edge(409283,290550,(1,3))
Edge(409570,87903,(3,9223372036854775807))
Edge(409874,291995,(1,9223372036854775807))
Edge(410081,141699,(3,9223372036854775807))
Edge(410180,454556,(3,9223372036854775807))
Edge(410417,367804,(3,9223372036854775807))
Edge(410678,173621,(3,9223372036854775807))
Edge(410712,432010,(3,9223372036854775807))
Edge(410926,12598,(3,9223372036854775807))
Edge(411584,157645,(3,9223372036854775807))
Edge(412461,386302,(3,9223372036854775807))
Edge(412489,232551,(3,9223372036854775807))
Edge(412634,264913,(1,3))
Edge(412983,337886,(3,9223372036854775807))
Edge(413148,211969,(3,9223372036854775807))
Edge(413267,79201,(3,9223372036854775807))
Edge(413506,182900,(3,9223372036854775807))
Edge(413634,198879,(3,9223372036854775807))
Edge(414142,491106,(1,9223372036854775807))
Edge(414524,32275,(3,9223372036854775807))
Edge(414746,246315,(3,9223372036854775807))
Edge(415061,118981,(3,9223372036854775807))
Edge(415136,159014,(3,9223372036854775807))
Edge(415520,274274,(3,9223372036854775807))
Edge(415946,23563,(3,9223372036854775807))
Edge(416603,428305,(3,9223372036854775807))
Edge(416954,433954,(3,9223372036854775807))
Edge(417306,106613,(3,9223372036854775807))
Edge(417342,370950,(3,9223372036854775807))
Edge(417426,161181,(1,9223372036854775807))
Edge(417582,30988,(3,9223372036854775807))
Edge(418272,421826,(3,9223372036854775807))
Edge(418498,362416,(3,9223372036854775807))
Edge(418665,25202,(1,9223372036854775807))
Edge(418793,405736,(3,9223372036854775807))
Edge(419463,308695,(3,9223372036854775807))
Edge(419640,210953,(1,9223372036854775807))
Edge(420070,264653,(3,9223372036854775807))
Edge(420496,303035,(3,9223372036854775807))
Edge(420698,431870,(3,9223372036854775807))
Edge(421405,251663,(3,9223372036854775807))
Edge(421644,88383,(3,9223372036854775807))
Edge(421758,59767,(3,9223372036854775807))
Edge(421780,179740,(3,9223372036854775807))
Edge(422315,155714,(3,9223372036854775807))
Edge(422324,85501,(1,9223372036854775807))
Edge(422531,146166,(3,9223372036854775807))
Edge(422661,30086,(3,9223372036854775807))
Edge(422771,51992,(3,9223372036854775807))
Edge(422989,14442,(3,9223372036854775807))
Edge(422998,88908,(1,9223372036854775807))
Edge(423223,69856,(3,9223372036854775807))
Edge(423701,405253,(3,9223372036854775807))
Edge(423778,312797,(3,9223372036854775807))
Edge(424196,431557,(3,9223372036854775807))
Edge(424386,111559,(3,9223372036854775807))
Edge(424417,70678,(3,9223372036854775807))
Edge(424788,416002,(3,9223372036854775807))
Edge(424899,477470,(3,9223372036854775807))
Edge(425131,310084,(3,9223372036854775807))
Edge(425392,436414,(3,9223372036854775807))
Edge(425474,120882,(1,3))
Edge(425518,219094,(3,9223372036854775807))
Edge(425549,303816,(3,9223372036854775807))
Edge(426242,338293,(3,9223372036854775807))
Edge(426842,246413,(3,9223372036854775807))
Edge(427708,289582,(3,9223372036854775807))
Edge(427958,403177,(3,9223372036854775807))
Edge(427995,334610,(3,9223372036854775807))
Edge(428027,337177,(3,9223372036854775807))
Edge(428742,421292,(3,9223372036854775807))
Edge(428770,408073,(3,9223372036854775807))
Edge(428831,153730,(3,9223372036854775807))
Edge(429067,261624,(3,9223372036854775807))
Edge(429259,243394,(3,9223372036854775807))
Edge(430087,488412,(3,9223372036854775807))
Edge(430115,359026,(1,3))
Edge(431180,81003,(3,9223372036854775807))
Edge(431254,193595,(1,3))
Edge(431965,298812,(3,9223372036854775807))
Edge(432122,339288,(3,9223372036854775807))
Edge(432484,222278,(3,9223372036854775807))
Edge(432700,194099,(3,9223372036854775807))
Edge(434821,486312,(3,9223372036854775807))
Edge(436205,218140,(3,9223372036854775807))
Edge(436219,379602,(3,9223372036854775807))
Edge(436305,210588,(3,9223372036854775807))
Edge(436435,141302,(3,9223372036854775807))
Edge(436436,477197,(1,9223372036854775807))
Edge(436933,221547,(1,3))
Edge(437220,337059,(3,9223372036854775807))
Edge(437511,167380,(3,9223372036854775807))
Edge(438315,408295,(3,9223372036854775807))
Edge(438434,155909,(3,9223372036854775807))
Edge(438609,85373,(3,9223372036854775807))
Edge(439187,47974,(1,9223372036854775807))
Edge(440244,365908,(3,9223372036854775807))
Edge(440296,466115,(3,9223372036854775807))
Edge(440320,343396,(3,9223372036854775807))
Edge(440566,200894,(3,9223372036854775807))
Edge(441150,462081,(3,9223372036854775807))
Edge(441198,282390,(3,9223372036854775807))
Edge(441224,97869,(3,9223372036854775807))
Edge(441488,408686,(3,9223372036854775807))
Edge(441683,415375,(3,9223372036854775807))
Edge(442231,94906,(3,9223372036854775807))
Edge(442819,130831,(3,9223372036854775807))
Edge(442830,130505,(3,9223372036854775807))
Edge(443632,280842,(1,3))
Edge(444384,352655,(1,9223372036854775807))
Edge(444627,117262,(3,9223372036854775807))
Edge(444839,258346,(3,9223372036854775807))
Edge(444855,250470,(3,9223372036854775807))
Edge(444917,479815,(3,9223372036854775807))
Edge(445004,432922,(1,9223372036854775807))
Edge(445455,127618,(1,9223372036854775807))
Edge(445815,288287,(3,9223372036854775807))
Edge(446352,90033,(1,9223372036854775807))
Edge(446651,195835,(1,9223372036854775807))
Edge(446845,291937,(1,3))
Edge(447046,341355,(3,9223372036854775807))
Edge(447106,20621,(3,9223372036854775807))
Edge(447143,189213,(1,9223372036854775807))
Edge(447151,73255,(3,9223372036854775807))
Edge(447500,452530,(3,9223372036854775807))
Edge(447679,486063,(3,9223372036854775807))
Edge(447729,476777,(3,9223372036854775807))
Edge(447756,492002,(3,9223372036854775807))
Edge(447823,76479,(3,9223372036854775807))
Edge(447869,76206,(3,9223372036854775807))
Edge(447967,94502,(3,9223372036854775807))
Edge(448212,285017,(1,9223372036854775807))
Edge(448512,358596,(3,9223372036854775807))
Edge(448770,60118,(3,9223372036854775807))
Edge(449394,222247,(1,3))
Edge(449394,362941,(1,3))
Edge(449755,362710,(3,9223372036854775807))
Edge(450543,165517,(3,9223372036854775807))
Edge(450763,98576,(3,9223372036854775807))
Edge(450929,120880,(1,9223372036854775807))
Edge(451440,478463,(3,9223372036854775807))
Edge(451540,220623,(3,9223372036854775807))
Edge(451570,282410,(3,9223372036854775807))
Edge(451579,319266,(1,9223372036854775807))
Edge(451843,126266,(1,9223372036854775807))
Edge(452035,343492,(3,9223372036854775807))
Edge(452066,217286,(3,9223372036854775807))
Edge(452214,133123,(3,9223372036854775807))
Edge(452650,297679,(3,9223372036854775807))
Edge(452760,61839,(3,9223372036854775807))
Edge(452986,381494,(1,9223372036854775807))
Edge(453082,6218,(3,9223372036854775807))
Edge(453295,373226,(1,9223372036854775807))
Edge(453306,188151,(3,9223372036854775807))
Edge(453498,123470,(3,9223372036854775807))
Edge(453976,456248,(3,9223372036854775807))
Edge(454233,492129,(3,9223372036854775807))
Edge(454589,92294,(3,9223372036854775807))
Edge(454805,256466,(3,9223372036854775807))
Edge(454813,205906,(3,9223372036854775807))
Edge(455700,437206,(1,3))
Edge(455719,370920,(3,9223372036854775807))
Edge(455997,89996,(1,3))
Edge(457170,381635,(3,9223372036854775807))
Edge(457620,311444,(3,9223372036854775807))
Edge(457665,381500,(3,9223372036854775807))
Edge(457687,220156,(3,9223372036854775807))
Edge(457881,45362,(3,9223372036854775807))
Edge(457956,445477,(3,9223372036854775807))
Edge(457966,188541,(3,9223372036854775807))
Edge(458273,299673,(3,9223372036854775807))
Edge(458390,459989,(3,9223372036854775807))
Edge(458703,367546,(3,9223372036854775807))
Edge(458947,474634,(3,9223372036854775807))
Edge(458957,330763,(3,9223372036854775807))
Edge(459385,272930,(3,9223372036854775807))
Edge(459658,423673,(3,9223372036854775807))
Edge(460031,10153,(1,9223372036854775807))
Edge(460134,399346,(3,9223372036854775807))
Edge(460240,334862,(3,9223372036854775807))
Edge(461122,474795,(1,3))
Edge(461379,235891,(3,9223372036854775807))
Edge(461826,164860,(3,9223372036854775807))
Edge(462041,94363,(3,9223372036854775807))
Edge(462109,65173,(3,9223372036854775807))
Edge(462250,142243,(3,9223372036854775807))
Edge(462573,415311,(3,9223372036854775807))
Edge(463099,436868,(3,9223372036854775807))
Edge(463174,90333,(3,9223372036854775807))
Edge(463656,211680,(3,9223372036854775807))
Edge(463710,167986,(3,9223372036854775807))
Edge(463867,499285,(3,9223372036854775807))
Edge(463958,359049,(3,9223372036854775807))
Edge(464159,430823,(3,9223372036854775807))
Edge(464243,136951,(3,9223372036854775807))
Edge(464367,457233,(3,9223372036854775807))
Edge(464710,302464,(3,9223372036854775807))
Edge(464829,263382,(3,9223372036854775807))
Edge(465259,227733,(3,9223372036854775807))
Edge(465963,333302,(3,9223372036854775807))
Edge(466069,79767,(3,9223372036854775807))
Edge(466491,17482,(1,9223372036854775807))
Edge(466707,51903,(3,9223372036854775807))
Edge(466858,376238,(3,9223372036854775807))
Edge(466951,225298,(3,9223372036854775807))
Edge(466974,65540,(3,9223372036854775807))
Edge(467188,372324,(1,9223372036854775807))
Edge(467746,4386,(3,9223372036854775807))
Edge(468305,227034,(3,9223372036854775807))
Edge(469007,80284,(1,9223372036854775807))
Edge(469379,157289,(3,9223372036854775807))
Edge(470475,360299,(3,9223372036854775807))
Edge(471130,110109,(3,9223372036854775807))
Edge(471253,40871,(1,9223372036854775807))
Edge(471460,34040,(3,9223372036854775807))
Edge(471680,457919,(3,9223372036854775807))
Edge(471774,200092,(3,9223372036854775807))
Edge(472112,421809,(3,9223372036854775807))
Edge(472205,28983,(3,9223372036854775807))
Edge(472547,151350,(3,9223372036854775807))
Edge(473016,375252,(3,9223372036854775807))
Edge(473254,457297,(3,9223372036854775807))
Edge(473266,485229,(3,9223372036854775807))
Edge(473844,164191,(3,9223372036854775807))
Edge(473969,66290,(1,3))
Edge(474029,229321,(3,9223372036854775807))
Edge(474482,440446,(3,9223372036854775807))
Edge(474835,237893,(3,9223372036854775807))
Edge(474856,383949,(3,9223372036854775807))
Edge(475536,340197,(3,9223372036854775807))
Edge(475560,190599,(3,9223372036854775807))
Edge(475627,493290,(1,3))
Edge(475707,325905,(3,9223372036854775807))
Edge(475918,385478,(3,9223372036854775807))
Edge(476386,432343,(3,9223372036854775807))
Edge(476536,172891,(3,9223372036854775807))
Edge(476672,365118,(3,9223372036854775807))
Edge(476723,230671,(1,9223372036854775807))
Edge(477251,117988,(3,9223372036854775807))
Edge(477474,56861,(3,9223372036854775807))
Edge(477503,453497,(3,9223372036854775807))
Edge(477586,313610,(3,9223372036854775807))
Edge(477860,329684,(3,9223372036854775807))
Edge(478128,323990,(3,9223372036854775807))
Edge(478640,115378,(3,9223372036854775807))
Edge(478707,450568,(3,9223372036854775807))
Edge(479035,317608,(3,9223372036854775807))
Edge(479668,385336,(1,9223372036854775807))
Edge(480227,110546,(3,9223372036854775807))
Edge(480445,200619,(1,3))
Edge(480490,493275,(3,9223372036854775807))
Edge(480577,407326,(3,9223372036854775807))
Edge(480872,204270,(3,9223372036854775807))
Edge(481243,397294,(1,3))
Edge(481285,266838,(1,9223372036854775807))
Edge(481443,122061,(3,9223372036854775807))
Edge(481594,374021,(3,9223372036854775807))
Edge(482086,372597,(3,9223372036854775807))
Edge(482219,197981,(4,9223372036854775807))
Edge(482695,28336,(3,9223372036854775807))
Edge(482696,323017,(3,9223372036854775807))
Edge(482964,228067,(1,9223372036854775807))
Edge(483256,476428,(3,9223372036854775807))
Edge(483305,208639,(1,9223372036854775807))
Edge(483694,231329,(1,9223372036854775807))
Edge(484898,389991,(3,9223372036854775807))
Edge(484996,144785,(3,9223372036854775807))
Edge(485023,99713,(3,9223372036854775807))
Edge(485848,234933,(3,9223372036854775807))
Edge(485939,280425,(3,9223372036854775807))
Edge(486197,419952,(3,9223372036854775807))
Edge(486206,111000,(3,9223372036854775807))
Edge(486457,180792,(3,9223372036854775807))
Edge(486960,173350,(3,9223372036854775807))
Edge(487447,421153,(3,9223372036854775807))
Edge(487649,15132,(1,3))
Edge(487663,491332,(1,9223372036854775807))
Edge(487961,498505,(3,9223372036854775807))
Edge(489588,315168,(3,9223372036854775807))
Edge(489643,327599,(3,9223372036854775807))
Edge(489662,480605,(3,9223372036854775807))
Edge(489804,375083,(3,9223372036854775807))
Edge(490237,393503,(3,9223372036854775807))
Edge(490375,204677,(3,9223372036854775807))
Edge(490385,243233,(3,9223372036854775807))
Edge(490509,330642,(3,9223372036854775807))
Edge(490512,53439,(1,9223372036854775807))
Edge(490639,233061,(3,9223372036854775807))
Edge(490738,79317,(1,9223372036854775807))
Edge(491430,395119,(3,9223372036854775807))
Edge(491686,14820,(3,9223372036854775807))
Edge(492191,329414,(3,9223372036854775807))
Edge(492256,250988,(3,9223372036854775807))
Edge(492388,41680,(3,9223372036854775807))
Edge(492641,139518,(3,9223372036854775807))
Edge(492940,341614,(3,9223372036854775807))
Edge(493468,420553,(3,9223372036854775807))
Edge(493946,360431,(3,9223372036854775807))
Edge(494806,192780,(1,9223372036854775807))
Edge(495222,137321,(3,9223372036854775807))
Edge(495436,110594,(3,9223372036854775807))
Edge(495616,233388,(3,9223372036854775807))
Edge(495898,309569,(3,9223372036854775807))
Edge(495958,201983,(3,9223372036854775807))
Edge(496311,301713,(3,9223372036854775807))
Edge(496346,400109,(3,9223372036854775807))
Edge(496629,159880,(3,9223372036854775807))
Edge(496868,407416,(3,9223372036854775807))
Edge(497212,118525,(3,9223372036854775807))
Edge(497351,152211,(1,9223372036854775807))
Edge(497502,402016,(3,9223372036854775807))
Edge(497709,74431,(3,9223372036854775807))
Edge(497825,190121,(3,9223372036854775807))
Edge(498690,414885,(3,9223372036854775807))
Edge(498700,46613,(3,9223372036854775807))
Edge(499058,100819,(3,9223372036854775807))
Edge(499149,82376,(3,9223372036854775807))
Edge(499292,455837,(3,9223372036854775807))
Edge(499544,135871,(1,9223372036854775807))
