Edge(86,92545,(3,9223372036854775807))
Edge(135,197756,(3,9223372036854775807))
Edge(1309,397417,(3,9223372036854775807))
Edge(1323,37923,(3,9223372036854775807))
Edge(2267,489030,(3,9223372036854775807))
Edge(2692,136907,(3,9223372036854775807))
Edge(2992,430818,(3,9223372036854775807))
Edge(3206,490957,(3,9223372036854775807))
Edge(3209,168921,(3,9223372036854775807))
Edge(3824,380488,(3,9223372036854775807))
Edge(4022,367540,(3,9223372036854775807))
Edge(4309,82492,(3,9223372036854775807))
Edge(4392,5326,(1,3))
Edge(4566,90244,(3,9223372036854775807))
Edge(4594,121112,(3,9223372036854775807))
Edge(4808,243485,(3,9223372036854775807))
Edge(5073,342002,(1,3))
Edge(5395,4928,(1,9223372036854775807))
Edge(5476,347689,(3,9223372036854775807))
Edge(5696,452796,(1,9223372036854775807))
Edge(5910,434911,(3,9223372036854775807))
Edge(6026,156585,(3,9223372036854775807))
Edge(6325,89494,(3,9223372036854775807))
Edge(6614,154500,(3,9223372036854775807))
Edge(6766,347610,(3,9223372036854775807))
Edge(6936,189868,(3,9223372036854775807))
Edge(7140,153334,(3,9223372036854775807))
Edge(7797,187229,(3,9223372036854775807))
Edge(7827,169684,(3,9223372036854775807))
Edge(7854,111151,(1,3))
Edge(8022,187199,(3,9223372036854775807))
Edge(8345,453570,(3,9223372036854775807))
Edge(8353,316992,(3,9223372036854775807))
Edge(9117,398441,(3,9223372036854775807))
Edge(9260,487319,(3,9223372036854775807))
Edge(9367,306029,(3,9223372036854775807))
Edge(9677,220340,(3,9223372036854775807))
Edge(10064,428304,(3,9223372036854775807))
Edge(10245,451175,(3,9223372036854775807))
Edge(10679,498911,(1,3))
Edge(10823,195528,(3,9223372036854775807))
Edge(11123,268878,(3,9223372036854775807))
Edge(11181,482164,(3,9223372036854775807))
Edge(11271,354944,(3,9223372036854775807))
Edge(11362,257326,(1,3))
Edge(11953,381943,(3,9223372036854775807))
Edge(12352,250139,(3,9223372036854775807))
Edge(12525,270997,(3,9223372036854775807))
Edge(13029,50548,(3,9223372036854775807))
Edge(13096,468290,(3,9223372036854775807))
Edge(13128,448168,(3,9223372036854775807))
Edge(13148,403376,(3,9223372036854775807))
Edge(13213,95556,(3,9223372036854775807))
Edge(13223,177520,(1,3))
Edge(13335,307337,(3,9223372036854775807))
Edge(13339,424109,(3,9223372036854775807))
Edge(13987,10798,(1,9223372036854775807))
Edge(14438,444474,(3,9223372036854775807))
Edge(14491,183438,(3,9223372036854775807))
Edge(14874,116909,(3,9223372036854775807))
Edge(15090,153031,(1,3))
Edge(15315,365278,(3,9223372036854775807))
Edge(15538,354591,(3,9223372036854775807))
Edge(15991,181413,(1,9223372036854775807))
Edge(16040,375885,(3,9223372036854775807))
Edge(16153,428243,(3,9223372036854775807))
Edge(16726,333779,(3,9223372036854775807))
Edge(17058,98487,(3,9223372036854775807))
Edge(17626,18730,(3,9223372036854775807))
Edge(18039,139931,(3,9223372036854775807))
Edge(18970,90324,(3,9223372036854775807))
Edge(19016,308984,(3,9223372036854775807))
Edge(19310,38464,(3,9223372036854775807))
Edge(19411,301669,(3,9223372036854775807))
Edge(19512,343531,(3,9223372036854775807))
Edge(19703,327552,(3,9223372036854775807))
Edge(19928,258430,(3,9223372036854775807))
Edge(20766,299907,(3,9223372036854775807))
Edge(20887,156206,(3,9223372036854775807))
Edge(21002,176478,(3,9223372036854775807))
Edge(21431,359347,(3,9223372036854775807))
Edge(21811,409749,(3,9223372036854775807))
Edge(21911,223743,(3,9223372036854775807))
Edge(22316,236312,(3,9223372036854775807))
Edge(22382,290176,(1,3))
Edge(22382,464379,(3,9223372036854775807))
Edge(22389,387772,(1,9223372036854775807))
Edge(22552,360268,(3,9223372036854775807))
Edge(22694,261094,(4,9223372036854775807))
Edge(23258,76381,(3,9223372036854775807))
Edge(24021,289949,(3,9223372036854775807))
Edge(24291,235897,(3,9223372036854775807))
Edge(24305,432383,(3,9223372036854775807))
Edge(24317,55822,(3,9223372036854775807))
Edge(24441,126283,(3,9223372036854775807))
Edge(24465,170839,(3,9223372036854775807))
Edge(24465,474611,(3,9223372036854775807))
Edge(24517,161121,(3,9223372036854775807))
Edge(24799,236554,(3,9223372036854775807))
Edge(25109,103594,(3,9223372036854775807))
Edge(25373,217622,(3,9223372036854775807))
Edge(25878,459942,(3,9223372036854775807))
Edge(27187,412885,(3,9223372036854775807))
Edge(27507,486448,(3,9223372036854775807))
Edge(27599,113976,(3,9223372036854775807))
Edge(27776,96530,(1,9223372036854775807))
Edge(28314,473259,(3,9223372036854775807))
Edge(28478,405490,(1,9223372036854775807))
Edge(30067,462954,(3,9223372036854775807))
Edge(30214,1801,(3,9223372036854775807))
Edge(30601,244909,(3,9223372036854775807))
Edge(30860,88204,(3,9223372036854775807))
Edge(31002,201169,(1,9223372036854775807))
Edge(31238,58536,(3,9223372036854775807))
Edge(31327,263569,(3,9223372036854775807))
Edge(31350,272828,(1,9223372036854775807))
Edge(31368,32497,(3,9223372036854775807))
Edge(31469,104113,(3,9223372036854775807))
Edge(31631,323896,(1,3))
Edge(31641,354735,(3,9223372036854775807))
Edge(31657,446477,(1,3))
Edge(32069,300148,(3,9223372036854775807))
Edge(32113,468656,(3,9223372036854775807))
Edge(32186,460318,(3,9223372036854775807))
Edge(32271,11440,(3,9223372036854775807))
Edge(32349,369456,(1,9223372036854775807))
Edge(32530,27249,(1,9223372036854775807))
Edge(32846,316544,(3,9223372036854775807))
Edge(33996,22187,(3,9223372036854775807))
Edge(34451,116775,(3,9223372036854775807))
Edge(34640,182901,(3,9223372036854775807))
Edge(34827,288655,(3,9223372036854775807))
Edge(35041,185403,(1,9223372036854775807))
Edge(35418,443163,(3,9223372036854775807))
Edge(35420,91525,(3,9223372036854775807))
Edge(35584,162546,(3,9223372036854775807))
Edge(35874,431544,(1,9223372036854775807))
Edge(35897,169065,(3,9223372036854775807))
Edge(35992,389691,(3,9223372036854775807))
Edge(36246,323124,(1,9223372036854775807))
Edge(36346,20902,(1,9223372036854775807))
Edge(36562,218157,(3,9223372036854775807))
Edge(37194,487052,(3,9223372036854775807))
Edge(37356,490407,(3,9223372036854775807))
Edge(37868,192923,(1,3))
Edge(38605,79736,(1,9223372036854775807))
Edge(38614,227910,(1,9223372036854775807))
Edge(38799,5982,(3,9223372036854775807))
Edge(39232,269474,(1,9223372036854775807))
Edge(39325,129836,(3,9223372036854775807))
Edge(39403,316254,(1,9223372036854775807))
Edge(39454,230294,(1,9223372036854775807))
Edge(39615,467324,(3,9223372036854775807))
Edge(39635,271667,(3,9223372036854775807))
Edge(39676,56938,(3,9223372036854775807))
Edge(40116,292413,(3,9223372036854775807))
Edge(40256,199531,(1,9223372036854775807))
Edge(40293,2574,(3,9223372036854775807))
Edge(40293,60923,(1,9223372036854775807))
Edge(40303,499225,(3,9223372036854775807))
Edge(40711,177380,(3,9223372036854775807))
Edge(40780,227892,(3,9223372036854775807))
Edge(41024,496988,(3,9223372036854775807))
Edge(41071,445837,(3,9223372036854775807))
Edge(41079,183652,(3,9223372036854775807))
Edge(41912,266065,(1,9223372036854775807))
Edge(41998,336776,(3,9223372036854775807))
Edge(42199,251945,(3,9223372036854775807))
Edge(42710,158597,(3,9223372036854775807))
Edge(42849,105378,(3,9223372036854775807))
Edge(43941,29211,(3,9223372036854775807))
Edge(44300,261321,(3,9223372036854775807))
Edge(44777,262989,(3,9223372036854775807))
Edge(45538,152474,(1,3))
Edge(45581,11512,(3,9223372036854775807))
Edge(45629,488714,(1,9223372036854775807))
Edge(45698,340181,(3,9223372036854775807))
Edge(46147,107761,(3,9223372036854775807))
Edge(46231,358385,(3,9223372036854775807))
Edge(46454,3049,(3,9223372036854775807))
Edge(46507,230218,(3,9223372036854775807))
Edge(46751,111000,(4,9223372036854775807))
Edge(46783,301265,(3,9223372036854775807))
Edge(46795,40762,(3,9223372036854775807))
Edge(47385,466799,(1,9223372036854775807))
Edge(47780,493003,(3,9223372036854775807))
Edge(48142,251747,(3,9223372036854775807))
Edge(48247,477147,(1,9223372036854775807))
Edge(48832,54047,(3,9223372036854775807))
Edge(49002,363586,(3,9223372036854775807))
Edge(49006,85928,(3,9223372036854775807))
Edge(49024,264869,(3,9223372036854775807))
Edge(49074,352609,(1,9223372036854775807))
Edge(49104,56747,(1,3))
Edge(49444,289086,(3,9223372036854775807))
Edge(49780,161755,(3,9223372036854775807))
Edge(49853,302875,(1,9223372036854775807))
Edge(50255,19364,(3,9223372036854775807))
Edge(50288,154629,(1,9223372036854775807))
Edge(50400,375302,(3,9223372036854775807))
Edge(50674,375954,(3,9223372036854775807))
Edge(50736,438364,(3,9223372036854775807))
Edge(50918,173100,(3,9223372036854775807))
Edge(51395,79118,(3,9223372036854775807))
Edge(51533,434426,(3,9223372036854775807))
Edge(52135,468254,(3,9223372036854775807))
Edge(52416,241297,(3,9223372036854775807))
Edge(52552,153238,(1,9223372036854775807))
Edge(52576,357036,(3,9223372036854775807))
Edge(52887,293147,(3,9223372036854775807))
Edge(53321,195274,(3,9223372036854775807))
Edge(53409,435912,(3,9223372036854775807))
Edge(53564,484814,(3,9223372036854775807))
Edge(54215,137084,(3,9223372036854775807))
Edge(54541,433701,(3,9223372036854775807))
Edge(54795,12074,(1,3))
Edge(54909,383201,(4,9223372036854775807))
Edge(55443,274709,(3,9223372036854775807))
Edge(55690,440773,(3,9223372036854775807))
Edge(55848,411443,(3,9223372036854775807))
Edge(55879,261382,(3,9223372036854775807))
Edge(56038,244693,(3,9223372036854775807))
Edge(56122,20476,(1,9223372036854775807))
Edge(56792,9432,(1,3))
Edge(56816,485636,(3,9223372036854775807))
Edge(58383,193342,(1,3))
Edge(58777,254254,(3,9223372036854775807))
Edge(58857,22284,(3,9223372036854775807))
Edge(59068,215263,(1,9223372036854775807))
Edge(59070,283852,(3,9223372036854775807))
Edge(59544,332333,(3,9223372036854775807))
Edge(60259,297223,(3,9223372036854775807))
Edge(60373,371531,(1,9223372036854775807))
Edge(60738,139284,(3,9223372036854775807))
Edge(61325,127304,(3,9223372036854775807))
Edge(62070,410433,(3,9223372036854775807))
Edge(62153,423302,(3,9223372036854775807))
Edge(62429,260786,(3,9223372036854775807))
Edge(62875,443511,(3,9223372036854775807))
Edge(63054,264247,(3,9223372036854775807))
Edge(63311,233625,(3,9223372036854775807))
Edge(63649,287185,(3,9223372036854775807))
Edge(63650,121311,(3,9223372036854775807))
Edge(63721,422943,(1,9223372036854775807))
Edge(63823,454273,(3,9223372036854775807))
Edge(64141,147655,(3,9223372036854775807))
Edge(64191,328750,(3,9223372036854775807))
Edge(64613,176312,(3,9223372036854775807))
Edge(64761,421279,(3,9223372036854775807))
Edge(64769,7564,(3,9223372036854775807))
Edge(64790,426176,(3,9223372036854775807))
Edge(64838,216830,(3,9223372036854775807))
Edge(65478,434872,(3,9223372036854775807))
Edge(65482,278503,(1,9223372036854775807))
Edge(65932,269043,(1,3))
Edge(66027,182014,(3,9223372036854775807))
Edge(66456,79606,(3,9223372036854775807))
Edge(66505,482355,(3,9223372036854775807))
Edge(66569,320841,(1,3))
Edge(66695,127312,(1,9223372036854775807))
Edge(66852,257789,(1,9223372036854775807))
Edge(67771,282710,(3,9223372036854775807))
Edge(68138,366296,(3,9223372036854775807))
Edge(68146,462463,(3,9223372036854775807))
Edge(68341,498197,(3,9223372036854775807))
Edge(68479,154536,(3,9223372036854775807))
Edge(68597,341513,(3,9223372036854775807))
Edge(68988,495785,(3,9223372036854775807))
Edge(69423,47578,(3,9223372036854775807))
Edge(69553,85368,(3,9223372036854775807))
Edge(69614,208023,(3,9223372036854775807))
Edge(69749,457636,(3,9223372036854775807))
Edge(69967,81112,(1,9223372036854775807))
Edge(70427,456900,(3,9223372036854775807))
Edge(70666,103666,(1,3))
Edge(70771,180878,(3,9223372036854775807))
Edge(71270,378141,(3,9223372036854775807))
Edge(71340,225501,(3,9223372036854775807))
Edge(71402,363341,(3,9223372036854775807))
Edge(71691,282741,(3,9223372036854775807))
Edge(71933,313188,(3,9223372036854775807))
Edge(72671,475457,(3,9223372036854775807))
Edge(72678,23889,(1,9223372036854775807))
Edge(72688,84040,(3,9223372036854775807))
Edge(72870,364298,(3,9223372036854775807))
Edge(73080,38685,(3,9223372036854775807))
Edge(73086,133182,(3,9223372036854775807))
Edge(73525,439505,(3,9223372036854775807))
Edge(73822,83015,(3,9223372036854775807))
Edge(73974,16221,(3,9223372036854775807))
Edge(74051,186980,(3,9223372036854775807))
Edge(74692,163189,(1,3))
Edge(75814,348579,(3,9223372036854775807))
Edge(75953,473577,(3,9223372036854775807))
Edge(76382,11794,(3,9223372036854775807))
Edge(76488,382435,(3,9223372036854775807))
Edge(76811,49964,(3,9223372036854775807))
Edge(76905,105301,(3,9223372036854775807))
Edge(76992,97938,(3,9223372036854775807))
Edge(77237,85754,(3,9223372036854775807))
Edge(77535,4314,(3,9223372036854775807))
Edge(77716,150404,(3,9223372036854775807))
Edge(77773,78790,(3,9223372036854775807))
Edge(77798,486912,(3,9223372036854775807))
Edge(77839,148549,(1,9223372036854775807))
Edge(77907,360090,(3,9223372036854775807))
Edge(78056,12765,(3,9223372036854775807))
Edge(78069,395380,(3,9223372036854775807))
Edge(78673,413694,(3,9223372036854775807))
Edge(79006,397595,(1,9223372036854775807))
Edge(79516,144026,(3,9223372036854775807))
Edge(79690,327207,(1,3))
Edge(79750,84119,(3,9223372036854775807))
Edge(80040,116186,(3,9223372036854775807))
Edge(80140,190269,(3,9223372036854775807))
Edge(80187,224273,(1,9223372036854775807))
Edge(80195,245584,(3,9223372036854775807))
Edge(80623,90814,(3,9223372036854775807))
Edge(80703,83367,(1,9223372036854775807))
Edge(80845,447503,(3,9223372036854775807))
Edge(80865,109937,(1,9223372036854775807))
Edge(80922,316375,(3,9223372036854775807))
Edge(81013,466935,(1,9223372036854775807))
Edge(81553,98480,(1,9223372036854775807))
Edge(81704,166431,(3,9223372036854775807))
Edge(82269,59515,(3,9223372036854775807))
Edge(82506,181827,(3,9223372036854775807))
Edge(82974,267078,(3,9223372036854775807))
Edge(82986,411584,(3,9223372036854775807))
Edge(83201,465501,(3,9223372036854775807))
Edge(83676,1045,(3,9223372036854775807))
Edge(84137,67827,(3,9223372036854775807))
Edge(84183,117496,(3,9223372036854775807))
Edge(84268,434243,(3,9223372036854775807))
Edge(84365,358476,(3,9223372036854775807))
Edge(84529,129679,(1,9223372036854775807))
Edge(84714,36841,(1,9223372036854775807))
Edge(85148,105362,(3,9223372036854775807))
Edge(85267,363134,(3,9223372036854775807))
Edge(85381,102792,(1,9223372036854775807))
Edge(85676,315321,(1,9223372036854775807))
Edge(85824,98308,(3,9223372036854775807))
Edge(86522,420513,(1,9223372036854775807))
Edge(86604,110904,(3,9223372036854775807))
Edge(86798,419032,(3,9223372036854775807))
Edge(87148,236531,(1,9223372036854775807))
Edge(88141,496319,(3,9223372036854775807))
Edge(88308,32374,(3,9223372036854775807))
Edge(89438,11508,(1,3))
Edge(89646,429980,(3,9223372036854775807))
Edge(89695,340002,(3,9223372036854775807))
Edge(90472,458658,(3,9223372036854775807))
Edge(90496,84467,(3,9223372036854775807))
Edge(90701,1155,(3,9223372036854775807))
Edge(90964,493599,(3,9223372036854775807))
Edge(91545,265198,(1,9223372036854775807))
Edge(91617,311492,(1,9223372036854775807))
Edge(91818,83695,(3,9223372036854775807))
Edge(91914,85330,(3,9223372036854775807))
Edge(92174,469555,(3,9223372036854775807))
Edge(92221,371578,(3,9223372036854775807))
Edge(92329,463290,(3,9223372036854775807))
Edge(92420,389168,(1,3))
Edge(92661,363354,(3,9223372036854775807))
Edge(93525,1793,(1,9223372036854775807))
Edge(94802,213457,(1,9223372036854775807))
Edge(94890,72037,(3,9223372036854775807))
Edge(95054,164436,(2,3))
Edge(96549,322637,(3,9223372036854775807))
Edge(96621,374523,(3,9223372036854775807))
Edge(97024,282648,(3,9223372036854775807))
Edge(97582,305533,(1,9223372036854775807))
Edge(97774,402875,(3,9223372036854775807))
Edge(97807,115324,(1,9223372036854775807))
Edge(97839,388894,(1,3))
Edge(98292,5778,(3,9223372036854775807))
Edge(98349,226552,(1,9223372036854775807))
Edge(99044,155592,(3,9223372036854775807))
Edge(99550,332740,(3,9223372036854775807))
Edge(99592,51755,(3,9223372036854775807))
Edge(99731,398955,(1,9223372036854775807))
Edge(99763,64543,(3,9223372036854775807))
Edge(99828,492243,(3,9223372036854775807))
Edge(100079,484110,(1,9223372036854775807))
Edge(100472,391804,(3,9223372036854775807))
Edge(100666,12698,(3,9223372036854775807))
Edge(100841,403246,(3,9223372036854775807))
Edge(100907,115685,(3,9223372036854775807))
Edge(101029,294222,(3,9223372036854775807))
Edge(101173,249440,(3,9223372036854775807))
Edge(101256,331659,(3,9223372036854775807))
Edge(101551,298840,(3,9223372036854775807))
Edge(101644,317509,(3,9223372036854775807))
Edge(101806,96975,(3,9223372036854775807))
Edge(102128,185284,(3,9223372036854775807))
Edge(102229,52498,(1,3))
Edge(102254,478519,(1,9223372036854775807))
Edge(102365,321763,(3,9223372036854775807))
Edge(102787,137049,(3,9223372036854775807))
Edge(102901,359609,(3,9223372036854775807))
Edge(103104,448715,(1,9223372036854775807))
Edge(103586,246271,(3,9223372036854775807))
Edge(103670,279890,(3,9223372036854775807))
Edge(103875,105435,(1,9223372036854775807))
Edge(103887,338562,(1,3))
Edge(103932,417920,(3,9223372036854775807))
Edge(103933,309277,(3,9223372036854775807))
Edge(104086,307012,(3,9223372036854775807))
Edge(105786,27718,(3,9223372036854775807))
Edge(105799,3680,(3,9223372036854775807))
Edge(105989,147576,(3,9223372036854775807))
Edge(106496,306440,(3,9223372036854775807))
Edge(106649,466357,(3,9223372036854775807))
Edge(106994,215175,(3,9223372036854775807))
Edge(107086,307726,(3,9223372036854775807))
Edge(107621,42176,(3,9223372036854775807))
Edge(108006,190264,(3,9223372036854775807))
Edge(108261,43276,(3,9223372036854775807))
Edge(108658,124100,(3,9223372036854775807))
Edge(108931,102505,(1,3))
Edge(109051,456469,(1,3))
Edge(109911,54787,(3,9223372036854775807))
Edge(109939,153993,(3,9223372036854775807))
Edge(110070,432804,(3,9223372036854775807))
Edge(110192,277712,(3,9223372036854775807))
Edge(110467,279873,(3,9223372036854775807))
Edge(110794,173052,(3,9223372036854775807))
Edge(111507,137724,(3,9223372036854775807))
Edge(112113,482755,(1,9223372036854775807))
Edge(112615,183383,(3,9223372036854775807))
Edge(112742,401898,(3,9223372036854775807))
Edge(113157,117,(3,9223372036854775807))
Edge(114049,279333,(3,9223372036854775807))
Edge(114082,354874,(3,9223372036854775807))
Edge(114097,458071,(3,9223372036854775807))
Edge(114839,128968,(1,9223372036854775807))
Edge(115073,115375,(3,9223372036854775807))
Edge(115154,321691,(1,9223372036854775807))
Edge(115171,493175,(3,9223372036854775807))
Edge(115665,219186,(3,9223372036854775807))
Edge(116154,196560,(3,9223372036854775807))
Edge(116165,421633,(1,9223372036854775807))
Edge(116421,143356,(3,9223372036854775807))
Edge(116557,18112,(3,9223372036854775807))
Edge(117073,412949,(3,9223372036854775807))
Edge(118065,414251,(3,9223372036854775807))
Edge(118988,435173,(3,9223372036854775807))
Edge(119072,209795,(3,9223372036854775807))
Edge(119422,246657,(3,9223372036854775807))
Edge(119532,244874,(3,9223372036854775807))
Edge(119698,270932,(1,9223372036854775807))
Edge(119744,93464,(3,9223372036854775807))
Edge(120632,160269,(3,9223372036854775807))
Edge(120648,186754,(3,9223372036854775807))
Edge(120896,308187,(3,9223372036854775807))
Edge(121080,114238,(3,9223372036854775807))
Edge(121227,215413,(1,9223372036854775807))
Edge(121590,182059,(3,9223372036854775807))
Edge(121838,364489,(3,9223372036854775807))
Edge(123014,327252,(1,9223372036854775807))
Edge(123472,7483,(3,9223372036854775807))
Edge(123598,102322,(1,9223372036854775807))
Edge(123602,384386,(3,9223372036854775807))
Edge(123636,375084,(3,9223372036854775807))
Edge(123753,48573,(1,9223372036854775807))
Edge(123758,208104,(3,9223372036854775807))
Edge(123856,354366,(1,9223372036854775807))
Edge(124420,332357,(3,9223372036854775807))
Edge(124705,7189,(3,9223372036854775807))
Edge(124825,190715,(3,9223372036854775807))
Edge(124862,284019,(3,9223372036854775807))
Edge(125238,433359,(1,9223372036854775807))
Edge(125685,242645,(3,9223372036854775807))
Edge(125909,118939,(1,9223372036854775807))
Edge(125964,319354,(1,9223372036854775807))
Edge(125978,122481,(3,9223372036854775807))
Edge(126269,477296,(1,9223372036854775807))
Edge(126717,317427,(3,9223372036854775807))
Edge(127744,280882,(3,9223372036854775807))
Edge(127764,42992,(3,9223372036854775807))
Edge(127917,247176,(3,9223372036854775807))
Edge(128105,159769,(3,9223372036854775807))
Edge(128500,248347,(3,9223372036854775807))
Edge(128515,462582,(3,9223372036854775807))
Edge(128946,273888,(1,9223372036854775807))
Edge(129565,431833,(1,3))
Edge(129865,419632,(1,9223372036854775807))
Edge(130109,295122,(3,9223372036854775807))
Edge(130121,113968,(1,3))
Edge(130141,216859,(3,9223372036854775807))
Edge(130199,295244,(3,9223372036854775807))
Edge(130205,296496,(3,9223372036854775807))
Edge(130435,48474,(3,9223372036854775807))
Edge(130476,385742,(3,9223372036854775807))
Edge(130543,481992,(1,3))
Edge(130609,98470,(3,9223372036854775807))
Edge(130631,441937,(3,9223372036854775807))
Edge(130855,45342,(3,9223372036854775807))
Edge(130907,391634,(4,9223372036854775807))
Edge(131511,232382,(3,9223372036854775807))
Edge(131653,434429,(3,9223372036854775807))
Edge(132147,76520,(1,3))
Edge(132346,116388,(3,9223372036854775807))
Edge(132479,258332,(3,9223372036854775807))
Edge(132598,481439,(1,9223372036854775807))
Edge(132794,70473,(3,9223372036854775807))
Edge(132877,15544,(1,3))
Edge(133406,100033,(3,9223372036854775807))
Edge(133475,16910,(3,9223372036854775807))
Edge(133481,467537,(3,9223372036854775807))
Edge(133803,397543,(3,9223372036854775807))
Edge(133963,359251,(3,9223372036854775807))
Edge(134022,322140,(1,9223372036854775807))
Edge(134101,67085,(1,9223372036854775807))
Edge(134143,423918,(1,3))
Edge(134743,323219,(3,9223372036854775807))
Edge(135024,260114,(3,9223372036854775807))
Edge(135367,194287,(3,9223372036854775807))
Edge(135621,469058,(3,9223372036854775807))
Edge(135876,417801,(3,9223372036854775807))
Edge(136032,325762,(3,9223372036854775807))
Edge(136596,171816,(3,9223372036854775807))
Edge(136893,391456,(3,9223372036854775807))
Edge(137006,99789,(1,9223372036854775807))
Edge(137038,47278,(3,9223372036854775807))
Edge(137139,439768,(3,9223372036854775807))
Edge(137861,491979,(3,9223372036854775807))
Edge(137863,335002,(1,9223372036854775807))
Edge(137892,498925,(3,9223372036854775807))
Edge(138197,237102,(1,9223372036854775807))
Edge(138439,57305,(3,9223372036854775807))
Edge(138503,12622,(1,3))
Edge(138891,225409,(3,9223372036854775807))
Edge(138923,132199,(1,3))
Edge(138940,357702,(3,9223372036854775807))
Edge(139143,454115,(1,9223372036854775807))
Edge(139267,368659,(3,9223372036854775807))
Edge(139393,180732,(3,9223372036854775807))
Edge(139482,93606,(3,9223372036854775807))
Edge(139817,434751,(1,3))
Edge(140178,372001,(3,9223372036854775807))
Edge(140414,344882,(3,9223372036854775807))
Edge(140583,157360,(1,9223372036854775807))
Edge(140690,324519,(1,9223372036854775807))
Edge(142210,89846,(3,9223372036854775807))
Edge(142514,480925,(3,9223372036854775807))
Edge(142518,214799,(3,9223372036854775807))
Edge(143112,222949,(3,9223372036854775807))
Edge(143121,138634,(3,9223372036854775807))
Edge(144111,327686,(3,9223372036854775807))
Edge(144232,212389,(3,9223372036854775807))
Edge(144253,310489,(3,9223372036854775807))
Edge(144416,308808,(3,9223372036854775807))
Edge(144528,234538,(3,9223372036854775807))
Edge(144531,243136,(3,9223372036854775807))
Edge(144589,483788,(3,9223372036854775807))
Edge(144619,164174,(3,9223372036854775807))
Edge(144933,227462,(1,9223372036854775807))
Edge(145117,441351,(3,9223372036854775807))
Edge(145259,210670,(3,9223372036854775807))
Edge(145370,349355,(3,9223372036854775807))
Edge(145987,7556,(1,9223372036854775807))
Edge(146078,479260,(3,9223372036854775807))
Edge(146784,474725,(3,9223372036854775807))
Edge(146974,437581,(3,9223372036854775807))
Edge(147430,28197,(3,9223372036854775807))
Edge(147598,217543,(3,9223372036854775807))
Edge(147913,112020,(3,9223372036854775807))
Edge(148153,92808,(3,9223372036854775807))
Edge(148389,153659,(3,9223372036854775807))
Edge(148438,36804,(3,9223372036854775807))
Edge(148604,461869,(3,9223372036854775807))
Edge(149237,310706,(3,9223372036854775807))
Edge(149837,458617,(3,9223372036854775807))
Edge(149978,447625,(3,9223372036854775807))
Edge(150597,170560,(3,9223372036854775807))
Edge(150685,67258,(3,9223372036854775807))
Edge(151070,3251,(3,9223372036854775807))
Edge(151297,15794,(3,9223372036854775807))
Edge(151890,168616,(3,9223372036854775807))
Edge(152535,393350,(1,9223372036854775807))
Edge(153634,31094,(3,9223372036854775807))
Edge(153707,373847,(1,9223372036854775807))
Edge(154272,137440,(3,9223372036854775807))
Edge(154275,466680,(1,9223372036854775807))
Edge(154469,8862,(3,9223372036854775807))
Edge(154803,127631,(1,9223372036854775807))
Edge(154931,279616,(1,9223372036854775807))
Edge(155120,355921,(3,9223372036854775807))
Edge(155207,281905,(1,9223372036854775807))
Edge(155400,132243,(3,9223372036854775807))
Edge(155436,26151,(3,9223372036854775807))
Edge(155585,394468,(3,9223372036854775807))
Edge(155863,466268,(3,9223372036854775807))
Edge(155875,208913,(3,9223372036854775807))
Edge(156144,487849,(3,9223372036854775807))
Edge(156759,127342,(3,9223372036854775807))
Edge(157144,153071,(3,9223372036854775807))
Edge(157316,185848,(3,9223372036854775807))
Edge(157762,468960,(1,9223372036854775807))
Edge(157773,435333,(3,9223372036854775807))
Edge(157923,492606,(1,9223372036854775807))
Edge(158398,110488,(1,9223372036854775807))
Edge(158454,377461,(1,9223372036854775807))
Edge(158456,172133,(3,9223372036854775807))
Edge(158506,413961,(3,9223372036854775807))
Edge(158698,380134,(3,9223372036854775807))
Edge(158901,319601,(3,9223372036854775807))
Edge(158945,141927,(3,9223372036854775807))
Edge(159224,10315,(3,9223372036854775807))
Edge(159406,54480,(1,3))
Edge(159658,282141,(3,9223372036854775807))
Edge(159724,111293,(3,9223372036854775807))
Edge(159833,350026,(3,9223372036854775807))
Edge(160032,296637,(3,9223372036854775807))
Edge(160209,155683,(3,9223372036854775807))
Edge(160541,474718,(3,9223372036854775807))
Edge(160856,302774,(3,9223372036854775807))
Edge(160869,153029,(3,9223372036854775807))
Edge(160977,355381,(3,9223372036854775807))
Edge(161609,179245,(3,9223372036854775807))
Edge(161921,131635,(1,9223372036854775807))
Edge(162782,170832,(1,9223372036854775807))
Edge(163024,418870,(3,9223372036854775807))
Edge(163071,374295,(3,9223372036854775807))
Edge(163747,1086,(3,9223372036854775807))
Edge(163926,84262,(1,9223372036854775807))
Edge(164543,48276,(3,9223372036854775807))
Edge(164805,471522,(3,9223372036854775807))
Edge(164940,454642,(3,9223372036854775807))
Edge(164957,81633,(1,3))
Edge(165042,37755,(1,3))
Edge(165111,361653,(3,9223372036854775807))
Edge(165120,388458,(3,9223372036854775807))
Edge(165398,454778,(3,9223372036854775807))
Edge(165495,304584,(3,9223372036854775807))
Edge(165698,203557,(3,9223372036854775807))
Edge(166235,148554,(1,9223372036854775807))
Edge(166480,255603,(3,9223372036854775807))
Edge(166556,48600,(3,9223372036854775807))
Edge(166640,364276,(3,9223372036854775807))
Edge(166670,418311,(3,9223372036854775807))
Edge(166818,85970,(3,9223372036854775807))
Edge(167127,33942,(3,9223372036854775807))
Edge(167456,360234,(1,9223372036854775807))
Edge(167571,173775,(3,9223372036854775807))
Edge(167822,329180,(1,9223372036854775807))
Edge(168152,333599,(3,9223372036854775807))
Edge(168238,178214,(3,9223372036854775807))
Edge(168428,403094,(3,9223372036854775807))
Edge(169119,461894,(1,9223372036854775807))
Edge(170336,25714,(1,9223372036854775807))
Edge(170690,16314,(1,9223372036854775807))
Edge(170805,266199,(3,9223372036854775807))
Edge(170826,456366,(3,9223372036854775807))
Edge(170829,346465,(1,9223372036854775807))
Edge(171186,238565,(1,3))
Edge(171452,150208,(3,9223372036854775807))
Edge(171467,52575,(3,9223372036854775807))
Edge(171672,342863,(3,9223372036854775807))
Edge(172155,278447,(3,9223372036854775807))
Edge(172375,421318,(3,9223372036854775807))
Edge(172731,263392,(3,9223372036854775807))
Edge(173106,59993,(1,9223372036854775807))
Edge(173344,33438,(3,9223372036854775807))
Edge(173599,71600,(3,9223372036854775807))
Edge(173674,81212,(3,9223372036854775807))
Edge(173997,415214,(1,9223372036854775807))
Edge(175383,1920,(1,9223372036854775807))
Edge(175551,82320,(1,3))
Edge(175626,228226,(3,9223372036854775807))
Edge(175808,490513,(1,9223372036854775807))
Edge(176279,422143,(3,9223372036854775807))
Edge(176678,178133,(3,9223372036854775807))
Edge(176709,152355,(3,9223372036854775807))
Edge(176870,155090,(3,9223372036854775807))
Edge(176970,71044,(3,9223372036854775807))
Edge(177288,203619,(3,9223372036854775807))
Edge(177804,101348,(3,9223372036854775807))
Edge(178586,378837,(3,9223372036854775807))
Edge(178772,44438,(3,9223372036854775807))
Edge(178848,13411,(3,9223372036854775807))
Edge(178950,411112,(3,9223372036854775807))
Edge(178982,55954,(3,9223372036854775807))
Edge(179121,281167,(3,9223372036854775807))
Edge(179155,118423,(1,3))
Edge(179459,433383,(3,9223372036854775807))
Edge(179980,326927,(3,9223372036854775807))
Edge(180007,98488,(3,9223372036854775807))
Edge(180050,190976,(1,3))
Edge(180110,379382,(3,9223372036854775807))
Edge(180515,487204,(3,9223372036854775807))
Edge(180574,114805,(3,9223372036854775807))
Edge(180582,223634,(3,9223372036854775807))
Edge(181265,450658,(3,9223372036854775807))
Edge(181288,393508,(3,9223372036854775807))
Edge(181307,492659,(3,9223372036854775807))
Edge(181402,423405,(3,9223372036854775807))
Edge(181827,88901,(1,9223372036854775807))
Edge(182193,312965,(3,9223372036854775807))
Edge(182211,425841,(3,9223372036854775807))
Edge(182291,20890,(1,9223372036854775807))
Edge(182472,39920,(3,9223372036854775807))
Edge(182715,395323,(1,3))
Edge(182778,478390,(3,9223372036854775807))
Edge(183612,289449,(1,9223372036854775807))
Edge(184069,317651,(3,9223372036854775807))
Edge(184169,364551,(3,9223372036854775807))
Edge(184177,55610,(3,9223372036854775807))
Edge(184374,212092,(3,9223372036854775807))
Edge(184387,120182,(3,9223372036854775807))
Edge(185426,259414,(3,9223372036854775807))
Edge(185539,158506,(3,9223372036854775807))
Edge(186146,479295,(1,9223372036854775807))
Edge(186546,99208,(3,9223372036854775807))
Edge(186562,105976,(3,9223372036854775807))
Edge(186663,322740,(3,9223372036854775807))
Edge(186666,394818,(3,9223372036854775807))
Edge(186804,357415,(3,9223372036854775807))
Edge(187053,23557,(3,9223372036854775807))
Edge(187116,448563,(3,9223372036854775807))
Edge(187505,237882,(3,9223372036854775807))
Edge(187888,327722,(3,9223372036854775807))
Edge(188268,441705,(3,9223372036854775807))
Edge(188272,367475,(3,9223372036854775807))
Edge(188557,499057,(3,9223372036854775807))
Edge(188665,71229,(1,9223372036854775807))
Edge(188959,273306,(3,9223372036854775807))
Edge(189173,25629,(3,9223372036854775807))
Edge(189529,7283,(1,9223372036854775807))
Edge(189843,72811,(3,9223372036854775807))
Edge(190339,357243,(1,9223372036854775807))
Edge(190397,205883,(3,9223372036854775807))
Edge(190416,4331,(3,9223372036854775807))
Edge(190929,487507,(3,9223372036854775807))
Edge(191539,477113,(3,9223372036854775807))
Edge(191615,126769,(1,9223372036854775807))
Edge(191678,254344,(3,9223372036854775807))
Edge(191808,256226,(3,9223372036854775807))
Edge(192031,374699,(3,9223372036854775807))
Edge(192247,251457,(3,9223372036854775807))
Edge(192911,184728,(3,9223372036854775807))
Edge(192981,194392,(3,9223372036854775807))
Edge(193089,130794,(3,9223372036854775807))
Edge(193477,261182,(3,9223372036854775807))
Edge(193697,91471,(1,9223372036854775807))
Edge(194153,366812,(3,9223372036854775807))
Edge(194153,404405,(3,9223372036854775807))
Edge(194164,331535,(3,9223372036854775807))
Edge(194361,250999,(3,9223372036854775807))
Edge(194686,470945,(3,9223372036854775807))
Edge(194826,135327,(3,9223372036854775807))
Edge(194918,469535,(3,9223372036854775807))
Edge(195213,133336,(1,9223372036854775807))
Edge(195441,13268,(3,9223372036854775807))
Edge(195491,170187,(3,9223372036854775807))
Edge(195614,158237,(1,9223372036854775807))
Edge(195711,201774,(3,4))
Edge(195985,284075,(3,9223372036854775807))
Edge(196233,391207,(3,9223372036854775807))
Edge(196630,389864,(3,9223372036854775807))
Edge(196731,480149,(3,9223372036854775807))
Edge(198067,111604,(3,9223372036854775807))
Edge(198131,115617,(3,9223372036854775807))
Edge(198227,61550,(1,3))
Edge(198268,145162,(3,9223372036854775807))
Edge(198493,309394,(3,9223372036854775807))
Edge(198699,368017,(3,9223372036854775807))
Edge(199324,162652,(3,9223372036854775807))
Edge(199950,191501,(3,9223372036854775807))
Edge(200238,403352,(3,9223372036854775807))
Edge(200397,155840,(3,9223372036854775807))
Edge(200941,174474,(3,9223372036854775807))
Edge(201169,50643,(3,9223372036854775807))
Edge(201510,487545,(3,9223372036854775807))
Edge(201526,140623,(3,9223372036854775807))
Edge(202004,170616,(1,9223372036854775807))
Edge(202222,97663,(3,9223372036854775807))
Edge(202394,235669,(3,9223372036854775807))
Edge(202704,396090,(3,9223372036854775807))
Edge(202956,103693,(3,9223372036854775807))
Edge(202967,199084,(3,9223372036854775807))
Edge(203436,244324,(3,9223372036854775807))
Edge(203498,180674,(3,9223372036854775807))
Edge(203512,316273,(1,9223372036854775807))
Edge(203607,19294,(3,9223372036854775807))
Edge(203715,170637,(3,9223372036854775807))
Edge(204287,64200,(3,9223372036854775807))
Edge(204320,449796,(3,9223372036854775807))
Edge(204321,352502,(1,9223372036854775807))
Edge(204982,271824,(1,9223372036854775807))
Edge(205568,20190,(3,9223372036854775807))
Edge(205609,33733,(3,9223372036854775807))
Edge(206103,23431,(3,9223372036854775807))
Edge(206346,179219,(1,9223372036854775807))
Edge(206543,432680,(1,9223372036854775807))
Edge(206871,305920,(3,9223372036854775807))
Edge(206876,471282,(3,9223372036854775807))
Edge(207140,397162,(3,9223372036854775807))
Edge(207669,361767,(3,9223372036854775807))
Edge(208009,239862,(3,9223372036854775807))
Edge(208069,463376,(1,9223372036854775807))
Edge(208126,452941,(3,9223372036854775807))
Edge(208570,41790,(3,9223372036854775807))
Edge(208792,216355,(3,9223372036854775807))
Edge(208982,474792,(3,9223372036854775807))
Edge(209477,358869,(3,9223372036854775807))
Edge(209801,270036,(1,9223372036854775807))
Edge(209807,83708,(3,9223372036854775807))
Edge(209903,497664,(3,9223372036854775807))
Edge(210630,259355,(3,9223372036854775807))
Edge(210844,467968,(3,9223372036854775807))
Edge(210960,412321,(3,9223372036854775807))
Edge(211308,12464,(1,3))
Edge(211609,437367,(3,9223372036854775807))
Edge(211639,148725,(1,9223372036854775807))
Edge(212524,439796,(3,9223372036854775807))
Edge(212720,115924,(1,3))
Edge(212803,352282,(3,9223372036854775807))
Edge(212883,429172,(3,9223372036854775807))
Edge(213427,352070,(3,9223372036854775807))
Edge(213524,87426,(1,9223372036854775807))
Edge(213550,247689,(3,9223372036854775807))
Edge(214066,376400,(4,9223372036854775807))
Edge(214092,400559,(3,9223372036854775807))
Edge(214360,392383,(1,3))
Edge(214720,15511,(1,9223372036854775807))
Edge(214937,614,(3,9223372036854775807))
Edge(215057,234202,(3,9223372036854775807))
Edge(215148,145399,(3,9223372036854775807))
Edge(215415,76298,(3,9223372036854775807))
Edge(215441,288810,(1,9223372036854775807))
Edge(215532,325027,(3,9223372036854775807))
Edge(216195,384192,(3,9223372036854775807))
Edge(216295,213011,(1,9223372036854775807))
Edge(216816,422056,(3,9223372036854775807))
Edge(216877,124667,(1,9223372036854775807))
Edge(216898,347035,(1,3))
Edge(217246,443935,(3,9223372036854775807))
Edge(217312,365235,(1,3))
Edge(217495,167762,(3,9223372036854775807))
Edge(217613,388967,(3,9223372036854775807))
Edge(217876,383014,(3,9223372036854775807))
Edge(218060,392373,(3,9223372036854775807))
Edge(218191,89514,(3,9223372036854775807))
Edge(218659,302319,(3,9223372036854775807))
Edge(218831,54365,(3,9223372036854775807))
Edge(218996,388711,(3,9223372036854775807))
Edge(219241,263240,(3,9223372036854775807))
Edge(219369,251100,(3,9223372036854775807))
Edge(219920,469497,(3,9223372036854775807))
Edge(220707,131397,(3,9223372036854775807))
Edge(220754,458254,(1,3))
Edge(220851,361024,(3,9223372036854775807))
Edge(221385,296607,(3,9223372036854775807))
Edge(221840,1629,(1,9223372036854775807))
Edge(222477,130641,(3,9223372036854775807))
Edge(222551,421779,(3,9223372036854775807))
Edge(222555,298587,(3,9223372036854775807))
Edge(224036,300736,(3,9223372036854775807))
Edge(224226,380774,(3,9223372036854775807))
Edge(224550,250556,(3,9223372036854775807))
Edge(225402,212501,(3,9223372036854775807))
Edge(225513,311956,(1,9223372036854775807))
Edge(225546,324894,(3,9223372036854775807))
Edge(225550,250211,(3,9223372036854775807))
Edge(226519,44667,(3,9223372036854775807))
Edge(226528,463420,(1,9223372036854775807))
Edge(227086,486428,(3,9223372036854775807))
Edge(227558,331492,(3,9223372036854775807))
Edge(228244,305325,(3,9223372036854775807))
Edge(228292,110197,(1,9223372036854775807))
Edge(228539,111435,(3,9223372036854775807))
Edge(228630,245085,(3,9223372036854775807))
Edge(228959,375542,(3,9223372036854775807))
Edge(229151,222631,(3,9223372036854775807))
Edge(229377,458416,(3,9223372036854775807))
Edge(229571,144800,(1,9223372036854775807))
Edge(229657,392989,(3,9223372036854775807))
Edge(229733,288155,(3,9223372036854775807))
Edge(229737,33055,(3,9223372036854775807))
Edge(230019,297991,(3,9223372036854775807))
Edge(230239,451565,(1,9223372036854775807))
Edge(230275,381493,(3,9223372036854775807))
Edge(230459,82956,(3,9223372036854775807))
Edge(230486,439345,(3,9223372036854775807))
Edge(230608,364350,(3,9223372036854775807))
Edge(230938,111709,(3,9223372036854775807))
Edge(231067,452546,(3,9223372036854775807))
Edge(231883,359084,(3,9223372036854775807))
Edge(233213,208547,(3,9223372036854775807))
Edge(233304,416960,(3,9223372036854775807))
Edge(233743,323775,(3,9223372036854775807))
Edge(233812,144031,(3,9223372036854775807))
Edge(234473,458950,(3,9223372036854775807))
Edge(234610,7895,(3,9223372036854775807))
Edge(234792,56063,(3,9223372036854775807))
Edge(234952,407427,(3,9223372036854775807))
Edge(235169,258302,(3,9223372036854775807))
Edge(235170,183668,(3,9223372036854775807))
Edge(235319,93694,(3,9223372036854775807))
Edge(235939,1205,(3,9223372036854775807))
Edge(236002,169019,(3,9223372036854775807))
Edge(236366,202205,(3,9223372036854775807))
Edge(236669,88371,(1,9223372036854775807))
Edge(236684,158719,(3,9223372036854775807))
Edge(237131,32609,(3,9223372036854775807))
Edge(237388,217737,(3,9223372036854775807))
Edge(237427,421699,(1,3))
Edge(238069,203778,(3,9223372036854775807))
Edge(238198,284521,(3,9223372036854775807))
Edge(238217,193065,(3,9223372036854775807))
Edge(238369,283036,(1,9223372036854775807))
Edge(238583,134243,(3,9223372036854775807))
Edge(238699,104731,(3,9223372036854775807))
Edge(238859,133081,(3,9223372036854775807))
Edge(239119,360714,(3,9223372036854775807))
Edge(239388,40892,(3,9223372036854775807))
Edge(240135,54797,(3,9223372036854775807))
Edge(240141,268864,(3,9223372036854775807))
Edge(241522,114367,(3,9223372036854775807))
Edge(241954,161380,(1,9223372036854775807))
Edge(242350,416838,(3,9223372036854775807))
Edge(243204,112048,(3,9223372036854775807))
Edge(243243,471937,(3,9223372036854775807))
Edge(243537,307998,(1,9223372036854775807))
Edge(243766,98646,(3,9223372036854775807))
Edge(244175,210091,(3,9223372036854775807))
Edge(244359,426541,(3,9223372036854775807))
Edge(244404,58805,(3,9223372036854775807))
Edge(245139,40585,(3,9223372036854775807))
Edge(245551,86391,(3,9223372036854775807))
Edge(245795,473450,(3,9223372036854775807))
Edge(245895,301520,(3,9223372036854775807))
Edge(246061,429520,(3,9223372036854775807))
Edge(247641,284041,(3,9223372036854775807))
Edge(247856,345095,(1,3))
Edge(248184,7764,(3,9223372036854775807))
Edge(248230,25549,(3,9223372036854775807))
Edge(248246,488850,(3,9223372036854775807))
Edge(249010,460643,(3,9223372036854775807))
Edge(249195,418444,(3,9223372036854775807))
Edge(249477,291849,(3,9223372036854775807))
Edge(249533,251164,(3,9223372036854775807))
Edge(249766,416439,(3,9223372036854775807))
Edge(250056,293532,(1,3))
Edge(250238,338424,(3,9223372036854775807))
Edge(250243,5865,(3,9223372036854775807))
Edge(250308,115131,(3,9223372036854775807))
Edge(250491,196665,(1,9223372036854775807))
Edge(251331,306999,(3,4))
Edge(252031,272303,(3,9223372036854775807))
Edge(252249,193751,(3,9223372036854775807))
Edge(252342,240970,(3,9223372036854775807))
Edge(252693,316869,(1,9223372036854775807))
Edge(252758,410569,(3,9223372036854775807))
Edge(253048,298689,(3,9223372036854775807))
Edge(253163,296453,(3,9223372036854775807))
Edge(253577,358251,(3,9223372036854775807))
Edge(253674,107396,(3,9223372036854775807))
Edge(253691,172836,(3,9223372036854775807))
Edge(254547,144911,(3,9223372036854775807))
Edge(254563,230482,(3,9223372036854775807))
Edge(254833,45742,(3,9223372036854775807))
Edge(255233,184243,(3,9223372036854775807))
Edge(255245,152178,(3,9223372036854775807))
Edge(255407,396204,(3,9223372036854775807))
Edge(255462,97802,(3,9223372036854775807))
Edge(255758,114421,(3,9223372036854775807))
Edge(256127,137902,(3,9223372036854775807))
Edge(256305,48446,(1,9223372036854775807))
Edge(256813,277913,(3,9223372036854775807))
Edge(257194,457435,(1,9223372036854775807))
Edge(258130,9679,(1,9223372036854775807))
Edge(259264,39184,(3,9223372036854775807))
Edge(259433,235391,(3,9223372036854775807))
Edge(259775,311973,(3,9223372036854775807))
Edge(260159,481828,(3,9223372036854775807))
Edge(260174,62943,(3,9223372036854775807))
Edge(260296,358727,(3,9223372036854775807))
Edge(261099,436372,(3,9223372036854775807))
Edge(261473,348132,(3,9223372036854775807))
Edge(261702,287075,(4,9223372036854775807))
Edge(262044,297363,(3,9223372036854775807))
Edge(262223,8315,(1,9223372036854775807))
Edge(262832,190666,(3,9223372036854775807))
Edge(263011,278516,(3,9223372036854775807))
Edge(263223,179395,(3,9223372036854775807))
Edge(263474,356663,(3,9223372036854775807))
Edge(263501,1669,(3,9223372036854775807))
Edge(263782,396400,(3,9223372036854775807))
Edge(264045,13753,(1,3))
Edge(265136,227512,(3,9223372036854775807))
Edge(265550,278825,(3,9223372036854775807))
Edge(265658,483544,(3,9223372036854775807))
Edge(265866,487819,(3,9223372036854775807))
Edge(266682,101061,(1,3))
Edge(267024,467526,(3,9223372036854775807))
Edge(267420,117860,(3,9223372036854775807))
Edge(267638,188262,(3,9223372036854775807))
Edge(267909,33809,(3,9223372036854775807))
Edge(268027,52548,(3,9223372036854775807))
Edge(268050,496752,(3,9223372036854775807))
Edge(268176,400692,(1,3))
Edge(268441,431216,(1,9223372036854775807))
Edge(268443,272260,(3,9223372036854775807))
Edge(268698,20998,(3,9223372036854775807))
Edge(269408,236340,(1,3))
Edge(269813,120337,(3,9223372036854775807))
Edge(270167,97335,(3,9223372036854775807))
Edge(270508,90599,(1,3))
Edge(270721,121434,(3,9223372036854775807))
Edge(270790,219503,(3,9223372036854775807))
Edge(270892,78132,(1,3))
Edge(271110,68792,(1,9223372036854775807))
Edge(271201,442484,(1,9223372036854775807))
Edge(271624,423154,(3,9223372036854775807))
Edge(271772,348960,(1,9223372036854775807))
Edge(272049,352369,(3,9223372036854775807))
Edge(272208,42179,(3,9223372036854775807))
Edge(272335,125598,(3,9223372036854775807))
Edge(272381,43869,(1,3))
Edge(272466,67519,(3,9223372036854775807))
Edge(272730,75645,(3,9223372036854775807))
Edge(272746,221624,(3,9223372036854775807))
Edge(272991,242951,(3,9223372036854775807))
Edge(273049,479458,(3,9223372036854775807))
Edge(273362,361544,(3,9223372036854775807))
Edge(273384,99834,(3,9223372036854775807))
Edge(273384,410679,(3,9223372036854775807))
Edge(273540,227681,(1,9223372036854775807))
Edge(274031,201317,(3,9223372036854775807))
Edge(274035,194047,(1,3))
Edge(274389,276863,(3,9223372036854775807))
Edge(274843,281949,(3,9223372036854775807))
Edge(274915,347591,(3,9223372036854775807))
Edge(275540,149537,(1,9223372036854775807))
Edge(276895,36880,(3,9223372036854775807))
Edge(277324,190758,(1,9223372036854775807))
Edge(277852,484714,(1,9223372036854775807))
Edge(277871,442312,(3,9223372036854775807))
Edge(278318,391581,(3,9223372036854775807))
Edge(278369,466602,(3,9223372036854775807))
Edge(279244,47687,(1,9223372036854775807))
Edge(279958,55187,(3,9223372036854775807))
Edge(280361,419294,(3,9223372036854775807))
Edge(280638,299455,(3,9223372036854775807))
Edge(281092,486785,(3,9223372036854775807))
Edge(281094,490010,(3,9223372036854775807))
Edge(281228,240598,(3,9223372036854775807))
Edge(281590,73921,(3,9223372036854775807))
Edge(282552,493053,(3,9223372036854775807))
Edge(282746,194617,(3,9223372036854775807))
Edge(283164,181795,(1,9223372036854775807))
Edge(283230,39110,(3,9223372036854775807))
Edge(283484,388866,(3,9223372036854775807))
Edge(283529,454984,(3,9223372036854775807))
Edge(283962,146232,(3,9223372036854775807))
Edge(284150,127012,(3,9223372036854775807))
Edge(284151,208493,(1,9223372036854775807))
Edge(284882,205806,(3,9223372036854775807))
Edge(285167,272907,(3,9223372036854775807))
Edge(285537,400847,(3,9223372036854775807))
Edge(285589,127954,(1,9223372036854775807))
Edge(285936,71775,(3,9223372036854775807))
Edge(286117,29135,(3,9223372036854775807))
Edge(286193,60274,(3,9223372036854775807))
Edge(286198,408722,(3,9223372036854775807))
Edge(286355,74994,(2,9223372036854775807))
Edge(286415,252499,(3,9223372036854775807))
Edge(286542,264448,(3,9223372036854775807))
Edge(287074,53834,(1,9223372036854775807))
Edge(287079,148460,(1,3))
Edge(287361,54204,(3,9223372036854775807))
Edge(288133,390130,(1,9223372036854775807))
Edge(288738,254917,(3,9223372036854775807))
Edge(289008,43501,(3,9223372036854775807))
Edge(289046,311182,(3,9223372036854775807))
Edge(289713,295205,(4,9223372036854775807))
Edge(290118,464785,(3,9223372036854775807))
Edge(290255,210419,(3,9223372036854775807))
Edge(290293,140947,(1,3))
Edge(291271,416103,(3,9223372036854775807))
Edge(291311,292264,(1,3))
Edge(291517,247431,(1,3))
Edge(291527,312694,(3,9223372036854775807))
Edge(291536,473028,(3,9223372036854775807))
Edge(291624,448038,(1,3))
Edge(291734,270296,(3,9223372036854775807))
Edge(291971,30467,(3,9223372036854775807))
Edge(292113,402233,(3,9223372036854775807))
Edge(292830,252018,(3,9223372036854775807))
Edge(292838,427693,(3,9223372036854775807))
Edge(293060,330350,(3,9223372036854775807))
Edge(293347,202801,(3,9223372036854775807))
Edge(293989,223243,(1,9223372036854775807))
Edge(294337,443581,(3,9223372036854775807))
Edge(294392,472924,(3,9223372036854775807))
Edge(294717,492191,(3,9223372036854775807))
Edge(294864,487000,(1,9223372036854775807))
Edge(295205,50848,(3,9223372036854775807))
Edge(295275,260488,(3,9223372036854775807))
Edge(295917,116925,(3,9223372036854775807))
Edge(296414,98989,(3,9223372036854775807))
Edge(296987,86618,(3,9223372036854775807))
Edge(297118,345804,(3,9223372036854775807))
Edge(297297,440270,(3,9223372036854775807))
Edge(298293,447385,(3,9223372036854775807))
Edge(298433,271496,(3,9223372036854775807))
Edge(298687,499072,(3,9223372036854775807))
Edge(298814,246414,(3,9223372036854775807))
Edge(298818,368241,(1,9223372036854775807))
Edge(298836,185671,(3,9223372036854775807))
Edge(299242,425726,(3,9223372036854775807))
Edge(299446,298920,(3,9223372036854775807))
Edge(299459,426477,(3,9223372036854775807))
Edge(299475,329789,(3,9223372036854775807))
Edge(299563,380381,(3,9223372036854775807))
Edge(300311,103437,(3,9223372036854775807))
Edge(300397,159767,(3,9223372036854775807))
Edge(300476,334453,(3,9223372036854775807))
Edge(300539,83981,(1,3))
Edge(300576,331352,(3,9223372036854775807))
Edge(300738,148090,(3,9223372036854775807))
Edge(300941,35032,(3,9223372036854775807))
Edge(300949,67122,(3,9223372036854775807))
Edge(301182,71639,(3,9223372036854775807))
Edge(301231,356488,(3,9223372036854775807))
Edge(301780,186324,(3,9223372036854775807))
Edge(301799,32207,(1,9223372036854775807))
Edge(301994,243298,(3,9223372036854775807))
Edge(302007,292294,(3,9223372036854775807))
Edge(302184,161098,(3,9223372036854775807))
Edge(302472,30153,(3,9223372036854775807))
Edge(302485,262921,(3,9223372036854775807))
Edge(303626,434595,(3,9223372036854775807))
Edge(303892,72799,(3,9223372036854775807))
Edge(303953,478352,(3,9223372036854775807))
Edge(304907,100872,(3,9223372036854775807))
Edge(304962,111526,(3,9223372036854775807))
Edge(305814,194831,(3,9223372036854775807))
Edge(305875,179608,(1,9223372036854775807))
Edge(306668,167226,(1,9223372036854775807))
Edge(308499,3728,(3,9223372036854775807))
Edge(309091,151336,(3,9223372036854775807))
Edge(309189,158412,(3,9223372036854775807))
Edge(309701,320603,(3,9223372036854775807))
Edge(309732,68858,(1,9223372036854775807))
Edge(309926,60643,(3,9223372036854775807))
Edge(309967,333609,(3,9223372036854775807))
Edge(310037,308160,(3,9223372036854775807))
Edge(310170,340122,(3,9223372036854775807))
Edge(310937,426052,(3,9223372036854775807))
Edge(311401,244377,(3,9223372036854775807))
Edge(312171,275057,(3,9223372036854775807))
Edge(312186,354872,(3,9223372036854775807))
Edge(312418,72028,(3,9223372036854775807))
Edge(312428,417452,(3,9223372036854775807))
Edge(312584,217079,(3,9223372036854775807))
Edge(312808,378311,(3,9223372036854775807))
Edge(312888,143790,(1,9223372036854775807))
Edge(312944,366905,(3,9223372036854775807))
Edge(314003,495212,(1,9223372036854775807))
Edge(314173,152770,(3,9223372036854775807))
Edge(314501,472159,(1,9223372036854775807))
Edge(314532,120820,(3,9223372036854775807))
Edge(314728,460474,(3,9223372036854775807))
Edge(315277,416239,(3,9223372036854775807))
Edge(315332,136952,(1,9223372036854775807))
Edge(315592,265141,(3,9223372036854775807))
Edge(315690,298888,(1,9223372036854775807))
Edge(315965,364977,(3,9223372036854775807))
Edge(316593,109534,(3,9223372036854775807))
Edge(316733,348647,(3,9223372036854775807))
Edge(316941,288897,(3,9223372036854775807))
Edge(316975,317261,(3,9223372036854775807))
Edge(317083,294452,(3,9223372036854775807))
Edge(317220,493615,(3,9223372036854775807))
Edge(317702,196388,(3,9223372036854775807))
Edge(317875,15147,(3,9223372036854775807))
Edge(318336,250747,(3,9223372036854775807))
Edge(318384,64436,(1,9223372036854775807))
Edge(318584,11136,(3,9223372036854775807))
Edge(318694,125504,(3,9223372036854775807))
Edge(318716,443855,(3,9223372036854775807))
Edge(318884,93176,(3,9223372036854775807))
Edge(319131,499569,(3,9223372036854775807))
Edge(319170,351878,(3,9223372036854775807))
Edge(319295,229624,(3,9223372036854775807))
Edge(319700,203106,(3,9223372036854775807))
Edge(319821,83510,(3,9223372036854775807))
Edge(319893,156105,(3,9223372036854775807))
Edge(319996,63343,(3,9223372036854775807))
Edge(320008,164437,(3,9223372036854775807))
Edge(320427,77741,(3,9223372036854775807))
Edge(320565,441824,(1,3))
Edge(320715,465474,(1,3))
Edge(320804,72101,(1,3))
Edge(321116,53307,(3,9223372036854775807))
Edge(321657,388250,(3,9223372036854775807))
Edge(321760,270593,(3,9223372036854775807))
Edge(321764,304120,(1,9223372036854775807))
Edge(321839,158504,(3,9223372036854775807))
Edge(322115,436214,(3,9223372036854775807))
Edge(322349,176894,(1,3))
Edge(322458,184890,(3,9223372036854775807))
Edge(322552,305883,(3,9223372036854775807))
Edge(323011,177601,(1,9223372036854775807))
Edge(323203,373539,(1,9223372036854775807))
Edge(323379,169388,(3,9223372036854775807))
Edge(323566,252709,(3,9223372036854775807))
Edge(323716,180961,(1,3))
Edge(323749,473856,(1,9223372036854775807))
Edge(324009,368809,(1,9223372036854775807))
Edge(324070,30734,(3,9223372036854775807))
Edge(324190,240257,(3,9223372036854775807))
Edge(324200,286714,(3,9223372036854775807))
Edge(324225,482332,(3,9223372036854775807))
Edge(324832,215578,(3,9223372036854775807))
Edge(325198,357044,(3,9223372036854775807))
Edge(325315,49058,(1,9223372036854775807))
Edge(325391,87503,(3,9223372036854775807))
Edge(325451,191804,(3,9223372036854775807))
Edge(325856,376359,(3,9223372036854775807))
Edge(326051,456903,(3,9223372036854775807))
Edge(326131,477645,(3,9223372036854775807))
Edge(326291,72971,(3,9223372036854775807))
Edge(327288,288196,(4,9223372036854775807))
Edge(327417,207678,(3,9223372036854775807))
Edge(328143,132147,(3,9223372036854775807))
Edge(328931,382983,(3,9223372036854775807))
Edge(329051,18741,(3,9223372036854775807))
Edge(329324,152508,(3,9223372036854775807))
Edge(329596,356230,(1,3))
Edge(330329,271742,(3,9223372036854775807))
Edge(330612,88086,(3,9223372036854775807))
Edge(330867,213360,(1,9223372036854775807))
Edge(331016,58177,(3,9223372036854775807))
Edge(331021,258762,(3,9223372036854775807))
Edge(331060,214671,(3,9223372036854775807))
Edge(331714,25147,(3,9223372036854775807))
Edge(332211,25317,(3,9223372036854775807))
Edge(332249,51497,(3,9223372036854775807))
Edge(332573,475815,(3,9223372036854775807))
Edge(333013,318745,(3,9223372036854775807))
Edge(333157,171609,(3,9223372036854775807))
Edge(333242,163916,(3,9223372036854775807))
Edge(333511,414125,(1,9223372036854775807))
Edge(334744,247503,(3,9223372036854775807))
Edge(334817,14047,(3,9223372036854775807))
Edge(335192,282151,(1,9223372036854775807))
Edge(335232,270977,(1,9223372036854775807))
Edge(335712,257375,(3,9223372036854775807))
Edge(336020,141493,(1,3))
Edge(336252,303154,(3,9223372036854775807))
Edge(336396,29969,(3,9223372036854775807))
Edge(336669,165322,(3,9223372036854775807))
Edge(337166,430647,(3,9223372036854775807))
Edge(337185,341808,(3,9223372036854775807))
Edge(337204,383034,(3,9223372036854775807))
Edge(338103,132212,(1,9223372036854775807))
Edge(338125,393583,(1,9223372036854775807))
Edge(338863,26017,(3,9223372036854775807))
Edge(339442,12393,(1,9223372036854775807))
Edge(339547,360524,(1,3))
Edge(339759,155420,(3,9223372036854775807))
Edge(340015,65284,(3,9223372036854775807))
Edge(340084,383483,(3,9223372036854775807))
Edge(340306,231106,(3,9223372036854775807))
Edge(340750,428839,(1,3))
Edge(340906,238083,(3,9223372036854775807))
Edge(340956,340421,(1,9223372036854775807))
Edge(340990,143147,(3,9223372036854775807))
Edge(341343,251253,(3,9223372036854775807))
Edge(341526,152876,(3,9223372036854775807))
Edge(341535,2015,(3,9223372036854775807))
Edge(341666,443036,(3,9223372036854775807))
Edge(341896,257405,(1,9223372036854775807))
Edge(341900,458919,(3,9223372036854775807))
Edge(342125,433764,(3,9223372036854775807))
Edge(342130,363622,(3,9223372036854775807))
Edge(342186,228538,(3,9223372036854775807))
Edge(342215,235051,(3,9223372036854775807))
Edge(342553,471209,(3,9223372036854775807))
Edge(342674,287227,(1,9223372036854775807))
Edge(342740,255630,(3,9223372036854775807))
Edge(343037,411377,(1,9223372036854775807))
Edge(343220,152729,(1,9223372036854775807))
Edge(343671,215946,(1,9223372036854775807))
Edge(344007,413001,(3,9223372036854775807))
Edge(344034,415839,(3,9223372036854775807))
Edge(344142,401131,(3,9223372036854775807))
Edge(344208,233365,(3,9223372036854775807))
Edge(344548,469837,(1,9223372036854775807))
Edge(344771,139538,(4,9223372036854775807))
Edge(344845,195027,(3,9223372036854775807))
Edge(345060,458790,(3,9223372036854775807))
Edge(345172,81365,(1,9223372036854775807))
Edge(346263,241635,(3,9223372036854775807))
Edge(346917,407254,(3,9223372036854775807))
Edge(347567,389180,(1,9223372036854775807))
Edge(347595,149056,(3,9223372036854775807))
Edge(347682,1393,(3,9223372036854775807))
Edge(347714,173401,(1,9223372036854775807))
Edge(348103,476004,(3,9223372036854775807))
Edge(348458,137760,(3,9223372036854775807))
Edge(348740,91786,(3,9223372036854775807))
Edge(348870,495704,(3,9223372036854775807))
Edge(349465,414790,(3,9223372036854775807))
Edge(349806,451581,(3,9223372036854775807))
Edge(350742,124005,(3,9223372036854775807))
Edge(350873,168691,(3,9223372036854775807))
Edge(351107,363117,(1,9223372036854775807))
Edge(351180,386245,(3,9223372036854775807))
Edge(351230,229725,(3,9223372036854775807))
Edge(351296,490725,(3,9223372036854775807))
Edge(351343,255690,(3,9223372036854775807))
Edge(351456,155831,(3,9223372036854775807))
Edge(351520,488649,(3,9223372036854775807))
Edge(351580,14416,(3,9223372036854775807))
Edge(351720,315801,(1,3))
Edge(351817,71938,(1,9223372036854775807))
Edge(351867,420517,(3,9223372036854775807))
Edge(352163,483902,(3,9223372036854775807))
Edge(352289,44795,(1,9223372036854775807))
Edge(352341,400571,(3,9223372036854775807))
Edge(352765,13851,(3,9223372036854775807))
Edge(352874,237912,(3,9223372036854775807))
Edge(352994,227185,(3,9223372036854775807))
Edge(353436,299521,(3,9223372036854775807))
Edge(353549,209861,(1,9223372036854775807))
Edge(353553,128088,(3,9223372036854775807))
Edge(353633,462970,(3,9223372036854775807))
Edge(354329,142957,(1,9223372036854775807))
Edge(354761,205947,(3,9223372036854775807))
Edge(354830,472742,(3,9223372036854775807))
Edge(354957,55532,(3,9223372036854775807))
Edge(355090,224236,(3,9223372036854775807))
Edge(355536,245890,(4,9223372036854775807))
Edge(355599,188161,(1,3))
Edge(355663,432138,(3,9223372036854775807))
Edge(356089,101987,(3,9223372036854775807))
Edge(356203,465196,(1,9223372036854775807))
Edge(356282,91863,(3,9223372036854775807))
Edge(356559,320457,(3,9223372036854775807))
Edge(356572,374049,(3,9223372036854775807))
Edge(356759,343213,(3,9223372036854775807))
Edge(356788,430827,(3,9223372036854775807))
Edge(356943,77490,(3,9223372036854775807))
Edge(356968,211081,(3,9223372036854775807))
Edge(358493,355695,(3,9223372036854775807))
Edge(358720,89646,(3,9223372036854775807))
Edge(358744,159337,(3,9223372036854775807))
Edge(358820,116478,(3,9223372036854775807))
Edge(358939,224191,(3,9223372036854775807))
Edge(359046,153338,(3,9223372036854775807))
Edge(359094,477091,(3,9223372036854775807))
Edge(359180,290737,(3,9223372036854775807))
Edge(359191,19515,(3,9223372036854775807))
Edge(359615,335197,(1,9223372036854775807))
Edge(359839,330860,(1,9223372036854775807))
Edge(360165,264045,(3,9223372036854775807))
Edge(360347,56886,(3,9223372036854775807))
Edge(360439,397032,(1,9223372036854775807))
Edge(360778,497445,(3,9223372036854775807))
Edge(360872,144696,(1,9223372036854775807))
Edge(360929,318391,(3,9223372036854775807))
Edge(361360,22511,(1,3))
Edge(361737,81638,(3,9223372036854775807))
Edge(361969,130395,(3,9223372036854775807))
Edge(362013,216908,(3,9223372036854775807))
Edge(362128,474012,(1,9223372036854775807))
Edge(362148,140028,(3,9223372036854775807))
Edge(362574,169858,(3,9223372036854775807))
Edge(362702,6101,(3,9223372036854775807))
Edge(362895,367491,(3,9223372036854775807))
Edge(363007,339080,(3,9223372036854775807))
Edge(363012,229744,(3,9223372036854775807))
Edge(363480,323752,(3,9223372036854775807))
Edge(363527,5940,(1,9223372036854775807))
Edge(363552,224872,(3,9223372036854775807))
Edge(363612,88654,(3,9223372036854775807))
Edge(363730,378522,(3,9223372036854775807))
Edge(363969,216850,(3,9223372036854775807))
Edge(364268,467486,(1,9223372036854775807))
Edge(364417,25005,(3,9223372036854775807))
Edge(364480,67332,(1,9223372036854775807))
Edge(364480,393656,(3,9223372036854775807))
Edge(364722,215167,(3,9223372036854775807))
Edge(365057,410800,(1,9223372036854775807))
Edge(365065,339650,(3,9223372036854775807))
Edge(365571,243297,(1,9223372036854775807))
Edge(365596,195222,(1,9223372036854775807))
Edge(365707,446728,(3,9223372036854775807))
Edge(366017,322874,(3,9223372036854775807))
Edge(366080,66665,(4,9223372036854775807))
Edge(366972,274524,(3,9223372036854775807))
Edge(367525,15603,(3,9223372036854775807))
Edge(367738,182188,(3,9223372036854775807))
Edge(367835,408633,(3,9223372036854775807))
Edge(368584,434710,(1,9223372036854775807))
Edge(369488,440745,(3,9223372036854775807))
Edge(369552,415660,(3,9223372036854775807))
Edge(369634,102428,(3,9223372036854775807))
Edge(369984,236882,(3,9223372036854775807))
Edge(370168,318311,(3,9223372036854775807))
Edge(370237,486472,(3,9223372036854775807))
Edge(370292,261532,(3,9223372036854775807))
Edge(370335,132056,(3,9223372036854775807))
Edge(370481,227890,(3,9223372036854775807))
Edge(370595,154596,(3,9223372036854775807))
Edge(371257,127679,(3,9223372036854775807))
Edge(371291,265064,(3,9223372036854775807))
Edge(371351,130835,(3,9223372036854775807))
Edge(371677,249681,(3,9223372036854775807))
Edge(372272,389820,(3,9223372036854775807))
Edge(372482,61612,(3,9223372036854775807))
Edge(372508,195337,(3,9223372036854775807))
Edge(372865,329828,(3,9223372036854775807))
Edge(373221,483255,(1,3))
Edge(373284,249641,(3,9223372036854775807))
Edge(373565,232900,(3,9223372036854775807))
Edge(374392,318492,(1,3))
Edge(374539,55447,(1,9223372036854775807))
Edge(374660,110055,(3,9223372036854775807))
Edge(374851,499517,(4,9223372036854775807))
Edge(374861,379930,(1,3))
Edge(374893,497423,(3,9223372036854775807))
Edge(375074,55117,(3,9223372036854775807))
Edge(375251,212295,(3,9223372036854775807))
Edge(375515,230384,(3,9223372036854775807))
Edge(375839,285004,(3,9223372036854775807))
Edge(375943,296059,(3,9223372036854775807))
Edge(375959,7765,(3,9223372036854775807))
Edge(376106,108175,(3,9223372036854775807))
Edge(376209,453166,(3,9223372036854775807))
Edge(376229,415164,(3,9223372036854775807))
Edge(376541,490808,(1,3))
Edge(376563,13313,(3,9223372036854775807))
Edge(376651,371821,(1,3))
Edge(377072,420437,(3,9223372036854775807))
Edge(377262,198697,(1,9223372036854775807))
Edge(377291,247759,(1,3))
Edge(377496,52379,(3,9223372036854775807))
Edge(377521,345815,(1,9223372036854775807))
Edge(377733,462800,(3,9223372036854775807))
Edge(377969,455881,(3,9223372036854775807))
Edge(378172,433766,(3,9223372036854775807))
Edge(378531,400746,(3,9223372036854775807))
Edge(378929,25000,(1,9223372036854775807))
Edge(378975,413853,(1,9223372036854775807))
Edge(379031,71848,(3,9223372036854775807))
Edge(379034,413240,(1,9223372036854775807))
Edge(379170,328513,(3,9223372036854775807))
Edge(379427,11107,(1,3))
Edge(380032,361773,(3,9223372036854775807))
Edge(381713,63745,(3,9223372036854775807))
Edge(381814,207396,(3,9223372036854775807))
Edge(381958,42437,(1,9223372036854775807))
Edge(382062,19684,(3,9223372036854775807))
Edge(382254,235484,(3,9223372036854775807))
Edge(382602,141317,(3,9223372036854775807))
Edge(382999,91625,(2,9223372036854775807))
Edge(383015,449110,(3,9223372036854775807))
Edge(383327,94637,(3,9223372036854775807))
Edge(383492,368011,(3,9223372036854775807))
Edge(383535,229562,(3,9223372036854775807))
Edge(383743,8719,(3,9223372036854775807))
Edge(383780,384788,(3,9223372036854775807))
Edge(383926,10639,(3,9223372036854775807))
Edge(384118,498626,(3,9223372036854775807))
Edge(384896,92932,(3,9223372036854775807))
Edge(385855,99864,(1,9223372036854775807))
Edge(386014,35915,(1,9223372036854775807))
Edge(386085,117428,(3,9223372036854775807))
Edge(386103,110553,(3,9223372036854775807))
Edge(386156,251030,(1,9223372036854775807))
Edge(386270,237795,(1,9223372036854775807))
Edge(386327,186697,(3,9223372036854775807))
Edge(386537,334952,(3,9223372036854775807))
Edge(386781,486615,(3,9223372036854775807))
Edge(386820,482767,(3,9223372036854775807))
Edge(386843,261613,(3,9223372036854775807))
Edge(387198,37897,(3,9223372036854775807))
Edge(387477,357637,(1,3))
Edge(387660,227981,(3,9223372036854775807))
Edge(387701,84306,(1,9223372036854775807))
Edge(388057,316235,(3,9223372036854775807))
Edge(388065,356084,(3,9223372036854775807))
Edge(388588,73161,(1,9223372036854775807))
Edge(388682,44989,(3,9223372036854775807))
Edge(389177,155085,(3,9223372036854775807))
Edge(389263,185610,(3,9223372036854775807))
Edge(389533,353846,(1,9223372036854775807))
Edge(389757,446596,(3,9223372036854775807))
Edge(389951,327347,(3,9223372036854775807))
Edge(390016,2780,(3,9223372036854775807))
Edge(390028,139121,(3,9223372036854775807))
Edge(390514,340381,(1,3))
Edge(390862,182615,(3,9223372036854775807))
Edge(390920,88287,(1,9223372036854775807))
Edge(391550,423530,(1,9223372036854775807))
Edge(391604,115703,(3,9223372036854775807))
Edge(392097,221680,(3,9223372036854775807))
Edge(392727,247425,(1,9223372036854775807))
Edge(392956,211474,(3,9223372036854775807))
Edge(393256,68588,(3,9223372036854775807))
Edge(393673,362370,(3,9223372036854775807))
Edge(393932,272654,(3,9223372036854775807))
Edge(394299,34540,(3,9223372036854775807))
Edge(394359,51866,(3,9223372036854775807))
Edge(394717,461732,(3,9223372036854775807))
Edge(394758,209564,(1,9223372036854775807))
Edge(395178,179470,(3,9223372036854775807))
Edge(395352,381113,(1,9223372036854775807))
Edge(395359,471397,(3,9223372036854775807))
Edge(395470,9798,(1,9223372036854775807))
Edge(395605,432252,(3,9223372036854775807))
Edge(395718,258935,(3,9223372036854775807))
Edge(395771,314591,(3,9223372036854775807))
Edge(396330,439428,(3,9223372036854775807))
Edge(396737,154414,(3,9223372036854775807))
Edge(396742,251606,(3,9223372036854775807))
Edge(396779,485409,(1,3))
Edge(396793,486715,(3,9223372036854775807))
Edge(396869,306767,(3,9223372036854775807))
Edge(397221,51788,(3,9223372036854775807))
Edge(397301,323273,(3,9223372036854775807))
Edge(397501,445505,(3,9223372036854775807))
Edge(397582,342872,(4,9223372036854775807))
Edge(398044,114145,(3,9223372036854775807))
Edge(398084,238321,(3,9223372036854775807))
Edge(398228,159408,(3,9223372036854775807))
Edge(398824,295230,(3,9223372036854775807))
Edge(398833,91674,(1,3))
Edge(399364,124870,(3,9223372036854775807))
Edge(399387,392278,(3,9223372036854775807))
Edge(399412,257909,(3,9223372036854775807))
Edge(399467,9213,(3,9223372036854775807))
Edge(399890,216603,(3,9223372036854775807))
Edge(400089,53621,(3,9223372036854775807))
Edge(400606,167716,(3,9223372036854775807))
Edge(400942,154513,(3,9223372036854775807))
Edge(401048,188345,(3,9223372036854775807))
Edge(401080,825,(3,9223372036854775807))
Edge(401273,477039,(3,9223372036854775807))
Edge(401482,385598,(3,9223372036854775807))
Edge(401706,234568,(3,9223372036854775807))
Edge(402013,189671,(3,9223372036854775807))
Edge(402057,384378,(3,9223372036854775807))
Edge(402181,361075,(1,9223372036854775807))
Edge(402347,338921,(3,9223372036854775807))
Edge(402650,451130,(3,9223372036854775807))
Edge(402673,42778,(3,9223372036854775807))
Edge(403404,149922,(1,3))
Edge(404005,295571,(3,9223372036854775807))
Edge(404605,441582,(1,9223372036854775807))
Edge(404881,114518,(3,9223372036854775807))
Edge(404984,184839,(1,9223372036854775807))
Edge(404994,232144,(1,3))
Edge(405001,168045,(1,9223372036854775807))
Edge(405119,185373,(3,9223372036854775807))
Edge(405145,265909,(3,9223372036854775807))
Edge(405380,82672,(3,9223372036854775807))
Edge(405456,362434,(3,9223372036854775807))
Edge(405665,232349,(3,9223372036854775807))
Edge(406377,141244,(3,9223372036854775807))
Edge(406381,489060,(3,9223372036854775807))
Edge(406633,430527,(3,9223372036854775807))
Edge(406734,60710,(3,9223372036854775807))
Edge(406900,119954,(1,9223372036854775807))
Edge(407186,256353,(3,9223372036854775807))
Edge(407397,385944,(3,9223372036854775807))
Edge(407511,374864,(3,9223372036854775807))
Edge(407966,266261,(3,9223372036854775807))
Edge(408298,296105,(3,9223372036854775807))
Edge(408671,319310,(1,9223372036854775807))
Edge(409003,61721,(3,9223372036854775807))
Edge(409085,362047,(3,9223372036854775807))
Edge(409277,224780,(1,9223372036854775807))
Edge(409451,59556,(3,9223372036854775807))
Edge(409683,153961,(1,9223372036854775807))
Edge(410172,204211,(3,9223372036854775807))
Edge(410296,138609,(3,9223372036854775807))
Edge(410446,264764,(3,9223372036854775807))
Edge(410607,219238,(3,9223372036854775807))
Edge(410749,343921,(3,9223372036854775807))
Edge(411066,313361,(3,9223372036854775807))
Edge(411087,313825,(3,9223372036854775807))
Edge(411459,427988,(1,9223372036854775807))
Edge(412192,2667,(3,9223372036854775807))
Edge(412880,122301,(3,9223372036854775807))
Edge(413099,460329,(3,9223372036854775807))
Edge(413157,322393,(3,9223372036854775807))
Edge(413184,358359,(3,9223372036854775807))
Edge(413616,214963,(3,9223372036854775807))
Edge(414429,96380,(1,9223372036854775807))
Edge(414893,52688,(3,9223372036854775807))
Edge(415079,252194,(3,9223372036854775807))
Edge(415285,212215,(4,9223372036854775807))
Edge(415301,477357,(3,9223372036854775807))
Edge(415493,347895,(3,9223372036854775807))
Edge(416387,81887,(3,9223372036854775807))
Edge(416399,309459,(3,9223372036854775807))
Edge(416881,478539,(3,9223372036854775807))
Edge(416990,214522,(3,9223372036854775807))
Edge(417370,208109,(3,9223372036854775807))
Edge(417415,39500,(3,9223372036854775807))
Edge(417697,153247,(3,9223372036854775807))
Edge(417785,344353,(1,3))
Edge(418576,186680,(1,9223372036854775807))
Edge(418766,344125,(3,9223372036854775807))
Edge(419432,31053,(1,9223372036854775807))
Edge(419763,352838,(1,3))
Edge(419888,250360,(3,9223372036854775807))
Edge(420312,253827,(3,9223372036854775807))
Edge(420463,316397,(1,9223372036854775807))
Edge(420648,106032,(3,9223372036854775807))
Edge(420940,208902,(3,9223372036854775807))
Edge(420995,474084,(3,9223372036854775807))
Edge(421016,94374,(3,9223372036854775807))
Edge(421228,447261,(3,9223372036854775807))
Edge(421349,485194,(1,9223372036854775807))
Edge(421624,153289,(3,9223372036854775807))
Edge(421859,235824,(3,9223372036854775807))
Edge(422920,415407,(3,9223372036854775807))
Edge(423293,479543,(3,9223372036854775807))
Edge(423599,127358,(1,9223372036854775807))
Edge(423658,458172,(3,9223372036854775807))
Edge(423836,74459,(3,9223372036854775807))
Edge(424008,225815,(1,9223372036854775807))
Edge(424341,492439,(1,9223372036854775807))
Edge(424821,355581,(3,9223372036854775807))
Edge(425042,280930,(1,9223372036854775807))
Edge(425081,29326,(3,9223372036854775807))
Edge(425101,49983,(1,9223372036854775807))
Edge(425878,162679,(4,9223372036854775807))
Edge(426010,157544,(3,9223372036854775807))
Edge(426175,304688,(3,9223372036854775807))
Edge(426365,155103,(3,9223372036854775807))
Edge(426640,283689,(3,9223372036854775807))
Edge(426922,420977,(3,9223372036854775807))
Edge(426971,176785,(3,9223372036854775807))
Edge(426978,162017,(3,9223372036854775807))
Edge(427200,29142,(3,9223372036854775807))
Edge(427218,121929,(3,9223372036854775807))
Edge(427423,384400,(1,3))
Edge(428113,75960,(3,9223372036854775807))
Edge(428176,99672,(3,9223372036854775807))
Edge(428337,339624,(3,9223372036854775807))
Edge(428421,421440,(3,9223372036854775807))
Edge(428906,405880,(3,9223372036854775807))
Edge(429109,27626,(3,9223372036854775807))
Edge(429266,242457,(1,3))
Edge(429632,95507,(1,9223372036854775807))
Edge(429679,5684,(3,9223372036854775807))
Edge(430211,70146,(3,9223372036854775807))
Edge(430286,441884,(3,9223372036854775807))
Edge(430415,405228,(3,9223372036854775807))
Edge(430767,152304,(3,9223372036854775807))
Edge(430964,33894,(1,9223372036854775807))
Edge(431064,350959,(3,9223372036854775807))
Edge(431081,83028,(1,3))
Edge(431501,196139,(3,9223372036854775807))
Edge(432568,56497,(3,9223372036854775807))
Edge(432750,412632,(1,9223372036854775807))
Edge(433103,462773,(3,9223372036854775807))
Edge(433279,56188,(3,9223372036854775807))
Edge(433524,306184,(3,9223372036854775807))
Edge(434611,50701,(1,9223372036854775807))
Edge(434622,178506,(1,9223372036854775807))
Edge(434899,54065,(1,3))
Edge(435042,325944,(1,3))
Edge(435063,210248,(3,9223372036854775807))
Edge(435399,34452,(1,3))
Edge(435539,415409,(1,9223372036854775807))
Edge(435712,239807,(3,9223372036854775807))
Edge(435829,369645,(3,9223372036854775807))
Edge(436197,316792,(3,9223372036854775807))
Edge(436326,785,(3,9223372036854775807))
Edge(436399,385130,(1,9223372036854775807))
Edge(437182,80518,(3,9223372036854775807))
Edge(437273,171117,(3,9223372036854775807))
Edge(437390,297270,(3,9223372036854775807))
Edge(437507,475354,(3,9223372036854775807))
Edge(437861,184864,(3,9223372036854775807))
Edge(438023,299757,(3,9223372036854775807))
Edge(439247,297909,(3,9223372036854775807))
Edge(439274,473375,(3,9223372036854775807))
Edge(439386,421937,(3,9223372036854775807))
Edge(439677,229778,(3,9223372036854775807))
Edge(439917,21129,(1,9223372036854775807))
Edge(440138,428683,(3,9223372036854775807))
Edge(440143,196801,(3,9223372036854775807))
Edge(440304,491667,(3,9223372036854775807))
Edge(440553,216198,(3,9223372036854775807))
Edge(440585,3702,(3,9223372036854775807))
Edge(440658,158876,(3,9223372036854775807))
Edge(440822,113217,(3,9223372036854775807))
Edge(440867,51677,(3,9223372036854775807))
Edge(441210,479424,(1,9223372036854775807))
Edge(442286,9099,(3,9223372036854775807))
Edge(442438,300279,(3,9223372036854775807))
Edge(442512,104111,(3,9223372036854775807))
Edge(442874,26854,(3,9223372036854775807))
Edge(443098,152678,(3,9223372036854775807))
Edge(443110,33663,(3,9223372036854775807))
Edge(443356,368478,(3,9223372036854775807))
Edge(443458,456743,(1,9223372036854775807))
Edge(443581,122489,(1,3))
Edge(443625,261845,(3,9223372036854775807))
Edge(443785,120807,(3,9223372036854775807))
Edge(444063,499277,(1,9223372036854775807))
Edge(444245,34424,(3,9223372036854775807))
Edge(444446,244969,(3,9223372036854775807))
Edge(444551,393222,(3,9223372036854775807))
Edge(444584,218508,(1,9223372036854775807))
Edge(445019,143637,(1,9223372036854775807))
Edge(445395,313695,(1,3))
Edge(445420,21188,(3,9223372036854775807))
Edge(445525,34172,(3,9223372036854775807))
Edge(445631,442887,(3,9223372036854775807))
Edge(445781,311013,(3,9223372036854775807))
Edge(445783,409030,(3,9223372036854775807))
Edge(446111,80907,(3,9223372036854775807))
Edge(446158,498963,(3,9223372036854775807))
Edge(446649,284949,(3,9223372036854775807))
Edge(447068,298861,(3,9223372036854775807))
Edge(447343,424278,(3,9223372036854775807))
Edge(447684,480703,(3,9223372036854775807))
Edge(448077,92341,(3,9223372036854775807))
Edge(448143,307616,(3,9223372036854775807))
Edge(448453,53480,(3,9223372036854775807))
Edge(448665,179202,(1,9223372036854775807))
Edge(448973,434813,(3,9223372036854775807))
Edge(449215,462253,(3,9223372036854775807))
Edge(449585,41382,(3,9223372036854775807))
Edge(449598,358410,(4,9223372036854775807))
Edge(450085,461674,(3,9223372036854775807))
Edge(450425,133727,(3,9223372036854775807))
Edge(450649,115904,(3,9223372036854775807))
Edge(451048,54099,(3,9223372036854775807))
Edge(451656,223698,(1,3))
Edge(452184,44506,(3,9223372036854775807))
Edge(452264,73363,(3,9223372036854775807))
Edge(452312,301881,(3,9223372036854775807))
Edge(453240,35163,(1,9223372036854775807))
Edge(453371,11078,(3,9223372036854775807))
Edge(453588,280866,(3,9223372036854775807))
Edge(453646,140111,(3,9223372036854775807))
Edge(453908,260845,(3,9223372036854775807))
Edge(454187,224741,(3,9223372036854775807))
Edge(454864,480479,(3,9223372036854775807))
Edge(454981,323276,(3,9223372036854775807))
Edge(455307,447205,(3,9223372036854775807))
Edge(455387,395883,(3,9223372036854775807))
Edge(455480,22294,(3,9223372036854775807))
Edge(455913,157091,(3,9223372036854775807))
Edge(456168,354125,(1,3))
Edge(456169,208379,(1,3))
Edge(456364,413986,(3,9223372036854775807))
Edge(456382,68866,(3,9223372036854775807))
Edge(456471,86801,(3,9223372036854775807))
Edge(456641,469099,(1,9223372036854775807))
Edge(457310,227952,(3,9223372036854775807))
Edge(457497,442830,(3,9223372036854775807))
Edge(457648,209001,(3,9223372036854775807))
Edge(457985,191639,(3,9223372036854775807))
Edge(458222,22485,(1,9223372036854775807))
Edge(458350,37452,(1,9223372036854775807))
Edge(458442,165182,(3,9223372036854775807))
Edge(458627,450237,(1,9223372036854775807))
Edge(458864,90072,(3,9223372036854775807))
Edge(459817,159639,(1,9223372036854775807))
Edge(459854,82790,(1,9223372036854775807))
Edge(459934,374294,(3,9223372036854775807))
Edge(460058,58921,(1,3))
Edge(460252,315079,(3,9223372036854775807))
Edge(460406,149372,(3,9223372036854775807))
Edge(460835,52617,(3,9223372036854775807))
Edge(461195,101727,(3,9223372036854775807))
Edge(461448,469839,(3,9223372036854775807))
Edge(461582,403272,(3,9223372036854775807))
Edge(461649,354113,(3,9223372036854775807))
Edge(461728,402470,(3,9223372036854775807))
Edge(461896,281974,(3,9223372036854775807))
Edge(462144,365048,(3,9223372036854775807))
Edge(462164,48629,(1,9223372036854775807))
Edge(462780,346332,(1,3))
Edge(463012,131115,(3,9223372036854775807))
Edge(463236,1292,(3,9223372036854775807))
Edge(463303,139588,(3,9223372036854775807))
Edge(463818,269338,(3,9223372036854775807))
Edge(463838,60894,(1,3))
Edge(464105,430783,(3,9223372036854775807))
Edge(464336,222622,(1,3))
Edge(464871,180392,(3,9223372036854775807))
Edge(465055,30348,(3,9223372036854775807))
Edge(465102,408780,(3,9223372036854775807))
Edge(465650,76379,(3,9223372036854775807))
Edge(465671,166816,(3,9223372036854775807))
Edge(465685,365039,(3,9223372036854775807))
Edge(465779,463050,(3,9223372036854775807))
Edge(466497,268062,(3,9223372036854775807))
Edge(466519,197358,(3,9223372036854775807))
Edge(467119,237542,(3,9223372036854775807))
Edge(467152,133152,(1,3))
Edge(467348,287670,(1,9223372036854775807))
Edge(467430,369403,(1,3))
Edge(467544,94394,(3,9223372036854775807))
Edge(467802,389149,(1,3))
Edge(467918,283475,(3,9223372036854775807))
Edge(468005,375612,(3,9223372036854775807))
Edge(468143,365246,(3,9223372036854775807))
Edge(468352,19781,(3,9223372036854775807))
Edge(468919,237648,(3,9223372036854775807))
Edge(468980,280551,(1,9223372036854775807))
Edge(469093,249381,(1,9223372036854775807))
Edge(469299,60395,(1,3))
Edge(469656,214558,(3,9223372036854775807))
Edge(469690,316564,(3,9223372036854775807))
Edge(469816,247472,(3,9223372036854775807))
Edge(470092,279754,(3,9223372036854775807))
Edge(470209,222920,(3,9223372036854775807))
Edge(470486,97273,(3,9223372036854775807))
Edge(470687,129256,(3,9223372036854775807))
Edge(470769,136268,(3,9223372036854775807))
Edge(470805,100022,(3,9223372036854775807))
Edge(470947,360364,(3,9223372036854775807))
Edge(470982,123247,(3,9223372036854775807))
Edge(471278,423124,(3,9223372036854775807))
Edge(471325,484421,(3,9223372036854775807))
Edge(471459,347641,(3,9223372036854775807))
Edge(471613,158870,(3,9223372036854775807))
Edge(471800,365209,(3,9223372036854775807))
Edge(471801,420975,(3,9223372036854775807))
Edge(472187,107636,(3,9223372036854775807))
Edge(472797,258684,(3,9223372036854775807))
Edge(472919,186416,(3,9223372036854775807))
Edge(473583,262115,(3,9223372036854775807))
Edge(473793,400674,(3,9223372036854775807))
Edge(474330,159048,(3,9223372036854775807))
Edge(474535,188932,(1,3))
Edge(474785,11771,(3,9223372036854775807))
Edge(475177,239253,(3,9223372036854775807))
Edge(475413,310853,(1,9223372036854775807))
Edge(475427,168074,(3,9223372036854775807))
Edge(475737,51284,(3,9223372036854775807))
Edge(475819,45586,(3,9223372036854775807))
Edge(475992,280148,(3,9223372036854775807))
Edge(476092,355117,(3,9223372036854775807))
Edge(476129,126296,(3,9223372036854775807))
Edge(476365,184160,(3,9223372036854775807))
Edge(476431,251641,(1,9223372036854775807))
Edge(476824,323569,(1,9223372036854775807))
Edge(477237,309421,(3,9223372036854775807))
Edge(477356,279638,(3,9223372036854775807))
Edge(477815,256993,(1,3))
Edge(478481,79593,(1,9223372036854775807))
Edge(478915,237241,(3,9223372036854775807))
Edge(479514,6122,(3,9223372036854775807))
Edge(479577,177569,(3,9223372036854775807))
Edge(479611,321629,(3,9223372036854775807))
Edge(479650,193227,(3,9223372036854775807))
Edge(480273,444752,(3,9223372036854775807))
Edge(480384,273496,(3,9223372036854775807))
Edge(480470,458909,(3,9223372036854775807))
Edge(480663,84012,(1,9223372036854775807))
Edge(480700,86198,(1,3))
Edge(480777,201854,(3,9223372036854775807))
Edge(481170,77665,(3,9223372036854775807))
Edge(481249,16691,(3,9223372036854775807))
Edge(481294,272746,(3,9223372036854775807))
Edge(481408,306117,(3,9223372036854775807))
Edge(481432,284925,(3,9223372036854775807))
Edge(481502,385436,(3,9223372036854775807))
Edge(481841,390627,(3,9223372036854775807))
Edge(482110,458755,(3,9223372036854775807))
Edge(482211,298223,(3,9223372036854775807))
Edge(482301,369131,(3,9223372036854775807))
Edge(482400,95928,(3,9223372036854775807))
Edge(482412,298621,(1,9223372036854775807))
Edge(482542,227293,(3,9223372036854775807))
Edge(483011,278020,(3,9223372036854775807))
Edge(483150,14459,(3,9223372036854775807))
Edge(483466,43233,(3,9223372036854775807))
Edge(483655,63944,(3,9223372036854775807))
Edge(483759,313406,(3,9223372036854775807))
Edge(484206,76651,(1,9223372036854775807))
Edge(484772,363858,(1,3))
Edge(485706,450703,(3,9223372036854775807))
Edge(485934,299240,(1,9223372036854775807))
Edge(485952,392770,(3,9223372036854775807))
Edge(486625,472224,(3,9223372036854775807))
Edge(487227,374104,(3,9223372036854775807))
Edge(487392,315014,(1,9223372036854775807))
Edge(487503,234806,(3,9223372036854775807))
Edge(487833,288766,(3,9223372036854775807))
Edge(488233,426964,(3,9223372036854775807))
Edge(488674,38930,(3,9223372036854775807))
Edge(489585,391122,(3,9223372036854775807))
Edge(489634,289533,(3,9223372036854775807))
Edge(489767,26112,(3,9223372036854775807))
Edge(489931,413120,(3,9223372036854775807))
Edge(490443,24721,(3,9223372036854775807))
Edge(490560,64109,(3,9223372036854775807))
Edge(490623,56079,(3,9223372036854775807))
Edge(490696,68097,(3,9223372036854775807))
Edge(490743,190385,(3,9223372036854775807))
Edge(490813,19106,(3,9223372036854775807))
Edge(491404,382342,(3,9223372036854775807))
Edge(491407,46482,(3,9223372036854775807))
Edge(491539,7129,(3,9223372036854775807))
Edge(491921,292355,(3,9223372036854775807))
Edge(492177,347439,(3,9223372036854775807))
Edge(493050,178510,(3,9223372036854775807))
Edge(493273,400850,(3,9223372036854775807))
Edge(494457,469365,(3,9223372036854775807))
Edge(494806,276862,(3,9223372036854775807))
Edge(494960,55852,(3,9223372036854775807))
Edge(495281,129180,(3,9223372036854775807))
Edge(495295,147391,(3,9223372036854775807))
Edge(495518,157781,(3,9223372036854775807))
Edge(495594,395170,(1,3))
Edge(495903,55774,(3,9223372036854775807))
Edge(496775,301602,(3,9223372036854775807))
Edge(496920,58015,(1,3))
Edge(497606,376778,(3,9223372036854775807))
Edge(497629,282325,(3,9223372036854775807))
Edge(497647,434067,(3,9223372036854775807))
Edge(497854,394737,(3,9223372036854775807))
Edge(498214,337189,(3,9223372036854775807))
Edge(498319,412527,(1,9223372036854775807))
Edge(498434,9222,(1,3))
Edge(498518,30420,(3,9223372036854775807))
Edge(499165,195602,(1,9223372036854775807))
Edge(499260,301776,(3,9223372036854775807))
