Edge(354,197761,(3,9223372036854775807))
Edge(585,255491,(3,9223372036854775807))
Edge(812,25120,(3,9223372036854775807))
Edge(835,236097,(1,9223372036854775807))
Edge(1203,333279,(1,9223372036854775807))
Edge(1699,364320,(3,9223372036854775807))
Edge(2826,162487,(3,9223372036854775807))
Edge(2967,302137,(1,3))
Edge(3754,212348,(3,9223372036854775807))
Edge(4973,26153,(3,9223372036854775807))
Edge(5032,348432,(3,9223372036854775807))
Edge(5114,98307,(1,3))
Edge(5569,275772,(3,9223372036854775807))
Edge(5663,115586,(3,9223372036854775807))
Edge(5735,16509,(3,9223372036854775807))
Edge(5768,326637,(3,9223372036854775807))
Edge(5873,77210,(3,9223372036854775807))
Edge(6080,169358,(3,9223372036854775807))
Edge(6473,219462,(1,9223372036854775807))
Edge(6672,372704,(1,9223372036854775807))
Edge(6788,467100,(3,9223372036854775807))
Edge(6819,401580,(1,3))
Edge(7433,496473,(3,9223372036854775807))
Edge(7472,205965,(1,9223372036854775807))
Edge(7971,130915,(3,9223372036854775807))
Edge(8512,214071,(3,9223372036854775807))
Edge(8920,231326,(3,9223372036854775807))
Edge(8964,1053,(3,9223372036854775807))
Edge(9338,166142,(3,9223372036854775807))
Edge(9462,40231,(1,3))
Edge(9489,199374,(3,9223372036854775807))
Edge(10292,59710,(3,9223372036854775807))
Edge(10489,212053,(1,9223372036854775807))
Edge(10805,434190,(1,9223372036854775807))
Edge(11109,120975,(1,3))
Edge(11397,494619,(3,9223372036854775807))
Edge(11448,307181,(3,9223372036854775807))
Edge(11450,435632,(1,3))
Edge(11712,194068,(3,9223372036854775807))
Edge(11822,339259,(3,9223372036854775807))
Edge(11843,213851,(3,9223372036854775807))
Edge(12314,398770,(3,9223372036854775807))
Edge(12364,124627,(1,9223372036854775807))
Edge(12389,185198,(3,9223372036854775807))
Edge(12416,440530,(3,9223372036854775807))
Edge(12468,105409,(3,9223372036854775807))
Edge(12903,395058,(1,9223372036854775807))
Edge(13236,63086,(3,9223372036854775807))
Edge(13331,69319,(3,9223372036854775807))
Edge(13633,151103,(3,9223372036854775807))
Edge(13661,465286,(3,9223372036854775807))
Edge(14165,166800,(3,9223372036854775807))
Edge(14340,416947,(3,9223372036854775807))
Edge(14554,54603,(1,9223372036854775807))
Edge(14966,346627,(3,9223372036854775807))
Edge(15020,279347,(3,9223372036854775807))
Edge(15052,280205,(3,9223372036854775807))
Edge(15087,406019,(3,9223372036854775807))
Edge(15236,420666,(1,9223372036854775807))
Edge(15612,325610,(3,9223372036854775807))
Edge(16028,94556,(3,9223372036854775807))
Edge(17038,255144,(1,9223372036854775807))
Edge(17213,434334,(3,9223372036854775807))
Edge(17391,56445,(3,9223372036854775807))
Edge(17864,459974,(1,3))
Edge(18062,234385,(3,9223372036854775807))
Edge(18081,167581,(3,9223372036854775807))
Edge(18377,46663,(1,9223372036854775807))
Edge(18406,292133,(3,9223372036854775807))
Edge(18593,321251,(4,9223372036854775807))
Edge(18806,296279,(3,9223372036854775807))
Edge(19001,262802,(3,9223372036854775807))
Edge(19268,497059,(3,9223372036854775807))
Edge(19281,306889,(3,9223372036854775807))
Edge(19989,111206,(1,9223372036854775807))
Edge(20100,219557,(1,9223372036854775807))
Edge(20199,435719,(1,9223372036854775807))
Edge(21158,201259,(3,9223372036854775807))
Edge(21484,240236,(1,9223372036854775807))
Edge(21817,450191,(3,9223372036854775807))
Edge(22220,279560,(3,9223372036854775807))
Edge(22294,490925,(1,9223372036854775807))
Edge(22336,126019,(1,3))
Edge(22468,65343,(3,9223372036854775807))
Edge(22946,254237,(3,9223372036854775807))
Edge(23064,241406,(3,9223372036854775807))
Edge(23218,442388,(3,9223372036854775807))
Edge(23762,96246,(1,9223372036854775807))
Edge(24472,17548,(3,9223372036854775807))
Edge(24727,402006,(3,9223372036854775807))
Edge(24915,86712,(3,9223372036854775807))
Edge(25314,91214,(3,9223372036854775807))
Edge(26239,192323,(3,9223372036854775807))
Edge(26325,344483,(3,9223372036854775807))
Edge(26479,122225,(3,9223372036854775807))
Edge(26920,176242,(3,9223372036854775807))
Edge(26947,331729,(1,9223372036854775807))
Edge(27251,216287,(1,9223372036854775807))
Edge(27320,110437,(3,9223372036854775807))
Edge(27870,397479,(3,9223372036854775807))
Edge(28154,280610,(1,9223372036854775807))
Edge(28911,185488,(3,9223372036854775807))
Edge(28933,95804,(1,3))
Edge(29345,48361,(3,9223372036854775807))
Edge(29492,449763,(1,3))
Edge(29810,239951,(4,9223372036854775807))
Edge(29833,394244,(3,9223372036854775807))
Edge(29915,152128,(3,9223372036854775807))
Edge(29955,394537,(3,9223372036854775807))
Edge(30715,478978,(3,9223372036854775807))
Edge(30872,372768,(1,9223372036854775807))
Edge(31054,463624,(3,9223372036854775807))
Edge(31067,105770,(3,9223372036854775807))
Edge(31355,426569,(3,9223372036854775807))
Edge(31453,100224,(1,9223372036854775807))
Edge(31760,120908,(3,9223372036854775807))
Edge(31809,312262,(1,3))
Edge(31981,29184,(3,9223372036854775807))
Edge(32251,363973,(1,3))
Edge(32459,103350,(3,9223372036854775807))
Edge(32472,253164,(3,9223372036854775807))
Edge(32736,221137,(3,9223372036854775807))
Edge(32935,215277,(3,9223372036854775807))
Edge(32982,34624,(3,9223372036854775807))
Edge(33942,379833,(3,9223372036854775807))
Edge(34214,62334,(3,9223372036854775807))
Edge(34331,226047,(3,9223372036854775807))
Edge(34571,200400,(3,9223372036854775807))
Edge(35178,235574,(3,9223372036854775807))
Edge(35229,151717,(3,9223372036854775807))
Edge(35659,4859,(3,9223372036854775807))
Edge(35741,134823,(3,9223372036854775807))
Edge(35953,152596,(3,9223372036854775807))
Edge(36222,200374,(3,9223372036854775807))
Edge(36241,161375,(1,9223372036854775807))
Edge(36527,203812,(3,9223372036854775807))
Edge(36814,84580,(3,9223372036854775807))
Edge(37223,129245,(3,9223372036854775807))
Edge(37727,260091,(3,9223372036854775807))
Edge(38871,411339,(3,9223372036854775807))
Edge(38962,172136,(3,9223372036854775807))
Edge(39041,439266,(1,3))
Edge(39179,278730,(3,9223372036854775807))
Edge(39413,296544,(1,3))
Edge(39782,156835,(1,9223372036854775807))
Edge(40503,295095,(3,9223372036854775807))
Edge(40558,324048,(3,9223372036854775807))
Edge(41187,11080,(3,9223372036854775807))
Edge(41303,389158,(3,9223372036854775807))
Edge(41308,462330,(1,9223372036854775807))
Edge(41499,323381,(3,9223372036854775807))
Edge(42313,306713,(3,9223372036854775807))
Edge(42537,48877,(1,3))
Edge(43544,313464,(1,9223372036854775807))
Edge(43576,263276,(3,9223372036854775807))
Edge(44109,110284,(3,9223372036854775807))
Edge(44530,25064,(3,9223372036854775807))
Edge(45447,303896,(3,9223372036854775807))
Edge(45687,397061,(1,3))
Edge(45905,290888,(3,9223372036854775807))
Edge(46032,79121,(3,9223372036854775807))
Edge(46619,104553,(1,3))
Edge(46944,131394,(3,9223372036854775807))
Edge(47178,414219,(3,9223372036854775807))
Edge(47253,394694,(3,9223372036854775807))
Edge(47386,473844,(3,9223372036854775807))
Edge(47655,210846,(3,9223372036854775807))
Edge(48260,378718,(3,9223372036854775807))
Edge(48933,37754,(1,3))
Edge(49908,434187,(3,9223372036854775807))
Edge(49911,397889,(3,9223372036854775807))
Edge(50065,58463,(3,9223372036854775807))
Edge(50894,324529,(3,9223372036854775807))
Edge(50908,86856,(3,9223372036854775807))
Edge(51609,421882,(3,9223372036854775807))
Edge(51891,112102,(3,9223372036854775807))
Edge(52051,220661,(1,3))
Edge(52076,493417,(3,9223372036854775807))
Edge(52189,424604,(1,9223372036854775807))
Edge(52423,105788,(3,9223372036854775807))
Edge(52642,117341,(3,9223372036854775807))
Edge(52891,256168,(3,9223372036854775807))
Edge(53536,166306,(3,9223372036854775807))
Edge(53537,130380,(3,9223372036854775807))
Edge(53554,264153,(1,3))
Edge(54066,268998,(3,9223372036854775807))
Edge(54613,393724,(3,9223372036854775807))
Edge(54887,32160,(3,9223372036854775807))
Edge(55214,294294,(3,9223372036854775807))
Edge(55505,109049,(3,9223372036854775807))
Edge(55841,358679,(3,9223372036854775807))
Edge(55842,255302,(3,9223372036854775807))
Edge(55883,343033,(1,9223372036854775807))
Edge(56070,101160,(3,9223372036854775807))
Edge(56386,10587,(3,9223372036854775807))
Edge(56576,370965,(3,9223372036854775807))
Edge(56657,222010,(3,9223372036854775807))
Edge(56692,437464,(3,9223372036854775807))
Edge(56706,127356,(1,9223372036854775807))
Edge(57371,468619,(1,3))
Edge(58059,108862,(3,9223372036854775807))
Edge(58474,384855,(3,9223372036854775807))
Edge(58627,238362,(1,9223372036854775807))
Edge(58693,354625,(3,9223372036854775807))
Edge(58890,375699,(3,9223372036854775807))
Edge(59309,14115,(1,9223372036854775807))
Edge(60031,313073,(3,9223372036854775807))
Edge(60038,320783,(1,9223372036854775807))
Edge(60175,216292,(3,9223372036854775807))
Edge(60510,35131,(3,9223372036854775807))
Edge(60733,357059,(3,9223372036854775807))
Edge(60775,24842,(1,9223372036854775807))
Edge(60840,465560,(3,9223372036854775807))
Edge(61232,140523,(3,9223372036854775807))
Edge(61296,457137,(3,9223372036854775807))
Edge(61296,470067,(3,9223372036854775807))
Edge(61921,361243,(3,9223372036854775807))
Edge(62125,383980,(3,9223372036854775807))
Edge(62447,476865,(3,9223372036854775807))
Edge(62734,92797,(1,3))
Edge(62793,159024,(3,9223372036854775807))
Edge(62803,106414,(3,9223372036854775807))
Edge(63110,308558,(3,9223372036854775807))
Edge(63619,301163,(3,9223372036854775807))
Edge(64361,158106,(3,9223372036854775807))
Edge(64400,145843,(3,9223372036854775807))
Edge(65569,165698,(3,9223372036854775807))
Edge(66657,279869,(1,9223372036854775807))
Edge(66751,17342,(3,9223372036854775807))
Edge(66918,96596,(3,9223372036854775807))
Edge(67047,301510,(3,9223372036854775807))
Edge(67120,227866,(1,9223372036854775807))
Edge(67520,214045,(3,9223372036854775807))
Edge(68552,172645,(1,9223372036854775807))
Edge(68553,199202,(3,9223372036854775807))
Edge(68579,62759,(3,9223372036854775807))
Edge(68605,256761,(3,9223372036854775807))
Edge(68770,463605,(3,9223372036854775807))
Edge(68868,364656,(3,9223372036854775807))
Edge(69107,276211,(3,9223372036854775807))
Edge(69251,494620,(3,9223372036854775807))
Edge(69415,4689,(1,9223372036854775807))
Edge(69572,478552,(3,9223372036854775807))
Edge(69580,167082,(3,9223372036854775807))
Edge(70102,208579,(3,9223372036854775807))
Edge(70612,47656,(3,9223372036854775807))
Edge(70659,326616,(3,9223372036854775807))
Edge(70775,90030,(1,3))
Edge(70838,112828,(3,9223372036854775807))
Edge(71164,490960,(3,9223372036854775807))
Edge(71219,217747,(3,9223372036854775807))
Edge(71501,264383,(3,9223372036854775807))
Edge(71647,146610,(3,9223372036854775807))
Edge(71653,495517,(3,9223372036854775807))
Edge(71942,222168,(3,9223372036854775807))
Edge(72026,411002,(3,9223372036854775807))
Edge(72567,47374,(3,9223372036854775807))
Edge(72797,422041,(3,9223372036854775807))
Edge(73334,343021,(3,9223372036854775807))
Edge(73402,447397,(1,9223372036854775807))
Edge(75582,322608,(3,9223372036854775807))
Edge(75851,201477,(3,9223372036854775807))
Edge(76823,343639,(3,9223372036854775807))
Edge(76997,346705,(3,9223372036854775807))
Edge(77551,389626,(3,9223372036854775807))
Edge(77967,673,(3,9223372036854775807))
Edge(78097,394842,(3,9223372036854775807))
Edge(78989,56345,(3,9223372036854775807))
Edge(79424,412953,(3,9223372036854775807))
Edge(79652,342264,(1,3))
Edge(79665,270504,(3,9223372036854775807))
Edge(80404,318091,(3,9223372036854775807))
Edge(80447,448412,(3,9223372036854775807))
Edge(80538,142879,(3,9223372036854775807))
Edge(80542,415790,(3,9223372036854775807))
Edge(80753,165116,(3,9223372036854775807))
Edge(80975,267969,(3,9223372036854775807))
Edge(81060,47999,(1,9223372036854775807))
Edge(81289,437202,(3,9223372036854775807))
Edge(81612,255687,(3,9223372036854775807))
Edge(81758,112470,(3,9223372036854775807))
Edge(81884,279293,(3,9223372036854775807))
Edge(82033,398538,(3,9223372036854775807))
Edge(82146,109626,(3,9223372036854775807))
Edge(82269,11534,(3,9223372036854775807))
Edge(82344,205921,(3,9223372036854775807))
Edge(82659,96390,(3,9223372036854775807))
Edge(82796,389761,(3,9223372036854775807))
Edge(82847,370625,(3,9223372036854775807))
Edge(83146,447941,(3,9223372036854775807))
Edge(83229,422607,(3,9223372036854775807))
Edge(83531,2818,(3,9223372036854775807))
Edge(83900,57181,(1,9223372036854775807))
Edge(84076,88274,(3,9223372036854775807))
Edge(84170,123541,(3,9223372036854775807))
Edge(84286,80870,(3,9223372036854775807))
Edge(85558,306967,(3,9223372036854775807))
Edge(85613,418426,(3,9223372036854775807))
Edge(85819,249282,(3,9223372036854775807))
Edge(86256,345166,(3,9223372036854775807))
Edge(86334,255102,(3,9223372036854775807))
Edge(86478,441531,(3,9223372036854775807))
Edge(86575,403740,(1,9223372036854775807))
Edge(86634,262827,(3,9223372036854775807))
Edge(86733,66268,(1,3))
Edge(86873,255035,(3,9223372036854775807))
Edge(87153,129238,(1,9223372036854775807))
Edge(87519,203838,(3,9223372036854775807))
Edge(87573,130154,(3,9223372036854775807))
Edge(87586,421131,(3,9223372036854775807))
Edge(87892,105917,(3,9223372036854775807))
Edge(88314,439535,(1,9223372036854775807))
Edge(88888,372993,(3,9223372036854775807))
Edge(89104,127546,(3,9223372036854775807))
Edge(89294,412388,(3,9223372036854775807))
Edge(91080,304240,(3,9223372036854775807))
Edge(91559,416966,(3,9223372036854775807))
Edge(91768,370339,(3,9223372036854775807))
Edge(92062,126252,(1,9223372036854775807))
Edge(92600,138869,(3,9223372036854775807))
Edge(92898,113478,(3,9223372036854775807))
Edge(92954,165911,(3,9223372036854775807))
Edge(93083,43950,(1,3))
Edge(93188,467440,(3,9223372036854775807))
Edge(93686,205554,(3,9223372036854775807))
Edge(93736,480510,(3,9223372036854775807))
Edge(93782,54606,(1,3))
Edge(93935,451605,(1,9223372036854775807))
Edge(94198,257204,(1,9223372036854775807))
Edge(94237,383425,(3,9223372036854775807))
Edge(94493,248535,(3,9223372036854775807))
Edge(94721,466084,(3,9223372036854775807))
Edge(94821,55126,(3,9223372036854775807))
Edge(95059,256472,(3,9223372036854775807))
Edge(95624,179537,(3,9223372036854775807))
Edge(95679,39592,(3,9223372036854775807))
Edge(96236,154237,(3,9223372036854775807))
Edge(96945,6501,(3,9223372036854775807))
Edge(97747,329568,(3,9223372036854775807))
Edge(99125,231603,(3,9223372036854775807))
Edge(99166,435562,(3,9223372036854775807))
Edge(99265,336660,(3,9223372036854775807))
Edge(99328,432443,(3,9223372036854775807))
Edge(99509,245040,(3,9223372036854775807))
Edge(99757,276213,(3,9223372036854775807))
Edge(99797,129942,(3,9223372036854775807))
Edge(100194,277547,(3,9223372036854775807))
Edge(100266,337795,(3,9223372036854775807))
Edge(100355,266585,(3,9223372036854775807))
Edge(100501,194370,(3,9223372036854775807))
Edge(100598,7307,(3,9223372036854775807))
Edge(100981,285107,(3,9223372036854775807))
Edge(101092,164506,(3,9223372036854775807))
Edge(101149,395379,(1,9223372036854775807))
Edge(101638,219524,(1,9223372036854775807))
Edge(101915,449777,(1,9223372036854775807))
Edge(102012,68098,(1,3))
Edge(102533,31914,(3,9223372036854775807))
Edge(102700,445113,(3,9223372036854775807))
Edge(102728,354599,(3,9223372036854775807))
Edge(102932,173650,(3,9223372036854775807))
Edge(102967,223106,(1,3))
Edge(103143,453682,(3,9223372036854775807))
Edge(103439,75338,(3,9223372036854775807))
Edge(103500,24317,(3,9223372036854775807))
Edge(103544,241420,(3,9223372036854775807))
Edge(103591,226124,(3,9223372036854775807))
Edge(103898,186304,(3,9223372036854775807))
Edge(103991,327145,(1,9223372036854775807))
Edge(104772,107785,(3,9223372036854775807))
Edge(104918,332909,(3,9223372036854775807))
Edge(105459,429555,(3,9223372036854775807))
Edge(105750,291672,(3,9223372036854775807))
Edge(105778,107029,(3,9223372036854775807))
Edge(106572,356858,(3,9223372036854775807))
Edge(106624,231732,(4,9223372036854775807))
Edge(106690,85168,(1,3))
Edge(107962,227956,(3,9223372036854775807))
Edge(108415,122106,(3,9223372036854775807))
Edge(108564,4443,(3,9223372036854775807))
Edge(109144,493560,(4,9223372036854775807))
Edge(109468,496474,(3,9223372036854775807))
Edge(109934,234905,(3,9223372036854775807))
Edge(110193,380859,(3,9223372036854775807))
Edge(111261,351005,(3,9223372036854775807))
Edge(112135,422949,(3,9223372036854775807))
Edge(112685,484100,(3,9223372036854775807))
Edge(112766,358859,(3,9223372036854775807))
Edge(113067,430769,(1,9223372036854775807))
Edge(113191,252821,(3,9223372036854775807))
Edge(113500,151127,(3,9223372036854775807))
Edge(113682,158520,(3,9223372036854775807))
Edge(113705,403949,(1,9223372036854775807))
Edge(113768,444838,(3,9223372036854775807))
Edge(113864,171423,(3,9223372036854775807))
Edge(114544,256909,(3,9223372036854775807))
Edge(114575,294207,(3,9223372036854775807))
Edge(114709,23112,(3,9223372036854775807))
Edge(115554,230987,(3,9223372036854775807))
Edge(116101,421545,(3,9223372036854775807))
Edge(116253,390745,(3,9223372036854775807))
Edge(116304,441134,(3,9223372036854775807))
Edge(116466,486434,(3,9223372036854775807))
Edge(116705,213848,(3,9223372036854775807))
Edge(116910,214801,(1,9223372036854775807))
Edge(116925,172160,(3,9223372036854775807))
Edge(117324,465312,(4,9223372036854775807))
Edge(117770,106898,(3,9223372036854775807))
Edge(118182,196109,(3,9223372036854775807))
Edge(118387,459934,(3,9223372036854775807))
Edge(118739,242260,(1,9223372036854775807))
Edge(119197,177436,(3,9223372036854775807))
Edge(119224,424331,(3,9223372036854775807))
Edge(119789,301574,(3,9223372036854775807))
Edge(120111,50348,(3,9223372036854775807))
Edge(120777,114576,(3,9223372036854775807))
Edge(120961,373045,(3,9223372036854775807))
Edge(121488,22302,(3,9223372036854775807))
Edge(121635,160263,(3,9223372036854775807))
Edge(121679,166184,(3,9223372036854775807))
Edge(121810,493493,(3,9223372036854775807))
Edge(122216,253052,(3,9223372036854775807))
Edge(122236,461274,(1,3))
Edge(122275,26942,(3,9223372036854775807))
Edge(122474,318450,(1,9223372036854775807))
Edge(122843,21976,(3,9223372036854775807))
Edge(123254,89021,(3,9223372036854775807))
Edge(123368,382196,(3,9223372036854775807))
Edge(123399,326654,(1,3))
Edge(123403,203429,(3,9223372036854775807))
Edge(123523,282773,(3,9223372036854775807))
Edge(124020,270597,(3,9223372036854775807))
Edge(124498,491314,(3,9223372036854775807))
Edge(125688,294457,(3,9223372036854775807))
Edge(125810,333398,(3,9223372036854775807))
Edge(125985,401163,(1,9223372036854775807))
Edge(126242,293138,(3,9223372036854775807))
Edge(126267,209759,(3,9223372036854775807))
Edge(126457,300874,(1,9223372036854775807))
Edge(126579,415252,(1,9223372036854775807))
Edge(126914,391601,(3,9223372036854775807))
Edge(127357,193381,(3,9223372036854775807))
Edge(127529,498264,(3,9223372036854775807))
Edge(128158,385489,(1,9223372036854775807))
Edge(128895,397460,(3,9223372036854775807))
Edge(128908,257045,(3,9223372036854775807))
Edge(129648,390138,(3,9223372036854775807))
Edge(129797,272548,(3,9223372036854775807))
Edge(129989,96947,(3,9223372036854775807))
Edge(130420,378063,(3,9223372036854775807))
Edge(130516,481132,(3,9223372036854775807))
Edge(131250,479734,(3,9223372036854775807))
Edge(131405,387997,(1,9223372036854775807))
Edge(132681,2090,(3,9223372036854775807))
Edge(133433,122815,(3,9223372036854775807))
Edge(133647,375293,(3,9223372036854775807))
Edge(133701,52344,(3,9223372036854775807))
Edge(133818,184152,(3,9223372036854775807))
Edge(133828,427377,(3,9223372036854775807))
Edge(134079,245453,(3,9223372036854775807))
Edge(134148,34237,(3,9223372036854775807))
Edge(134755,303775,(3,9223372036854775807))
Edge(135035,335659,(3,9223372036854775807))
Edge(135673,438860,(3,9223372036854775807))
Edge(135674,258057,(3,9223372036854775807))
Edge(136067,88596,(3,9223372036854775807))
Edge(136534,379915,(1,9223372036854775807))
Edge(137689,141715,(3,9223372036854775807))
Edge(137950,285174,(3,9223372036854775807))
Edge(138085,385139,(1,9223372036854775807))
Edge(139838,73860,(3,9223372036854775807))
Edge(140093,4365,(3,9223372036854775807))
Edge(140194,33726,(3,9223372036854775807))
Edge(140316,418847,(3,9223372036854775807))
Edge(140826,163689,(3,9223372036854775807))
Edge(140988,48970,(3,9223372036854775807))
Edge(141622,423753,(3,9223372036854775807))
Edge(142450,173375,(1,9223372036854775807))
Edge(142560,248567,(3,9223372036854775807))
Edge(142763,259448,(3,9223372036854775807))
Edge(143236,264112,(3,9223372036854775807))
Edge(144042,3634,(3,9223372036854775807))
Edge(144778,206293,(3,9223372036854775807))
Edge(145008,348438,(3,9223372036854775807))
Edge(146728,160888,(1,9223372036854775807))
Edge(147156,392101,(3,9223372036854775807))
Edge(147349,450449,(3,9223372036854775807))
Edge(147998,201023,(3,9223372036854775807))
Edge(148024,480683,(3,9223372036854775807))
Edge(148215,292107,(1,9223372036854775807))
Edge(148514,473264,(3,9223372036854775807))
Edge(148683,233038,(3,9223372036854775807))
Edge(148707,416906,(3,9223372036854775807))
Edge(148946,239974,(3,9223372036854775807))
Edge(149196,97999,(3,9223372036854775807))
Edge(149533,115119,(3,9223372036854775807))
Edge(150397,111792,(3,9223372036854775807))
Edge(150801,216889,(3,9223372036854775807))
Edge(150867,427812,(3,9223372036854775807))
Edge(151655,112078,(3,9223372036854775807))
Edge(151862,233682,(1,9223372036854775807))
Edge(151881,262237,(3,9223372036854775807))
Edge(152748,70856,(3,9223372036854775807))
Edge(153125,208543,(3,9223372036854775807))
Edge(153527,460454,(3,9223372036854775807))
Edge(153592,88582,(3,9223372036854775807))
Edge(154498,281855,(1,9223372036854775807))
Edge(154597,394527,(1,9223372036854775807))
Edge(154833,341399,(3,9223372036854775807))
Edge(154950,212047,(3,9223372036854775807))
Edge(155034,115011,(3,9223372036854775807))
Edge(155152,292688,(3,9223372036854775807))
Edge(155208,147918,(4,9223372036854775807))
Edge(156326,17236,(3,9223372036854775807))
Edge(156646,64324,(3,9223372036854775807))
Edge(156661,436552,(3,9223372036854775807))
Edge(157821,195568,(3,9223372036854775807))
Edge(158169,316021,(3,9223372036854775807))
Edge(158397,12101,(3,9223372036854775807))
Edge(158477,491573,(1,9223372036854775807))
Edge(158562,203271,(3,9223372036854775807))
Edge(158650,464922,(3,9223372036854775807))
Edge(158895,336470,(3,9223372036854775807))
Edge(159044,107271,(1,3))
Edge(159199,373090,(3,9223372036854775807))
Edge(159399,40243,(3,9223372036854775807))
Edge(159547,410897,(3,9223372036854775807))
Edge(160454,371385,(1,3))
Edge(160639,121766,(3,9223372036854775807))
Edge(160774,473976,(3,9223372036854775807))
Edge(160863,138320,(3,9223372036854775807))
Edge(161320,140718,(1,3))
Edge(161550,271996,(1,3))
Edge(161803,214920,(1,9223372036854775807))
Edge(161833,307384,(3,9223372036854775807))
Edge(161871,27738,(1,9223372036854775807))
Edge(161912,263994,(3,9223372036854775807))
Edge(161913,158024,(1,3))
Edge(162530,260131,(3,9223372036854775807))
Edge(162870,179682,(1,3))
Edge(163298,45130,(3,9223372036854775807))
Edge(163638,91535,(3,9223372036854775807))
Edge(163828,135618,(3,9223372036854775807))
Edge(163932,457211,(3,9223372036854775807))
Edge(164054,215878,(3,9223372036854775807))
Edge(164190,484042,(3,9223372036854775807))
Edge(164421,338006,(3,9223372036854775807))
Edge(164841,152358,(3,9223372036854775807))
Edge(164852,422263,(3,9223372036854775807))
Edge(165553,393778,(3,9223372036854775807))
Edge(166051,185562,(3,9223372036854775807))
Edge(166510,396778,(3,9223372036854775807))
Edge(166870,405377,(3,9223372036854775807))
Edge(167901,400854,(3,9223372036854775807))
Edge(168443,343909,(3,9223372036854775807))
Edge(168699,246896,(3,9223372036854775807))
Edge(168813,347185,(3,9223372036854775807))
Edge(169140,307190,(3,9223372036854775807))
Edge(169250,415510,(3,9223372036854775807))
Edge(169255,185456,(3,9223372036854775807))
Edge(169971,480079,(3,9223372036854775807))
Edge(170027,9413,(1,9223372036854775807))
Edge(170062,69536,(3,9223372036854775807))
Edge(170099,326123,(3,9223372036854775807))
Edge(170192,13582,(3,9223372036854775807))
Edge(170530,96290,(1,9223372036854775807))
Edge(170839,32761,(3,9223372036854775807))
Edge(170868,331376,(3,9223372036854775807))
Edge(171040,320948,(3,9223372036854775807))
Edge(171258,211662,(3,9223372036854775807))
Edge(171622,490651,(3,9223372036854775807))
Edge(171743,291542,(3,9223372036854775807))
Edge(172306,65710,(3,9223372036854775807))
Edge(172394,473985,(3,9223372036854775807))
Edge(173366,377850,(3,9223372036854775807))
Edge(173638,57706,(1,9223372036854775807))
Edge(173658,228377,(3,9223372036854775807))
Edge(173664,182602,(3,9223372036854775807))
Edge(173821,129208,(3,9223372036854775807))
Edge(174977,47459,(3,9223372036854775807))
Edge(175029,178965,(3,9223372036854775807))
Edge(175119,184246,(3,9223372036854775807))
Edge(175480,338678,(3,9223372036854775807))
Edge(175615,156139,(3,9223372036854775807))
Edge(176105,369026,(3,9223372036854775807))
Edge(176191,24116,(3,9223372036854775807))
Edge(176498,56384,(1,3))
Edge(176730,161654,(3,9223372036854775807))
Edge(176760,52704,(1,9223372036854775807))
Edge(176992,223729,(3,9223372036854775807))
Edge(177586,51742,(1,9223372036854775807))
Edge(178094,250197,(3,9223372036854775807))
Edge(178898,164711,(3,9223372036854775807))
Edge(179922,453186,(3,9223372036854775807))
Edge(180357,490959,(3,9223372036854775807))
Edge(180729,403983,(1,3))
Edge(181366,236065,(1,3))
Edge(181719,87661,(3,9223372036854775807))
Edge(181775,380043,(3,9223372036854775807))
Edge(181829,423266,(3,9223372036854775807))
Edge(181936,312676,(3,9223372036854775807))
Edge(182002,325414,(4,9223372036854775807))
Edge(182666,240868,(3,9223372036854775807))
Edge(183132,196674,(3,9223372036854775807))
Edge(183437,219006,(3,9223372036854775807))
Edge(183656,21689,(3,9223372036854775807))
Edge(183874,291326,(1,9223372036854775807))
Edge(184394,58263,(3,9223372036854775807))
Edge(184761,365062,(3,9223372036854775807))
Edge(185211,379351,(1,3))
Edge(185239,465995,(4,9223372036854775807))
Edge(185422,195740,(1,3))
Edge(185554,261365,(3,9223372036854775807))
Edge(186245,479901,(3,9223372036854775807))
Edge(186981,428950,(1,9223372036854775807))
Edge(187114,23092,(1,3))
Edge(188221,120802,(1,3))
Edge(188893,392243,(3,9223372036854775807))
Edge(189552,323167,(3,9223372036854775807))
Edge(189666,178816,(1,9223372036854775807))
Edge(189764,53637,(1,9223372036854775807))
Edge(189773,459050,(4,9223372036854775807))
Edge(189779,482272,(3,9223372036854775807))
Edge(190057,286441,(1,9223372036854775807))
Edge(190094,483136,(1,9223372036854775807))
Edge(190539,28964,(1,9223372036854775807))
Edge(190651,226668,(3,9223372036854775807))
Edge(190821,483286,(3,9223372036854775807))
Edge(191194,388361,(3,9223372036854775807))
Edge(191503,251846,(3,9223372036854775807))
Edge(192281,175409,(1,3))
Edge(192585,37789,(3,9223372036854775807))
Edge(192817,233297,(3,9223372036854775807))
Edge(192852,6844,(1,9223372036854775807))
Edge(192911,316651,(3,9223372036854775807))
Edge(192972,363577,(3,9223372036854775807))
Edge(193081,342531,(3,9223372036854775807))
Edge(193158,225547,(3,9223372036854775807))
Edge(193361,269407,(3,9223372036854775807))
Edge(193593,133178,(3,9223372036854775807))
Edge(193868,107382,(3,9223372036854775807))
Edge(193907,251935,(3,9223372036854775807))
Edge(194421,367220,(3,9223372036854775807))
Edge(194642,132522,(3,9223372036854775807))
Edge(194662,290762,(3,9223372036854775807))
Edge(194901,141872,(3,9223372036854775807))
Edge(195139,183627,(3,9223372036854775807))
Edge(195198,371967,(3,9223372036854775807))
Edge(195605,97101,(1,9223372036854775807))
Edge(196854,95446,(3,9223372036854775807))
Edge(197090,116607,(3,9223372036854775807))
Edge(197208,147790,(3,9223372036854775807))
Edge(197234,53551,(3,9223372036854775807))
Edge(197598,268200,(3,9223372036854775807))
Edge(198219,240430,(3,9223372036854775807))
Edge(198225,324641,(3,9223372036854775807))
Edge(198279,340502,(3,9223372036854775807))
Edge(198360,124626,(1,9223372036854775807))
Edge(198415,107719,(3,9223372036854775807))
Edge(199020,235369,(3,9223372036854775807))
Edge(200098,363085,(3,9223372036854775807))
Edge(200109,204426,(1,3))
Edge(200262,274974,(3,9223372036854775807))
Edge(200622,437690,(1,9223372036854775807))
Edge(200870,115717,(3,9223372036854775807))
Edge(201127,17900,(3,9223372036854775807))
Edge(201544,469335,(1,9223372036854775807))
Edge(201565,74069,(3,9223372036854775807))
Edge(201588,126978,(3,9223372036854775807))
Edge(201698,444471,(3,9223372036854775807))
Edge(202780,350937,(3,9223372036854775807))
Edge(202945,57381,(3,9223372036854775807))
Edge(203121,189651,(3,9223372036854775807))
Edge(203254,446620,(3,9223372036854775807))
Edge(203837,293811,(3,9223372036854775807))
Edge(204006,74778,(3,9223372036854775807))
Edge(204124,66415,(3,9223372036854775807))
Edge(204293,220325,(3,9223372036854775807))
Edge(204455,250554,(3,9223372036854775807))
Edge(204674,102424,(3,9223372036854775807))
Edge(204686,486283,(3,9223372036854775807))
Edge(206479,394865,(3,9223372036854775807))
Edge(206529,152155,(1,3))
Edge(206575,452558,(3,9223372036854775807))
Edge(206580,324092,(3,9223372036854775807))
Edge(207469,15426,(3,9223372036854775807))
Edge(207507,364860,(3,9223372036854775807))
Edge(208120,86352,(3,9223372036854775807))
Edge(208246,188238,(3,9223372036854775807))
Edge(208348,415122,(1,9223372036854775807))
Edge(208399,221661,(3,9223372036854775807))
Edge(208868,54890,(3,9223372036854775807))
Edge(209008,279477,(3,9223372036854775807))
Edge(209404,65870,(1,3))
Edge(209513,292604,(3,9223372036854775807))
Edge(209595,325380,(1,9223372036854775807))
Edge(209808,498147,(3,9223372036854775807))
Edge(209855,426327,(3,9223372036854775807))
Edge(210015,322153,(3,9223372036854775807))
Edge(210120,263922,(1,9223372036854775807))
Edge(210352,388885,(3,9223372036854775807))
Edge(210652,1453,(3,9223372036854775807))
Edge(210733,325527,(3,9223372036854775807))
Edge(211151,14242,(3,9223372036854775807))
Edge(211354,325552,(3,9223372036854775807))
Edge(212787,443510,(1,9223372036854775807))
Edge(213220,275741,(1,3))
Edge(213247,371527,(3,9223372036854775807))
Edge(213262,304797,(3,9223372036854775807))
Edge(213314,16873,(1,9223372036854775807))
Edge(213458,331609,(3,9223372036854775807))
Edge(214255,93377,(3,9223372036854775807))
Edge(214479,156521,(3,9223372036854775807))
Edge(215549,95815,(3,9223372036854775807))
Edge(216149,401655,(1,9223372036854775807))
Edge(216152,466752,(3,9223372036854775807))
Edge(216488,89108,(1,9223372036854775807))
Edge(216552,333365,(3,9223372036854775807))
Edge(216771,35398,(3,9223372036854775807))
Edge(216982,184944,(1,9223372036854775807))
Edge(217409,60276,(1,9223372036854775807))
Edge(218053,246219,(3,9223372036854775807))
Edge(218501,247609,(3,9223372036854775807))
Edge(218508,186599,(3,9223372036854775807))
Edge(218794,331999,(3,9223372036854775807))
Edge(219123,69664,(3,9223372036854775807))
Edge(219154,430185,(3,9223372036854775807))
Edge(219237,37898,(3,9223372036854775807))
Edge(219390,424396,(1,9223372036854775807))
Edge(219596,381328,(3,9223372036854775807))
Edge(220355,326642,(3,9223372036854775807))
Edge(220518,201012,(3,9223372036854775807))
Edge(220533,122123,(1,9223372036854775807))
Edge(220813,243980,(3,9223372036854775807))
Edge(220825,103267,(3,9223372036854775807))
Edge(220928,31089,(3,9223372036854775807))
Edge(221221,21479,(4,9223372036854775807))
Edge(221962,324836,(3,9223372036854775807))
Edge(222193,348387,(3,9223372036854775807))
Edge(223064,264850,(1,9223372036854775807))
Edge(224539,121962,(3,9223372036854775807))
Edge(224971,143657,(3,9223372036854775807))
Edge(225107,20617,(1,9223372036854775807))
Edge(225499,252641,(3,9223372036854775807))
Edge(225614,15850,(3,9223372036854775807))
Edge(225786,366931,(3,9223372036854775807))
Edge(226049,240320,(1,9223372036854775807))
Edge(226081,450158,(3,9223372036854775807))
Edge(226439,84127,(3,9223372036854775807))
Edge(226659,428415,(1,9223372036854775807))
Edge(226725,129750,(3,9223372036854775807))
Edge(227108,104016,(3,9223372036854775807))
Edge(227285,216610,(3,9223372036854775807))
Edge(227357,384713,(3,9223372036854775807))
Edge(227713,86269,(3,9223372036854775807))
Edge(228404,273966,(3,9223372036854775807))
Edge(228571,120950,(3,9223372036854775807))
Edge(228661,64634,(3,9223372036854775807))
Edge(229668,443876,(3,9223372036854775807))
Edge(230114,278776,(3,9223372036854775807))
Edge(230307,51564,(3,9223372036854775807))
Edge(230733,305015,(3,9223372036854775807))
Edge(230824,295673,(3,9223372036854775807))
Edge(230887,107873,(3,9223372036854775807))
Edge(230977,499647,(3,9223372036854775807))
Edge(230983,298711,(1,9223372036854775807))
Edge(231594,56243,(3,9223372036854775807))
Edge(231676,298484,(3,9223372036854775807))
Edge(231683,295056,(3,9223372036854775807))
Edge(231904,489904,(3,9223372036854775807))
Edge(231961,313392,(3,9223372036854775807))
Edge(231961,316048,(1,9223372036854775807))
Edge(232225,357818,(1,9223372036854775807))
Edge(232485,127178,(3,9223372036854775807))
Edge(232677,190230,(1,3))
Edge(232795,310526,(1,3))
Edge(232861,196025,(1,3))
Edge(232862,153582,(3,9223372036854775807))
Edge(233068,150123,(3,9223372036854775807))
Edge(233357,471400,(1,9223372036854775807))
Edge(233723,289222,(3,9223372036854775807))
Edge(234331,203332,(3,9223372036854775807))
Edge(234439,241509,(3,9223372036854775807))
Edge(234459,36999,(3,9223372036854775807))
Edge(234998,70568,(3,9223372036854775807))
Edge(235440,49292,(3,9223372036854775807))
Edge(235455,445566,(3,9223372036854775807))
Edge(235622,304653,(3,9223372036854775807))
Edge(235770,7933,(3,9223372036854775807))
Edge(236361,58270,(3,9223372036854775807))
Edge(236773,14199,(3,9223372036854775807))
Edge(236828,245061,(1,9223372036854775807))
Edge(237879,207096,(3,9223372036854775807))
Edge(238026,320369,(3,9223372036854775807))
Edge(238036,347577,(3,9223372036854775807))
Edge(238219,357095,(3,9223372036854775807))
Edge(238499,289206,(3,9223372036854775807))
Edge(238530,271304,(1,9223372036854775807))
Edge(238836,397966,(3,9223372036854775807))
Edge(239111,348098,(3,9223372036854775807))
Edge(239164,136717,(3,9223372036854775807))
Edge(239704,22391,(3,9223372036854775807))
Edge(239731,484906,(3,9223372036854775807))
Edge(240798,307607,(3,9223372036854775807))
Edge(240907,57685,(3,9223372036854775807))
Edge(240932,69555,(3,9223372036854775807))
Edge(240980,185192,(3,9223372036854775807))
Edge(241509,246911,(1,3))
Edge(241940,439650,(3,9223372036854775807))
Edge(242766,351223,(1,9223372036854775807))
Edge(242995,259885,(3,9223372036854775807))
Edge(243748,203666,(3,9223372036854775807))
Edge(243779,267292,(3,9223372036854775807))
Edge(244037,1022,(1,9223372036854775807))
Edge(244138,321857,(3,9223372036854775807))
Edge(244982,209679,(3,9223372036854775807))
Edge(245034,115729,(1,3))
Edge(245118,479542,(1,3))
Edge(245125,423282,(3,9223372036854775807))
Edge(245204,463697,(3,9223372036854775807))
Edge(246017,333804,(3,9223372036854775807))
Edge(246205,92280,(3,9223372036854775807))
Edge(246873,266364,(3,9223372036854775807))
Edge(247402,465627,(3,9223372036854775807))
Edge(247969,274926,(3,9223372036854775807))
Edge(248783,337854,(3,9223372036854775807))
Edge(249035,293337,(1,9223372036854775807))
Edge(249602,305911,(3,9223372036854775807))
Edge(249709,313271,(3,9223372036854775807))
Edge(249920,261466,(3,9223372036854775807))
Edge(250042,437140,(1,9223372036854775807))
Edge(250559,34969,(3,9223372036854775807))
Edge(250685,159830,(1,9223372036854775807))
Edge(250939,63326,(3,9223372036854775807))
Edge(250943,292503,(3,9223372036854775807))
Edge(251160,365791,(3,9223372036854775807))
Edge(252671,454180,(3,9223372036854775807))
Edge(252849,106286,(3,9223372036854775807))
Edge(252883,227916,(3,9223372036854775807))
Edge(252944,148603,(1,9223372036854775807))
Edge(253007,77359,(3,9223372036854775807))
Edge(253098,250720,(1,9223372036854775807))
Edge(253577,181098,(3,9223372036854775807))
Edge(253729,80606,(3,9223372036854775807))
Edge(253801,281394,(3,9223372036854775807))
Edge(253966,45770,(3,9223372036854775807))
Edge(254061,4584,(3,9223372036854775807))
Edge(254068,58229,(3,9223372036854775807))
Edge(254116,145543,(3,9223372036854775807))
Edge(254189,265419,(1,3))
Edge(255175,262560,(3,9223372036854775807))
Edge(255181,435106,(3,9223372036854775807))
Edge(255926,12255,(3,9223372036854775807))
Edge(256027,454687,(3,9223372036854775807))
Edge(256132,158919,(3,9223372036854775807))
Edge(256563,406299,(3,9223372036854775807))
Edge(257179,302258,(1,9223372036854775807))
Edge(258244,109841,(3,9223372036854775807))
Edge(258299,55990,(3,9223372036854775807))
Edge(258311,246927,(3,9223372036854775807))
Edge(258536,483052,(3,9223372036854775807))
Edge(258742,408573,(3,9223372036854775807))
Edge(258978,380027,(3,9223372036854775807))
Edge(259008,734,(3,9223372036854775807))
Edge(259388,368488,(3,9223372036854775807))
Edge(260005,485009,(3,9223372036854775807))
Edge(260535,499973,(3,9223372036854775807))
Edge(260603,455528,(3,9223372036854775807))
Edge(261049,201620,(3,9223372036854775807))
Edge(261598,304629,(3,9223372036854775807))
Edge(261681,111555,(3,9223372036854775807))
Edge(262294,107311,(3,9223372036854775807))
Edge(262387,430563,(3,9223372036854775807))
Edge(262495,378351,(3,9223372036854775807))
Edge(262530,475027,(3,9223372036854775807))
Edge(262769,383181,(3,9223372036854775807))
Edge(262874,241495,(3,9223372036854775807))
Edge(263085,129880,(3,9223372036854775807))
Edge(263126,263399,(3,9223372036854775807))
Edge(263337,54072,(3,9223372036854775807))
Edge(263607,158047,(3,9223372036854775807))
Edge(263648,317073,(3,9223372036854775807))
Edge(263869,120707,(3,9223372036854775807))
Edge(264024,104388,(3,9223372036854775807))
Edge(264439,121538,(3,9223372036854775807))
Edge(264851,1208,(3,9223372036854775807))
Edge(264981,350014,(3,9223372036854775807))
Edge(265152,345201,(3,9223372036854775807))
Edge(265266,422182,(3,9223372036854775807))
Edge(265880,461675,(3,9223372036854775807))
Edge(265906,73440,(3,9223372036854775807))
Edge(266138,381261,(3,9223372036854775807))
Edge(266199,191116,(1,9223372036854775807))
Edge(266597,43114,(3,9223372036854775807))
Edge(267043,437246,(3,9223372036854775807))
Edge(267393,317085,(3,9223372036854775807))
Edge(267477,88791,(3,9223372036854775807))
Edge(267996,87294,(3,9223372036854775807))
Edge(268310,78974,(3,9223372036854775807))
Edge(269352,57700,(3,9223372036854775807))
Edge(269482,56161,(3,9223372036854775807))
Edge(270265,90294,(3,9223372036854775807))
Edge(270339,328065,(3,9223372036854775807))
Edge(270675,9424,(3,9223372036854775807))
Edge(270981,497962,(3,9223372036854775807))
Edge(271034,78866,(1,3))
Edge(271863,320632,(3,9223372036854775807))
Edge(271933,1973,(1,3))
Edge(272038,392566,(3,9223372036854775807))
Edge(272226,79188,(3,9223372036854775807))
Edge(272375,410330,(3,9223372036854775807))
Edge(272887,478292,(3,9223372036854775807))
Edge(273088,332898,(1,9223372036854775807))
Edge(273234,286532,(3,9223372036854775807))
Edge(273361,429247,(3,9223372036854775807))
Edge(273784,171581,(3,9223372036854775807))
Edge(274024,101029,(3,9223372036854775807))
Edge(274167,282344,(1,3))
Edge(274194,86021,(3,9223372036854775807))
Edge(274286,429158,(3,9223372036854775807))
Edge(274420,498384,(3,9223372036854775807))
Edge(275128,30782,(3,9223372036854775807))
Edge(275189,117745,(3,9223372036854775807))
Edge(275454,76886,(3,9223372036854775807))
Edge(275578,284579,(3,9223372036854775807))
Edge(275629,135987,(3,9223372036854775807))
Edge(275783,183294,(3,9223372036854775807))
Edge(275847,41902,(3,9223372036854775807))
Edge(276000,190538,(1,9223372036854775807))
Edge(276107,191795,(3,9223372036854775807))
Edge(276333,5072,(1,9223372036854775807))
Edge(276408,105727,(3,9223372036854775807))
Edge(276534,117352,(1,9223372036854775807))
Edge(276845,462565,(3,9223372036854775807))
Edge(276992,345902,(3,9223372036854775807))
Edge(277384,35895,(3,9223372036854775807))
Edge(277805,279255,(1,9223372036854775807))
Edge(277994,415795,(1,3))
Edge(278082,272052,(3,9223372036854775807))
Edge(278592,386300,(3,9223372036854775807))
Edge(278624,273915,(1,9223372036854775807))
Edge(278674,221138,(3,9223372036854775807))
Edge(278754,42086,(3,9223372036854775807))
Edge(279321,400939,(3,9223372036854775807))
Edge(279729,222671,(3,9223372036854775807))
Edge(279946,389513,(3,9223372036854775807))
Edge(279986,9436,(3,9223372036854775807))
Edge(280256,244618,(3,9223372036854775807))
Edge(280659,395881,(3,9223372036854775807))
Edge(281625,144978,(3,9223372036854775807))
Edge(281853,182838,(3,9223372036854775807))
Edge(281997,332061,(3,9223372036854775807))
Edge(282023,354359,(3,9223372036854775807))
Edge(282185,288788,(1,9223372036854775807))
Edge(282517,351123,(3,9223372036854775807))
Edge(282541,195229,(3,9223372036854775807))
Edge(282576,101528,(3,9223372036854775807))
Edge(282966,362807,(3,9223372036854775807))
Edge(283042,71198,(3,9223372036854775807))
Edge(283202,321471,(1,9223372036854775807))
Edge(283203,467928,(3,9223372036854775807))
Edge(283348,495940,(3,9223372036854775807))
Edge(283709,499375,(3,9223372036854775807))
Edge(283797,176010,(3,9223372036854775807))
Edge(283909,457158,(3,9223372036854775807))
Edge(284027,3550,(3,9223372036854775807))
Edge(284479,327311,(3,9223372036854775807))
Edge(284530,48881,(3,9223372036854775807))
Edge(285088,169266,(1,3))
Edge(285104,96861,(1,9223372036854775807))
Edge(286173,354750,(3,9223372036854775807))
Edge(287347,117506,(3,9223372036854775807))
Edge(287842,268599,(3,9223372036854775807))
Edge(288176,304805,(3,9223372036854775807))
Edge(288249,65272,(3,9223372036854775807))
Edge(288505,8702,(1,9223372036854775807))
Edge(288560,167901,(3,9223372036854775807))
Edge(288708,255524,(3,9223372036854775807))
Edge(289345,358096,(3,9223372036854775807))
Edge(289439,264238,(3,9223372036854775807))
Edge(289444,161547,(3,9223372036854775807))
Edge(289766,68653,(3,9223372036854775807))
Edge(290155,399135,(3,9223372036854775807))
Edge(290478,106249,(3,9223372036854775807))
Edge(290933,246762,(3,9223372036854775807))
Edge(291196,383436,(1,9223372036854775807))
Edge(291493,311236,(3,9223372036854775807))
Edge(291812,121693,(3,9223372036854775807))
Edge(292251,490999,(1,9223372036854775807))
Edge(292296,298751,(3,9223372036854775807))
Edge(292431,136609,(3,9223372036854775807))
Edge(293003,334568,(3,9223372036854775807))
Edge(293181,198548,(3,9223372036854775807))
Edge(293311,275399,(1,9223372036854775807))
Edge(293402,201799,(3,9223372036854775807))
Edge(293497,92366,(1,9223372036854775807))
Edge(293571,298600,(1,9223372036854775807))
Edge(293656,433520,(3,9223372036854775807))
Edge(293703,272032,(1,3))
Edge(293920,389081,(3,9223372036854775807))
Edge(294850,26991,(1,9223372036854775807))
Edge(294955,301761,(3,9223372036854775807))
Edge(295076,321908,(1,9223372036854775807))
Edge(295116,443640,(3,9223372036854775807))
Edge(295377,117095,(3,9223372036854775807))
Edge(295491,40245,(3,9223372036854775807))
Edge(295906,220901,(3,9223372036854775807))
Edge(295959,107832,(3,9223372036854775807))
Edge(296008,445673,(3,9223372036854775807))
Edge(296312,297904,(1,3))
Edge(296669,334946,(3,9223372036854775807))
Edge(296808,369487,(1,3))
Edge(297375,353495,(3,9223372036854775807))
Edge(297575,353361,(3,9223372036854775807))
Edge(298181,234205,(1,9223372036854775807))
Edge(298835,201277,(3,9223372036854775807))
Edge(298901,395437,(3,9223372036854775807))
Edge(299397,395991,(3,9223372036854775807))
Edge(299549,237249,(3,9223372036854775807))
Edge(299626,477565,(3,9223372036854775807))
Edge(299851,76236,(3,9223372036854775807))
Edge(300180,476037,(3,9223372036854775807))
Edge(300298,383288,(3,9223372036854775807))
Edge(300352,467433,(3,9223372036854775807))
Edge(300475,383074,(1,9223372036854775807))
Edge(301334,158537,(1,9223372036854775807))
Edge(302922,217368,(3,9223372036854775807))
Edge(303272,47298,(3,9223372036854775807))
Edge(303316,417865,(3,9223372036854775807))
Edge(303339,141009,(1,3))
Edge(303364,315864,(1,9223372036854775807))
Edge(303708,18152,(3,9223372036854775807))
Edge(304182,329730,(3,9223372036854775807))
Edge(304195,104871,(1,9223372036854775807))
Edge(304286,412624,(3,9223372036854775807))
Edge(304411,484306,(3,9223372036854775807))
Edge(304898,118019,(3,9223372036854775807))
Edge(305307,274482,(3,9223372036854775807))
Edge(305390,374688,(3,9223372036854775807))
Edge(305609,88069,(3,9223372036854775807))
Edge(305820,129946,(3,9223372036854775807))
Edge(305877,136728,(1,3))
Edge(306102,258585,(3,9223372036854775807))
Edge(306277,316430,(3,9223372036854775807))
Edge(306323,117484,(3,9223372036854775807))
Edge(306625,285519,(3,9223372036854775807))
Edge(306665,109091,(3,9223372036854775807))
Edge(306715,405542,(3,9223372036854775807))
Edge(307034,187752,(3,9223372036854775807))
Edge(307275,281521,(3,9223372036854775807))
Edge(307564,209725,(3,9223372036854775807))
Edge(307959,310786,(1,9223372036854775807))
Edge(308296,411214,(3,9223372036854775807))
Edge(308641,494028,(3,9223372036854775807))
Edge(308713,341601,(3,9223372036854775807))
Edge(308948,447169,(1,3))
Edge(309380,314492,(1,3))
Edge(309740,468259,(3,9223372036854775807))
Edge(309799,328929,(3,9223372036854775807))
Edge(310218,49581,(3,9223372036854775807))
Edge(310279,270761,(3,9223372036854775807))
Edge(310485,108174,(3,9223372036854775807))
Edge(310551,355973,(3,9223372036854775807))
Edge(310589,357724,(1,3))
Edge(310892,256586,(3,9223372036854775807))
Edge(311141,415415,(1,9223372036854775807))
Edge(311193,254395,(3,9223372036854775807))
Edge(311311,423357,(3,9223372036854775807))
Edge(311380,144764,(1,9223372036854775807))
Edge(311478,318231,(1,3))
Edge(311669,233441,(3,9223372036854775807))
Edge(311809,205311,(1,9223372036854775807))
Edge(311835,206599,(3,9223372036854775807))
Edge(312264,283231,(3,9223372036854775807))
Edge(312284,205002,(1,9223372036854775807))
Edge(312580,478885,(3,9223372036854775807))
Edge(312801,85489,(3,9223372036854775807))
Edge(313249,58770,(3,9223372036854775807))
Edge(313360,145514,(3,9223372036854775807))
Edge(314068,137989,(1,9223372036854775807))
Edge(314272,373476,(3,9223372036854775807))
Edge(314937,439963,(3,9223372036854775807))
Edge(315420,226814,(3,9223372036854775807))
Edge(315539,261216,(1,9223372036854775807))
Edge(315674,384249,(3,9223372036854775807))
Edge(315823,87882,(3,9223372036854775807))
Edge(315838,201665,(3,9223372036854775807))
Edge(315881,401107,(3,9223372036854775807))
Edge(316182,299511,(3,9223372036854775807))
Edge(316497,320072,(3,9223372036854775807))
Edge(316537,435797,(1,9223372036854775807))
Edge(316835,71525,(1,9223372036854775807))
Edge(316890,119412,(3,9223372036854775807))
Edge(317153,95482,(1,9223372036854775807))
Edge(317360,18770,(1,9223372036854775807))
Edge(317842,170939,(3,9223372036854775807))
Edge(318060,151899,(3,9223372036854775807))
Edge(318527,219671,(3,9223372036854775807))
Edge(318548,325530,(3,9223372036854775807))
Edge(318843,318860,(1,9223372036854775807))
Edge(319248,172332,(3,9223372036854775807))
Edge(319313,126249,(4,9223372036854775807))
Edge(319437,490237,(3,9223372036854775807))
Edge(319516,5789,(3,9223372036854775807))
Edge(319831,444847,(3,9223372036854775807))
Edge(320232,179813,(3,9223372036854775807))
Edge(320304,454382,(1,9223372036854775807))
Edge(320399,326147,(3,9223372036854775807))
Edge(320430,494861,(3,9223372036854775807))
Edge(320437,378715,(3,9223372036854775807))
Edge(320497,232992,(3,9223372036854775807))
Edge(320922,156734,(3,9223372036854775807))
Edge(322325,173515,(1,3))
Edge(322714,270187,(3,9223372036854775807))
Edge(323011,347450,(3,9223372036854775807))
Edge(323403,466961,(3,9223372036854775807))
Edge(324027,364359,(1,3))
Edge(324416,149632,(3,9223372036854775807))
Edge(324562,70928,(3,9223372036854775807))
Edge(324610,393607,(3,9223372036854775807))
Edge(325061,107634,(3,9223372036854775807))
Edge(325082,256564,(3,9223372036854775807))
Edge(325363,204394,(3,9223372036854775807))
Edge(325948,236862,(3,9223372036854775807))
Edge(326240,222653,(3,9223372036854775807))
Edge(328095,360549,(3,9223372036854775807))
Edge(328705,495127,(3,9223372036854775807))
Edge(329390,295288,(3,9223372036854775807))
Edge(329611,143542,(3,9223372036854775807))
Edge(329840,205131,(3,9223372036854775807))
Edge(330405,197317,(3,9223372036854775807))
Edge(330455,236471,(1,3))
Edge(330804,297728,(3,9223372036854775807))
Edge(330852,89355,(3,9223372036854775807))
Edge(331037,210975,(3,9223372036854775807))
Edge(331289,470803,(3,9223372036854775807))
Edge(331883,270068,(3,9223372036854775807))
Edge(331967,142764,(3,9223372036854775807))
Edge(332005,432530,(3,9223372036854775807))
Edge(332353,358843,(3,9223372036854775807))
Edge(332531,384911,(3,9223372036854775807))
Edge(332829,312339,(3,9223372036854775807))
Edge(332984,175693,(1,9223372036854775807))
Edge(333513,333988,(1,9223372036854775807))
Edge(333892,407279,(3,9223372036854775807))
Edge(335473,7638,(3,9223372036854775807))
Edge(335611,351809,(3,9223372036854775807))
Edge(335900,67801,(3,9223372036854775807))
Edge(336798,307557,(3,9223372036854775807))
Edge(336808,402495,(3,9223372036854775807))
Edge(337102,313534,(3,9223372036854775807))
Edge(337405,280227,(1,9223372036854775807))
Edge(337630,428425,(3,9223372036854775807))
Edge(337681,405462,(3,9223372036854775807))
Edge(337961,49217,(3,9223372036854775807))
Edge(337969,83095,(3,9223372036854775807))
Edge(338017,29765,(1,9223372036854775807))
Edge(338164,108340,(3,9223372036854775807))
Edge(338225,58048,(3,9223372036854775807))
Edge(339194,243420,(3,9223372036854775807))
Edge(339519,414342,(1,9223372036854775807))
Edge(339668,312039,(3,9223372036854775807))
Edge(339973,245952,(1,9223372036854775807))
Edge(341481,275480,(3,9223372036854775807))
Edge(341528,170160,(3,9223372036854775807))
Edge(341949,372708,(4,9223372036854775807))
Edge(342012,121175,(3,9223372036854775807))
Edge(342046,415284,(1,9223372036854775807))
Edge(342601,34363,(1,9223372036854775807))
Edge(342612,130156,(3,9223372036854775807))
Edge(342928,212874,(1,9223372036854775807))
Edge(343359,486098,(3,9223372036854775807))
Edge(343654,294736,(1,3))
Edge(343922,221963,(3,9223372036854775807))
Edge(343924,350309,(3,9223372036854775807))
Edge(344361,316531,(3,9223372036854775807))
Edge(344374,55889,(1,9223372036854775807))
Edge(344424,244268,(3,9223372036854775807))
Edge(344443,400737,(1,3))
Edge(344475,129555,(3,9223372036854775807))
Edge(344813,167872,(3,9223372036854775807))
Edge(344965,426691,(1,3))
Edge(345160,325385,(3,9223372036854775807))
Edge(345620,29974,(3,9223372036854775807))
Edge(345704,43060,(3,9223372036854775807))
Edge(345705,356468,(3,9223372036854775807))
Edge(345731,267963,(3,9223372036854775807))
Edge(345750,247771,(3,9223372036854775807))
Edge(346052,56162,(3,9223372036854775807))
Edge(346079,216214,(3,9223372036854775807))
Edge(346208,96488,(3,9223372036854775807))
Edge(346591,125454,(3,9223372036854775807))
Edge(346869,499888,(3,9223372036854775807))
Edge(347154,56129,(3,9223372036854775807))
Edge(347459,121294,(1,3))
Edge(347634,452488,(3,9223372036854775807))
Edge(347982,143149,(3,9223372036854775807))
Edge(348266,167809,(3,9223372036854775807))
Edge(348446,303348,(3,9223372036854775807))
Edge(348596,53698,(3,9223372036854775807))
Edge(349472,366609,(3,9223372036854775807))
Edge(349680,188653,(3,9223372036854775807))
Edge(350001,216632,(3,9223372036854775807))
Edge(350063,124016,(3,9223372036854775807))
Edge(350118,482370,(3,9223372036854775807))
Edge(350204,126062,(3,9223372036854775807))
Edge(350601,402179,(3,9223372036854775807))
Edge(350674,56625,(3,9223372036854775807))
Edge(350804,35721,(3,9223372036854775807))
Edge(350910,120301,(1,3))
Edge(350939,15271,(1,9223372036854775807))
Edge(351105,279749,(3,9223372036854775807))
Edge(351315,235516,(1,3))
Edge(351786,297208,(3,9223372036854775807))
Edge(351896,56483,(3,9223372036854775807))
Edge(351905,401204,(3,9223372036854775807))
Edge(351943,37782,(1,9223372036854775807))
Edge(351991,94558,(3,9223372036854775807))
Edge(352438,495831,(3,9223372036854775807))
Edge(352852,190441,(3,9223372036854775807))
Edge(353072,289352,(3,9223372036854775807))
Edge(353363,149171,(3,9223372036854775807))
Edge(353567,152037,(3,9223372036854775807))
Edge(353914,128794,(3,9223372036854775807))
Edge(354574,488257,(3,9223372036854775807))
Edge(354587,472724,(3,9223372036854775807))
Edge(354888,492924,(3,9223372036854775807))
Edge(354925,171925,(1,9223372036854775807))
Edge(355462,130772,(3,9223372036854775807))
Edge(355697,69643,(3,9223372036854775807))
Edge(355716,150232,(3,9223372036854775807))
Edge(356034,215685,(3,9223372036854775807))
Edge(356421,438717,(1,9223372036854775807))
Edge(356736,380373,(3,9223372036854775807))
Edge(356956,67227,(3,9223372036854775807))
Edge(357095,322512,(3,9223372036854775807))
Edge(358107,498424,(1,9223372036854775807))
Edge(358229,550,(3,9223372036854775807))
Edge(358652,196418,(3,9223372036854775807))
Edge(358751,264176,(1,3))
Edge(358765,467116,(3,9223372036854775807))
Edge(360443,20982,(1,9223372036854775807))
Edge(360911,390813,(3,9223372036854775807))
Edge(360920,212741,(3,9223372036854775807))
Edge(361144,232459,(3,9223372036854775807))
Edge(361206,162990,(3,9223372036854775807))
Edge(361262,38508,(3,9223372036854775807))
Edge(361313,312439,(1,9223372036854775807))
Edge(361495,378289,(3,9223372036854775807))
Edge(361528,190782,(3,9223372036854775807))
Edge(361576,154328,(1,9223372036854775807))
Edge(362066,68864,(3,9223372036854775807))
Edge(362362,269805,(1,3))
Edge(362498,478865,(3,9223372036854775807))
Edge(362662,443168,(3,9223372036854775807))
Edge(362728,42231,(3,9223372036854775807))
Edge(362828,45181,(3,9223372036854775807))
Edge(363641,45004,(3,9223372036854775807))
Edge(364024,131409,(3,9223372036854775807))
Edge(364735,399273,(3,9223372036854775807))
Edge(364827,165920,(3,9223372036854775807))
Edge(364907,433155,(3,9223372036854775807))
Edge(365140,383708,(3,9223372036854775807))
Edge(365736,101616,(3,9223372036854775807))
Edge(365999,222426,(3,9223372036854775807))
Edge(366003,39347,(1,3))
Edge(366212,446052,(3,9223372036854775807))
Edge(366242,239310,(3,9223372036854775807))
Edge(366268,304650,(1,3))
Edge(366479,106982,(3,9223372036854775807))
Edge(367108,280677,(3,9223372036854775807))
Edge(367586,381392,(1,9223372036854775807))
Edge(367814,405054,(3,9223372036854775807))
Edge(368070,394037,(3,9223372036854775807))
Edge(368310,91021,(3,9223372036854775807))
Edge(368552,360244,(3,9223372036854775807))
Edge(368731,457851,(3,9223372036854775807))
Edge(368810,75953,(3,9223372036854775807))
Edge(369993,390832,(3,9223372036854775807))
Edge(370054,98893,(3,9223372036854775807))
Edge(370165,1006,(1,3))
Edge(370353,251118,(3,9223372036854775807))
Edge(370715,101495,(3,9223372036854775807))
Edge(371152,10662,(3,9223372036854775807))
Edge(371566,39162,(3,9223372036854775807))
Edge(371847,197147,(1,3))
Edge(371972,275236,(3,9223372036854775807))
Edge(372072,221874,(3,9223372036854775807))
Edge(372503,266563,(3,9223372036854775807))
Edge(372845,387719,(3,9223372036854775807))
Edge(373039,104244,(3,9223372036854775807))
Edge(373057,49114,(1,3))
Edge(373309,312424,(3,9223372036854775807))
Edge(373383,276559,(1,9223372036854775807))
Edge(373696,166467,(3,9223372036854775807))
Edge(373908,385178,(3,9223372036854775807))
Edge(374297,485791,(3,9223372036854775807))
Edge(374337,234145,(1,3))
Edge(374490,10405,(1,9223372036854775807))
Edge(374651,301914,(3,9223372036854775807))
Edge(374748,302196,(3,9223372036854775807))
Edge(375528,237297,(3,9223372036854775807))
Edge(376075,498559,(3,9223372036854775807))
Edge(376239,262312,(3,9223372036854775807))
Edge(376311,432746,(1,3))
Edge(376643,125562,(1,9223372036854775807))
Edge(376998,366240,(1,9223372036854775807))
Edge(377074,104605,(3,9223372036854775807))
Edge(377125,56712,(3,9223372036854775807))
Edge(377894,490054,(3,9223372036854775807))
Edge(378987,122635,(1,9223372036854775807))
Edge(379994,10977,(3,9223372036854775807))
Edge(380349,346517,(3,9223372036854775807))
Edge(380821,441508,(3,9223372036854775807))
Edge(381011,354829,(1,3))
Edge(381270,428910,(3,9223372036854775807))
Edge(381477,323584,(1,3))
Edge(381616,348543,(3,9223372036854775807))
Edge(382163,20869,(3,9223372036854775807))
Edge(382166,261136,(1,9223372036854775807))
Edge(382191,332444,(3,9223372036854775807))
Edge(382374,91856,(3,9223372036854775807))
Edge(382438,23311,(3,9223372036854775807))
Edge(382737,290496,(1,9223372036854775807))
Edge(383122,217965,(1,9223372036854775807))
Edge(383308,196468,(3,9223372036854775807))
Edge(383591,37044,(3,9223372036854775807))
Edge(383695,214697,(3,9223372036854775807))
Edge(384091,394926,(3,9223372036854775807))
Edge(384393,46605,(3,9223372036854775807))
Edge(384871,450071,(1,9223372036854775807))
Edge(385201,133578,(3,9223372036854775807))
Edge(385441,30562,(3,9223372036854775807))
Edge(385979,468847,(3,9223372036854775807))
Edge(386152,231147,(3,9223372036854775807))
Edge(386323,257984,(3,9223372036854775807))
Edge(386528,301499,(3,9223372036854775807))
Edge(386620,72355,(3,9223372036854775807))
Edge(386706,120191,(3,9223372036854775807))
Edge(386976,337593,(3,9223372036854775807))
Edge(387059,143398,(3,9223372036854775807))
Edge(387060,324999,(1,3))
Edge(387214,253033,(3,9223372036854775807))
Edge(387487,478924,(3,9223372036854775807))
Edge(387619,13739,(3,9223372036854775807))
Edge(387890,229447,(3,9223372036854775807))
Edge(388222,328182,(1,9223372036854775807))
Edge(388752,287368,(3,9223372036854775807))
Edge(388812,194749,(3,9223372036854775807))
Edge(388860,237156,(3,9223372036854775807))
Edge(389123,242286,(3,9223372036854775807))
Edge(390874,221712,(3,9223372036854775807))
Edge(391218,320643,(3,9223372036854775807))
Edge(391937,389280,(1,9223372036854775807))
Edge(392353,344298,(3,9223372036854775807))
Edge(392401,489574,(3,9223372036854775807))
Edge(392455,22832,(3,9223372036854775807))
Edge(392494,391857,(3,9223372036854775807))
Edge(392507,274267,(3,9223372036854775807))
Edge(392742,51182,(3,9223372036854775807))
Edge(392929,364738,(1,3))
Edge(393026,272864,(3,9223372036854775807))
Edge(393163,161992,(1,9223372036854775807))
Edge(393391,308433,(3,9223372036854775807))
Edge(393725,466936,(3,9223372036854775807))
Edge(394000,453596,(3,9223372036854775807))
Edge(394071,233432,(1,3))
Edge(394172,426351,(3,9223372036854775807))
Edge(394437,14289,(3,9223372036854775807))
Edge(395568,191991,(1,9223372036854775807))
Edge(396314,279154,(3,9223372036854775807))
Edge(396843,430971,(3,9223372036854775807))
Edge(396961,477862,(3,9223372036854775807))
Edge(397470,414775,(3,9223372036854775807))
Edge(398207,442099,(3,9223372036854775807))
Edge(398377,453611,(3,9223372036854775807))
Edge(398546,167267,(3,9223372036854775807))
Edge(399675,266713,(3,9223372036854775807))
Edge(399923,69073,(3,9223372036854775807))
Edge(400321,205235,(1,9223372036854775807))
Edge(400482,456628,(3,9223372036854775807))
Edge(400513,299146,(3,9223372036854775807))
Edge(401136,52323,(3,9223372036854775807))
Edge(401301,433468,(3,9223372036854775807))
Edge(401410,254539,(3,9223372036854775807))
Edge(401566,203297,(3,9223372036854775807))
Edge(401630,430396,(3,9223372036854775807))
Edge(401855,81920,(3,9223372036854775807))
Edge(402371,473030,(3,9223372036854775807))
Edge(402523,430727,(3,9223372036854775807))
Edge(403486,404221,(3,9223372036854775807))
Edge(403997,453610,(3,9223372036854775807))
Edge(404161,126513,(3,9223372036854775807))
Edge(404444,150771,(3,9223372036854775807))
Edge(404646,323927,(3,9223372036854775807))
Edge(405789,295460,(3,9223372036854775807))
Edge(405908,46013,(3,9223372036854775807))
Edge(406558,211600,(1,3))
Edge(407022,316938,(3,9223372036854775807))
Edge(407094,435113,(1,9223372036854775807))
Edge(407424,280905,(3,9223372036854775807))
Edge(407544,14876,(1,3))
Edge(407707,42552,(1,9223372036854775807))
Edge(407732,163014,(1,3))
Edge(408080,443586,(1,9223372036854775807))
Edge(408369,179225,(1,9223372036854775807))
Edge(408607,275,(1,3))
Edge(408676,485560,(3,9223372036854775807))
Edge(409354,160644,(1,9223372036854775807))
Edge(409439,40199,(3,9223372036854775807))
Edge(409463,296273,(3,9223372036854775807))
Edge(409477,473031,(3,9223372036854775807))
Edge(409752,432085,(3,9223372036854775807))
Edge(409964,249062,(3,9223372036854775807))
Edge(410054,402524,(3,9223372036854775807))
Edge(410262,366066,(3,9223372036854775807))
Edge(410320,134651,(3,9223372036854775807))
Edge(410620,356038,(3,9223372036854775807))
Edge(410669,298451,(1,3))
Edge(410868,370826,(3,9223372036854775807))
Edge(411050,389918,(3,9223372036854775807))
Edge(411547,309940,(3,9223372036854775807))
Edge(411900,456826,(3,9223372036854775807))
Edge(411983,64066,(3,9223372036854775807))
Edge(412005,103315,(3,9223372036854775807))
Edge(412264,22167,(3,9223372036854775807))
Edge(412806,484847,(1,9223372036854775807))
Edge(412875,277464,(3,9223372036854775807))
Edge(412905,308106,(1,9223372036854775807))
Edge(413540,276455,(3,9223372036854775807))
Edge(413739,372941,(3,9223372036854775807))
Edge(413929,232822,(3,9223372036854775807))
Edge(414252,90517,(3,9223372036854775807))
Edge(414360,156457,(1,9223372036854775807))
Edge(414680,420051,(3,9223372036854775807))
Edge(414797,324966,(3,9223372036854775807))
Edge(415537,330308,(3,9223372036854775807))
Edge(415613,451270,(3,9223372036854775807))
Edge(415623,496763,(3,9223372036854775807))
Edge(415631,349634,(3,9223372036854775807))
Edge(415654,494461,(3,9223372036854775807))
Edge(416313,209008,(3,9223372036854775807))
Edge(416872,334220,(3,9223372036854775807))
Edge(417420,6162,(1,9223372036854775807))
Edge(417469,130507,(1,9223372036854775807))
Edge(417840,195908,(3,9223372036854775807))
Edge(417841,23339,(3,9223372036854775807))
Edge(417984,335005,(3,9223372036854775807))
Edge(418315,372783,(3,9223372036854775807))
Edge(418444,29166,(3,9223372036854775807))
Edge(418648,270206,(3,9223372036854775807))
Edge(418990,61180,(1,3))
Edge(419651,47130,(1,3))
Edge(419680,347459,(3,9223372036854775807))
Edge(419696,435791,(2,3))
Edge(419851,205594,(3,9223372036854775807))
Edge(420012,153134,(3,9223372036854775807))
Edge(420027,49245,(1,9223372036854775807))
Edge(420207,80025,(3,9223372036854775807))
Edge(420479,88651,(3,9223372036854775807))
Edge(421182,62652,(3,9223372036854775807))
Edge(421412,241711,(3,9223372036854775807))
Edge(421853,379251,(3,9223372036854775807))
Edge(421882,35159,(3,9223372036854775807))
Edge(422247,11372,(3,9223372036854775807))
Edge(422251,161136,(3,9223372036854775807))
Edge(422582,302504,(3,9223372036854775807))
Edge(422876,129800,(3,9223372036854775807))
Edge(423117,377067,(3,9223372036854775807))
Edge(423388,439482,(3,9223372036854775807))
Edge(423407,25537,(3,9223372036854775807))
Edge(423461,220271,(3,9223372036854775807))
Edge(423486,405327,(3,9223372036854775807))
Edge(423838,26548,(1,3))
Edge(424298,103781,(3,9223372036854775807))
Edge(424366,116761,(3,9223372036854775807))
Edge(424384,419921,(4,9223372036854775807))
Edge(424526,203508,(3,9223372036854775807))
Edge(424917,9571,(3,9223372036854775807))
Edge(425366,402128,(3,9223372036854775807))
Edge(426106,85287,(3,9223372036854775807))
Edge(426308,254285,(3,9223372036854775807))
Edge(426621,348876,(3,9223372036854775807))
Edge(427102,194706,(3,9223372036854775807))
Edge(427129,72031,(3,9223372036854775807))
Edge(427218,262133,(3,9223372036854775807))
Edge(427280,136115,(1,3))
Edge(427527,378777,(3,9223372036854775807))
Edge(427762,116361,(3,9223372036854775807))
Edge(428150,180355,(1,3))
Edge(428153,116874,(3,9223372036854775807))
Edge(428614,365225,(3,9223372036854775807))
Edge(429758,364319,(3,9223372036854775807))
Edge(430125,447439,(3,9223372036854775807))
Edge(430170,449827,(1,9223372036854775807))
Edge(430304,87797,(3,9223372036854775807))
Edge(431159,35409,(3,9223372036854775807))
Edge(431319,454085,(3,9223372036854775807))
Edge(431564,358036,(3,9223372036854775807))
Edge(431904,140630,(3,9223372036854775807))
Edge(431987,321552,(1,9223372036854775807))
Edge(433474,296439,(3,9223372036854775807))
Edge(433671,408880,(1,3))
Edge(434122,280978,(3,9223372036854775807))
Edge(434590,181529,(3,9223372036854775807))
Edge(434618,260657,(3,9223372036854775807))
Edge(434693,250177,(1,3))
Edge(434705,285394,(1,9223372036854775807))
Edge(434713,312089,(3,9223372036854775807))
Edge(434946,448765,(3,9223372036854775807))
Edge(436083,194575,(3,9223372036854775807))
Edge(436161,202875,(3,9223372036854775807))
Edge(436214,252133,(3,9223372036854775807))
Edge(436567,6217,(3,9223372036854775807))
Edge(436661,111433,(3,9223372036854775807))
Edge(436820,416525,(3,9223372036854775807))
Edge(437317,457838,(3,9223372036854775807))
Edge(437798,412093,(1,3))
Edge(438029,335298,(3,9223372036854775807))
Edge(438163,294520,(3,9223372036854775807))
Edge(438240,17022,(3,9223372036854775807))
Edge(438503,309678,(3,9223372036854775807))
Edge(438600,455257,(1,3))
Edge(438746,89886,(3,9223372036854775807))
Edge(439124,187106,(3,9223372036854775807))
Edge(439211,125393,(1,3))
Edge(439908,11874,(3,9223372036854775807))
Edge(439936,125575,(1,3))
Edge(440230,305136,(3,9223372036854775807))
Edge(440260,185825,(3,9223372036854775807))
Edge(440381,207361,(3,9223372036854775807))
Edge(440396,135001,(3,9223372036854775807))
Edge(440617,440778,(3,9223372036854775807))
Edge(440916,493087,(3,9223372036854775807))
Edge(441285,339846,(3,9223372036854775807))
Edge(441870,161581,(3,9223372036854775807))
Edge(441880,171767,(3,9223372036854775807))
Edge(442144,166568,(3,9223372036854775807))
Edge(442160,369152,(3,9223372036854775807))
Edge(442338,478747,(1,3))
Edge(442381,23705,(3,9223372036854775807))
Edge(443078,204504,(3,9223372036854775807))
Edge(443126,291365,(1,9223372036854775807))
Edge(443261,247590,(3,9223372036854775807))
Edge(443354,340276,(1,9223372036854775807))
Edge(443678,325326,(3,9223372036854775807))
Edge(443827,51443,(3,9223372036854775807))
Edge(444047,172809,(3,9223372036854775807))
Edge(444108,143777,(3,9223372036854775807))
Edge(444127,237812,(1,3))
Edge(444474,100086,(1,9223372036854775807))
Edge(445565,463795,(3,9223372036854775807))
Edge(445871,40866,(3,9223372036854775807))
Edge(445898,59532,(3,9223372036854775807))
Edge(446732,333753,(3,9223372036854775807))
Edge(446751,343274,(1,9223372036854775807))
Edge(446813,309052,(3,9223372036854775807))
Edge(446817,379017,(3,9223372036854775807))
Edge(446879,15692,(3,9223372036854775807))
Edge(447222,86894,(3,9223372036854775807))
Edge(447505,38433,(3,9223372036854775807))
Edge(447681,452817,(4,9223372036854775807))
Edge(447755,247301,(1,9223372036854775807))
Edge(447777,219461,(3,9223372036854775807))
Edge(448017,378455,(1,9223372036854775807))
Edge(448440,329527,(1,9223372036854775807))
Edge(449486,85586,(3,9223372036854775807))
Edge(450126,1869,(3,9223372036854775807))
Edge(450219,278642,(1,9223372036854775807))
Edge(450546,85875,(3,9223372036854775807))
Edge(450981,291578,(3,9223372036854775807))
Edge(451063,37986,(3,9223372036854775807))
Edge(451213,145070,(3,9223372036854775807))
Edge(451515,276028,(3,9223372036854775807))
Edge(451532,52446,(3,9223372036854775807))
Edge(451767,281973,(3,9223372036854775807))
Edge(452627,426795,(3,9223372036854775807))
Edge(452650,161785,(3,9223372036854775807))
Edge(452854,452715,(3,9223372036854775807))
Edge(453513,285262,(3,9223372036854775807))
Edge(453579,143757,(3,9223372036854775807))
Edge(453636,79136,(1,9223372036854775807))
Edge(454292,25624,(3,9223372036854775807))
Edge(454421,4091,(3,9223372036854775807))
Edge(454448,217771,(1,9223372036854775807))
Edge(454656,204738,(1,3))
Edge(454787,341045,(3,9223372036854775807))
Edge(454792,38145,(1,3))
Edge(454833,142459,(1,9223372036854775807))
Edge(454918,132195,(3,9223372036854775807))
Edge(455141,350651,(3,9223372036854775807))
Edge(455526,443924,(3,9223372036854775807))
Edge(455617,122863,(3,9223372036854775807))
Edge(455753,413653,(3,9223372036854775807))
Edge(455761,21660,(3,9223372036854775807))
Edge(455858,481483,(1,9223372036854775807))
Edge(455926,132674,(3,9223372036854775807))
Edge(456080,227469,(3,9223372036854775807))
Edge(456327,352647,(1,9223372036854775807))
Edge(456534,124008,(3,9223372036854775807))
Edge(456691,376669,(3,9223372036854775807))
Edge(456995,379160,(3,9223372036854775807))
Edge(457208,409967,(3,9223372036854775807))
Edge(457392,226950,(3,9223372036854775807))
Edge(457838,317054,(3,9223372036854775807))
Edge(458600,363646,(3,9223372036854775807))
Edge(458673,294706,(3,9223372036854775807))
Edge(458903,450160,(3,9223372036854775807))
Edge(459182,73477,(3,9223372036854775807))
Edge(459348,494571,(3,9223372036854775807))
Edge(459436,3799,(3,9223372036854775807))
Edge(459446,131042,(3,9223372036854775807))
Edge(459474,232415,(3,9223372036854775807))
Edge(459495,117332,(1,3))
Edge(460196,397716,(3,9223372036854775807))
Edge(460289,372115,(3,9223372036854775807))
Edge(460421,106257,(3,9223372036854775807))
Edge(460492,247356,(3,9223372036854775807))
Edge(460994,346269,(3,9223372036854775807))
Edge(461319,410695,(1,9223372036854775807))
Edge(461810,168492,(3,9223372036854775807))
Edge(461840,227695,(3,9223372036854775807))
Edge(461892,410458,(3,9223372036854775807))
Edge(462075,87208,(1,3))
Edge(462796,386205,(3,9223372036854775807))
Edge(463039,476780,(3,9223372036854775807))
Edge(463137,487588,(1,3))
Edge(463344,443049,(1,9223372036854775807))
Edge(463346,232718,(3,9223372036854775807))
Edge(463360,96856,(3,9223372036854775807))
Edge(463406,265728,(3,9223372036854775807))
Edge(463431,307322,(3,9223372036854775807))
Edge(463622,498707,(3,9223372036854775807))
Edge(463813,21143,(3,9223372036854775807))
Edge(463994,374023,(1,9223372036854775807))
Edge(464116,477631,(3,9223372036854775807))
Edge(464140,446707,(1,9223372036854775807))
Edge(464764,172338,(3,9223372036854775807))
Edge(465082,367572,(3,9223372036854775807))
Edge(465137,490195,(3,9223372036854775807))
Edge(465304,453435,(3,9223372036854775807))
Edge(465606,11200,(1,9223372036854775807))
Edge(465728,74911,(3,9223372036854775807))
Edge(465926,203826,(3,9223372036854775807))
Edge(465934,489317,(3,9223372036854775807))
Edge(466025,102479,(3,9223372036854775807))
Edge(466098,202459,(3,9223372036854775807))
Edge(466100,28104,(3,9223372036854775807))
Edge(466156,293952,(3,9223372036854775807))
Edge(466310,213673,(3,9223372036854775807))
Edge(466809,18979,(3,9223372036854775807))
Edge(466922,452879,(3,9223372036854775807))
Edge(467238,3107,(1,3))
Edge(468071,429107,(1,9223372036854775807))
Edge(468132,270351,(3,9223372036854775807))
Edge(468271,174910,(3,9223372036854775807))
Edge(468519,463077,(3,9223372036854775807))
Edge(468619,36328,(3,9223372036854775807))
Edge(468627,66252,(3,9223372036854775807))
Edge(468745,194455,(3,9223372036854775807))
Edge(468870,382088,(1,9223372036854775807))
Edge(469014,266530,(3,9223372036854775807))
Edge(469725,73964,(3,9223372036854775807))
Edge(469860,88332,(3,9223372036854775807))
Edge(469917,391388,(3,9223372036854775807))
Edge(470088,322284,(3,9223372036854775807))
Edge(470167,323854,(3,9223372036854775807))
Edge(470367,17977,(4,9223372036854775807))
Edge(470821,214536,(3,9223372036854775807))
Edge(470894,137,(1,3))
Edge(471294,443436,(3,9223372036854775807))
Edge(471329,467986,(3,9223372036854775807))
Edge(471417,259337,(3,9223372036854775807))
Edge(471553,353968,(3,9223372036854775807))
Edge(471767,120464,(3,9223372036854775807))
Edge(471907,43796,(1,9223372036854775807))
Edge(472188,332844,(3,9223372036854775807))
Edge(473333,360019,(1,9223372036854775807))
Edge(473385,219587,(3,9223372036854775807))
Edge(473576,441710,(3,9223372036854775807))
Edge(473632,109748,(3,9223372036854775807))
Edge(473651,496504,(3,9223372036854775807))
Edge(474336,87329,(3,9223372036854775807))
Edge(474356,238902,(1,9223372036854775807))
Edge(474462,401960,(3,9223372036854775807))
Edge(474488,489285,(3,9223372036854775807))
Edge(474577,242236,(4,9223372036854775807))
Edge(475083,150754,(1,9223372036854775807))
Edge(475113,214973,(3,9223372036854775807))
Edge(475141,258577,(3,9223372036854775807))
Edge(475784,153527,(3,9223372036854775807))
Edge(475871,310895,(3,9223372036854775807))
Edge(476307,48246,(3,9223372036854775807))
Edge(476422,478539,(4,9223372036854775807))
Edge(476637,229799,(1,9223372036854775807))
Edge(477855,15826,(3,9223372036854775807))
Edge(477904,86452,(3,9223372036854775807))
Edge(478265,353916,(3,9223372036854775807))
Edge(478405,99545,(3,9223372036854775807))
Edge(478469,461461,(3,9223372036854775807))
Edge(478631,443589,(3,9223372036854775807))
Edge(478674,484485,(3,9223372036854775807))
Edge(478766,156442,(1,3))
Edge(478950,93183,(3,9223372036854775807))
Edge(479833,444207,(3,9223372036854775807))
Edge(479834,386318,(3,9223372036854775807))
Edge(480083,142139,(3,9223372036854775807))
Edge(480094,436297,(3,9223372036854775807))
Edge(480561,173777,(3,9223372036854775807))
Edge(480706,134269,(3,9223372036854775807))
Edge(481146,239204,(3,9223372036854775807))
Edge(481414,432684,(3,9223372036854775807))
Edge(481420,409121,(3,9223372036854775807))
Edge(481482,455593,(3,9223372036854775807))
Edge(481971,488931,(3,9223372036854775807))
Edge(482095,2516,(3,9223372036854775807))
Edge(482282,293464,(3,9223372036854775807))
Edge(482525,185499,(3,9223372036854775807))
Edge(483018,189692,(3,9223372036854775807))
Edge(483283,33995,(3,9223372036854775807))
Edge(483684,366776,(3,9223372036854775807))
Edge(483778,490101,(3,9223372036854775807))
Edge(483781,46569,(1,3))
Edge(483809,345511,(3,9223372036854775807))
Edge(483940,321020,(3,9223372036854775807))
Edge(484060,165333,(3,9223372036854775807))
Edge(484086,6928,(3,9223372036854775807))
Edge(484459,335664,(3,9223372036854775807))
Edge(484468,181673,(3,9223372036854775807))
Edge(485264,107562,(3,9223372036854775807))
Edge(485495,418050,(3,9223372036854775807))
Edge(485643,428756,(1,3))
Edge(486095,374179,(1,9223372036854775807))
Edge(486125,324027,(3,9223372036854775807))
Edge(486422,167339,(3,9223372036854775807))
Edge(486613,197769,(3,9223372036854775807))
Edge(486758,199223,(3,9223372036854775807))
Edge(486886,294083,(3,9223372036854775807))
Edge(486893,173931,(3,9223372036854775807))
Edge(487138,429922,(1,9223372036854775807))
Edge(487514,206001,(3,9223372036854775807))
Edge(487655,342109,(1,3))
Edge(487880,469854,(1,9223372036854775807))
Edge(488071,174656,(3,9223372036854775807))
Edge(488337,378345,(3,9223372036854775807))
Edge(488899,311697,(3,9223372036854775807))
Edge(488928,293994,(3,9223372036854775807))
Edge(489337,352681,(3,9223372036854775807))
Edge(489878,34749,(3,9223372036854775807))
Edge(491343,14539,(3,9223372036854775807))
Edge(491972,115803,(1,9223372036854775807))
Edge(492097,366297,(1,9223372036854775807))
Edge(492188,15095,(3,9223372036854775807))
Edge(492592,318260,(3,9223372036854775807))
Edge(492625,152552,(3,9223372036854775807))
Edge(492669,215911,(1,9223372036854775807))
Edge(492762,254490,(3,9223372036854775807))
Edge(492872,199941,(3,9223372036854775807))
Edge(493284,314586,(1,9223372036854775807))
Edge(493549,130038,(1,9223372036854775807))
Edge(493578,358695,(1,9223372036854775807))
Edge(493854,239652,(3,9223372036854775807))
Edge(493903,391154,(3,9223372036854775807))
Edge(495055,287209,(3,9223372036854775807))
Edge(495284,425393,(3,9223372036854775807))
Edge(495489,298746,(1,3))
Edge(495494,218057,(4,9223372036854775807))
Edge(495909,116705,(3,9223372036854775807))
Edge(495987,383403,(3,9223372036854775807))
Edge(496225,401880,(3,9223372036854775807))
Edge(496590,220608,(3,9223372036854775807))
Edge(496774,260358,(3,9223372036854775807))
Edge(496860,225245,(3,9223372036854775807))
Edge(497057,287196,(3,9223372036854775807))
Edge(497934,210393,(3,9223372036854775807))
Edge(498381,343446,(3,9223372036854775807))
Edge(498504,125026,(3,9223372036854775807))
Edge(498637,263025,(3,9223372036854775807))
Edge(498791,279514,(3,9223372036854775807))
Edge(498879,303917,(3,9223372036854775807))
Edge(499054,51681,(3,9223372036854775807))
Edge(499568,92274,(3,9223372036854775807))
Edge(499729,205765,(1,3))
