Edge(452,170467,(3,9223372036854775807))
Edge(554,447043,(3,9223372036854775807))
Edge(897,468454,(3,9223372036854775807))
Edge(994,392601,(3,9223372036854775807))
Edge(1412,38713,(3,9223372036854775807))
Edge(1467,345213,(3,9223372036854775807))
Edge(2115,10631,(3,9223372036854775807))
Edge(3106,254202,(1,3))
Edge(3416,320725,(1,9223372036854775807))
Edge(3418,499837,(3,9223372036854775807))
Edge(3929,216679,(3,9223372036854775807))
Edge(3951,86384,(1,9223372036854775807))
Edge(4426,53564,(1,9223372036854775807))
Edge(4431,203585,(3,9223372036854775807))
Edge(4637,395031,(3,9223372036854775807))
Edge(5512,186819,(3,9223372036854775807))
Edge(6182,194865,(3,9223372036854775807))
Edge(6296,231636,(3,9223372036854775807))
Edge(6464,8877,(3,9223372036854775807))
Edge(6782,392568,(3,9223372036854775807))
Edge(8045,40710,(3,9223372036854775807))
Edge(8232,328145,(3,9223372036854775807))
Edge(8775,315941,(3,9223372036854775807))
Edge(8855,99733,(1,9223372036854775807))
Edge(9348,47063,(3,9223372036854775807))
Edge(9447,346385,(1,9223372036854775807))
Edge(9635,273502,(3,9223372036854775807))
Edge(9778,81169,(3,9223372036854775807))
Edge(10156,86969,(3,9223372036854775807))
Edge(10180,273161,(3,9223372036854775807))
Edge(10696,13861,(3,9223372036854775807))
Edge(10754,118992,(1,3))
Edge(10889,405909,(3,9223372036854775807))
Edge(11243,292824,(3,9223372036854775807))
Edge(11338,203318,(3,9223372036854775807))
Edge(11349,291828,(3,9223372036854775807))
Edge(11563,18916,(3,9223372036854775807))
Edge(12053,4979,(3,9223372036854775807))
Edge(12076,161498,(3,9223372036854775807))
Edge(13150,397344,(3,9223372036854775807))
Edge(13279,294560,(3,9223372036854775807))
Edge(13374,479293,(3,9223372036854775807))
Edge(16085,428708,(3,9223372036854775807))
Edge(16661,278469,(3,9223372036854775807))
Edge(16720,455641,(1,9223372036854775807))
Edge(17905,83033,(3,9223372036854775807))
Edge(18864,75797,(3,9223372036854775807))
Edge(19384,414404,(1,9223372036854775807))
Edge(19767,297849,(3,9223372036854775807))
Edge(19908,421307,(3,9223372036854775807))
Edge(20032,419697,(3,9223372036854775807))
Edge(20065,447055,(3,9223372036854775807))
Edge(20601,431976,(1,9223372036854775807))
Edge(21164,318806,(3,9223372036854775807))
Edge(21173,371762,(1,9223372036854775807))
Edge(22694,250568,(3,9223372036854775807))
Edge(22907,442706,(3,9223372036854775807))
Edge(23164,345087,(3,9223372036854775807))
Edge(24068,397341,(3,9223372036854775807))
Edge(24073,201376,(3,9223372036854775807))
Edge(24456,346647,(3,9223372036854775807))
Edge(24669,420198,(3,9223372036854775807))
Edge(24860,5037,(3,9223372036854775807))
Edge(25902,221017,(3,9223372036854775807))
Edge(26563,179439,(3,9223372036854775807))
Edge(26644,68976,(1,3))
Edge(27167,241749,(3,9223372036854775807))
Edge(27838,307593,(3,9223372036854775807))
Edge(28013,330569,(1,9223372036854775807))
Edge(28260,497372,(3,9223372036854775807))
Edge(28437,84034,(3,9223372036854775807))
Edge(29057,421828,(1,9223372036854775807))
Edge(29110,102018,(3,9223372036854775807))
Edge(29266,106588,(1,9223372036854775807))
Edge(29427,428507,(3,9223372036854775807))
Edge(29600,309811,(1,3))
Edge(29659,283575,(3,9223372036854775807))
Edge(29709,30448,(1,3))
Edge(29719,430568,(3,9223372036854775807))
Edge(29817,384412,(3,9223372036854775807))
Edge(29878,69135,(1,9223372036854775807))
Edge(30108,275318,(3,9223372036854775807))
Edge(30317,365349,(3,9223372036854775807))
Edge(30557,443017,(3,9223372036854775807))
Edge(30874,214880,(3,9223372036854775807))
Edge(30954,268214,(3,9223372036854775807))
Edge(31049,136864,(3,9223372036854775807))
Edge(31512,135212,(3,9223372036854775807))
Edge(31574,64649,(3,9223372036854775807))
Edge(31672,65952,(3,9223372036854775807))
Edge(31869,309007,(1,9223372036854775807))
Edge(32036,33539,(1,9223372036854775807))
Edge(32157,357408,(3,9223372036854775807))
Edge(32207,261510,(3,9223372036854775807))
Edge(32789,245041,(3,9223372036854775807))
Edge(33839,318721,(3,9223372036854775807))
Edge(34141,274227,(3,9223372036854775807))
Edge(34327,78490,(3,9223372036854775807))
Edge(34727,430749,(3,9223372036854775807))
Edge(35617,376725,(3,9223372036854775807))
Edge(35802,144668,(3,9223372036854775807))
Edge(36154,355974,(3,9223372036854775807))
Edge(36347,39973,(3,9223372036854775807))
Edge(36584,425847,(1,9223372036854775807))
Edge(36687,227657,(3,9223372036854775807))
Edge(37014,255826,(3,9223372036854775807))
Edge(37265,372436,(3,9223372036854775807))
Edge(37349,267124,(3,9223372036854775807))
Edge(37864,323978,(1,9223372036854775807))
Edge(37901,406827,(1,3))
Edge(38160,66978,(3,9223372036854775807))
Edge(38391,52101,(1,9223372036854775807))
Edge(38442,181015,(1,9223372036854775807))
Edge(38812,473876,(1,9223372036854775807))
Edge(38833,377425,(3,9223372036854775807))
Edge(38839,238433,(1,9223372036854775807))
Edge(38913,69743,(3,9223372036854775807))
Edge(38942,313347,(1,9223372036854775807))
Edge(39141,115327,(1,9223372036854775807))
Edge(39173,252444,(3,9223372036854775807))
Edge(39200,375961,(1,3))
Edge(39649,317106,(3,9223372036854775807))
Edge(39776,239740,(1,3))
Edge(39807,148564,(3,9223372036854775807))
Edge(39850,358949,(3,9223372036854775807))
Edge(39943,263263,(3,9223372036854775807))
Edge(40236,159872,(3,9223372036854775807))
Edge(40441,246226,(3,9223372036854775807))
Edge(40579,115731,(3,9223372036854775807))
Edge(40660,336392,(3,9223372036854775807))
Edge(40829,341639,(3,9223372036854775807))
Edge(41159,19377,(3,9223372036854775807))
Edge(41576,21656,(3,9223372036854775807))
Edge(41920,444555,(3,9223372036854775807))
Edge(42311,466387,(3,9223372036854775807))
Edge(42416,117998,(3,9223372036854775807))
Edge(42514,184616,(3,9223372036854775807))
Edge(42540,369776,(1,9223372036854775807))
Edge(42581,23808,(3,9223372036854775807))
Edge(42647,21826,(3,9223372036854775807))
Edge(42886,287734,(1,9223372036854775807))
Edge(42939,481917,(3,9223372036854775807))
Edge(43273,179714,(3,9223372036854775807))
Edge(44128,492601,(3,9223372036854775807))
Edge(44194,356509,(1,9223372036854775807))
Edge(44329,466484,(3,9223372036854775807))
Edge(44465,441788,(3,9223372036854775807))
Edge(44876,367653,(3,9223372036854775807))
Edge(44935,393379,(3,9223372036854775807))
Edge(45533,232831,(3,9223372036854775807))
Edge(46003,45925,(3,9223372036854775807))
Edge(46448,167821,(3,9223372036854775807))
Edge(46511,275993,(3,9223372036854775807))
Edge(46751,151060,(3,9223372036854775807))
Edge(47764,112421,(3,9223372036854775807))
Edge(48309,439547,(1,9223372036854775807))
Edge(48914,30303,(1,9223372036854775807))
Edge(49247,19365,(3,9223372036854775807))
Edge(49414,496580,(3,9223372036854775807))
Edge(49470,289706,(3,9223372036854775807))
Edge(49781,373656,(3,9223372036854775807))
Edge(50186,148520,(3,9223372036854775807))
Edge(50284,319813,(3,9223372036854775807))
Edge(50656,125438,(1,9223372036854775807))
Edge(50721,447962,(1,3))
Edge(50854,438100,(3,9223372036854775807))
Edge(51039,304149,(3,9223372036854775807))
Edge(51354,299127,(3,9223372036854775807))
Edge(51434,127181,(3,9223372036854775807))
Edge(51453,419016,(1,9223372036854775807))
Edge(51617,80450,(3,9223372036854775807))
Edge(51917,428043,(3,9223372036854775807))
Edge(52233,326729,(3,9223372036854775807))
Edge(52309,195136,(3,9223372036854775807))
Edge(52339,36459,(1,9223372036854775807))
Edge(52678,268210,(3,9223372036854775807))
Edge(53292,475999,(1,9223372036854775807))
Edge(53431,203638,(3,9223372036854775807))
Edge(53639,234308,(3,9223372036854775807))
Edge(53776,492847,(3,9223372036854775807))
Edge(53828,5132,(3,9223372036854775807))
Edge(53988,224208,(3,9223372036854775807))
Edge(54103,54107,(3,9223372036854775807))
Edge(54738,33651,(3,9223372036854775807))
Edge(54790,396208,(3,9223372036854775807))
Edge(54914,427517,(3,9223372036854775807))
Edge(54940,477329,(3,9223372036854775807))
Edge(56217,31336,(3,9223372036854775807))
Edge(56370,43115,(3,9223372036854775807))
Edge(57540,141637,(3,9223372036854775807))
Edge(57789,135607,(3,9223372036854775807))
Edge(57799,31036,(1,9223372036854775807))
Edge(57925,444060,(3,9223372036854775807))
Edge(57983,136940,(3,9223372036854775807))
Edge(58102,259804,(3,9223372036854775807))
Edge(58238,401010,(1,9223372036854775807))
Edge(58651,100475,(3,9223372036854775807))
Edge(58668,494702,(3,9223372036854775807))
Edge(58926,199151,(3,9223372036854775807))
Edge(59066,125423,(3,9223372036854775807))
Edge(59133,113405,(3,9223372036854775807))
Edge(59543,153923,(3,9223372036854775807))
Edge(59591,453383,(3,9223372036854775807))
Edge(60661,34820,(3,9223372036854775807))
Edge(61746,483667,(3,9223372036854775807))
Edge(62058,271864,(3,9223372036854775807))
Edge(62119,307893,(1,3))
Edge(62165,338223,(1,3))
Edge(62292,90305,(3,9223372036854775807))
Edge(63029,339179,(3,9223372036854775807))
Edge(63212,134210,(3,9223372036854775807))
Edge(63539,289370,(1,9223372036854775807))
Edge(63569,267560,(3,9223372036854775807))
Edge(63942,123163,(3,9223372036854775807))
Edge(64156,370029,(1,3))
Edge(64883,148227,(1,3))
Edge(64987,34656,(1,9223372036854775807))
Edge(65248,438024,(3,9223372036854775807))
Edge(65369,447395,(3,9223372036854775807))
Edge(65554,473757,(1,9223372036854775807))
Edge(65727,216291,(1,9223372036854775807))
Edge(65777,105022,(3,9223372036854775807))
Edge(65981,432464,(3,9223372036854775807))
Edge(66005,268025,(3,9223372036854775807))
Edge(66027,368406,(3,9223372036854775807))
Edge(66166,455237,(1,9223372036854775807))
Edge(66408,427399,(1,9223372036854775807))
Edge(66587,237549,(3,9223372036854775807))
Edge(66911,360644,(3,9223372036854775807))
Edge(67242,13938,(3,9223372036854775807))
Edge(67508,436080,(1,9223372036854775807))
Edge(67708,235183,(3,9223372036854775807))
Edge(67756,223700,(1,9223372036854775807))
Edge(67770,492947,(1,3))
Edge(67945,246627,(3,9223372036854775807))
Edge(68005,192868,(3,9223372036854775807))
Edge(69356,48950,(3,9223372036854775807))
Edge(70512,399192,(3,9223372036854775807))
Edge(70593,365110,(3,9223372036854775807))
Edge(71247,424790,(3,9223372036854775807))
Edge(71337,50086,(3,9223372036854775807))
Edge(71722,355981,(3,9223372036854775807))
Edge(71846,321623,(3,9223372036854775807))
Edge(72180,94274,(1,3))
Edge(72473,118183,(3,9223372036854775807))
Edge(73409,162465,(3,9223372036854775807))
Edge(73409,272203,(3,9223372036854775807))
Edge(73428,283981,(3,9223372036854775807))
Edge(73522,325508,(3,9223372036854775807))
Edge(73692,461909,(3,9223372036854775807))
Edge(74329,156610,(3,9223372036854775807))
Edge(74674,151564,(3,9223372036854775807))
Edge(74937,360856,(3,9223372036854775807))
Edge(75214,15075,(1,9223372036854775807))
Edge(75274,33650,(3,9223372036854775807))
Edge(75559,397885,(1,9223372036854775807))
Edge(75645,363372,(3,9223372036854775807))
Edge(75650,120610,(3,9223372036854775807))
Edge(75768,111202,(3,9223372036854775807))
Edge(76009,297432,(3,9223372036854775807))
Edge(76511,180852,(3,9223372036854775807))
Edge(76604,307669,(3,9223372036854775807))
Edge(76614,209606,(1,3))
Edge(76684,52174,(3,9223372036854775807))
Edge(77081,452655,(3,9223372036854775807))
Edge(77320,498498,(3,9223372036854775807))
Edge(77670,106255,(1,9223372036854775807))
Edge(77714,275877,(3,9223372036854775807))
Edge(77980,394385,(3,9223372036854775807))
Edge(78036,90601,(1,3))
Edge(78078,252177,(3,9223372036854775807))
Edge(78216,472605,(1,3))
Edge(78246,208451,(3,9223372036854775807))
Edge(78489,349090,(3,9223372036854775807))
Edge(79026,331338,(3,9223372036854775807))
Edge(79082,286037,(1,3))
Edge(79445,390206,(3,9223372036854775807))
Edge(79752,486574,(3,9223372036854775807))
Edge(79975,81801,(3,9223372036854775807))
Edge(80299,70421,(3,9223372036854775807))
Edge(80746,127184,(3,9223372036854775807))
Edge(80879,237225,(3,9223372036854775807))
Edge(81241,305748,(3,9223372036854775807))
Edge(81254,288430,(1,3))
Edge(82091,188772,(3,9223372036854775807))
Edge(82107,140984,(3,9223372036854775807))
Edge(82233,495553,(1,9223372036854775807))
Edge(82252,154272,(1,9223372036854775807))
Edge(82347,101837,(3,9223372036854775807))
Edge(82372,281421,(3,9223372036854775807))
Edge(82740,171186,(1,9223372036854775807))
Edge(82758,276103,(3,9223372036854775807))
Edge(83005,137261,(3,9223372036854775807))
Edge(83502,442943,(3,9223372036854775807))
Edge(83564,468690,(3,9223372036854775807))
Edge(83826,358582,(3,9223372036854775807))
Edge(83856,143796,(3,9223372036854775807))
Edge(83977,12893,(3,9223372036854775807))
Edge(84465,66612,(3,9223372036854775807))
Edge(84491,449902,(3,9223372036854775807))
Edge(85031,378487,(3,9223372036854775807))
Edge(85321,232927,(3,9223372036854775807))
Edge(85335,112531,(3,9223372036854775807))
Edge(85808,141239,(3,9223372036854775807))
Edge(85938,31963,(1,3))
Edge(86177,355261,(3,9223372036854775807))
Edge(86209,92891,(3,9223372036854775807))
Edge(86507,178432,(1,9223372036854775807))
Edge(86754,404067,(3,9223372036854775807))
Edge(86805,481275,(3,9223372036854775807))
Edge(86812,212223,(1,9223372036854775807))
Edge(87086,406459,(3,9223372036854775807))
Edge(87211,390657,(1,9223372036854775807))
Edge(87237,428562,(1,9223372036854775807))
Edge(87241,363079,(1,3))
Edge(87369,372064,(3,9223372036854775807))
Edge(87395,484590,(1,9223372036854775807))
Edge(87813,38422,(1,3))
Edge(87854,100838,(3,9223372036854775807))
Edge(87929,12137,(3,9223372036854775807))
Edge(88334,337717,(1,9223372036854775807))
Edge(88342,241758,(1,9223372036854775807))
Edge(88774,110544,(3,9223372036854775807))
Edge(88778,325270,(3,9223372036854775807))
Edge(88807,434550,(3,9223372036854775807))
Edge(88958,61429,(3,9223372036854775807))
Edge(89110,41104,(1,3))
Edge(89547,257688,(1,3))
Edge(89636,318009,(3,9223372036854775807))
Edge(90062,101974,(3,9223372036854775807))
Edge(90214,146691,(3,9223372036854775807))
Edge(91111,366653,(3,9223372036854775807))
Edge(91115,281102,(1,9223372036854775807))
Edge(91364,337284,(1,3))
Edge(92232,470256,(3,9223372036854775807))
Edge(92513,79038,(3,9223372036854775807))
Edge(92685,202904,(1,9223372036854775807))
Edge(93661,52365,(3,9223372036854775807))
Edge(94000,76941,(3,9223372036854775807))
Edge(94235,396592,(3,9223372036854775807))
Edge(94782,154268,(3,9223372036854775807))
Edge(94836,15453,(1,9223372036854775807))
Edge(95022,12761,(1,9223372036854775807))
Edge(95063,488715,(3,9223372036854775807))
Edge(95494,24499,(3,9223372036854775807))
Edge(95897,450373,(3,9223372036854775807))
Edge(96023,249893,(1,3))
Edge(97122,392634,(3,9223372036854775807))
Edge(97247,194297,(3,9223372036854775807))
Edge(97348,343291,(3,9223372036854775807))
Edge(97376,463672,(3,9223372036854775807))
Edge(97603,153402,(3,9223372036854775807))
Edge(98460,424136,(3,9223372036854775807))
Edge(98899,396025,(3,9223372036854775807))
Edge(98907,296381,(3,9223372036854775807))
Edge(99085,358752,(3,9223372036854775807))
Edge(99893,250278,(1,3))
Edge(100137,265771,(1,3))
Edge(100908,203985,(3,9223372036854775807))
Edge(101522,108755,(3,9223372036854775807))
Edge(101695,146402,(3,9223372036854775807))
Edge(101851,377885,(3,9223372036854775807))
Edge(101978,243566,(3,9223372036854775807))
Edge(102662,302969,(3,9223372036854775807))
Edge(103604,315618,(1,9223372036854775807))
Edge(103775,186815,(3,9223372036854775807))
Edge(104117,329399,(3,9223372036854775807))
Edge(104277,361348,(1,9223372036854775807))
Edge(104460,472828,(3,9223372036854775807))
Edge(104642,107225,(1,9223372036854775807))
Edge(105259,363865,(3,9223372036854775807))
Edge(105275,67428,(3,9223372036854775807))
Edge(105648,393523,(1,3))
Edge(105810,234862,(3,9223372036854775807))
Edge(106268,458184,(3,9223372036854775807))
Edge(106565,118070,(3,9223372036854775807))
Edge(106611,329955,(3,9223372036854775807))
Edge(107648,414517,(3,9223372036854775807))
Edge(107854,72114,(3,9223372036854775807))
Edge(108195,1072,(3,9223372036854775807))
Edge(108403,430603,(3,9223372036854775807))
Edge(109139,320907,(3,9223372036854775807))
Edge(109244,324266,(3,9223372036854775807))
Edge(109251,296798,(1,3))
Edge(109821,91694,(1,9223372036854775807))
Edge(109951,259397,(3,9223372036854775807))
Edge(110215,442452,(3,9223372036854775807))
Edge(110439,274082,(3,9223372036854775807))
Edge(110489,323730,(1,3))
Edge(110899,103329,(1,9223372036854775807))
Edge(110955,467543,(3,9223372036854775807))
Edge(111025,492545,(3,9223372036854775807))
Edge(111350,478438,(3,9223372036854775807))
Edge(111563,241670,(3,9223372036854775807))
Edge(111610,370131,(3,9223372036854775807))
Edge(111676,252868,(3,9223372036854775807))
Edge(111738,319500,(3,9223372036854775807))
Edge(111886,404621,(3,9223372036854775807))
Edge(112135,193263,(3,9223372036854775807))
Edge(112186,218377,(3,9223372036854775807))
Edge(112428,388809,(3,9223372036854775807))
Edge(113284,482309,(3,9223372036854775807))
Edge(113641,192942,(3,9223372036854775807))
Edge(113694,296202,(3,9223372036854775807))
Edge(113699,415613,(3,9223372036854775807))
Edge(114555,319114,(3,9223372036854775807))
Edge(116802,332558,(3,9223372036854775807))
Edge(116854,324080,(4,9223372036854775807))
Edge(116864,371417,(3,9223372036854775807))
Edge(116878,380700,(3,9223372036854775807))
Edge(117030,367643,(3,9223372036854775807))
Edge(117104,349258,(3,9223372036854775807))
Edge(117286,422981,(3,9223372036854775807))
Edge(117328,241250,(3,9223372036854775807))
Edge(118018,333924,(3,9223372036854775807))
Edge(118085,32388,(3,9223372036854775807))
Edge(118897,123682,(3,9223372036854775807))
Edge(119254,201035,(3,9223372036854775807))
Edge(119749,324660,(3,9223372036854775807))
Edge(119968,230228,(3,9223372036854775807))
Edge(120269,475158,(3,9223372036854775807))
Edge(120406,11040,(1,9223372036854775807))
Edge(121087,286138,(3,9223372036854775807))
Edge(121482,233127,(3,9223372036854775807))
Edge(121723,324958,(3,9223372036854775807))
Edge(122185,2003,(3,9223372036854775807))
Edge(122420,400078,(1,9223372036854775807))
Edge(122735,128847,(3,9223372036854775807))
Edge(122744,499914,(1,3))
Edge(123425,98537,(3,9223372036854775807))
Edge(123557,385192,(3,9223372036854775807))
Edge(123761,367191,(1,3))
Edge(123805,322661,(3,9223372036854775807))
Edge(124167,161558,(3,9223372036854775807))
Edge(124884,377766,(3,9223372036854775807))
Edge(125178,213454,(3,9223372036854775807))
Edge(125408,367495,(3,9223372036854775807))
Edge(125489,37662,(3,9223372036854775807))
Edge(125525,484385,(3,9223372036854775807))
Edge(125587,340688,(3,9223372036854775807))
Edge(125631,38439,(3,9223372036854775807))
Edge(125913,362800,(3,9223372036854775807))
Edge(126150,410155,(3,9223372036854775807))
Edge(126207,452381,(3,9223372036854775807))
Edge(126747,220528,(1,3))
Edge(126889,139828,(1,9223372036854775807))
Edge(127743,408596,(3,9223372036854775807))
Edge(127990,79796,(3,9223372036854775807))
Edge(128842,417572,(3,9223372036854775807))
Edge(128915,76907,(3,9223372036854775807))
Edge(129036,345013,(1,9223372036854775807))
Edge(129617,478740,(3,9223372036854775807))
Edge(129828,100610,(3,9223372036854775807))
Edge(130107,307824,(1,9223372036854775807))
Edge(130118,359830,(1,3))
Edge(130148,162661,(3,9223372036854775807))
Edge(130344,416003,(3,9223372036854775807))
Edge(130648,180054,(3,9223372036854775807))
Edge(130723,121773,(3,9223372036854775807))
Edge(132009,379944,(3,9223372036854775807))
Edge(132192,402297,(3,9223372036854775807))
Edge(132232,158714,(3,9223372036854775807))
Edge(132832,124742,(3,9223372036854775807))
Edge(133018,405664,(3,9223372036854775807))
Edge(133129,103207,(1,9223372036854775807))
Edge(133391,327566,(1,9223372036854775807))
Edge(133400,38708,(3,9223372036854775807))
Edge(133763,421405,(1,9223372036854775807))
Edge(133786,458898,(3,9223372036854775807))
Edge(134119,72165,(3,9223372036854775807))
Edge(134238,171021,(3,9223372036854775807))
Edge(134446,68548,(3,9223372036854775807))
Edge(134607,278335,(3,9223372036854775807))
Edge(134873,183507,(3,9223372036854775807))
Edge(135517,236353,(3,9223372036854775807))
Edge(135597,406148,(3,9223372036854775807))
Edge(135602,327827,(3,9223372036854775807))
Edge(135649,175040,(3,9223372036854775807))
Edge(135922,118164,(3,9223372036854775807))
Edge(136214,131615,(3,9223372036854775807))
Edge(136630,49135,(3,9223372036854775807))
Edge(136859,336395,(3,9223372036854775807))
Edge(137184,141588,(4,9223372036854775807))
Edge(137556,28547,(3,9223372036854775807))
Edge(138407,75279,(3,9223372036854775807))
Edge(138703,244235,(3,9223372036854775807))
Edge(138773,273085,(3,9223372036854775807))
Edge(138857,72975,(3,9223372036854775807))
Edge(139501,354822,(1,9223372036854775807))
Edge(139531,362718,(3,9223372036854775807))
Edge(139797,35907,(3,9223372036854775807))
Edge(140641,21552,(1,9223372036854775807))
Edge(140907,163251,(3,9223372036854775807))
Edge(141195,202855,(1,9223372036854775807))
Edge(141874,217125,(1,3))
Edge(142073,496826,(3,9223372036854775807))
Edge(142195,35631,(3,9223372036854775807))
Edge(143102,191019,(3,9223372036854775807))
Edge(143363,288582,(3,9223372036854775807))
Edge(143496,135634,(3,9223372036854775807))
Edge(144042,189871,(3,9223372036854775807))
Edge(144338,479029,(3,9223372036854775807))
Edge(144372,287245,(1,3))
Edge(144891,95056,(3,9223372036854775807))
Edge(145487,27638,(3,9223372036854775807))
Edge(145605,483823,(3,9223372036854775807))
Edge(145748,65998,(1,3))
Edge(146137,291283,(3,9223372036854775807))
Edge(147080,302375,(3,9223372036854775807))
Edge(147537,359012,(1,9223372036854775807))
Edge(147734,347855,(3,9223372036854775807))
Edge(148085,81201,(3,9223372036854775807))
Edge(148733,1115,(3,9223372036854775807))
Edge(148880,327485,(3,9223372036854775807))
Edge(148915,104433,(3,9223372036854775807))
Edge(149291,54947,(3,9223372036854775807))
Edge(151408,413150,(3,9223372036854775807))
Edge(151621,319994,(3,9223372036854775807))
Edge(151633,56406,(3,9223372036854775807))
Edge(151990,287987,(3,9223372036854775807))
Edge(152328,463220,(1,9223372036854775807))
Edge(152778,102695,(3,9223372036854775807))
Edge(152848,30377,(3,9223372036854775807))
Edge(152879,292345,(3,9223372036854775807))
Edge(152919,398284,(3,9223372036854775807))
Edge(152930,436394,(3,9223372036854775807))
Edge(153171,104136,(3,9223372036854775807))
Edge(153708,454125,(3,9223372036854775807))
Edge(154196,54950,(3,9223372036854775807))
Edge(154846,239086,(3,9223372036854775807))
Edge(155215,357112,(3,9223372036854775807))
Edge(155386,84397,(1,9223372036854775807))
Edge(155884,398259,(1,9223372036854775807))
Edge(156218,165945,(3,9223372036854775807))
Edge(156596,228873,(3,9223372036854775807))
Edge(157283,296282,(1,9223372036854775807))
Edge(157413,152095,(3,9223372036854775807))
Edge(157983,34492,(3,9223372036854775807))
Edge(158580,45379,(3,9223372036854775807))
Edge(158670,281821,(3,9223372036854775807))
Edge(158704,415549,(3,9223372036854775807))
Edge(159118,19907,(3,9223372036854775807))
Edge(159250,173028,(1,9223372036854775807))
Edge(159752,249508,(3,9223372036854775807))
Edge(159815,281184,(3,9223372036854775807))
Edge(159828,141523,(3,9223372036854775807))
Edge(159951,335608,(1,9223372036854775807))
Edge(160276,279197,(3,9223372036854775807))
Edge(160697,248844,(3,9223372036854775807))
Edge(160845,443270,(3,9223372036854775807))
Edge(161813,74079,(3,9223372036854775807))
Edge(162181,57351,(3,9223372036854775807))
Edge(162869,300283,(1,3))
Edge(163104,83176,(3,9223372036854775807))
Edge(163385,121475,(3,9223372036854775807))
Edge(163747,263429,(1,9223372036854775807))
Edge(163852,320304,(3,9223372036854775807))
Edge(164003,198203,(4,9223372036854775807))
Edge(164638,203418,(3,9223372036854775807))
Edge(164722,493648,(3,9223372036854775807))
Edge(164794,399554,(3,9223372036854775807))
Edge(164817,296936,(3,9223372036854775807))
Edge(164962,36206,(3,9223372036854775807))
Edge(165339,257714,(3,9223372036854775807))
Edge(165389,389551,(1,9223372036854775807))
Edge(165564,48933,(1,9223372036854775807))
Edge(165691,300788,(3,9223372036854775807))
Edge(167255,230687,(3,9223372036854775807))
Edge(167361,358250,(3,9223372036854775807))
Edge(167642,338186,(1,3))
Edge(167987,83900,(3,9223372036854775807))
Edge(168201,40183,(3,9223372036854775807))
Edge(168612,73486,(3,9223372036854775807))
Edge(168630,247547,(3,9223372036854775807))
Edge(168743,184126,(3,9223372036854775807))
Edge(168793,62253,(3,9223372036854775807))
Edge(169025,395877,(3,9223372036854775807))
Edge(169334,53257,(3,9223372036854775807))
Edge(169417,180533,(3,9223372036854775807))
Edge(169562,5607,(3,9223372036854775807))
Edge(170652,124025,(1,3))
Edge(170845,408970,(1,9223372036854775807))
Edge(171283,498548,(3,9223372036854775807))
Edge(171472,415190,(3,9223372036854775807))
Edge(171763,270011,(3,9223372036854775807))
Edge(172085,35266,(3,9223372036854775807))
Edge(172442,236570,(3,9223372036854775807))
Edge(172849,128904,(1,9223372036854775807))
Edge(172923,355477,(3,9223372036854775807))
Edge(173747,38480,(3,9223372036854775807))
Edge(174028,347538,(3,9223372036854775807))
Edge(174064,240157,(3,9223372036854775807))
Edge(174310,466869,(1,9223372036854775807))
Edge(174510,241356,(1,3))
Edge(174616,30918,(3,9223372036854775807))
Edge(174679,203507,(3,9223372036854775807))
Edge(175235,159427,(3,9223372036854775807))
Edge(176337,499380,(3,9223372036854775807))
Edge(176831,84249,(3,9223372036854775807))
Edge(176835,355162,(3,9223372036854775807))
Edge(176855,52278,(1,3))
Edge(177296,138595,(3,9223372036854775807))
Edge(177344,58552,(3,9223372036854775807))
Edge(177554,24920,(3,9223372036854775807))
Edge(177598,111228,(3,9223372036854775807))
Edge(177681,88136,(3,9223372036854775807))
Edge(178193,121832,(3,9223372036854775807))
Edge(178407,300333,(3,9223372036854775807))
Edge(178419,28456,(3,9223372036854775807))
Edge(178921,409220,(3,9223372036854775807))
Edge(179222,496179,(3,9223372036854775807))
Edge(179499,446991,(3,9223372036854775807))
Edge(179579,369507,(3,9223372036854775807))
Edge(179621,55052,(1,3))
Edge(179910,444425,(1,3))
Edge(180105,390135,(3,9223372036854775807))
Edge(180135,343365,(3,9223372036854775807))
Edge(180187,337423,(3,9223372036854775807))
Edge(181071,177036,(1,9223372036854775807))
Edge(181358,52155,(3,9223372036854775807))
Edge(181448,118626,(3,9223372036854775807))
Edge(181480,397702,(3,9223372036854775807))
Edge(182001,487814,(3,9223372036854775807))
Edge(182652,332237,(1,9223372036854775807))
Edge(182752,148054,(1,3))
Edge(182821,410131,(3,9223372036854775807))
Edge(183300,321135,(1,9223372036854775807))
Edge(183578,102637,(3,9223372036854775807))
Edge(183661,27510,(3,9223372036854775807))
Edge(184026,450883,(3,9223372036854775807))
Edge(184062,376929,(3,9223372036854775807))
Edge(184439,24052,(3,9223372036854775807))
Edge(185563,320105,(1,9223372036854775807))
Edge(185931,147475,(3,9223372036854775807))
Edge(185976,15121,(3,9223372036854775807))
Edge(185993,406973,(3,9223372036854775807))
Edge(186049,356458,(1,9223372036854775807))
Edge(186161,467583,(3,9223372036854775807))
Edge(186211,92027,(3,9223372036854775807))
Edge(186508,212230,(3,9223372036854775807))
Edge(186699,69805,(3,9223372036854775807))
Edge(186784,330163,(1,3))
Edge(187633,122243,(3,9223372036854775807))
Edge(189406,259166,(3,9223372036854775807))
Edge(189533,201584,(3,9223372036854775807))
Edge(189728,257930,(3,9223372036854775807))
Edge(190128,403472,(3,9223372036854775807))
Edge(190213,60235,(3,9223372036854775807))
Edge(190618,491221,(3,9223372036854775807))
Edge(190991,286378,(3,9223372036854775807))
Edge(191062,186744,(3,9223372036854775807))
Edge(191087,436115,(3,9223372036854775807))
Edge(191550,175428,(3,9223372036854775807))
Edge(191746,396840,(3,9223372036854775807))
Edge(192040,369123,(3,9223372036854775807))
Edge(192218,155510,(3,9223372036854775807))
Edge(192521,271230,(3,9223372036854775807))
Edge(192588,498042,(3,9223372036854775807))
Edge(192972,465697,(3,9223372036854775807))
Edge(193420,252016,(3,9223372036854775807))
Edge(193429,332127,(3,9223372036854775807))
Edge(193622,93746,(3,9223372036854775807))
Edge(193821,8147,(3,9223372036854775807))
Edge(194144,149647,(3,9223372036854775807))
Edge(194307,444501,(1,9223372036854775807))
Edge(194451,78411,(1,9223372036854775807))
Edge(194731,181127,(3,9223372036854775807))
Edge(194990,130468,(3,9223372036854775807))
Edge(195431,349891,(1,3))
Edge(195486,306022,(3,9223372036854775807))
Edge(195934,134323,(3,9223372036854775807))
Edge(196359,237597,(3,9223372036854775807))
Edge(196643,142060,(3,9223372036854775807))
Edge(197042,174518,(3,9223372036854775807))
Edge(197055,332678,(1,3))
Edge(197907,468610,(3,9223372036854775807))
Edge(198062,347114,(1,9223372036854775807))
Edge(198362,450348,(1,3))
Edge(198521,333572,(3,9223372036854775807))
Edge(199038,311616,(3,9223372036854775807))
Edge(201952,88606,(1,9223372036854775807))
Edge(202028,249658,(3,9223372036854775807))
Edge(202258,97724,(1,9223372036854775807))
Edge(202306,46094,(3,9223372036854775807))
Edge(202505,418652,(3,9223372036854775807))
Edge(202903,169165,(3,9223372036854775807))
Edge(202966,490694,(3,9223372036854775807))
Edge(203029,137186,(3,9223372036854775807))
Edge(203242,374439,(3,9223372036854775807))
Edge(203295,183244,(4,9223372036854775807))
Edge(203586,348401,(3,9223372036854775807))
Edge(203643,185860,(3,9223372036854775807))
Edge(203796,38114,(3,9223372036854775807))
Edge(203850,299091,(3,9223372036854775807))
Edge(204124,445154,(3,9223372036854775807))
Edge(204684,405652,(3,9223372036854775807))
Edge(205463,406128,(3,9223372036854775807))
Edge(205516,47637,(3,9223372036854775807))
Edge(205708,109028,(3,9223372036854775807))
Edge(205945,10949,(3,9223372036854775807))
Edge(206268,474720,(1,9223372036854775807))
Edge(206476,79087,(3,9223372036854775807))
Edge(206567,429148,(3,9223372036854775807))
Edge(206571,103503,(1,9223372036854775807))
Edge(206620,430728,(3,9223372036854775807))
Edge(206643,377507,(3,9223372036854775807))
Edge(206974,131990,(3,9223372036854775807))
Edge(208093,291989,(1,3))
Edge(208142,395034,(3,9223372036854775807))
Edge(208448,309642,(3,9223372036854775807))
Edge(209044,232036,(3,9223372036854775807))
Edge(209498,419130,(3,9223372036854775807))
Edge(209954,399219,(3,9223372036854775807))
Edge(210207,357313,(3,9223372036854775807))
Edge(210268,493823,(3,9223372036854775807))
Edge(210817,99735,(3,9223372036854775807))
Edge(211019,470343,(3,9223372036854775807))
Edge(211392,177021,(3,9223372036854775807))
Edge(211480,57193,(3,9223372036854775807))
Edge(211526,432773,(3,9223372036854775807))
Edge(211762,462265,(1,9223372036854775807))
Edge(212801,493720,(3,9223372036854775807))
Edge(212994,372616,(3,9223372036854775807))
Edge(213163,31612,(3,9223372036854775807))
Edge(213429,300476,(3,9223372036854775807))
Edge(213837,29216,(3,9223372036854775807))
Edge(214055,45132,(1,9223372036854775807))
Edge(214547,244590,(3,9223372036854775807))
Edge(214958,213116,(3,9223372036854775807))
Edge(215262,453086,(3,9223372036854775807))
Edge(215885,474269,(1,3))
Edge(216192,211481,(3,9223372036854775807))
Edge(217058,345879,(3,9223372036854775807))
Edge(217080,248166,(3,9223372036854775807))
Edge(217186,219411,(3,9223372036854775807))
Edge(217525,188035,(3,9223372036854775807))
Edge(218018,458840,(4,9223372036854775807))
Edge(218473,408513,(3,9223372036854775807))
Edge(218870,163960,(3,9223372036854775807))
Edge(219027,192341,(3,9223372036854775807))
Edge(219251,188422,(3,9223372036854775807))
Edge(219497,129260,(1,9223372036854775807))
Edge(219943,377809,(3,9223372036854775807))
Edge(220422,433919,(3,9223372036854775807))
Edge(220578,324553,(3,9223372036854775807))
Edge(220672,79740,(3,9223372036854775807))
Edge(220923,488116,(3,9223372036854775807))
Edge(221664,413702,(3,9223372036854775807))
Edge(221996,44685,(3,9223372036854775807))
Edge(222205,85784,(3,9223372036854775807))
Edge(222288,437524,(1,3))
Edge(223112,212417,(3,9223372036854775807))
Edge(223244,237417,(3,9223372036854775807))
Edge(223451,271410,(3,9223372036854775807))
Edge(223755,391287,(3,9223372036854775807))
Edge(223939,370891,(1,9223372036854775807))
Edge(223962,342526,(3,9223372036854775807))
Edge(224044,223360,(3,9223372036854775807))
Edge(224073,21135,(3,9223372036854775807))
Edge(224241,342773,(1,9223372036854775807))
Edge(224818,191132,(3,9223372036854775807))
Edge(225105,46435,(3,9223372036854775807))
Edge(225234,381949,(3,9223372036854775807))
Edge(225256,216718,(3,9223372036854775807))
Edge(225834,76501,(1,9223372036854775807))
Edge(226347,26845,(3,9223372036854775807))
Edge(226976,141940,(3,9223372036854775807))
Edge(227342,31878,(3,9223372036854775807))
Edge(227364,122630,(3,9223372036854775807))
Edge(227560,119499,(3,9223372036854775807))
Edge(227927,309584,(3,9223372036854775807))
Edge(228660,287815,(3,9223372036854775807))
Edge(228701,236983,(3,9223372036854775807))
Edge(228721,154698,(1,9223372036854775807))
Edge(228730,464587,(3,9223372036854775807))
Edge(228899,446870,(3,9223372036854775807))
Edge(229494,392749,(3,9223372036854775807))
Edge(230036,416978,(1,9223372036854775807))
Edge(230235,454020,(3,9223372036854775807))
Edge(230241,359143,(1,9223372036854775807))
Edge(230273,375804,(3,9223372036854775807))
Edge(230429,370690,(3,9223372036854775807))
Edge(231126,264573,(1,9223372036854775807))
Edge(231169,148438,(3,9223372036854775807))
Edge(231209,491482,(3,9223372036854775807))
Edge(231272,359379,(3,9223372036854775807))
Edge(231406,471449,(3,9223372036854775807))
Edge(231523,459529,(3,9223372036854775807))
Edge(231684,84698,(1,9223372036854775807))
Edge(231896,202411,(3,9223372036854775807))
Edge(232123,387593,(3,9223372036854775807))
Edge(232467,172639,(3,9223372036854775807))
Edge(232519,274953,(3,9223372036854775807))
Edge(232586,218015,(3,9223372036854775807))
Edge(232625,129358,(3,9223372036854775807))
Edge(232643,325068,(3,9223372036854775807))
Edge(232721,281736,(3,9223372036854775807))
Edge(233382,105755,(3,9223372036854775807))
Edge(233672,333305,(1,9223372036854775807))
Edge(233961,367389,(1,9223372036854775807))
Edge(234976,234725,(3,9223372036854775807))
Edge(235053,193493,(3,9223372036854775807))
Edge(235296,69220,(3,9223372036854775807))
Edge(235481,165112,(3,9223372036854775807))
Edge(235493,488801,(1,9223372036854775807))
Edge(235553,296553,(3,9223372036854775807))
Edge(236136,244334,(3,9223372036854775807))
Edge(236465,228799,(3,9223372036854775807))
Edge(236734,92200,(1,9223372036854775807))
Edge(237002,188781,(3,9223372036854775807))
Edge(237030,405251,(3,9223372036854775807))
Edge(237063,345272,(3,9223372036854775807))
Edge(237325,261455,(3,9223372036854775807))
Edge(237582,411439,(3,9223372036854775807))
Edge(237744,400915,(3,9223372036854775807))
Edge(237757,493089,(1,9223372036854775807))
Edge(237885,166630,(1,9223372036854775807))
Edge(238153,310819,(3,9223372036854775807))
Edge(238717,108150,(3,9223372036854775807))
Edge(238836,71540,(3,9223372036854775807))
Edge(239476,355213,(3,9223372036854775807))
Edge(239509,99303,(3,9223372036854775807))
Edge(239972,7048,(1,9223372036854775807))
Edge(240014,201873,(1,3))
Edge(240617,436192,(3,9223372036854775807))
Edge(240807,53219,(3,9223372036854775807))
Edge(241238,366305,(3,9223372036854775807))
Edge(241516,186889,(3,9223372036854775807))
Edge(242196,104543,(3,9223372036854775807))
Edge(242265,61635,(1,3))
Edge(242511,194565,(3,9223372036854775807))
Edge(242965,334629,(1,3))
Edge(243073,149638,(3,9223372036854775807))
Edge(243293,397232,(3,9223372036854775807))
Edge(243546,310472,(3,9223372036854775807))
Edge(244003,99583,(3,9223372036854775807))
Edge(244090,159463,(1,9223372036854775807))
Edge(244095,58330,(3,9223372036854775807))
Edge(244277,435424,(3,9223372036854775807))
Edge(244293,240278,(3,9223372036854775807))
Edge(244343,430609,(3,9223372036854775807))
Edge(244423,388524,(3,9223372036854775807))
Edge(244466,210001,(1,9223372036854775807))
Edge(244930,422602,(3,9223372036854775807))
Edge(245232,151454,(3,9223372036854775807))
Edge(245653,39662,(3,9223372036854775807))
Edge(246475,249582,(1,9223372036854775807))
Edge(246514,147244,(3,9223372036854775807))
Edge(246577,408934,(3,9223372036854775807))
Edge(246767,271564,(3,9223372036854775807))
Edge(246871,292457,(3,9223372036854775807))
Edge(247109,320403,(3,9223372036854775807))
Edge(247212,368816,(3,9223372036854775807))
Edge(247810,206229,(1,9223372036854775807))
Edge(248027,175465,(3,9223372036854775807))
Edge(248123,408600,(1,9223372036854775807))
Edge(249378,204835,(3,9223372036854775807))
Edge(249635,396640,(3,9223372036854775807))
Edge(250101,468717,(3,9223372036854775807))
Edge(250514,18502,(3,9223372036854775807))
Edge(251011,313770,(3,9223372036854775807))
Edge(251045,329961,(1,3))
Edge(252008,83524,(3,9223372036854775807))
Edge(252415,321977,(3,9223372036854775807))
Edge(252648,334642,(3,9223372036854775807))
Edge(252876,433475,(3,9223372036854775807))
Edge(252966,242415,(3,9223372036854775807))
Edge(253017,363955,(3,9223372036854775807))
Edge(253107,443813,(4,9223372036854775807))
Edge(253719,353589,(3,9223372036854775807))
Edge(254646,88049,(3,9223372036854775807))
Edge(254732,299951,(3,9223372036854775807))
Edge(255055,414128,(3,9223372036854775807))
Edge(255393,97952,(3,9223372036854775807))
Edge(255425,464144,(3,9223372036854775807))
Edge(255430,385571,(1,9223372036854775807))
Edge(255823,458329,(3,9223372036854775807))
Edge(255863,273877,(1,9223372036854775807))
Edge(255975,155036,(3,9223372036854775807))
Edge(256266,470463,(3,9223372036854775807))
Edge(257755,379843,(3,9223372036854775807))
Edge(257893,256036,(3,9223372036854775807))
Edge(258620,249703,(3,9223372036854775807))
Edge(258883,247401,(3,9223372036854775807))
Edge(259075,105915,(3,9223372036854775807))
Edge(259156,41442,(3,9223372036854775807))
Edge(260113,257539,(3,9223372036854775807))
Edge(260617,436873,(3,9223372036854775807))
Edge(260666,378923,(3,9223372036854775807))
Edge(260701,319721,(3,9223372036854775807))
Edge(261084,187660,(3,9223372036854775807))
Edge(261256,194519,(3,9223372036854775807))
Edge(261279,456696,(1,3))
Edge(261832,233445,(1,9223372036854775807))
Edge(261992,305331,(3,9223372036854775807))
Edge(262359,445455,(3,9223372036854775807))
Edge(262630,76726,(3,9223372036854775807))
Edge(263041,495289,(3,9223372036854775807))
Edge(263336,174995,(3,9223372036854775807))
Edge(263805,400301,(3,9223372036854775807))
Edge(264920,451322,(1,9223372036854775807))
Edge(264980,27057,(3,9223372036854775807))
Edge(266157,342948,(3,9223372036854775807))
Edge(267699,116879,(3,9223372036854775807))
Edge(267764,40147,(3,9223372036854775807))
Edge(267856,301282,(3,9223372036854775807))
Edge(268030,347130,(3,9223372036854775807))
Edge(268056,490172,(3,9223372036854775807))
Edge(268067,145726,(3,9223372036854775807))
Edge(268087,369976,(3,9223372036854775807))
Edge(268336,425035,(3,9223372036854775807))
Edge(268340,151912,(3,9223372036854775807))
Edge(268452,409697,(3,9223372036854775807))
Edge(269802,367037,(1,9223372036854775807))
Edge(270174,208354,(3,9223372036854775807))
Edge(270568,330912,(3,9223372036854775807))
Edge(270575,111959,(1,9223372036854775807))
Edge(270663,357014,(3,9223372036854775807))
Edge(270886,218052,(3,9223372036854775807))
Edge(270897,423296,(3,9223372036854775807))
Edge(271216,419421,(1,3))
Edge(271375,263719,(3,9223372036854775807))
Edge(271479,157174,(3,9223372036854775807))
Edge(271692,482329,(3,9223372036854775807))
Edge(271747,50019,(3,9223372036854775807))
Edge(271759,268018,(1,9223372036854775807))
Edge(272215,80685,(3,9223372036854775807))
Edge(272381,323926,(3,9223372036854775807))
Edge(272431,367430,(3,9223372036854775807))
Edge(272715,368656,(3,9223372036854775807))
Edge(272786,190420,(3,9223372036854775807))
Edge(272820,466152,(1,9223372036854775807))
Edge(273130,184871,(3,9223372036854775807))
Edge(273629,484537,(3,9223372036854775807))
Edge(273733,498010,(3,9223372036854775807))
Edge(273793,364011,(4,9223372036854775807))
Edge(274767,477598,(3,9223372036854775807))
Edge(274933,53092,(3,9223372036854775807))
Edge(275168,236795,(3,9223372036854775807))
Edge(275258,168918,(3,9223372036854775807))
Edge(275430,324022,(3,9223372036854775807))
Edge(275796,95292,(3,9223372036854775807))
Edge(276307,448800,(1,3))
Edge(276394,223402,(1,9223372036854775807))
Edge(276970,164489,(1,3))
Edge(277110,472922,(3,9223372036854775807))
Edge(277350,70519,(4,9223372036854775807))
Edge(277402,492772,(3,9223372036854775807))
Edge(279328,161471,(3,9223372036854775807))
Edge(279624,207918,(3,9223372036854775807))
Edge(279793,426249,(1,9223372036854775807))
Edge(280244,495214,(3,9223372036854775807))
Edge(280479,351446,(1,9223372036854775807))
Edge(280640,132074,(3,9223372036854775807))
Edge(280691,251882,(3,9223372036854775807))
Edge(281086,140505,(3,9223372036854775807))
Edge(282151,240907,(3,9223372036854775807))
Edge(282319,279484,(3,9223372036854775807))
Edge(282479,466892,(3,9223372036854775807))
Edge(282717,463175,(3,9223372036854775807))
Edge(282997,77445,(3,9223372036854775807))
Edge(283273,143981,(1,9223372036854775807))
Edge(283502,246775,(3,9223372036854775807))
Edge(283541,490947,(3,9223372036854775807))
Edge(283562,155896,(3,9223372036854775807))
Edge(283963,479444,(3,9223372036854775807))
Edge(284337,320653,(3,9223372036854775807))
Edge(284548,438076,(3,9223372036854775807))
Edge(284969,262568,(3,9223372036854775807))
Edge(285067,52420,(3,9223372036854775807))
Edge(285075,189352,(3,9223372036854775807))
Edge(285088,320075,(3,9223372036854775807))
Edge(285226,276812,(1,3))
Edge(285274,33424,(3,9223372036854775807))
Edge(286316,417065,(3,9223372036854775807))
Edge(286335,262078,(1,3))
Edge(286497,466052,(3,9223372036854775807))
Edge(287061,441654,(3,9223372036854775807))
Edge(287328,297309,(3,9223372036854775807))
Edge(287777,222898,(3,9223372036854775807))
Edge(287824,311503,(3,9223372036854775807))
Edge(288653,323744,(1,3))
Edge(288705,219903,(1,9223372036854775807))
Edge(288741,65181,(3,9223372036854775807))
Edge(289099,184768,(3,9223372036854775807))
Edge(289174,498490,(3,9223372036854775807))
Edge(290042,499889,(3,9223372036854775807))
Edge(290732,110783,(3,9223372036854775807))
Edge(290861,321491,(3,9223372036854775807))
Edge(291047,304560,(3,9223372036854775807))
Edge(291205,434437,(3,9223372036854775807))
Edge(291733,274822,(3,9223372036854775807))
Edge(291966,95892,(3,9223372036854775807))
Edge(292467,82950,(3,9223372036854775807))
Edge(292550,270743,(3,9223372036854775807))
Edge(292840,361151,(1,9223372036854775807))
Edge(292889,418102,(1,3))
Edge(293010,300860,(3,9223372036854775807))
Edge(293064,209300,(3,9223372036854775807))
Edge(293344,222349,(1,9223372036854775807))
Edge(293495,47228,(3,9223372036854775807))
Edge(293740,329250,(3,9223372036854775807))
Edge(293871,421044,(1,9223372036854775807))
Edge(293892,50382,(1,9223372036854775807))
Edge(294343,7620,(1,3))
Edge(294421,491405,(1,3))
Edge(294477,52787,(1,3))
Edge(294499,144694,(3,9223372036854775807))
Edge(294663,428929,(3,9223372036854775807))
Edge(294982,80838,(3,9223372036854775807))
Edge(295357,103866,(3,9223372036854775807))
Edge(295644,38306,(3,9223372036854775807))
Edge(297040,75278,(3,9223372036854775807))
Edge(297511,156224,(3,9223372036854775807))
Edge(297617,61281,(3,9223372036854775807))
Edge(298217,396601,(3,9223372036854775807))
Edge(298230,220503,(1,9223372036854775807))
Edge(298307,390746,(3,9223372036854775807))
Edge(298462,455487,(3,9223372036854775807))
Edge(298569,4782,(3,9223372036854775807))
Edge(298952,159803,(3,9223372036854775807))
Edge(299132,287184,(3,9223372036854775807))
Edge(299597,107816,(3,9223372036854775807))
Edge(299905,55702,(3,9223372036854775807))
Edge(300129,135128,(3,9223372036854775807))
Edge(300210,396752,(1,9223372036854775807))
Edge(300920,391264,(3,9223372036854775807))
Edge(301697,235310,(3,9223372036854775807))
Edge(301783,72939,(3,9223372036854775807))
Edge(301909,84424,(3,9223372036854775807))
Edge(302454,221909,(3,9223372036854775807))
Edge(302959,182279,(3,9223372036854775807))
Edge(302982,154753,(3,9223372036854775807))
Edge(303189,87651,(1,9223372036854775807))
Edge(303196,487472,(3,9223372036854775807))
Edge(303222,338619,(3,9223372036854775807))
Edge(303693,162937,(1,9223372036854775807))
Edge(303742,85465,(3,9223372036854775807))
Edge(304108,97830,(3,9223372036854775807))
Edge(305838,140461,(1,3))
Edge(305890,284145,(3,9223372036854775807))
Edge(306342,193326,(3,9223372036854775807))
Edge(306788,35579,(3,9223372036854775807))
Edge(306988,14314,(1,9223372036854775807))
Edge(307147,352554,(3,9223372036854775807))
Edge(307697,368005,(3,9223372036854775807))
Edge(308223,416705,(1,9223372036854775807))
Edge(308506,241876,(3,9223372036854775807))
Edge(309132,354082,(1,9223372036854775807))
Edge(309145,159621,(1,9223372036854775807))
Edge(309177,487630,(3,9223372036854775807))
Edge(309245,325910,(1,3))
Edge(310853,164145,(3,9223372036854775807))
Edge(310879,248865,(3,9223372036854775807))
Edge(310895,167016,(3,9223372036854775807))
Edge(310925,17711,(1,9223372036854775807))
Edge(311570,249743,(3,9223372036854775807))
Edge(311748,480513,(3,9223372036854775807))
Edge(312287,37787,(1,3))
Edge(312341,249583,(3,9223372036854775807))
Edge(313179,237951,(3,9223372036854775807))
Edge(313510,470373,(3,9223372036854775807))
Edge(313570,184305,(3,9223372036854775807))
Edge(313919,70164,(3,9223372036854775807))
Edge(313951,195950,(3,9223372036854775807))
Edge(314077,243004,(4,9223372036854775807))
Edge(314102,490163,(3,9223372036854775807))
Edge(314299,158435,(3,9223372036854775807))
Edge(314307,348030,(3,9223372036854775807))
Edge(314328,386185,(1,9223372036854775807))
Edge(314431,230145,(1,9223372036854775807))
Edge(314676,402981,(3,9223372036854775807))
Edge(314933,55273,(1,9223372036854775807))
Edge(315265,265956,(1,3))
Edge(315694,238021,(3,9223372036854775807))
Edge(315821,404992,(3,9223372036854775807))
Edge(315847,382389,(3,9223372036854775807))
Edge(316084,248648,(3,9223372036854775807))
Edge(316709,116849,(3,9223372036854775807))
Edge(316714,356030,(3,9223372036854775807))
Edge(316810,361414,(3,9223372036854775807))
Edge(316981,262131,(4,9223372036854775807))
Edge(317036,189633,(1,9223372036854775807))
Edge(317046,465227,(3,9223372036854775807))
Edge(317738,371305,(3,9223372036854775807))
Edge(318118,197072,(3,9223372036854775807))
Edge(318213,88944,(3,9223372036854775807))
Edge(318381,437789,(3,9223372036854775807))
Edge(319005,448629,(3,9223372036854775807))
Edge(319086,12254,(3,9223372036854775807))
Edge(319409,81903,(1,9223372036854775807))
Edge(319721,17338,(3,9223372036854775807))
Edge(319861,358680,(3,9223372036854775807))
Edge(320528,41349,(3,9223372036854775807))
Edge(320566,254907,(1,3))
Edge(320676,421154,(3,9223372036854775807))
Edge(320834,287845,(3,9223372036854775807))
Edge(320948,189844,(3,9223372036854775807))
Edge(321478,271357,(3,9223372036854775807))
Edge(321849,479006,(3,9223372036854775807))
Edge(321963,473091,(3,9223372036854775807))
Edge(322008,353702,(3,9223372036854775807))
Edge(322041,201935,(3,9223372036854775807))
Edge(322387,189428,(3,9223372036854775807))
Edge(323521,332575,(3,9223372036854775807))
Edge(323594,99732,(3,9223372036854775807))
Edge(323924,332618,(3,9223372036854775807))
Edge(323937,194249,(3,9223372036854775807))
Edge(324218,368644,(1,3))
Edge(324636,52142,(3,9223372036854775807))
Edge(325184,126992,(3,9223372036854775807))
Edge(325677,249344,(1,3))
Edge(325865,239411,(1,9223372036854775807))
Edge(325964,492367,(3,9223372036854775807))
Edge(326080,184194,(3,9223372036854775807))
Edge(326238,210468,(3,9223372036854775807))
Edge(326402,479234,(3,9223372036854775807))
Edge(326703,308500,(3,9223372036854775807))
Edge(326789,397437,(3,9223372036854775807))
Edge(326995,23394,(3,9223372036854775807))
Edge(327030,147369,(3,9223372036854775807))
Edge(327084,167236,(3,9223372036854775807))
Edge(327322,106042,(1,3))
Edge(327752,110827,(3,9223372036854775807))
Edge(327961,110191,(1,3))
Edge(328060,151764,(3,9223372036854775807))
Edge(328809,199845,(3,9223372036854775807))
Edge(329971,33037,(3,9223372036854775807))
Edge(330126,439631,(1,3))
Edge(330185,313275,(3,9223372036854775807))
Edge(330274,326444,(3,9223372036854775807))
Edge(330730,303106,(3,9223372036854775807))
Edge(330786,264089,(3,9223372036854775807))
Edge(330834,344892,(3,9223372036854775807))
Edge(331111,356775,(3,9223372036854775807))
Edge(331588,18405,(3,9223372036854775807))
Edge(331781,265237,(3,9223372036854775807))
Edge(331860,65489,(3,9223372036854775807))
Edge(332133,169574,(3,9223372036854775807))
Edge(332475,102474,(3,9223372036854775807))
Edge(332954,426972,(3,9223372036854775807))
Edge(333086,352881,(3,9223372036854775807))
Edge(333187,282631,(3,9223372036854775807))
Edge(333255,242591,(3,9223372036854775807))
Edge(333461,402269,(3,9223372036854775807))
Edge(334896,76050,(3,9223372036854775807))
Edge(335169,258269,(1,3))
Edge(335659,85222,(3,9223372036854775807))
Edge(335933,195190,(3,9223372036854775807))
Edge(336018,91379,(3,9223372036854775807))
Edge(336136,487486,(3,9223372036854775807))
Edge(336257,306421,(3,9223372036854775807))
Edge(336342,226735,(3,9223372036854775807))
Edge(336426,405430,(3,9223372036854775807))
Edge(336631,83287,(3,9223372036854775807))
Edge(336799,142039,(3,9223372036854775807))
Edge(337251,1,(3,9223372036854775807))
Edge(337371,322171,(3,9223372036854775807))
Edge(337706,160606,(3,9223372036854775807))
Edge(337766,490498,(3,9223372036854775807))
Edge(337806,306006,(3,9223372036854775807))
Edge(337815,495391,(3,9223372036854775807))
Edge(338050,376444,(1,3))
Edge(338108,471759,(3,9223372036854775807))
Edge(338339,217782,(3,9223372036854775807))
Edge(338918,286499,(1,3))
Edge(339042,68193,(3,9223372036854775807))
Edge(339113,256859,(3,9223372036854775807))
Edge(339313,494284,(3,9223372036854775807))
Edge(339695,232146,(1,9223372036854775807))
Edge(339839,315659,(3,9223372036854775807))
Edge(339861,116916,(3,9223372036854775807))
Edge(340121,258601,(3,9223372036854775807))
Edge(340189,230818,(1,9223372036854775807))
Edge(340995,102767,(1,9223372036854775807))
Edge(341008,51356,(3,9223372036854775807))
Edge(341483,466415,(1,9223372036854775807))
Edge(341534,17442,(3,9223372036854775807))
Edge(341870,415963,(3,9223372036854775807))
Edge(342425,446068,(3,9223372036854775807))
Edge(342569,51685,(1,9223372036854775807))
Edge(342916,197275,(1,9223372036854775807))
Edge(342943,51367,(3,9223372036854775807))
Edge(342986,415281,(3,9223372036854775807))
Edge(343167,223910,(3,9223372036854775807))
Edge(343375,491618,(1,9223372036854775807))
Edge(343698,193716,(3,9223372036854775807))
Edge(343864,483206,(3,9223372036854775807))
Edge(343951,162976,(1,9223372036854775807))
Edge(344055,378966,(3,9223372036854775807))
Edge(344291,181796,(3,9223372036854775807))
Edge(344520,283479,(3,9223372036854775807))
Edge(345005,449292,(3,9223372036854775807))
Edge(345339,450544,(3,9223372036854775807))
Edge(345367,324925,(3,9223372036854775807))
Edge(345589,320057,(3,9223372036854775807))
Edge(345647,385761,(3,9223372036854775807))
Edge(345770,358627,(3,9223372036854775807))
Edge(345885,42503,(3,9223372036854775807))
Edge(345887,237246,(1,9223372036854775807))
Edge(345948,100137,(3,9223372036854775807))
Edge(345991,323838,(3,9223372036854775807))
Edge(346009,49684,(1,9223372036854775807))
Edge(346048,359310,(1,9223372036854775807))
Edge(346299,429306,(3,9223372036854775807))
Edge(346401,97771,(1,3))
Edge(346461,233638,(1,9223372036854775807))
Edge(346559,490553,(3,9223372036854775807))
Edge(346575,14772,(3,9223372036854775807))
Edge(346702,419162,(3,9223372036854775807))
Edge(346824,462153,(3,9223372036854775807))
Edge(347092,294630,(3,9223372036854775807))
Edge(347328,148571,(3,9223372036854775807))
Edge(347419,275175,(1,9223372036854775807))
Edge(348400,483803,(3,9223372036854775807))
Edge(348425,156920,(3,9223372036854775807))
Edge(348454,240571,(3,9223372036854775807))
Edge(348879,299036,(1,9223372036854775807))
Edge(348917,106392,(3,9223372036854775807))
Edge(349606,47215,(1,3))
Edge(350362,424670,(3,9223372036854775807))
Edge(351077,160714,(3,9223372036854775807))
Edge(351369,127849,(3,9223372036854775807))
Edge(351581,430013,(3,9223372036854775807))
Edge(351956,407398,(3,9223372036854775807))
Edge(352336,220409,(3,9223372036854775807))
Edge(352456,293868,(1,9223372036854775807))
Edge(352594,30854,(3,9223372036854775807))
Edge(352594,244601,(3,9223372036854775807))
Edge(353109,151307,(3,9223372036854775807))
Edge(353602,284148,(1,9223372036854775807))
Edge(353994,264386,(3,9223372036854775807))
Edge(354359,290696,(3,9223372036854775807))
Edge(354578,282195,(1,9223372036854775807))
Edge(355315,459423,(3,9223372036854775807))
Edge(355405,113083,(1,9223372036854775807))
Edge(355736,417233,(3,9223372036854775807))
Edge(355828,235060,(3,9223372036854775807))
Edge(355852,251970,(3,9223372036854775807))
Edge(356110,73716,(3,9223372036854775807))
Edge(356555,463542,(1,9223372036854775807))
Edge(356771,47027,(4,9223372036854775807))
Edge(357066,409793,(3,9223372036854775807))
Edge(357214,115016,(3,9223372036854775807))
Edge(357485,461720,(3,9223372036854775807))
Edge(358087,44110,(3,9223372036854775807))
Edge(358944,177298,(3,9223372036854775807))
Edge(359067,23316,(3,9223372036854775807))
Edge(359190,119228,(3,9223372036854775807))
Edge(359385,331548,(1,9223372036854775807))
Edge(359855,304275,(3,9223372036854775807))
Edge(359875,393861,(3,9223372036854775807))
Edge(360022,107685,(3,9223372036854775807))
Edge(360308,460812,(3,9223372036854775807))
Edge(360444,485649,(3,9223372036854775807))
Edge(360702,335694,(1,9223372036854775807))
Edge(360725,29925,(3,9223372036854775807))
Edge(361078,5802,(3,9223372036854775807))
Edge(361130,217839,(3,9223372036854775807))
Edge(361267,7403,(1,3))
Edge(361388,434746,(1,3))
Edge(361433,376810,(3,9223372036854775807))
Edge(361437,202196,(1,9223372036854775807))
Edge(361527,201745,(3,9223372036854775807))
Edge(361578,313662,(3,9223372036854775807))
Edge(361605,265793,(1,9223372036854775807))
Edge(362078,380752,(3,9223372036854775807))
Edge(362097,367609,(3,4))
Edge(362290,101325,(3,9223372036854775807))
Edge(362749,439845,(3,9223372036854775807))
Edge(363893,120012,(1,3))
Edge(364133,7314,(3,9223372036854775807))
Edge(364476,145378,(1,9223372036854775807))
Edge(364526,253835,(3,9223372036854775807))
Edge(364817,331594,(3,9223372036854775807))
Edge(364823,64752,(3,9223372036854775807))
Edge(365241,26894,(3,9223372036854775807))
Edge(365285,66579,(1,9223372036854775807))
Edge(365304,368254,(3,9223372036854775807))
Edge(365356,309833,(3,9223372036854775807))
Edge(365386,65846,(1,3))
Edge(366229,72348,(3,9223372036854775807))
Edge(366830,128231,(3,9223372036854775807))
Edge(366896,485378,(3,9223372036854775807))
Edge(367424,18737,(3,9223372036854775807))
Edge(367464,252735,(1,9223372036854775807))
Edge(367628,392986,(3,9223372036854775807))
Edge(367708,483302,(3,9223372036854775807))
Edge(367748,54475,(3,9223372036854775807))
Edge(367868,439852,(3,9223372036854775807))
Edge(367924,386981,(1,9223372036854775807))
Edge(368428,12875,(3,9223372036854775807))
Edge(368633,214054,(3,9223372036854775807))
Edge(368658,411768,(3,9223372036854775807))
Edge(368674,193433,(1,3))
Edge(368902,189627,(3,9223372036854775807))
Edge(368906,294363,(1,9223372036854775807))
Edge(369008,397579,(3,9223372036854775807))
Edge(369107,415275,(1,9223372036854775807))
Edge(369111,125944,(3,9223372036854775807))
Edge(369191,156637,(3,9223372036854775807))
Edge(369285,343057,(3,9223372036854775807))
Edge(370421,441942,(3,9223372036854775807))
Edge(370632,55558,(3,9223372036854775807))
Edge(370842,452323,(1,9223372036854775807))
Edge(370911,385535,(1,9223372036854775807))
Edge(371255,173987,(3,9223372036854775807))
Edge(371408,446994,(3,9223372036854775807))
Edge(371728,57400,(3,9223372036854775807))
Edge(371849,237518,(1,3))
Edge(372105,461743,(3,9223372036854775807))
Edge(372499,322182,(3,9223372036854775807))
Edge(372575,17217,(3,9223372036854775807))
Edge(372621,127750,(3,9223372036854775807))
Edge(372688,299997,(3,9223372036854775807))
Edge(372745,148597,(3,9223372036854775807))
Edge(372803,497292,(3,9223372036854775807))
Edge(373180,330849,(3,9223372036854775807))
Edge(373288,490608,(3,9223372036854775807))
Edge(373647,393207,(3,9223372036854775807))
Edge(374030,395348,(3,9223372036854775807))
Edge(374113,286750,(1,9223372036854775807))
Edge(374387,404680,(1,3))
Edge(375372,140123,(3,9223372036854775807))
Edge(375665,28784,(3,9223372036854775807))
Edge(375804,349484,(3,9223372036854775807))
Edge(375830,184362,(1,9223372036854775807))
Edge(376192,205296,(3,9223372036854775807))
Edge(376422,415198,(3,9223372036854775807))
Edge(376563,100204,(3,9223372036854775807))
Edge(376613,189061,(3,9223372036854775807))
Edge(376693,78734,(1,9223372036854775807))
Edge(377245,282159,(3,9223372036854775807))
Edge(377268,217912,(1,9223372036854775807))
Edge(377277,374849,(1,3))
Edge(377297,52094,(1,3))
Edge(378392,498486,(3,9223372036854775807))
Edge(378452,343635,(3,9223372036854775807))
Edge(378634,6536,(1,9223372036854775807))
Edge(380192,392282,(3,9223372036854775807))
Edge(380751,178806,(3,9223372036854775807))
Edge(380840,153578,(3,9223372036854775807))
Edge(381578,314962,(3,9223372036854775807))
Edge(381886,162577,(3,9223372036854775807))
Edge(382333,492231,(3,9223372036854775807))
Edge(382821,217257,(3,9223372036854775807))
Edge(382838,207609,(3,9223372036854775807))
Edge(383044,36187,(1,9223372036854775807))
Edge(383348,164582,(3,9223372036854775807))
Edge(383529,173710,(3,9223372036854775807))
Edge(383577,49112,(3,9223372036854775807))
Edge(384006,222841,(3,9223372036854775807))
Edge(384421,204343,(3,9223372036854775807))
Edge(384489,241299,(3,9223372036854775807))
Edge(385134,498812,(3,9223372036854775807))
Edge(385277,283869,(1,9223372036854775807))
Edge(385483,85206,(1,3))
Edge(385573,54152,(3,9223372036854775807))
Edge(386092,178755,(3,9223372036854775807))
Edge(386331,334695,(1,9223372036854775807))
Edge(386373,7705,(3,9223372036854775807))
Edge(386407,133488,(3,9223372036854775807))
Edge(386500,293940,(3,9223372036854775807))
Edge(386691,176047,(3,9223372036854775807))
Edge(387106,149446,(3,9223372036854775807))
Edge(387291,56766,(3,9223372036854775807))
Edge(387320,332162,(1,9223372036854775807))
Edge(387842,351546,(3,9223372036854775807))
Edge(387996,67346,(3,9223372036854775807))
Edge(388076,81401,(3,9223372036854775807))
Edge(388353,197563,(3,9223372036854775807))
Edge(388406,117091,(3,9223372036854775807))
Edge(388535,37151,(3,9223372036854775807))
Edge(388668,90979,(1,3))
Edge(388746,403995,(3,9223372036854775807))
Edge(389199,421679,(3,9223372036854775807))
Edge(389254,94756,(3,9223372036854775807))
Edge(389405,430856,(1,9223372036854775807))
Edge(389749,328103,(1,9223372036854775807))
Edge(390125,166720,(1,9223372036854775807))
Edge(390134,335529,(3,9223372036854775807))
Edge(390271,163849,(3,9223372036854775807))
Edge(390369,455733,(3,9223372036854775807))
Edge(390516,14204,(3,9223372036854775807))
Edge(390606,298531,(3,9223372036854775807))
Edge(390764,145992,(3,9223372036854775807))
Edge(391445,358824,(3,9223372036854775807))
Edge(391520,422646,(3,9223372036854775807))
Edge(391769,54588,(3,9223372036854775807))
Edge(392043,499051,(3,9223372036854775807))
Edge(392386,471384,(3,9223372036854775807))
Edge(392569,418910,(3,9223372036854775807))
Edge(392609,91168,(1,9223372036854775807))
Edge(392641,431750,(1,3))
Edge(392882,75321,(3,9223372036854775807))
Edge(393059,224611,(1,9223372036854775807))
Edge(393232,471405,(3,9223372036854775807))
Edge(393824,267346,(3,9223372036854775807))
Edge(394220,221518,(1,3))
Edge(394582,497979,(3,9223372036854775807))
Edge(394989,41252,(3,9223372036854775807))
Edge(395008,108951,(3,9223372036854775807))
Edge(395338,149878,(3,9223372036854775807))
Edge(396053,103417,(3,9223372036854775807))
Edge(396392,81133,(3,9223372036854775807))
Edge(396763,398235,(3,9223372036854775807))
Edge(396814,181840,(3,9223372036854775807))
Edge(397208,42377,(1,9223372036854775807))
Edge(397246,315799,(3,9223372036854775807))
Edge(397922,469082,(1,9223372036854775807))
Edge(398187,281945,(1,9223372036854775807))
Edge(398659,184639,(3,9223372036854775807))
Edge(399143,167228,(3,9223372036854775807))
Edge(399466,225731,(3,9223372036854775807))
Edge(399524,368603,(3,9223372036854775807))
Edge(399721,482258,(3,9223372036854775807))
Edge(400078,469002,(1,3))
Edge(400217,273182,(1,9223372036854775807))
Edge(400297,168030,(3,9223372036854775807))
Edge(401070,106264,(3,9223372036854775807))
Edge(401549,133427,(3,9223372036854775807))
Edge(401870,33209,(3,9223372036854775807))
Edge(402229,78248,(1,3))
Edge(402327,198757,(3,9223372036854775807))
Edge(402351,193943,(3,9223372036854775807))
Edge(403198,299055,(3,9223372036854775807))
Edge(403377,113889,(3,9223372036854775807))
Edge(403421,485179,(3,9223372036854775807))
Edge(403593,450745,(1,3))
Edge(403655,5032,(1,9223372036854775807))
Edge(403773,311880,(1,3))
Edge(404413,311103,(1,9223372036854775807))
Edge(404859,445659,(3,9223372036854775807))
Edge(404867,409662,(1,9223372036854775807))
Edge(404952,278542,(1,9223372036854775807))
Edge(405152,69134,(1,9223372036854775807))
Edge(405525,42355,(3,9223372036854775807))
Edge(406195,59742,(3,9223372036854775807))
Edge(406411,147497,(3,9223372036854775807))
Edge(406476,494650,(3,9223372036854775807))
Edge(407103,423729,(1,9223372036854775807))
Edge(407111,63681,(1,9223372036854775807))
Edge(407590,73663,(3,9223372036854775807))
Edge(408276,454155,(3,9223372036854775807))
Edge(408309,198784,(3,9223372036854775807))
Edge(408998,330926,(3,9223372036854775807))
Edge(409473,304347,(1,9223372036854775807))
Edge(409892,80513,(1,9223372036854775807))
Edge(409906,356604,(3,9223372036854775807))
Edge(410584,26094,(3,9223372036854775807))
Edge(411227,36100,(1,3))
Edge(411910,181883,(1,9223372036854775807))
Edge(412887,328322,(3,9223372036854775807))
Edge(413462,1775,(3,9223372036854775807))
Edge(413580,49601,(3,9223372036854775807))
Edge(414475,468525,(3,9223372036854775807))
Edge(414874,221233,(1,3))
Edge(415208,43036,(3,9223372036854775807))
Edge(416375,141730,(3,9223372036854775807))
Edge(416425,52302,(3,9223372036854775807))
Edge(416532,86738,(3,9223372036854775807))
Edge(417005,438130,(1,3))
Edge(417008,343193,(3,9223372036854775807))
Edge(417253,375756,(3,9223372036854775807))
Edge(418114,286256,(3,9223372036854775807))
Edge(418244,412576,(3,9223372036854775807))
Edge(418966,285888,(3,9223372036854775807))
Edge(418997,274696,(3,9223372036854775807))
Edge(419267,1359,(3,9223372036854775807))
Edge(419557,126521,(3,9223372036854775807))
Edge(420188,415065,(3,9223372036854775807))
Edge(420242,170907,(3,9223372036854775807))
Edge(420533,84182,(1,3))
Edge(420623,291704,(3,9223372036854775807))
Edge(421190,451277,(3,9223372036854775807))
Edge(421479,219635,(3,9223372036854775807))
Edge(422353,408659,(1,9223372036854775807))
Edge(422939,498082,(3,9223372036854775807))
Edge(423318,450157,(3,9223372036854775807))
Edge(423451,174749,(4,9223372036854775807))
Edge(423769,61619,(1,9223372036854775807))
Edge(424092,169139,(3,9223372036854775807))
Edge(424139,170851,(1,9223372036854775807))
Edge(424188,119732,(3,9223372036854775807))
Edge(424338,81777,(3,9223372036854775807))
Edge(424503,107610,(3,9223372036854775807))
Edge(424962,60548,(3,9223372036854775807))
Edge(425619,450404,(1,3))
Edge(426013,201533,(3,9223372036854775807))
Edge(426246,18773,(3,9223372036854775807))
Edge(426636,81708,(3,9223372036854775807))
Edge(426859,258038,(3,9223372036854775807))
Edge(426927,65609,(3,9223372036854775807))
Edge(427110,365553,(3,9223372036854775807))
Edge(427346,211657,(3,9223372036854775807))
Edge(427439,30449,(3,9223372036854775807))
Edge(427558,63444,(3,9223372036854775807))
Edge(427584,143022,(3,9223372036854775807))
Edge(427628,141268,(3,9223372036854775807))
Edge(428534,23476,(4,9223372036854775807))
Edge(428724,203506,(3,9223372036854775807))
Edge(429053,170815,(3,9223372036854775807))
Edge(429111,87033,(1,9223372036854775807))
Edge(429344,206788,(1,9223372036854775807))
Edge(430284,268020,(3,9223372036854775807))
Edge(430990,40676,(1,3))
Edge(431059,37975,(3,9223372036854775807))
Edge(431193,293066,(3,9223372036854775807))
Edge(431371,70857,(3,9223372036854775807))
Edge(431510,410909,(3,9223372036854775807))
Edge(431665,426370,(1,9223372036854775807))
Edge(431959,402534,(1,9223372036854775807))
Edge(432155,23039,(3,9223372036854775807))
Edge(432207,17982,(3,9223372036854775807))
Edge(432230,16787,(3,9223372036854775807))
Edge(433249,331482,(1,9223372036854775807))
Edge(433870,123406,(3,9223372036854775807))
Edge(435577,372673,(1,9223372036854775807))
Edge(436355,392464,(3,9223372036854775807))
Edge(436804,11081,(3,9223372036854775807))
Edge(437138,91453,(3,9223372036854775807))
Edge(437156,497721,(3,9223372036854775807))
Edge(437290,83780,(3,9223372036854775807))
Edge(437338,46476,(3,9223372036854775807))
Edge(437802,195275,(3,9223372036854775807))
Edge(437814,424045,(3,9223372036854775807))
Edge(437825,18899,(3,9223372036854775807))
Edge(438355,100360,(3,9223372036854775807))
Edge(438714,446117,(3,9223372036854775807))
Edge(439863,168766,(3,9223372036854775807))
Edge(440080,385023,(3,9223372036854775807))
Edge(440095,138610,(3,9223372036854775807))
Edge(440177,487959,(3,9223372036854775807))
Edge(440215,448226,(3,9223372036854775807))
Edge(440242,99582,(3,9223372036854775807))
Edge(440591,92317,(3,9223372036854775807))
Edge(441116,157981,(3,9223372036854775807))
Edge(441311,91313,(3,9223372036854775807))
Edge(441414,190825,(1,9223372036854775807))
Edge(441644,262028,(3,9223372036854775807))
Edge(441646,173201,(1,9223372036854775807))
Edge(441840,435911,(4,9223372036854775807))
Edge(441957,322646,(3,9223372036854775807))
Edge(442088,428591,(1,3))
Edge(442615,244720,(3,9223372036854775807))
Edge(442961,266306,(3,9223372036854775807))
Edge(443061,341192,(3,9223372036854775807))
Edge(443193,275516,(3,9223372036854775807))
Edge(443205,475133,(3,9223372036854775807))
Edge(443523,256682,(1,9223372036854775807))
Edge(443542,481781,(3,9223372036854775807))
Edge(443739,435439,(3,9223372036854775807))
Edge(443921,13791,(3,9223372036854775807))
Edge(445048,120809,(3,9223372036854775807))
Edge(445137,426711,(1,9223372036854775807))
Edge(445308,369908,(3,9223372036854775807))
Edge(445336,452308,(1,9223372036854775807))
Edge(445495,354502,(3,9223372036854775807))
Edge(445789,476823,(3,9223372036854775807))
Edge(445795,401026,(3,9223372036854775807))
Edge(446191,280636,(3,9223372036854775807))
Edge(446330,257261,(1,9223372036854775807))
Edge(446371,374517,(1,9223372036854775807))
Edge(446499,472269,(3,9223372036854775807))
Edge(446940,391633,(3,9223372036854775807))
Edge(447020,49589,(3,9223372036854775807))
Edge(447357,475998,(1,9223372036854775807))
Edge(447455,31584,(3,9223372036854775807))
Edge(447811,135560,(3,9223372036854775807))
Edge(448182,213252,(3,9223372036854775807))
Edge(448237,330174,(3,9223372036854775807))
Edge(448785,270689,(3,9223372036854775807))
Edge(448978,50404,(3,9223372036854775807))
Edge(449024,208755,(3,9223372036854775807))
Edge(449268,266387,(3,9223372036854775807))
Edge(449629,300361,(3,9223372036854775807))
Edge(449890,367361,(3,9223372036854775807))
Edge(450478,489288,(3,9223372036854775807))
Edge(450515,45957,(3,9223372036854775807))
Edge(450675,377140,(1,3))
Edge(451074,424201,(1,3))
Edge(451469,58091,(3,9223372036854775807))
Edge(451578,3368,(1,3))
Edge(451627,158337,(1,9223372036854775807))
Edge(451705,11116,(3,9223372036854775807))
Edge(452233,273412,(3,9223372036854775807))
Edge(452336,99835,(3,9223372036854775807))
Edge(453527,115251,(3,9223372036854775807))
Edge(453637,300086,(1,3))
Edge(454280,376840,(3,9223372036854775807))
Edge(454451,334066,(3,9223372036854775807))
Edge(454557,102504,(3,9223372036854775807))
Edge(454664,311820,(3,9223372036854775807))
Edge(454755,357476,(3,9223372036854775807))
Edge(454885,130484,(3,9223372036854775807))
Edge(454929,258742,(3,9223372036854775807))
Edge(455338,402221,(3,9223372036854775807))
Edge(455408,119629,(1,9223372036854775807))
Edge(456333,455574,(3,9223372036854775807))
Edge(456378,343336,(3,9223372036854775807))
Edge(456425,423676,(3,9223372036854775807))
Edge(456433,406418,(3,9223372036854775807))
Edge(456508,93439,(1,3))
Edge(456520,289771,(3,9223372036854775807))
Edge(456521,71244,(3,9223372036854775807))
Edge(456680,220572,(1,3))
Edge(456860,166074,(1,9223372036854775807))
Edge(456880,196039,(3,9223372036854775807))
Edge(457471,381082,(3,9223372036854775807))
Edge(457522,473245,(3,9223372036854775807))
Edge(457878,127752,(3,9223372036854775807))
Edge(458179,321626,(1,9223372036854775807))
Edge(458570,481769,(1,9223372036854775807))
Edge(458870,37223,(3,9223372036854775807))
Edge(459218,71942,(3,9223372036854775807))
Edge(459637,144521,(1,9223372036854775807))
Edge(459759,403729,(3,9223372036854775807))
Edge(459889,301709,(3,9223372036854775807))
Edge(459950,375767,(3,9223372036854775807))
Edge(460568,356210,(3,9223372036854775807))
Edge(460912,276946,(3,9223372036854775807))
Edge(461145,207147,(1,3))
Edge(461555,363034,(3,9223372036854775807))
Edge(462218,230362,(3,9223372036854775807))
Edge(462723,335396,(3,9223372036854775807))
Edge(463370,75191,(3,9223372036854775807))
Edge(463724,388880,(3,9223372036854775807))
Edge(463995,381212,(3,9223372036854775807))
Edge(464448,218861,(3,9223372036854775807))
Edge(464460,118088,(3,9223372036854775807))
Edge(464751,167849,(3,9223372036854775807))
Edge(464821,148469,(3,9223372036854775807))
Edge(464825,24314,(3,9223372036854775807))
Edge(464878,394353,(3,9223372036854775807))
Edge(465043,429745,(3,9223372036854775807))
Edge(465128,215494,(1,3))
Edge(465240,370715,(3,9223372036854775807))
Edge(465785,111226,(3,9223372036854775807))
Edge(466043,129050,(1,9223372036854775807))
Edge(466474,246193,(3,9223372036854775807))
Edge(466739,293790,(3,9223372036854775807))
Edge(467058,432498,(1,9223372036854775807))
Edge(467268,139318,(3,9223372036854775807))
Edge(467452,481878,(3,9223372036854775807))
Edge(467556,216236,(1,9223372036854775807))
Edge(467683,213040,(3,9223372036854775807))
Edge(467747,194689,(3,9223372036854775807))
Edge(467899,27533,(3,9223372036854775807))
Edge(468218,469504,(3,9223372036854775807))
Edge(469466,271425,(3,9223372036854775807))
Edge(469598,64367,(3,9223372036854775807))
Edge(469738,291929,(3,9223372036854775807))
Edge(469848,403481,(3,9223372036854775807))
Edge(470180,460741,(3,9223372036854775807))
Edge(470615,170031,(1,9223372036854775807))
Edge(471189,82294,(3,9223372036854775807))
Edge(471204,492278,(3,9223372036854775807))
Edge(472083,214663,(3,9223372036854775807))
Edge(472083,298916,(1,9223372036854775807))
Edge(472138,201057,(3,9223372036854775807))
Edge(472379,491777,(3,9223372036854775807))
Edge(472678,87968,(3,9223372036854775807))
Edge(472683,493206,(3,9223372036854775807))
Edge(472704,229964,(1,9223372036854775807))
Edge(473296,444611,(3,9223372036854775807))
Edge(473572,119807,(3,9223372036854775807))
Edge(473804,96945,(3,9223372036854775807))
Edge(473943,382942,(3,9223372036854775807))
Edge(474219,322276,(3,9223372036854775807))
Edge(474415,113472,(3,9223372036854775807))
Edge(474817,206397,(3,9223372036854775807))
Edge(475171,145362,(3,9223372036854775807))
Edge(475188,310612,(3,9223372036854775807))
Edge(475276,202217,(3,9223372036854775807))
Edge(475330,213404,(1,9223372036854775807))
Edge(475344,216900,(3,9223372036854775807))
Edge(476072,403823,(3,9223372036854775807))
Edge(476137,222794,(3,9223372036854775807))
Edge(476717,348945,(1,3))
Edge(476817,43577,(1,3))
Edge(476852,430706,(3,9223372036854775807))
Edge(477102,230974,(1,3))
Edge(477141,364088,(3,9223372036854775807))
Edge(477215,489361,(3,9223372036854775807))
Edge(478403,342555,(1,3))
Edge(478690,390841,(3,9223372036854775807))
Edge(478958,230385,(3,9223372036854775807))
Edge(479028,208774,(3,9223372036854775807))
Edge(479493,198321,(1,9223372036854775807))
Edge(480128,290512,(1,9223372036854775807))
Edge(480203,402958,(3,9223372036854775807))
Edge(480248,392508,(3,9223372036854775807))
Edge(481153,237432,(3,9223372036854775807))
Edge(481168,293779,(3,9223372036854775807))
Edge(481363,378412,(3,9223372036854775807))
Edge(481743,360864,(3,9223372036854775807))
Edge(482234,471487,(3,9223372036854775807))
Edge(482820,447096,(3,9223372036854775807))
Edge(483795,279015,(3,9223372036854775807))
Edge(483990,48208,(3,9223372036854775807))
Edge(484127,417751,(3,9223372036854775807))
Edge(484279,344351,(3,9223372036854775807))
Edge(484947,236180,(3,9223372036854775807))
Edge(485130,387069,(1,9223372036854775807))
Edge(485148,87880,(3,9223372036854775807))
Edge(485717,7597,(3,9223372036854775807))
Edge(485976,4625,(3,9223372036854775807))
Edge(486255,418587,(1,3))
Edge(486739,28078,(3,9223372036854775807))
Edge(487352,471010,(3,9223372036854775807))
Edge(487454,248962,(3,9223372036854775807))
Edge(487665,64418,(1,9223372036854775807))
Edge(487843,134707,(3,9223372036854775807))
Edge(488066,267007,(3,9223372036854775807))
Edge(488152,70166,(3,9223372036854775807))
Edge(488281,211935,(3,9223372036854775807))
Edge(488821,383016,(3,9223372036854775807))
Edge(489066,386342,(1,9223372036854775807))
Edge(489917,61794,(1,9223372036854775807))
Edge(490197,19258,(3,9223372036854775807))
Edge(490527,185419,(3,9223372036854775807))
Edge(490528,175001,(1,9223372036854775807))
Edge(490859,237660,(3,9223372036854775807))
Edge(491111,26172,(3,9223372036854775807))
Edge(491130,110733,(3,9223372036854775807))
Edge(491967,19161,(1,3))
Edge(492096,326802,(3,9223372036854775807))
Edge(492218,409703,(3,9223372036854775807))
Edge(492324,376626,(3,9223372036854775807))
Edge(492584,450281,(3,9223372036854775807))
Edge(492764,321765,(3,9223372036854775807))
Edge(493651,71175,(1,9223372036854775807))
Edge(493913,225676,(3,9223372036854775807))
Edge(493927,87478,(3,9223372036854775807))
Edge(493955,300123,(3,9223372036854775807))
Edge(494232,226822,(1,9223372036854775807))
Edge(494313,346736,(3,9223372036854775807))
Edge(494633,4385,(3,9223372036854775807))
Edge(494863,11140,(3,9223372036854775807))
Edge(495838,321787,(3,9223372036854775807))
Edge(496520,139838,(3,9223372036854775807))
Edge(496927,147231,(3,9223372036854775807))
Edge(497012,369324,(3,9223372036854775807))
Edge(497015,228860,(3,9223372036854775807))
Edge(497158,87062,(3,9223372036854775807))
Edge(497600,215655,(1,3))
Edge(497802,318504,(3,9223372036854775807))
Edge(498218,326408,(3,9223372036854775807))
Edge(498331,137445,(3,9223372036854775807))
Edge(498403,388847,(3,9223372036854775807))
Edge(498486,175773,(1,9223372036854775807))
Edge(498536,257756,(3,9223372036854775807))
Edge(498667,424718,(1,9223372036854775807))
Edge(498804,32013,(3,9223372036854775807))
Edge(498962,28257,(3,9223372036854775807))
Edge(498990,31940,(3,9223372036854775807))
Edge(499008,39954,(3,9223372036854775807))
Edge(499008,455687,(3,9223372036854775807))
Edge(499169,71129,(3,9223372036854775807))
Edge(499333,321528,(3,9223372036854775807))
Edge(499376,327675,(3,9223372036854775807))
Edge(499424,101878,(3,9223372036854775807))
Edge(499726,231460,(3,9223372036854775807))
