Edge(311,263691,(3,9223372036854775807))
Edge(540,386271,(3,9223372036854775807))
Edge(650,83004,(3,9223372036854775807))
Edge(817,335321,(3,9223372036854775807))
Edge(827,205282,(1,3))
Edge(875,312384,(3,9223372036854775807))
Edge(1451,412268,(3,9223372036854775807))
Edge(1493,408195,(1,9223372036854775807))
Edge(1736,447916,(3,9223372036854775807))
Edge(2292,410275,(3,9223372036854775807))
Edge(2324,336223,(1,9223372036854775807))
Edge(2499,337272,(3,9223372036854775807))
Edge(2745,244883,(3,9223372036854775807))
Edge(3230,303852,(3,9223372036854775807))
Edge(3553,97336,(3,9223372036854775807))
Edge(4098,23680,(3,9223372036854775807))
Edge(4282,138711,(3,9223372036854775807))
Edge(4378,233145,(3,9223372036854775807))
Edge(4672,69459,(3,9223372036854775807))
Edge(4751,459988,(3,9223372036854775807))
Edge(4810,29881,(3,9223372036854775807))
Edge(4833,215433,(1,9223372036854775807))
Edge(4982,354546,(3,9223372036854775807))
Edge(5203,199142,(3,9223372036854775807))
Edge(5606,332461,(1,9223372036854775807))
Edge(6035,361582,(3,9223372036854775807))
Edge(6656,151311,(1,9223372036854775807))
Edge(7336,455878,(1,9223372036854775807))
Edge(7726,400256,(1,3))
Edge(7846,134366,(3,9223372036854775807))
Edge(8174,62685,(3,9223372036854775807))
Edge(8198,328618,(3,9223372036854775807))
Edge(8243,148612,(3,9223372036854775807))
Edge(8321,379333,(3,9223372036854775807))
Edge(8481,379656,(1,9223372036854775807))
Edge(8541,200105,(3,9223372036854775807))
Edge(8651,308305,(3,9223372036854775807))
Edge(8654,272075,(3,9223372036854775807))
Edge(8658,478597,(3,9223372036854775807))
Edge(9740,82110,(3,9223372036854775807))
Edge(10365,221025,(3,9223372036854775807))
Edge(10442,430442,(3,9223372036854775807))
Edge(10580,403469,(1,3))
Edge(10775,462868,(1,3))
Edge(11190,488043,(3,9223372036854775807))
Edge(11531,392629,(3,9223372036854775807))
Edge(11909,13095,(3,9223372036854775807))
Edge(12854,16248,(1,3))
Edge(13618,121721,(3,9223372036854775807))
Edge(14571,471268,(3,9223372036854775807))
Edge(14881,20276,(1,9223372036854775807))
Edge(15106,458412,(4,9223372036854775807))
Edge(15129,125192,(3,9223372036854775807))
Edge(15367,336794,(3,9223372036854775807))
Edge(15474,59055,(3,9223372036854775807))
Edge(15787,123021,(1,9223372036854775807))
Edge(16077,68192,(1,9223372036854775807))
Edge(16165,478664,(3,9223372036854775807))
Edge(16613,286897,(1,3))
Edge(17057,214165,(1,9223372036854775807))
Edge(17322,73317,(3,9223372036854775807))
Edge(17527,68937,(3,9223372036854775807))
Edge(17831,237266,(3,9223372036854775807))
Edge(17873,215314,(1,9223372036854775807))
Edge(17980,103256,(4,9223372036854775807))
Edge(18269,120650,(4,9223372036854775807))
Edge(18498,13642,(3,9223372036854775807))
Edge(18512,251286,(3,9223372036854775807))
Edge(18737,418067,(3,9223372036854775807))
Edge(18885,188567,(1,3))
Edge(18996,100050,(3,9223372036854775807))
Edge(19835,432549,(3,9223372036854775807))
Edge(19969,171784,(3,9223372036854775807))
Edge(20091,454815,(3,9223372036854775807))
Edge(20202,447540,(1,9223372036854775807))
Edge(20781,425871,(3,9223372036854775807))
Edge(21142,38056,(3,9223372036854775807))
Edge(21399,468173,(1,9223372036854775807))
Edge(21552,137634,(3,9223372036854775807))
Edge(21859,117053,(3,9223372036854775807))
Edge(21896,259124,(3,9223372036854775807))
Edge(22206,265371,(3,9223372036854775807))
Edge(22782,981,(1,9223372036854775807))
Edge(23198,84918,(3,9223372036854775807))
Edge(24623,87308,(1,9223372036854775807))
Edge(24683,456933,(3,9223372036854775807))
Edge(24793,326055,(3,9223372036854775807))
Edge(24845,221821,(1,9223372036854775807))
Edge(25003,69545,(1,3))
Edge(25142,237331,(3,9223372036854775807))
Edge(26446,42482,(3,9223372036854775807))
Edge(26486,474618,(3,9223372036854775807))
Edge(26728,252171,(1,9223372036854775807))
Edge(27699,295319,(3,9223372036854775807))
Edge(27950,364848,(3,9223372036854775807))
Edge(27996,389978,(1,3))
Edge(28257,142719,(3,9223372036854775807))
Edge(28294,292446,(3,9223372036854775807))
Edge(28719,376939,(3,9223372036854775807))
Edge(29241,331590,(3,9223372036854775807))
Edge(29722,490699,(3,9223372036854775807))
Edge(29958,41983,(3,9223372036854775807))
Edge(30188,408575,(3,9223372036854775807))
Edge(30356,164126,(3,9223372036854775807))
Edge(30391,12031,(1,9223372036854775807))
Edge(30469,174272,(3,9223372036854775807))
Edge(30710,268306,(1,9223372036854775807))
Edge(32108,191495,(3,9223372036854775807))
Edge(32512,424871,(1,3))
Edge(32578,354727,(3,9223372036854775807))
Edge(32646,487687,(3,9223372036854775807))
Edge(33084,218414,(3,9223372036854775807))
Edge(33504,176784,(3,9223372036854775807))
Edge(34201,78471,(1,9223372036854775807))
Edge(34326,171457,(3,9223372036854775807))
Edge(34690,225481,(3,9223372036854775807))
Edge(34800,228228,(3,9223372036854775807))
Edge(35084,194667,(1,9223372036854775807))
Edge(35185,87432,(3,9223372036854775807))
Edge(35473,90667,(1,9223372036854775807))
Edge(35763,180158,(3,9223372036854775807))
Edge(35980,264162,(3,9223372036854775807))
Edge(35991,326797,(3,9223372036854775807))
Edge(36679,195608,(3,9223372036854775807))
Edge(36875,40326,(3,9223372036854775807))
Edge(37594,384008,(1,9223372036854775807))
Edge(37873,294421,(3,9223372036854775807))
Edge(38006,293315,(3,9223372036854775807))
Edge(38982,91645,(3,9223372036854775807))
Edge(39313,124346,(3,9223372036854775807))
Edge(39568,322612,(3,9223372036854775807))
Edge(39718,149083,(3,9223372036854775807))
Edge(39757,79929,(3,9223372036854775807))
Edge(39778,114119,(3,9223372036854775807))
Edge(40145,345439,(3,9223372036854775807))
Edge(40196,6308,(3,9223372036854775807))
Edge(40508,79839,(3,9223372036854775807))
Edge(40765,404294,(3,9223372036854775807))
Edge(40878,239387,(1,3))
Edge(40945,91090,(3,9223372036854775807))
Edge(40991,340808,(3,9223372036854775807))
Edge(41061,152100,(3,9223372036854775807))
Edge(41351,407537,(3,9223372036854775807))
Edge(41450,263244,(3,9223372036854775807))
Edge(41695,153448,(3,9223372036854775807))
Edge(41821,293696,(3,9223372036854775807))
Edge(42331,390353,(3,9223372036854775807))
Edge(43267,367763,(3,9223372036854775807))
Edge(43798,138328,(3,9223372036854775807))
Edge(44459,493027,(3,9223372036854775807))
Edge(44616,163241,(3,9223372036854775807))
Edge(44886,32902,(3,9223372036854775807))
Edge(44990,281208,(3,9223372036854775807))
Edge(45262,372669,(1,9223372036854775807))
Edge(45360,320350,(3,9223372036854775807))
Edge(45820,193506,(3,9223372036854775807))
Edge(45893,63919,(3,9223372036854775807))
Edge(46150,44072,(3,9223372036854775807))
Edge(46207,93075,(3,9223372036854775807))
Edge(46525,83851,(3,9223372036854775807))
Edge(46578,282196,(1,9223372036854775807))
Edge(46588,384312,(3,9223372036854775807))
Edge(47034,449380,(3,9223372036854775807))
Edge(47112,22843,(3,9223372036854775807))
Edge(47306,173274,(1,9223372036854775807))
Edge(47447,286595,(1,9223372036854775807))
Edge(47533,433093,(3,9223372036854775807))
Edge(47690,20811,(1,9223372036854775807))
Edge(47821,385193,(1,9223372036854775807))
Edge(48197,166819,(3,9223372036854775807))
Edge(48572,435143,(1,9223372036854775807))
Edge(48765,48116,(3,9223372036854775807))
Edge(49047,11152,(3,9223372036854775807))
Edge(49078,320509,(3,9223372036854775807))
Edge(49784,356591,(3,9223372036854775807))
Edge(50025,255456,(3,9223372036854775807))
Edge(50189,250223,(3,9223372036854775807))
Edge(50353,357506,(3,9223372036854775807))
Edge(50484,181955,(3,9223372036854775807))
Edge(50600,62582,(3,9223372036854775807))
Edge(50865,391891,(3,9223372036854775807))
Edge(51900,243351,(3,9223372036854775807))
Edge(52287,429116,(3,9223372036854775807))
Edge(52479,39241,(3,9223372036854775807))
Edge(52593,274375,(3,9223372036854775807))
Edge(53011,419626,(3,9223372036854775807))
Edge(53572,93288,(3,9223372036854775807))
Edge(53616,47393,(3,9223372036854775807))
Edge(54325,276499,(3,9223372036854775807))
Edge(54540,116263,(3,9223372036854775807))
Edge(54655,282944,(3,9223372036854775807))
Edge(54678,308363,(3,9223372036854775807))
Edge(54783,263220,(1,9223372036854775807))
Edge(54965,220874,(3,9223372036854775807))
Edge(55142,369529,(3,9223372036854775807))
Edge(56143,73770,(3,9223372036854775807))
Edge(56144,109761,(3,9223372036854775807))
Edge(56208,490666,(3,4))
Edge(56382,468548,(3,9223372036854775807))
Edge(56437,479195,(3,9223372036854775807))
Edge(56560,313443,(3,9223372036854775807))
Edge(56631,164124,(3,9223372036854775807))
Edge(56843,46490,(1,9223372036854775807))
Edge(57355,82494,(1,9223372036854775807))
Edge(57472,102830,(3,9223372036854775807))
Edge(57549,55795,(1,9223372036854775807))
Edge(57782,27204,(1,9223372036854775807))
Edge(58413,220755,(3,9223372036854775807))
Edge(59376,172564,(3,9223372036854775807))
Edge(60126,210217,(3,9223372036854775807))
Edge(60226,323689,(3,9223372036854775807))
Edge(60515,410922,(3,9223372036854775807))
Edge(60516,347958,(3,9223372036854775807))
Edge(60529,308687,(1,9223372036854775807))
Edge(61152,39219,(3,9223372036854775807))
Edge(61600,181659,(3,9223372036854775807))
Edge(62162,37835,(1,9223372036854775807))
Edge(63223,337298,(3,9223372036854775807))
Edge(63762,191779,(1,9223372036854775807))
Edge(64215,298636,(3,9223372036854775807))
Edge(64293,337831,(3,9223372036854775807))
Edge(64438,402373,(3,9223372036854775807))
Edge(64669,314662,(3,9223372036854775807))
Edge(64978,335139,(3,9223372036854775807))
Edge(65062,376172,(3,9223372036854775807))
Edge(65099,302178,(3,9223372036854775807))
Edge(65265,72834,(1,9223372036854775807))
Edge(65722,80557,(1,3))
Edge(66254,164645,(3,9223372036854775807))
Edge(66429,314846,(3,9223372036854775807))
Edge(66566,382409,(1,9223372036854775807))
Edge(67045,142393,(3,9223372036854775807))
Edge(67607,192217,(3,9223372036854775807))
Edge(67825,348583,(3,9223372036854775807))
Edge(68086,204449,(3,9223372036854775807))
Edge(68761,295049,(3,9223372036854775807))
Edge(68832,17697,(1,3))
Edge(69022,248207,(3,9223372036854775807))
Edge(69029,334803,(1,9223372036854775807))
Edge(69626,68801,(3,9223372036854775807))
Edge(69686,421563,(3,9223372036854775807))
Edge(70046,75518,(3,9223372036854775807))
Edge(70050,19843,(3,9223372036854775807))
Edge(70210,467090,(3,9223372036854775807))
Edge(70307,148659,(3,9223372036854775807))
Edge(70446,454820,(3,9223372036854775807))
Edge(70756,200047,(3,9223372036854775807))
Edge(71253,371310,(3,9223372036854775807))
Edge(71780,464330,(3,9223372036854775807))
Edge(71912,358697,(1,3))
Edge(71960,276088,(3,9223372036854775807))
Edge(72035,248196,(1,3))
Edge(72282,404896,(3,9223372036854775807))
Edge(72605,124388,(3,9223372036854775807))
Edge(72650,382930,(3,9223372036854775807))
Edge(72950,445743,(3,9223372036854775807))
Edge(72972,349605,(1,3))
Edge(73319,296856,(3,9223372036854775807))
Edge(73348,160089,(3,9223372036854775807))
Edge(73477,356619,(3,9223372036854775807))
Edge(73886,407704,(1,9223372036854775807))
Edge(73895,227926,(3,9223372036854775807))
Edge(73905,113462,(3,9223372036854775807))
Edge(73909,438282,(3,9223372036854775807))
Edge(74025,343252,(1,9223372036854775807))
Edge(74103,314934,(3,9223372036854775807))
Edge(74333,417197,(3,9223372036854775807))
Edge(74419,352405,(3,9223372036854775807))
Edge(74437,111554,(3,9223372036854775807))
Edge(75179,35250,(1,3))
Edge(75486,291867,(1,3))
Edge(75535,178745,(3,9223372036854775807))
Edge(75556,456460,(1,3))
Edge(75695,390257,(1,9223372036854775807))
Edge(75907,202906,(3,9223372036854775807))
Edge(75971,4489,(3,9223372036854775807))
Edge(75980,462419,(3,9223372036854775807))
Edge(76420,311270,(1,9223372036854775807))
Edge(76570,19270,(3,9223372036854775807))
Edge(76699,112438,(1,9223372036854775807))
Edge(77041,395443,(1,9223372036854775807))
Edge(77223,364554,(3,9223372036854775807))
Edge(77226,385149,(3,9223372036854775807))
Edge(77479,60030,(3,9223372036854775807))
Edge(77546,214176,(1,9223372036854775807))
Edge(77873,365717,(3,9223372036854775807))
Edge(77884,384120,(1,3))
Edge(78234,487623,(3,9223372036854775807))
Edge(78426,258797,(3,9223372036854775807))
Edge(79208,495613,(3,9223372036854775807))
Edge(79389,173423,(3,9223372036854775807))
Edge(79781,35185,(3,9223372036854775807))
Edge(80288,495185,(3,9223372036854775807))
Edge(80483,117405,(3,9223372036854775807))
Edge(80527,71276,(3,9223372036854775807))
Edge(80701,76756,(3,9223372036854775807))
Edge(80828,322830,(1,9223372036854775807))
Edge(80845,166751,(3,9223372036854775807))
Edge(82010,454090,(3,9223372036854775807))
Edge(82193,456136,(1,3))
Edge(82418,461844,(3,9223372036854775807))
Edge(83033,374540,(3,9223372036854775807))
Edge(83673,336849,(3,9223372036854775807))
Edge(83925,312427,(3,9223372036854775807))
Edge(84000,495078,(3,9223372036854775807))
Edge(84231,420310,(3,9223372036854775807))
Edge(84289,380453,(3,9223372036854775807))
Edge(85068,201909,(1,9223372036854775807))
Edge(85290,73876,(3,9223372036854775807))
Edge(85290,484991,(3,9223372036854775807))
Edge(85877,324849,(3,9223372036854775807))
Edge(86221,314501,(3,9223372036854775807))
Edge(86470,183656,(3,9223372036854775807))
Edge(86865,134945,(1,3))
Edge(87682,350786,(3,9223372036854775807))
Edge(87913,173774,(1,9223372036854775807))
Edge(87945,44550,(3,9223372036854775807))
Edge(87981,97154,(3,9223372036854775807))
Edge(88004,485090,(3,9223372036854775807))
Edge(88215,418223,(3,9223372036854775807))
Edge(88226,434467,(3,9223372036854775807))
Edge(88365,251979,(3,9223372036854775807))
Edge(88471,23062,(3,9223372036854775807))
Edge(88839,483272,(3,9223372036854775807))
Edge(89080,353624,(3,9223372036854775807))
Edge(89307,353378,(3,9223372036854775807))
Edge(89373,244863,(3,9223372036854775807))
Edge(89514,25200,(3,9223372036854775807))
Edge(89588,385052,(3,9223372036854775807))
Edge(90632,103346,(3,9223372036854775807))
Edge(90681,290987,(3,9223372036854775807))
Edge(91012,146462,(3,9223372036854775807))
Edge(91244,420422,(3,9223372036854775807))
Edge(91308,157513,(3,9223372036854775807))
Edge(91645,447266,(3,9223372036854775807))
Edge(91722,140815,(3,9223372036854775807))
Edge(92034,153319,(3,9223372036854775807))
Edge(92104,209466,(3,9223372036854775807))
Edge(92226,376517,(3,9223372036854775807))
Edge(92515,254366,(3,9223372036854775807))
Edge(92700,119468,(3,9223372036854775807))
Edge(92794,79050,(1,9223372036854775807))
Edge(92981,429030,(3,9223372036854775807))
Edge(93296,411286,(3,9223372036854775807))
Edge(94215,175239,(3,9223372036854775807))
Edge(94321,320974,(3,9223372036854775807))
Edge(94502,163297,(1,9223372036854775807))
Edge(94553,10452,(3,9223372036854775807))
Edge(95014,410467,(1,9223372036854775807))
Edge(95181,235694,(1,9223372036854775807))
Edge(95603,234369,(3,9223372036854775807))
Edge(95658,330378,(1,3))
Edge(96132,391881,(3,9223372036854775807))
Edge(96363,127856,(3,9223372036854775807))
Edge(96585,412788,(1,3))
Edge(96696,172523,(3,9223372036854775807))
Edge(96788,413648,(3,9223372036854775807))
Edge(97575,252880,(1,3))
Edge(97798,236328,(3,9223372036854775807))
Edge(98062,464723,(3,9223372036854775807))
Edge(98162,142896,(1,9223372036854775807))
Edge(98719,134449,(3,9223372036854775807))
Edge(98948,127553,(3,9223372036854775807))
Edge(98958,329183,(1,9223372036854775807))
Edge(99493,49372,(3,9223372036854775807))
Edge(99518,296634,(3,9223372036854775807))
Edge(99897,71817,(3,9223372036854775807))
Edge(100182,293624,(3,9223372036854775807))
Edge(100649,146734,(3,9223372036854775807))
Edge(101360,280008,(3,9223372036854775807))
Edge(101607,584,(3,9223372036854775807))
Edge(101738,217811,(3,9223372036854775807))
Edge(102435,224946,(3,9223372036854775807))
Edge(102701,441330,(3,9223372036854775807))
Edge(102719,296728,(3,9223372036854775807))
Edge(103618,98898,(3,9223372036854775807))
Edge(104516,424735,(3,9223372036854775807))
Edge(104959,411916,(1,9223372036854775807))
Edge(105182,346590,(3,9223372036854775807))
Edge(106453,119799,(3,9223372036854775807))
Edge(106546,188896,(3,9223372036854775807))
Edge(107042,239707,(3,9223372036854775807))
Edge(107108,471045,(1,3))
Edge(108009,364007,(3,9223372036854775807))
Edge(108504,35862,(1,9223372036854775807))
Edge(108554,94805,(1,3))
Edge(108831,209669,(3,9223372036854775807))
Edge(108991,238668,(3,9223372036854775807))
Edge(109344,123965,(3,9223372036854775807))
Edge(109579,97140,(3,9223372036854775807))
Edge(109931,442043,(3,9223372036854775807))
Edge(110189,332387,(3,9223372036854775807))
Edge(110405,109786,(3,9223372036854775807))
Edge(110718,268067,(3,9223372036854775807))
Edge(111013,145990,(1,3))
Edge(111094,30277,(1,9223372036854775807))
Edge(111180,47457,(3,9223372036854775807))
Edge(111271,27656,(3,9223372036854775807))
Edge(111582,224920,(3,9223372036854775807))
Edge(111819,65843,(1,9223372036854775807))
Edge(112095,498803,(3,9223372036854775807))
Edge(112110,20100,(3,9223372036854775807))
Edge(112130,447518,(3,9223372036854775807))
Edge(112356,441061,(3,9223372036854775807))
Edge(112552,181176,(3,9223372036854775807))
Edge(112636,388238,(3,9223372036854775807))
Edge(112659,91603,(3,9223372036854775807))
Edge(113021,297997,(3,9223372036854775807))
Edge(113556,325338,(3,9223372036854775807))
Edge(113609,208722,(3,9223372036854775807))
Edge(114060,168870,(1,9223372036854775807))
Edge(114084,443557,(3,9223372036854775807))
Edge(114191,283983,(1,9223372036854775807))
Edge(114552,153949,(3,9223372036854775807))
Edge(115084,428083,(1,3))
Edge(115679,356570,(1,9223372036854775807))
Edge(115825,490870,(3,9223372036854775807))
Edge(115931,278827,(3,9223372036854775807))
Edge(116000,400665,(1,9223372036854775807))
Edge(116454,462249,(3,9223372036854775807))
Edge(116467,393933,(3,9223372036854775807))
Edge(116521,328052,(1,9223372036854775807))
Edge(117143,350251,(3,9223372036854775807))
Edge(117224,111144,(1,9223372036854775807))
Edge(117787,390677,(3,9223372036854775807))
Edge(118109,374945,(3,9223372036854775807))
Edge(118248,170165,(3,9223372036854775807))
Edge(118853,381845,(3,9223372036854775807))
Edge(118890,49944,(3,9223372036854775807))
Edge(118997,255306,(3,9223372036854775807))
Edge(119165,307389,(3,9223372036854775807))
Edge(119557,428540,(3,9223372036854775807))
Edge(119731,285631,(3,9223372036854775807))
Edge(119757,187728,(1,9223372036854775807))
Edge(119894,315274,(3,9223372036854775807))
Edge(120611,314294,(1,3))
Edge(120675,499344,(3,9223372036854775807))
Edge(120828,385133,(1,9223372036854775807))
Edge(121203,2784,(3,9223372036854775807))
Edge(122555,392807,(1,3))
Edge(122824,455856,(1,3))
Edge(122897,285926,(3,9223372036854775807))
Edge(123184,354306,(3,9223372036854775807))
Edge(123464,471795,(3,9223372036854775807))
Edge(123672,437070,(3,9223372036854775807))
Edge(124048,103940,(3,9223372036854775807))
Edge(124210,412633,(3,9223372036854775807))
Edge(124296,87005,(3,9223372036854775807))
Edge(125040,399386,(3,9223372036854775807))
Edge(125087,124373,(3,9223372036854775807))
Edge(125226,421750,(3,9223372036854775807))
Edge(125340,107072,(3,9223372036854775807))
Edge(125411,216579,(3,9223372036854775807))
Edge(125643,328999,(3,9223372036854775807))
Edge(126054,217471,(1,9223372036854775807))
Edge(126144,404140,(1,9223372036854775807))
Edge(126165,168001,(3,9223372036854775807))
Edge(126385,240279,(3,9223372036854775807))
Edge(126806,194750,(1,9223372036854775807))
Edge(127246,80767,(3,9223372036854775807))
Edge(127783,433371,(3,9223372036854775807))
Edge(127919,237176,(3,9223372036854775807))
Edge(127996,59484,(3,9223372036854775807))
Edge(128080,8773,(3,9223372036854775807))
Edge(129778,438316,(3,9223372036854775807))
Edge(129795,50363,(3,9223372036854775807))
Edge(130239,475641,(1,9223372036854775807))
Edge(130393,342039,(1,9223372036854775807))
Edge(130467,130073,(1,3))
Edge(130471,99294,(1,9223372036854775807))
Edge(130732,385408,(3,9223372036854775807))
Edge(131348,175711,(3,9223372036854775807))
Edge(131511,381753,(3,9223372036854775807))
Edge(131644,445932,(3,9223372036854775807))
Edge(132057,18310,(3,9223372036854775807))
Edge(132115,277003,(3,9223372036854775807))
Edge(132120,129311,(3,9223372036854775807))
Edge(132682,397650,(3,9223372036854775807))
Edge(132691,275453,(3,9223372036854775807))
Edge(133451,391330,(3,9223372036854775807))
Edge(133933,96038,(3,9223372036854775807))
Edge(134055,390903,(3,9223372036854775807))
Edge(134230,492971,(3,9223372036854775807))
Edge(134289,229134,(3,9223372036854775807))
Edge(134294,289298,(3,9223372036854775807))
Edge(134706,203304,(1,9223372036854775807))
Edge(135896,340585,(3,9223372036854775807))
Edge(135921,47752,(3,9223372036854775807))
Edge(136153,396467,(3,9223372036854775807))
Edge(136210,189645,(3,9223372036854775807))
Edge(136675,220783,(3,9223372036854775807))
Edge(136678,50655,(1,9223372036854775807))
Edge(136798,427890,(3,9223372036854775807))
Edge(136875,146329,(3,9223372036854775807))
Edge(136902,154146,(2,3))
Edge(137001,76094,(3,9223372036854775807))
Edge(138177,192302,(3,9223372036854775807))
Edge(138440,292533,(1,3))
Edge(139068,341508,(3,9223372036854775807))
Edge(139426,345677,(3,9223372036854775807))
Edge(139675,230369,(3,9223372036854775807))
Edge(139677,72490,(1,9223372036854775807))
Edge(140166,22655,(3,9223372036854775807))
Edge(140230,37823,(3,9223372036854775807))
Edge(140355,149416,(3,9223372036854775807))
Edge(140528,428293,(3,9223372036854775807))
Edge(140895,334272,(3,9223372036854775807))
Edge(141122,436739,(3,9223372036854775807))
Edge(142730,357208,(3,9223372036854775807))
Edge(143190,211275,(3,9223372036854775807))
Edge(143305,488005,(3,9223372036854775807))
Edge(143331,434147,(3,9223372036854775807))
Edge(143666,293037,(3,9223372036854775807))
Edge(143862,274872,(3,9223372036854775807))
Edge(144062,156243,(3,9223372036854775807))
Edge(144210,348786,(3,9223372036854775807))
Edge(144359,367812,(3,9223372036854775807))
Edge(144911,118157,(3,9223372036854775807))
Edge(145031,201924,(3,9223372036854775807))
Edge(145314,165487,(3,9223372036854775807))
Edge(145474,236514,(3,9223372036854775807))
Edge(145709,404315,(3,9223372036854775807))
Edge(145840,42654,(3,9223372036854775807))
Edge(146241,94500,(3,9223372036854775807))
Edge(146605,475185,(3,9223372036854775807))
Edge(147424,300727,(3,9223372036854775807))
Edge(148000,33134,(3,9223372036854775807))
Edge(148342,455716,(3,9223372036854775807))
Edge(148548,16803,(1,3))
Edge(148757,105346,(3,9223372036854775807))
Edge(149209,294323,(3,9223372036854775807))
Edge(149435,419595,(3,9223372036854775807))
Edge(149475,443077,(3,9223372036854775807))
Edge(149623,27914,(1,9223372036854775807))
Edge(149956,122257,(3,9223372036854775807))
Edge(149996,65318,(3,9223372036854775807))
Edge(150121,110033,(3,9223372036854775807))
Edge(150393,40390,(3,9223372036854775807))
Edge(150457,198556,(3,9223372036854775807))
Edge(150483,403202,(1,9223372036854775807))
Edge(151796,78882,(1,9223372036854775807))
Edge(152327,46082,(3,9223372036854775807))
Edge(152578,267155,(3,9223372036854775807))
Edge(152792,199773,(4,9223372036854775807))
Edge(153268,259490,(1,9223372036854775807))
Edge(153406,349363,(3,9223372036854775807))
Edge(153492,230819,(3,9223372036854775807))
Edge(153778,15772,(3,9223372036854775807))
Edge(154359,216025,(3,9223372036854775807))
Edge(154683,195426,(3,9223372036854775807))
Edge(155031,490637,(3,9223372036854775807))
Edge(155238,112002,(3,9223372036854775807))
Edge(155884,80841,(3,9223372036854775807))
Edge(156409,478658,(3,9223372036854775807))
Edge(156933,48432,(3,9223372036854775807))
Edge(157028,27660,(3,9223372036854775807))
Edge(157766,221863,(3,9223372036854775807))
Edge(158459,372407,(3,9223372036854775807))
Edge(158600,493435,(3,9223372036854775807))
Edge(158774,322878,(3,9223372036854775807))
Edge(158800,420646,(3,9223372036854775807))
Edge(159365,348056,(3,9223372036854775807))
Edge(160601,226486,(1,3))
Edge(160683,238069,(3,9223372036854775807))
Edge(160984,244719,(1,9223372036854775807))
Edge(161036,185095,(3,9223372036854775807))
Edge(161051,287302,(3,9223372036854775807))
Edge(161285,262070,(1,9223372036854775807))
Edge(161505,395411,(3,9223372036854775807))
Edge(161554,115890,(3,9223372036854775807))
Edge(161893,408397,(3,9223372036854775807))
Edge(162198,332873,(3,9223372036854775807))
Edge(162267,166524,(1,9223372036854775807))
Edge(162406,125377,(3,9223372036854775807))
Edge(163054,87786,(3,9223372036854775807))
Edge(163259,100845,(3,9223372036854775807))
Edge(163729,252000,(3,9223372036854775807))
Edge(164443,223505,(3,9223372036854775807))
Edge(164482,339643,(3,9223372036854775807))
Edge(165085,306960,(3,9223372036854775807))
Edge(165287,96437,(3,9223372036854775807))
Edge(165296,186373,(3,9223372036854775807))
Edge(165482,310486,(1,9223372036854775807))
Edge(165606,41102,(3,9223372036854775807))
Edge(166025,94670,(1,9223372036854775807))
Edge(166535,416294,(3,9223372036854775807))
Edge(166688,353789,(3,9223372036854775807))
Edge(166918,460696,(3,9223372036854775807))
Edge(167040,215388,(3,9223372036854775807))
Edge(167270,353980,(1,9223372036854775807))
Edge(167270,445186,(3,9223372036854775807))
Edge(167287,389824,(3,9223372036854775807))
Edge(167439,36103,(3,9223372036854775807))
Edge(167999,380319,(3,9223372036854775807))
Edge(168081,69503,(3,9223372036854775807))
Edge(168113,496663,(3,9223372036854775807))
Edge(168258,428291,(3,9223372036854775807))
Edge(168332,330834,(3,9223372036854775807))
Edge(168524,416955,(1,9223372036854775807))
Edge(168656,301173,(3,9223372036854775807))
Edge(168733,146478,(3,9223372036854775807))
Edge(168797,339085,(3,9223372036854775807))
Edge(168809,325449,(3,9223372036854775807))
Edge(169152,171522,(3,9223372036854775807))
Edge(169289,487250,(3,9223372036854775807))
Edge(169433,108916,(3,9223372036854775807))
Edge(169532,212732,(3,9223372036854775807))
Edge(169622,112017,(3,9223372036854775807))
Edge(169801,485403,(1,3))
Edge(169986,51339,(3,9223372036854775807))
Edge(170026,485212,(3,9223372036854775807))
Edge(170275,102997,(3,9223372036854775807))
Edge(170360,17726,(3,9223372036854775807))
Edge(170553,28393,(3,9223372036854775807))
Edge(170623,160025,(3,9223372036854775807))
Edge(170990,482868,(3,9223372036854775807))
Edge(171177,337045,(3,9223372036854775807))
Edge(171353,219802,(3,9223372036854775807))
Edge(171545,482817,(3,9223372036854775807))
Edge(171970,234180,(3,9223372036854775807))
Edge(173308,233897,(3,9223372036854775807))
Edge(173418,154810,(3,9223372036854775807))
Edge(173599,414132,(3,9223372036854775807))
Edge(174006,477155,(3,9223372036854775807))
Edge(174075,203177,(3,9223372036854775807))
Edge(174155,317394,(3,9223372036854775807))
Edge(174600,66514,(3,9223372036854775807))
Edge(174646,69306,(3,9223372036854775807))
Edge(174989,115542,(3,9223372036854775807))
Edge(175187,448909,(3,9223372036854775807))
Edge(175313,370328,(3,9223372036854775807))
Edge(175325,462974,(3,9223372036854775807))
Edge(175527,202377,(1,9223372036854775807))
Edge(175981,73656,(3,9223372036854775807))
Edge(176068,222832,(1,9223372036854775807))
Edge(176236,184671,(3,9223372036854775807))
Edge(177127,4405,(3,9223372036854775807))
Edge(177477,31172,(3,9223372036854775807))
Edge(177492,486438,(3,9223372036854775807))
Edge(177546,124290,(3,9223372036854775807))
Edge(177830,141914,(3,9223372036854775807))
Edge(178155,33199,(3,9223372036854775807))
Edge(178331,193608,(3,9223372036854775807))
Edge(178625,433416,(3,9223372036854775807))
Edge(178649,495866,(3,9223372036854775807))
Edge(178711,27702,(3,9223372036854775807))
Edge(179084,453950,(1,9223372036854775807))
Edge(179542,47212,(3,9223372036854775807))
Edge(179666,261922,(3,9223372036854775807))
Edge(179966,179287,(3,9223372036854775807))
Edge(180086,360274,(3,9223372036854775807))
Edge(180139,116073,(3,9223372036854775807))
Edge(180638,376456,(1,9223372036854775807))
Edge(181032,355237,(1,9223372036854775807))
Edge(181122,252311,(3,9223372036854775807))
Edge(181189,264380,(3,9223372036854775807))
Edge(181698,89017,(3,9223372036854775807))
Edge(181854,328118,(1,9223372036854775807))
Edge(181930,257031,(3,9223372036854775807))
Edge(182724,489801,(3,9223372036854775807))
Edge(182848,330551,(1,9223372036854775807))
Edge(183786,251065,(3,9223372036854775807))
Edge(183798,59390,(1,9223372036854775807))
Edge(184092,185768,(3,9223372036854775807))
Edge(184775,151147,(1,9223372036854775807))
Edge(185235,397842,(3,9223372036854775807))
Edge(185407,484185,(3,9223372036854775807))
Edge(185802,447434,(1,9223372036854775807))
Edge(186205,219115,(3,9223372036854775807))
Edge(186362,164188,(1,3))
Edge(186821,150006,(3,9223372036854775807))
Edge(187068,68879,(3,9223372036854775807))
Edge(187090,56124,(3,9223372036854775807))
Edge(187198,305217,(3,9223372036854775807))
Edge(187844,375854,(3,9223372036854775807))
Edge(187984,398931,(3,9223372036854775807))
Edge(188380,420473,(3,9223372036854775807))
Edge(188427,201941,(3,9223372036854775807))
Edge(188703,436206,(1,9223372036854775807))
Edge(188938,93869,(3,9223372036854775807))
Edge(189012,313003,(1,3))
Edge(189396,139486,(3,9223372036854775807))
Edge(189580,417569,(3,9223372036854775807))
Edge(189705,281153,(3,9223372036854775807))
Edge(189843,293691,(3,9223372036854775807))
Edge(190305,16824,(3,9223372036854775807))
Edge(190734,225803,(3,9223372036854775807))
Edge(191249,466698,(3,9223372036854775807))
Edge(191622,401509,(3,9223372036854775807))
Edge(191682,266626,(1,9223372036854775807))
Edge(191865,319809,(3,9223372036854775807))
Edge(192199,384662,(3,9223372036854775807))
Edge(193465,160622,(3,9223372036854775807))
Edge(193553,49184,(3,9223372036854775807))
Edge(193600,444649,(3,9223372036854775807))
Edge(194070,456843,(1,9223372036854775807))
Edge(194123,446801,(1,9223372036854775807))
Edge(194270,42510,(3,9223372036854775807))
Edge(194355,170999,(3,9223372036854775807))
Edge(194993,176692,(1,3))
Edge(195384,490711,(3,9223372036854775807))
Edge(195756,427172,(3,9223372036854775807))
Edge(195788,57476,(1,9223372036854775807))
Edge(195860,392909,(1,3))
Edge(196058,330327,(3,9223372036854775807))
Edge(196385,392899,(3,9223372036854775807))
Edge(196518,130503,(1,9223372036854775807))
Edge(196586,258721,(3,9223372036854775807))
Edge(196966,222417,(3,9223372036854775807))
Edge(197242,60653,(3,9223372036854775807))
Edge(197282,288296,(3,9223372036854775807))
Edge(197553,156248,(3,9223372036854775807))
Edge(197728,17360,(1,9223372036854775807))
Edge(198805,497251,(3,9223372036854775807))
Edge(198918,151263,(3,9223372036854775807))
Edge(199928,492502,(3,9223372036854775807))
Edge(199984,353962,(3,9223372036854775807))
Edge(200018,253911,(3,9223372036854775807))
Edge(200022,227503,(1,9223372036854775807))
Edge(200161,168542,(3,9223372036854775807))
Edge(200389,333128,(3,9223372036854775807))
Edge(200540,80757,(3,9223372036854775807))
Edge(201510,410374,(3,9223372036854775807))
Edge(201582,7353,(3,9223372036854775807))
Edge(201712,405808,(3,9223372036854775807))
Edge(202112,102845,(3,9223372036854775807))
Edge(202486,245409,(1,9223372036854775807))
Edge(202908,492736,(3,9223372036854775807))
Edge(203031,427022,(1,9223372036854775807))
Edge(203053,360832,(3,9223372036854775807))
Edge(203119,63992,(3,9223372036854775807))
Edge(203277,241995,(3,9223372036854775807))
Edge(203394,164730,(3,9223372036854775807))
Edge(203401,46172,(3,9223372036854775807))
Edge(203430,308436,(1,9223372036854775807))
Edge(203639,315218,(3,9223372036854775807))
Edge(204157,490497,(3,9223372036854775807))
Edge(204291,497556,(3,9223372036854775807))
Edge(204337,237737,(3,9223372036854775807))
Edge(205341,400845,(3,9223372036854775807))
Edge(205497,480240,(3,9223372036854775807))
Edge(205550,361706,(3,9223372036854775807))
Edge(205861,219144,(1,3))
Edge(206197,191292,(3,9223372036854775807))
Edge(206279,289468,(3,9223372036854775807))
Edge(206322,133302,(3,9223372036854775807))
Edge(206538,315849,(3,9223372036854775807))
Edge(206564,176731,(1,9223372036854775807))
Edge(207165,215852,(3,9223372036854775807))
Edge(207424,285956,(3,9223372036854775807))
Edge(207523,408254,(1,9223372036854775807))
Edge(207633,20648,(3,9223372036854775807))
Edge(208233,478161,(1,3))
Edge(208334,397689,(3,9223372036854775807))
Edge(208453,28496,(3,9223372036854775807))
Edge(208498,242776,(3,9223372036854775807))
Edge(208719,358802,(3,9223372036854775807))
Edge(208878,1197,(3,9223372036854775807))
Edge(209019,438032,(3,9223372036854775807))
Edge(209025,495683,(3,9223372036854775807))
Edge(209106,404013,(3,9223372036854775807))
Edge(209271,410555,(1,9223372036854775807))
Edge(209542,238750,(3,9223372036854775807))
Edge(209610,34234,(3,9223372036854775807))
Edge(210063,393815,(3,9223372036854775807))
Edge(210711,223461,(3,9223372036854775807))
Edge(210860,299502,(1,9223372036854775807))
Edge(211170,162514,(1,9223372036854775807))
Edge(211325,6793,(1,9223372036854775807))
Edge(211649,454485,(3,9223372036854775807))
Edge(212210,193098,(3,9223372036854775807))
Edge(212232,383967,(1,9223372036854775807))
Edge(212852,148176,(3,9223372036854775807))
Edge(212884,96416,(1,9223372036854775807))
Edge(213403,408941,(1,9223372036854775807))
Edge(214080,188999,(3,9223372036854775807))
Edge(214152,414876,(3,9223372036854775807))
Edge(214187,391830,(3,9223372036854775807))
Edge(214322,163367,(3,9223372036854775807))
Edge(214433,412377,(3,9223372036854775807))
Edge(214676,399874,(3,9223372036854775807))
Edge(214721,73749,(3,9223372036854775807))
Edge(214999,89503,(3,9223372036854775807))
Edge(215322,337771,(3,9223372036854775807))
Edge(215338,208048,(1,9223372036854775807))
Edge(215370,170251,(3,9223372036854775807))
Edge(215396,76462,(3,9223372036854775807))
Edge(215593,222932,(3,9223372036854775807))
Edge(215819,172973,(3,9223372036854775807))
Edge(216184,333840,(3,9223372036854775807))
Edge(216206,26364,(3,9223372036854775807))
Edge(216335,277312,(3,9223372036854775807))
Edge(216893,134152,(3,9223372036854775807))
Edge(217040,292375,(1,3))
Edge(217208,142925,(3,9223372036854775807))
Edge(217282,203730,(3,9223372036854775807))
Edge(217326,288019,(3,9223372036854775807))
Edge(217937,91528,(1,3))
Edge(218236,433980,(3,9223372036854775807))
Edge(218362,493706,(3,9223372036854775807))
Edge(218545,71177,(3,9223372036854775807))
Edge(218615,132548,(3,9223372036854775807))
Edge(218698,293758,(1,9223372036854775807))
Edge(219772,448872,(3,9223372036854775807))
Edge(219880,57026,(3,9223372036854775807))
Edge(219992,208144,(3,9223372036854775807))
Edge(220000,342021,(3,9223372036854775807))
Edge(220274,77072,(3,9223372036854775807))
Edge(220863,406400,(3,9223372036854775807))
Edge(220900,337343,(3,9223372036854775807))
Edge(221089,203809,(1,3))
Edge(221622,442119,(3,9223372036854775807))
Edge(221692,93104,(3,9223372036854775807))
Edge(221928,461887,(3,9223372036854775807))
Edge(222329,56822,(3,9223372036854775807))
Edge(222671,414916,(3,9223372036854775807))
Edge(222956,198569,(1,9223372036854775807))
Edge(223206,53615,(1,9223372036854775807))
Edge(223212,120523,(3,9223372036854775807))
Edge(223267,489092,(3,9223372036854775807))
Edge(224316,5586,(3,9223372036854775807))
Edge(224423,314379,(3,9223372036854775807))
Edge(224466,439096,(3,9223372036854775807))
Edge(224543,100764,(3,9223372036854775807))
Edge(224753,86831,(1,9223372036854775807))
Edge(225219,483961,(1,9223372036854775807))
Edge(225566,496249,(3,9223372036854775807))
Edge(226144,443672,(3,9223372036854775807))
Edge(226444,358340,(1,9223372036854775807))
Edge(226470,357570,(3,9223372036854775807))
Edge(226671,453549,(3,4))
Edge(226743,125913,(3,9223372036854775807))
Edge(226831,67829,(3,9223372036854775807))
Edge(226889,493184,(3,9223372036854775807))
Edge(226958,12764,(3,9223372036854775807))
Edge(227193,135278,(3,9223372036854775807))
Edge(227442,453486,(3,9223372036854775807))
Edge(227740,453316,(3,9223372036854775807))
Edge(227741,451252,(1,9223372036854775807))
Edge(227832,263698,(3,9223372036854775807))
Edge(227901,147757,(3,9223372036854775807))
Edge(227973,377555,(3,9223372036854775807))
Edge(228056,299949,(3,9223372036854775807))
Edge(228516,134077,(3,9223372036854775807))
Edge(228751,324463,(3,9223372036854775807))
Edge(228863,84602,(3,9223372036854775807))
Edge(228931,486128,(3,9223372036854775807))
Edge(228985,202245,(3,9223372036854775807))
Edge(229041,27501,(3,9223372036854775807))
Edge(229079,150158,(1,9223372036854775807))
Edge(229130,278304,(3,9223372036854775807))
Edge(229477,171535,(3,9223372036854775807))
Edge(229503,348333,(3,9223372036854775807))
Edge(229690,150648,(3,9223372036854775807))
Edge(229851,414586,(3,9223372036854775807))
Edge(230082,260823,(3,9223372036854775807))
Edge(230398,220005,(3,9223372036854775807))
Edge(230748,167294,(3,9223372036854775807))
Edge(231226,90310,(3,9223372036854775807))
Edge(231348,473216,(3,9223372036854775807))
Edge(231945,110232,(3,9223372036854775807))
Edge(233211,384726,(3,9223372036854775807))
Edge(233411,193041,(1,9223372036854775807))
Edge(233613,204221,(3,9223372036854775807))
Edge(233813,91415,(3,9223372036854775807))
Edge(234664,249012,(3,9223372036854775807))
Edge(234824,331683,(4,9223372036854775807))
Edge(234831,88508,(3,9223372036854775807))
Edge(235140,362168,(3,9223372036854775807))
Edge(235328,498314,(3,9223372036854775807))
Edge(235612,411072,(3,9223372036854775807))
Edge(235879,382354,(3,9223372036854775807))
Edge(235948,474537,(1,9223372036854775807))
Edge(236135,399647,(3,9223372036854775807))
Edge(236783,449068,(1,9223372036854775807))
Edge(237262,117550,(3,9223372036854775807))
Edge(237372,459747,(3,9223372036854775807))
Edge(237413,329690,(3,9223372036854775807))
Edge(237593,103057,(3,9223372036854775807))
Edge(238432,474175,(3,9223372036854775807))
Edge(238626,128941,(3,9223372036854775807))
Edge(238692,460126,(3,9223372036854775807))
Edge(239017,372133,(3,9223372036854775807))
Edge(239072,189357,(3,9223372036854775807))
Edge(239988,282591,(3,9223372036854775807))
Edge(240369,443684,(3,9223372036854775807))
Edge(240963,460882,(1,9223372036854775807))
Edge(240971,294580,(1,9223372036854775807))
Edge(241433,261741,(3,9223372036854775807))
Edge(242404,332108,(3,9223372036854775807))
Edge(242651,162851,(1,3))
Edge(242869,336856,(1,9223372036854775807))
Edge(242980,53644,(3,9223372036854775807))
Edge(243022,31327,(3,9223372036854775807))
Edge(243407,283001,(3,9223372036854775807))
Edge(243646,101641,(3,9223372036854775807))
Edge(244470,131476,(1,9223372036854775807))
Edge(244637,263360,(3,9223372036854775807))
Edge(244749,312902,(3,9223372036854775807))
Edge(244880,124579,(3,9223372036854775807))
Edge(245129,226043,(3,9223372036854775807))
Edge(245185,139402,(3,9223372036854775807))
Edge(245296,314979,(3,9223372036854775807))
Edge(245396,426998,(3,9223372036854775807))
Edge(245873,265930,(3,9223372036854775807))
Edge(246095,30703,(1,9223372036854775807))
Edge(246271,51265,(3,9223372036854775807))
Edge(247196,489311,(3,9223372036854775807))
Edge(247346,43468,(3,9223372036854775807))
Edge(247874,262942,(3,9223372036854775807))
Edge(248237,36553,(3,9223372036854775807))
Edge(248616,74389,(3,9223372036854775807))
Edge(249528,469902,(3,9223372036854775807))
Edge(249539,182877,(3,9223372036854775807))
Edge(249877,227013,(1,3))
Edge(250232,411802,(3,9223372036854775807))
Edge(250931,118922,(3,9223372036854775807))
Edge(251278,280574,(3,9223372036854775807))
Edge(252000,202013,(3,9223372036854775807))
Edge(252002,406191,(3,9223372036854775807))
Edge(252386,192165,(1,9223372036854775807))
Edge(252596,309724,(3,9223372036854775807))
Edge(252974,122253,(3,9223372036854775807))
Edge(253224,479644,(3,9223372036854775807))
Edge(253304,415353,(3,9223372036854775807))
Edge(253415,36951,(3,9223372036854775807))
Edge(253436,127326,(3,9223372036854775807))
Edge(253802,381259,(3,9223372036854775807))
Edge(254381,78556,(3,9223372036854775807))
Edge(254490,21678,(3,9223372036854775807))
Edge(254585,109557,(3,9223372036854775807))
Edge(255201,326064,(3,9223372036854775807))
Edge(255315,469418,(3,9223372036854775807))
Edge(255530,32990,(3,9223372036854775807))
Edge(255628,480176,(3,9223372036854775807))
Edge(255660,297291,(3,9223372036854775807))
Edge(255917,304973,(3,9223372036854775807))
Edge(256026,213298,(3,9223372036854775807))
Edge(256121,378820,(3,9223372036854775807))
Edge(256476,386492,(3,9223372036854775807))
Edge(256751,475842,(1,9223372036854775807))
Edge(256879,326254,(3,9223372036854775807))
Edge(256932,110203,(3,9223372036854775807))
Edge(257213,146499,(3,9223372036854775807))
Edge(257695,435757,(3,9223372036854775807))
Edge(257790,491176,(3,9223372036854775807))
Edge(258119,142653,(1,3))
Edge(258143,303864,(3,9223372036854775807))
Edge(258353,227771,(3,9223372036854775807))
Edge(258617,152419,(3,9223372036854775807))
Edge(258638,127233,(3,9223372036854775807))
Edge(258895,46945,(3,9223372036854775807))
Edge(259052,91481,(1,3))
Edge(259560,37795,(3,9223372036854775807))
Edge(259873,286071,(3,9223372036854775807))
Edge(260266,478524,(3,9223372036854775807))
Edge(260401,351120,(3,9223372036854775807))
Edge(260449,409306,(3,9223372036854775807))
Edge(260487,134245,(3,9223372036854775807))
Edge(260772,451924,(3,9223372036854775807))
Edge(260918,140014,(3,9223372036854775807))
Edge(261103,343172,(3,9223372036854775807))
Edge(261221,45702,(3,9223372036854775807))
Edge(261407,83533,(3,9223372036854775807))
Edge(261525,113413,(3,9223372036854775807))
Edge(261648,458994,(3,9223372036854775807))
Edge(261709,156693,(3,9223372036854775807))
Edge(261749,109384,(3,9223372036854775807))
Edge(262050,244550,(1,9223372036854775807))
Edge(262210,388907,(3,9223372036854775807))
Edge(262365,473917,(1,9223372036854775807))
Edge(262508,249665,(3,9223372036854775807))
Edge(262886,273799,(3,9223372036854775807))
Edge(263539,311572,(3,9223372036854775807))
Edge(264627,175635,(3,9223372036854775807))
Edge(265072,201673,(3,9223372036854775807))
Edge(265320,383760,(3,9223372036854775807))
Edge(265630,61480,(3,9223372036854775807))
Edge(265901,167600,(3,9223372036854775807))
Edge(266008,151435,(3,9223372036854775807))
Edge(266072,207374,(3,9223372036854775807))
Edge(266885,33509,(1,9223372036854775807))
Edge(266902,131247,(3,9223372036854775807))
Edge(266967,235565,(1,9223372036854775807))
Edge(267292,187189,(3,9223372036854775807))
Edge(267420,95862,(3,9223372036854775807))
Edge(267496,60123,(3,9223372036854775807))
Edge(268036,467534,(3,9223372036854775807))
Edge(268359,79247,(3,9223372036854775807))
Edge(268468,58230,(1,9223372036854775807))
Edge(268981,133510,(3,9223372036854775807))
Edge(269006,142979,(3,9223372036854775807))
Edge(269147,124691,(1,9223372036854775807))
Edge(269406,391787,(3,9223372036854775807))
Edge(269536,3782,(3,9223372036854775807))
Edge(270070,1459,(3,9223372036854775807))
Edge(270201,168549,(3,9223372036854775807))
Edge(270373,270661,(3,9223372036854775807))
Edge(270448,203488,(3,9223372036854775807))
Edge(270473,226150,(3,9223372036854775807))
Edge(270780,162363,(3,9223372036854775807))
Edge(270809,21284,(1,9223372036854775807))
Edge(271675,182157,(3,9223372036854775807))
Edge(271706,149135,(3,9223372036854775807))
Edge(271840,312013,(3,9223372036854775807))
Edge(271876,413191,(3,9223372036854775807))
Edge(271963,25795,(3,9223372036854775807))
Edge(272137,369,(3,9223372036854775807))
Edge(272217,263996,(3,9223372036854775807))
Edge(272515,207444,(3,9223372036854775807))
Edge(272803,159936,(3,9223372036854775807))
Edge(273040,193139,(3,9223372036854775807))
Edge(273416,180222,(1,3))
Edge(273843,386992,(3,9223372036854775807))
Edge(273859,408542,(3,9223372036854775807))
Edge(273964,129606,(3,9223372036854775807))
Edge(274298,19017,(3,9223372036854775807))
Edge(274545,182818,(1,3))
Edge(274572,114774,(3,9223372036854775807))
Edge(274626,71003,(3,9223372036854775807))
Edge(274703,301748,(1,3))
Edge(275017,356099,(3,9223372036854775807))
Edge(276643,388420,(1,9223372036854775807))
Edge(277361,443737,(1,9223372036854775807))
Edge(277393,157548,(1,3))
Edge(277705,305327,(3,9223372036854775807))
Edge(278280,139322,(3,9223372036854775807))
Edge(278469,152091,(1,9223372036854775807))
Edge(278758,14513,(3,9223372036854775807))
Edge(278791,255514,(3,9223372036854775807))
Edge(279072,68307,(1,3))
Edge(279123,154504,(3,9223372036854775807))
Edge(279206,451981,(3,9223372036854775807))
Edge(280156,399045,(1,9223372036854775807))
Edge(280396,205281,(3,9223372036854775807))
Edge(280523,304012,(3,9223372036854775807))
Edge(280832,122475,(3,9223372036854775807))
Edge(280857,8219,(1,3))
Edge(281253,449066,(3,9223372036854775807))
Edge(281278,112493,(1,9223372036854775807))
Edge(281314,218820,(3,9223372036854775807))
Edge(281411,292813,(3,9223372036854775807))
Edge(281584,245924,(3,9223372036854775807))
Edge(282407,140005,(3,9223372036854775807))
Edge(282760,326197,(3,9223372036854775807))
Edge(282766,74897,(3,9223372036854775807))
Edge(282840,415149,(3,9223372036854775807))
Edge(283149,449206,(3,9223372036854775807))
Edge(283175,360804,(3,9223372036854775807))
Edge(283401,368029,(3,9223372036854775807))
Edge(283496,472613,(3,9223372036854775807))
Edge(283605,266096,(3,9223372036854775807))
Edge(284148,491503,(3,9223372036854775807))
Edge(284404,363504,(3,9223372036854775807))
Edge(284672,184734,(3,9223372036854775807))
Edge(285198,298292,(1,9223372036854775807))
Edge(285243,297165,(3,9223372036854775807))
Edge(285443,364502,(3,9223372036854775807))
Edge(285649,65371,(3,9223372036854775807))
Edge(286658,431021,(3,9223372036854775807))
Edge(286903,240068,(3,9223372036854775807))
Edge(287046,499178,(3,9223372036854775807))
Edge(287572,21041,(3,9223372036854775807))
Edge(287872,152101,(3,9223372036854775807))
Edge(288329,184427,(3,9223372036854775807))
Edge(288570,212744,(3,9223372036854775807))
Edge(288697,188247,(3,9223372036854775807))
Edge(288731,198013,(3,9223372036854775807))
Edge(289044,59598,(3,9223372036854775807))
Edge(289384,396731,(3,9223372036854775807))
Edge(289747,222546,(3,9223372036854775807))
Edge(290245,227844,(3,9223372036854775807))
Edge(290246,494914,(3,9223372036854775807))
Edge(290342,310737,(3,9223372036854775807))
Edge(290571,211070,(1,9223372036854775807))
Edge(290618,465370,(3,9223372036854775807))
Edge(290979,138135,(1,9223372036854775807))
Edge(291048,403942,(1,3))
Edge(291631,264070,(3,9223372036854775807))
Edge(291789,380331,(1,9223372036854775807))
Edge(291839,8799,(3,9223372036854775807))
Edge(291928,99023,(3,9223372036854775807))
Edge(292500,494778,(3,9223372036854775807))
Edge(292917,108368,(3,9223372036854775807))
Edge(293062,420077,(1,3))
Edge(293090,117159,(1,3))
Edge(293482,474612,(3,9223372036854775807))
Edge(293710,32971,(1,9223372036854775807))
Edge(293716,208853,(3,9223372036854775807))
Edge(293952,27279,(3,9223372036854775807))
Edge(294583,221076,(3,9223372036854775807))
Edge(294591,223966,(1,9223372036854775807))
Edge(294706,227378,(1,9223372036854775807))
Edge(294749,310880,(3,9223372036854775807))
Edge(295568,107063,(3,9223372036854775807))
Edge(295732,408524,(3,9223372036854775807))
Edge(295889,277193,(1,3))
Edge(296281,368435,(3,9223372036854775807))
Edge(296623,77021,(3,9223372036854775807))
Edge(296746,460866,(3,9223372036854775807))
Edge(296895,253451,(3,9223372036854775807))
Edge(297226,190429,(3,9223372036854775807))
Edge(297455,49986,(3,9223372036854775807))
Edge(297788,105271,(3,9223372036854775807))
Edge(298030,159883,(3,9223372036854775807))
Edge(298509,226935,(3,9223372036854775807))
Edge(298900,236834,(3,9223372036854775807))
Edge(299238,436133,(3,9223372036854775807))
Edge(299621,311490,(1,3))
Edge(299871,100678,(3,9223372036854775807))
Edge(299906,91583,(3,9223372036854775807))
Edge(300071,280815,(3,9223372036854775807))
Edge(300942,381422,(4,9223372036854775807))
Edge(301000,111039,(3,9223372036854775807))
Edge(301112,251821,(3,9223372036854775807))
Edge(301459,486969,(3,9223372036854775807))
Edge(301848,88991,(1,3))
Edge(302020,463559,(1,9223372036854775807))
Edge(302021,239319,(3,9223372036854775807))
Edge(303078,389205,(3,9223372036854775807))
Edge(303128,385954,(1,9223372036854775807))
Edge(303417,324551,(3,9223372036854775807))
Edge(304174,335110,(3,9223372036854775807))
Edge(304356,189221,(3,9223372036854775807))
Edge(304364,489237,(3,9223372036854775807))
Edge(304433,430101,(3,9223372036854775807))
Edge(305170,109170,(3,9223372036854775807))
Edge(305387,160701,(1,9223372036854775807))
Edge(305485,462939,(1,3))
Edge(305668,380132,(3,9223372036854775807))
Edge(305760,363318,(1,9223372036854775807))
Edge(306087,296267,(3,9223372036854775807))
Edge(306151,145032,(3,9223372036854775807))
Edge(306162,75174,(3,9223372036854775807))
Edge(306484,281075,(3,9223372036854775807))
Edge(306559,270281,(3,9223372036854775807))
Edge(306576,109809,(3,9223372036854775807))
Edge(307049,442214,(3,9223372036854775807))
Edge(307232,16412,(3,9223372036854775807))
Edge(307237,484227,(3,9223372036854775807))
Edge(307499,169602,(3,9223372036854775807))
Edge(307532,376906,(3,9223372036854775807))
Edge(307607,445124,(3,9223372036854775807))
Edge(308645,262735,(3,9223372036854775807))
Edge(309070,289715,(4,9223372036854775807))
Edge(309461,489247,(3,9223372036854775807))
Edge(309824,351828,(3,9223372036854775807))
Edge(309851,204583,(3,9223372036854775807))
Edge(310049,319677,(3,9223372036854775807))
Edge(310081,446985,(3,9223372036854775807))
Edge(310094,80024,(3,9223372036854775807))
Edge(310100,194481,(1,9223372036854775807))
Edge(310497,476684,(3,9223372036854775807))
Edge(310655,376477,(3,9223372036854775807))
Edge(310892,273515,(3,9223372036854775807))
Edge(311444,459175,(3,9223372036854775807))
Edge(311571,384638,(1,3))
Edge(311695,62061,(3,9223372036854775807))
Edge(312510,170978,(3,9223372036854775807))
Edge(313075,299618,(3,9223372036854775807))
Edge(313524,160358,(3,9223372036854775807))
Edge(313813,291345,(3,9223372036854775807))
Edge(314108,413543,(1,3))
Edge(314502,347953,(3,9223372036854775807))
Edge(314944,190495,(3,9223372036854775807))
Edge(315223,55406,(3,9223372036854775807))
Edge(315803,39095,(3,9223372036854775807))
Edge(315806,424828,(3,9223372036854775807))
Edge(316055,122887,(3,9223372036854775807))
Edge(316249,464232,(3,9223372036854775807))
Edge(316353,262272,(3,9223372036854775807))
Edge(316414,59677,(3,9223372036854775807))
Edge(316902,392432,(3,9223372036854775807))
Edge(316976,271076,(3,9223372036854775807))
Edge(317311,423976,(3,9223372036854775807))
Edge(317709,229101,(3,9223372036854775807))
Edge(318256,236153,(3,9223372036854775807))
Edge(318863,177009,(3,9223372036854775807))
Edge(318878,68235,(3,9223372036854775807))
Edge(318886,58440,(3,9223372036854775807))
Edge(319048,146741,(3,9223372036854775807))
Edge(319168,50601,(3,9223372036854775807))
Edge(319193,212246,(3,9223372036854775807))
Edge(320007,414919,(3,9223372036854775807))
Edge(320181,460948,(3,9223372036854775807))
Edge(320956,216967,(1,9223372036854775807))
Edge(321304,98575,(3,9223372036854775807))
Edge(321439,438729,(3,9223372036854775807))
Edge(321510,481867,(3,9223372036854775807))
Edge(321605,106830,(1,3))
Edge(321894,79653,(3,9223372036854775807))
Edge(322646,69178,(3,9223372036854775807))
Edge(323005,408869,(3,9223372036854775807))
Edge(323021,465027,(3,9223372036854775807))
Edge(323131,478774,(3,9223372036854775807))
Edge(323361,36269,(3,9223372036854775807))
Edge(323435,483603,(3,9223372036854775807))
Edge(323569,38474,(3,9223372036854775807))
Edge(323687,27856,(1,9223372036854775807))
Edge(324176,108766,(3,9223372036854775807))
Edge(324896,132465,(3,9223372036854775807))
Edge(325033,311831,(3,9223372036854775807))
Edge(325550,424520,(3,9223372036854775807))
Edge(325650,213127,(3,9223372036854775807))
Edge(325795,218269,(3,9223372036854775807))
Edge(326248,454827,(1,3))
Edge(327373,87085,(1,9223372036854775807))
Edge(327503,75493,(3,9223372036854775807))
Edge(328730,140462,(3,9223372036854775807))
Edge(328804,135749,(3,9223372036854775807))
Edge(329332,388500,(3,9223372036854775807))
Edge(329432,204380,(3,9223372036854775807))
Edge(329634,324402,(3,9223372036854775807))
Edge(329885,201643,(3,9223372036854775807))
Edge(329970,393805,(3,9223372036854775807))
Edge(330039,276974,(1,3))
Edge(330405,357024,(3,9223372036854775807))
Edge(330449,433127,(1,3))
Edge(331179,347055,(1,3))
Edge(331631,384237,(3,9223372036854775807))
Edge(331736,443981,(3,9223372036854775807))
Edge(331905,354895,(3,9223372036854775807))
Edge(331997,61974,(3,9223372036854775807))
Edge(332359,382098,(1,9223372036854775807))
Edge(332606,320126,(3,9223372036854775807))
Edge(333022,428897,(3,9223372036854775807))
Edge(333066,254349,(3,9223372036854775807))
Edge(333089,73793,(3,9223372036854775807))
Edge(333550,356620,(3,9223372036854775807))
Edge(333562,443894,(3,9223372036854775807))
Edge(333944,145904,(3,9223372036854775807))
Edge(334042,218104,(1,9223372036854775807))
Edge(334421,403211,(1,9223372036854775807))
Edge(334440,257567,(3,9223372036854775807))
Edge(334754,361394,(3,9223372036854775807))
Edge(335272,63373,(3,9223372036854775807))
Edge(335593,470949,(1,9223372036854775807))
Edge(335634,474819,(3,9223372036854775807))
Edge(335831,41932,(3,9223372036854775807))
Edge(335857,53223,(1,9223372036854775807))
Edge(336169,47229,(3,9223372036854775807))
Edge(336985,140648,(3,9223372036854775807))
Edge(337162,88032,(1,3))
Edge(337199,137454,(1,9223372036854775807))
Edge(337380,468295,(3,9223372036854775807))
Edge(338591,149013,(1,9223372036854775807))
Edge(338693,23162,(3,9223372036854775807))
Edge(338830,92139,(3,9223372036854775807))
Edge(339051,346165,(3,9223372036854775807))
Edge(339307,350742,(1,9223372036854775807))
Edge(339464,227400,(3,9223372036854775807))
Edge(339669,426306,(3,9223372036854775807))
Edge(339978,249572,(3,9223372036854775807))
Edge(340055,160052,(3,9223372036854775807))
Edge(340417,127087,(1,9223372036854775807))
Edge(340604,454946,(3,9223372036854775807))
Edge(340739,398861,(3,9223372036854775807))
Edge(341637,222113,(3,9223372036854775807))
Edge(341824,454119,(3,9223372036854775807))
Edge(342103,339587,(3,9223372036854775807))
Edge(342109,388343,(3,9223372036854775807))
Edge(342171,411756,(3,9223372036854775807))
Edge(342419,311267,(3,9223372036854775807))
Edge(343216,181452,(3,9223372036854775807))
Edge(343432,119303,(3,9223372036854775807))
Edge(343618,372689,(3,9223372036854775807))
Edge(343865,9345,(3,9223372036854775807))
Edge(343973,445099,(3,9223372036854775807))
Edge(344158,378425,(3,9223372036854775807))
Edge(344358,373414,(3,9223372036854775807))
Edge(344379,169123,(3,9223372036854775807))
Edge(344505,141747,(1,3))
Edge(344816,324006,(3,9223372036854775807))
Edge(345065,163717,(3,9223372036854775807))
Edge(345557,112080,(3,9223372036854775807))
Edge(346060,130981,(3,9223372036854775807))
Edge(346353,445959,(1,9223372036854775807))
Edge(346492,350005,(3,9223372036854775807))
Edge(346568,488585,(3,9223372036854775807))
Edge(346685,259582,(3,9223372036854775807))
Edge(347396,495033,(3,9223372036854775807))
Edge(347605,80388,(3,9223372036854775807))
Edge(348331,348547,(3,9223372036854775807))
Edge(348746,396074,(3,9223372036854775807))
Edge(348849,425683,(1,9223372036854775807))
Edge(348877,214448,(3,9223372036854775807))
Edge(348929,175072,(1,9223372036854775807))
Edge(349703,290075,(3,9223372036854775807))
Edge(350155,475865,(3,9223372036854775807))
Edge(350313,473656,(3,9223372036854775807))
Edge(350376,221719,(1,9223372036854775807))
Edge(350441,48774,(3,9223372036854775807))
Edge(350568,236786,(1,3))
Edge(351339,205094,(3,9223372036854775807))
Edge(351464,214953,(3,9223372036854775807))
Edge(352482,226365,(3,9223372036854775807))
Edge(353298,253299,(3,9223372036854775807))
Edge(353563,174700,(3,9223372036854775807))
Edge(353823,159634,(3,9223372036854775807))
Edge(353839,472123,(3,9223372036854775807))
Edge(354013,189436,(3,9223372036854775807))
Edge(354020,292290,(3,9223372036854775807))
Edge(354683,43630,(3,9223372036854775807))
Edge(355366,154458,(1,9223372036854775807))
Edge(355427,318612,(3,9223372036854775807))
Edge(355645,122030,(3,9223372036854775807))
Edge(355804,494121,(3,9223372036854775807))
Edge(355985,373511,(3,9223372036854775807))
Edge(356046,278425,(3,9223372036854775807))
Edge(356241,411990,(1,9223372036854775807))
Edge(356988,456748,(3,9223372036854775807))
Edge(357756,192116,(3,9223372036854775807))
Edge(358606,356080,(1,3))
Edge(358646,242623,(3,9223372036854775807))
Edge(358808,39686,(3,9223372036854775807))
Edge(358853,90060,(3,9223372036854775807))
Edge(359838,318336,(3,9223372036854775807))
Edge(359872,301460,(3,9223372036854775807))
Edge(359922,107948,(1,9223372036854775807))
Edge(360009,103737,(3,9223372036854775807))
Edge(360276,166604,(3,9223372036854775807))
Edge(360494,254605,(3,9223372036854775807))
Edge(360504,189338,(3,9223372036854775807))
Edge(360557,422539,(1,9223372036854775807))
Edge(360645,321713,(3,9223372036854775807))
Edge(360941,194557,(3,9223372036854775807))
Edge(360971,187944,(3,9223372036854775807))
Edge(361072,443770,(3,9223372036854775807))
Edge(361286,100374,(1,9223372036854775807))
Edge(361352,389519,(1,9223372036854775807))
Edge(361369,377898,(3,9223372036854775807))
Edge(361567,41033,(3,9223372036854775807))
Edge(361571,434188,(3,9223372036854775807))
Edge(361985,476866,(3,9223372036854775807))
Edge(362305,211358,(3,9223372036854775807))
Edge(362353,388947,(3,9223372036854775807))
Edge(362370,66543,(3,9223372036854775807))
Edge(362613,75895,(3,9223372036854775807))
Edge(362714,39170,(3,9223372036854775807))
Edge(363100,1525,(3,9223372036854775807))
Edge(363116,72289,(3,9223372036854775807))
Edge(363260,37085,(1,9223372036854775807))
Edge(363623,279855,(3,9223372036854775807))
Edge(363756,114907,(3,9223372036854775807))
Edge(364098,369246,(1,9223372036854775807))
Edge(364108,228707,(3,9223372036854775807))
Edge(364137,487559,(3,9223372036854775807))
Edge(364290,88367,(3,9223372036854775807))
Edge(364344,11674,(3,9223372036854775807))
Edge(364618,271555,(3,9223372036854775807))
Edge(364835,420260,(1,9223372036854775807))
Edge(365109,302180,(3,9223372036854775807))
Edge(365563,111764,(3,9223372036854775807))
Edge(365700,200572,(3,4))
Edge(365748,485228,(3,9223372036854775807))
Edge(365865,12103,(3,9223372036854775807))
Edge(366322,203346,(3,9223372036854775807))
Edge(366894,260685,(3,9223372036854775807))
Edge(367020,258699,(3,9223372036854775807))
Edge(367034,96238,(3,9223372036854775807))
Edge(367098,290767,(3,9223372036854775807))
Edge(367672,354333,(1,9223372036854775807))
Edge(367863,86933,(3,9223372036854775807))
Edge(367898,372555,(1,3))
Edge(367933,462116,(3,9223372036854775807))
Edge(368788,28938,(3,9223372036854775807))
Edge(368883,65106,(3,9223372036854775807))
Edge(369331,348679,(3,9223372036854775807))
Edge(370394,140046,(3,9223372036854775807))
Edge(370430,368132,(3,9223372036854775807))
Edge(370684,225673,(1,9223372036854775807))
Edge(370884,349562,(3,9223372036854775807))
Edge(370917,155716,(3,9223372036854775807))
Edge(371167,399267,(3,9223372036854775807))
Edge(371298,382636,(1,3))
Edge(371358,151605,(3,9223372036854775807))
Edge(371711,490829,(1,3))
Edge(371807,458734,(3,9223372036854775807))
Edge(371848,341761,(1,9223372036854775807))
Edge(371928,10613,(1,9223372036854775807))
Edge(372056,496566,(1,9223372036854775807))
Edge(372269,440930,(3,9223372036854775807))
Edge(372405,65400,(3,9223372036854775807))
Edge(372429,142680,(1,3))
Edge(373480,438819,(3,9223372036854775807))
Edge(373797,171715,(3,9223372036854775807))
Edge(373845,437985,(1,3))
Edge(374116,107916,(3,9223372036854775807))
Edge(374191,279435,(3,9223372036854775807))
Edge(374420,24497,(1,9223372036854775807))
Edge(374431,374479,(1,3))
Edge(374803,345756,(3,9223372036854775807))
Edge(374951,133247,(1,9223372036854775807))
Edge(375028,245350,(3,9223372036854775807))
Edge(375580,368483,(3,9223372036854775807))
Edge(375690,205602,(3,9223372036854775807))
Edge(375856,93385,(3,9223372036854775807))
Edge(376008,71644,(3,9223372036854775807))
Edge(376457,27175,(3,9223372036854775807))
Edge(376561,431698,(3,9223372036854775807))
Edge(376780,246842,(3,9223372036854775807))
Edge(376928,278722,(3,9223372036854775807))
Edge(377010,172761,(1,9223372036854775807))
Edge(378455,406181,(3,9223372036854775807))
Edge(379264,31008,(3,9223372036854775807))
Edge(379421,454011,(3,9223372036854775807))
Edge(379443,10832,(3,9223372036854775807))
Edge(380005,150668,(3,9223372036854775807))
Edge(380402,470830,(3,9223372036854775807))
Edge(380944,414809,(3,9223372036854775807))
Edge(381177,456961,(3,9223372036854775807))
Edge(381240,242715,(3,9223372036854775807))
Edge(381292,119863,(3,9223372036854775807))
Edge(381643,455963,(3,9223372036854775807))
Edge(382137,138221,(3,9223372036854775807))
Edge(382282,492631,(3,9223372036854775807))
Edge(382565,300455,(1,9223372036854775807))
Edge(382579,71808,(3,9223372036854775807))
Edge(382880,88976,(3,9223372036854775807))
Edge(383281,104635,(3,9223372036854775807))
Edge(383877,280748,(1,3))
Edge(383976,112403,(3,9223372036854775807))
Edge(384177,34264,(3,9223372036854775807))
Edge(384300,336446,(3,9223372036854775807))
Edge(385176,304576,(1,3))
Edge(385443,137846,(3,9223372036854775807))
Edge(385467,428468,(3,9223372036854775807))
Edge(385666,53239,(3,9223372036854775807))
Edge(385741,482305,(3,9223372036854775807))
Edge(386758,327916,(3,9223372036854775807))
Edge(386920,59339,(3,9223372036854775807))
Edge(387849,181405,(3,9223372036854775807))
Edge(388919,316329,(3,9223372036854775807))
Edge(389158,227534,(3,9223372036854775807))
Edge(389568,499542,(3,9223372036854775807))
Edge(390107,351422,(3,9223372036854775807))
Edge(390537,44333,(3,9223372036854775807))
Edge(390624,433299,(3,9223372036854775807))
Edge(390827,439084,(3,9223372036854775807))
Edge(391004,181493,(3,9223372036854775807))
Edge(391064,175684,(3,9223372036854775807))
Edge(391234,323810,(1,9223372036854775807))
Edge(391344,205920,(3,9223372036854775807))
Edge(391614,102123,(3,9223372036854775807))
Edge(391896,498766,(3,9223372036854775807))
Edge(391937,347135,(3,9223372036854775807))
Edge(392171,24062,(3,9223372036854775807))
Edge(392452,384978,(3,9223372036854775807))
Edge(392742,39012,(3,9223372036854775807))
Edge(392928,94549,(1,3))
Edge(393184,292296,(3,9223372036854775807))
Edge(393473,361315,(3,9223372036854775807))
Edge(393477,426417,(1,9223372036854775807))
Edge(393504,393502,(3,9223372036854775807))
Edge(393625,19562,(3,9223372036854775807))
Edge(393719,217749,(1,3))
Edge(393798,134498,(3,9223372036854775807))
Edge(394621,30183,(1,9223372036854775807))
Edge(394992,415961,(3,9223372036854775807))
Edge(395197,104196,(1,3))
Edge(395275,72027,(3,9223372036854775807))
Edge(395353,198410,(3,9223372036854775807))
Edge(395542,11,(3,9223372036854775807))
Edge(395916,83333,(3,9223372036854775807))
Edge(396429,46499,(1,9223372036854775807))
Edge(396486,460816,(1,9223372036854775807))
Edge(397250,100654,(3,9223372036854775807))
Edge(397250,206462,(3,9223372036854775807))
Edge(397518,23906,(3,9223372036854775807))
Edge(397711,372118,(3,9223372036854775807))
Edge(397941,453809,(3,9223372036854775807))
Edge(398269,209421,(3,9223372036854775807))
Edge(398288,384776,(3,9223372036854775807))
Edge(398319,112271,(3,9223372036854775807))
Edge(398444,458504,(3,9223372036854775807))
Edge(398932,429270,(1,9223372036854775807))
Edge(399206,285882,(1,9223372036854775807))
Edge(399425,378721,(3,9223372036854775807))
Edge(400108,196968,(3,9223372036854775807))
Edge(400591,376844,(1,9223372036854775807))
Edge(400911,439557,(3,9223372036854775807))
Edge(401147,94369,(3,9223372036854775807))
Edge(401399,38987,(3,9223372036854775807))
Edge(401570,182026,(3,9223372036854775807))
Edge(401850,24108,(3,9223372036854775807))
Edge(402340,283399,(3,9223372036854775807))
Edge(402495,486299,(3,9223372036854775807))
Edge(402937,160589,(3,9223372036854775807))
Edge(402956,377228,(1,9223372036854775807))
Edge(402996,277765,(3,9223372036854775807))
Edge(403459,179665,(3,9223372036854775807))
Edge(403522,319014,(3,9223372036854775807))
Edge(403593,283892,(3,9223372036854775807))
Edge(404049,181312,(3,9223372036854775807))
Edge(404159,79137,(3,9223372036854775807))
Edge(404481,198113,(3,9223372036854775807))
Edge(404711,247326,(3,9223372036854775807))
Edge(404842,268816,(3,9223372036854775807))
Edge(405051,72676,(3,9223372036854775807))
Edge(405127,12317,(1,9223372036854775807))
Edge(405201,498124,(3,9223372036854775807))
Edge(405305,438361,(1,9223372036854775807))
Edge(405412,160247,(4,9223372036854775807))
Edge(405470,3900,(1,9223372036854775807))
Edge(405478,161488,(3,9223372036854775807))
Edge(405567,367529,(3,9223372036854775807))
Edge(405591,423808,(3,9223372036854775807))
Edge(405900,197338,(3,9223372036854775807))
Edge(406256,280650,(1,9223372036854775807))
Edge(406439,81821,(3,9223372036854775807))
Edge(407184,29769,(1,9223372036854775807))
Edge(407205,275953,(3,9223372036854775807))
Edge(407588,405451,(1,9223372036854775807))
Edge(407883,483040,(3,9223372036854775807))
Edge(408309,316005,(3,9223372036854775807))
Edge(408761,116990,(3,9223372036854775807))
Edge(408878,86243,(3,9223372036854775807))
Edge(408904,171568,(3,9223372036854775807))
Edge(409200,21492,(3,9223372036854775807))
Edge(409405,423004,(3,9223372036854775807))
Edge(409982,264347,(3,9223372036854775807))
Edge(410240,295477,(1,3))
Edge(410582,476016,(3,9223372036854775807))
Edge(412220,394978,(3,9223372036854775807))
Edge(412378,137927,(3,9223372036854775807))
Edge(412556,221388,(3,9223372036854775807))
Edge(412817,253962,(3,9223372036854775807))
Edge(413552,129372,(3,9223372036854775807))
Edge(413720,79269,(3,9223372036854775807))
Edge(413821,367308,(3,9223372036854775807))
Edge(414193,65995,(1,3))
Edge(414587,39638,(1,9223372036854775807))
Edge(414767,441281,(3,9223372036854775807))
Edge(414873,333422,(3,9223372036854775807))
Edge(414991,131525,(1,9223372036854775807))
Edge(415556,140814,(3,9223372036854775807))
Edge(415670,347466,(3,9223372036854775807))
Edge(415965,260168,(1,9223372036854775807))
Edge(416292,285,(3,9223372036854775807))
Edge(416443,258578,(3,9223372036854775807))
Edge(416764,300233,(1,9223372036854775807))
Edge(417067,347803,(3,9223372036854775807))
Edge(417207,110235,(3,9223372036854775807))
Edge(417578,65984,(3,9223372036854775807))
Edge(418368,453721,(3,9223372036854775807))
Edge(418641,120111,(3,9223372036854775807))
Edge(418839,336874,(3,9223372036854775807))
Edge(418855,197336,(1,3))
Edge(419040,417999,(3,9223372036854775807))
Edge(419201,430416,(3,9223372036854775807))
Edge(419272,352161,(3,9223372036854775807))
Edge(419302,440031,(3,9223372036854775807))
Edge(419347,240655,(3,9223372036854775807))
Edge(419604,65287,(3,9223372036854775807))
Edge(419768,19798,(3,9223372036854775807))
Edge(419839,388182,(1,3))
Edge(419966,298222,(3,9223372036854775807))
Edge(420743,166211,(1,9223372036854775807))
Edge(421274,91041,(3,9223372036854775807))
Edge(421308,244783,(3,9223372036854775807))
Edge(421498,456996,(3,9223372036854775807))
Edge(421555,124896,(3,9223372036854775807))
Edge(421711,342791,(3,9223372036854775807))
Edge(421721,128658,(3,9223372036854775807))
Edge(421919,189767,(3,9223372036854775807))
Edge(422544,193107,(3,9223372036854775807))
Edge(422656,190711,(3,9223372036854775807))
Edge(422701,157370,(3,9223372036854775807))
Edge(423093,336714,(3,9223372036854775807))
Edge(423268,123912,(3,9223372036854775807))
Edge(423312,386806,(3,9223372036854775807))
Edge(424340,84524,(3,9223372036854775807))
Edge(424362,431719,(3,9223372036854775807))
Edge(424509,286351,(3,9223372036854775807))
Edge(424520,476619,(1,9223372036854775807))
Edge(424530,450320,(3,9223372036854775807))
Edge(424575,172479,(3,9223372036854775807))
Edge(424946,295175,(3,9223372036854775807))
Edge(425011,197039,(3,9223372036854775807))
Edge(425011,483204,(3,9223372036854775807))
Edge(427643,286003,(3,9223372036854775807))
Edge(427739,444265,(3,9223372036854775807))
Edge(427766,185247,(3,9223372036854775807))
Edge(427770,88759,(3,9223372036854775807))
Edge(428234,151920,(3,9223372036854775807))
Edge(428469,427479,(3,9223372036854775807))
Edge(428522,386017,(3,9223372036854775807))
Edge(428948,353606,(1,9223372036854775807))
Edge(429153,349523,(3,9223372036854775807))
Edge(429206,300859,(3,9223372036854775807))
Edge(429734,481179,(3,9223372036854775807))
Edge(429747,395223,(1,9223372036854775807))
Edge(429889,354833,(3,9223372036854775807))
Edge(430193,242900,(3,9223372036854775807))
Edge(430542,425203,(1,9223372036854775807))
Edge(430825,211437,(1,3))
Edge(430846,341633,(1,3))
Edge(430943,63683,(3,9223372036854775807))
Edge(431455,14790,(3,9223372036854775807))
Edge(432173,443356,(3,9223372036854775807))
Edge(432210,385391,(3,9223372036854775807))
Edge(432314,103166,(1,9223372036854775807))
Edge(432316,240137,(3,9223372036854775807))
Edge(432415,495539,(3,9223372036854775807))
Edge(432558,485915,(3,9223372036854775807))
Edge(432641,444913,(1,9223372036854775807))
Edge(432875,181742,(1,3))
Edge(432995,441287,(3,9223372036854775807))
Edge(433437,255917,(3,9223372036854775807))
Edge(433725,67450,(3,9223372036854775807))
Edge(433753,400436,(3,9223372036854775807))
Edge(434123,311918,(1,9223372036854775807))
Edge(434767,209220,(3,9223372036854775807))
Edge(434935,251784,(3,9223372036854775807))
Edge(435061,345162,(3,9223372036854775807))
Edge(435145,302286,(3,9223372036854775807))
Edge(435984,76588,(1,9223372036854775807))
Edge(436155,42125,(3,9223372036854775807))
Edge(436187,43896,(3,9223372036854775807))
Edge(436224,246638,(3,9223372036854775807))
Edge(436266,279175,(3,9223372036854775807))
Edge(436313,474445,(3,9223372036854775807))
Edge(436702,200446,(3,9223372036854775807))
Edge(436740,372353,(1,3))
Edge(436810,411268,(3,9223372036854775807))
Edge(436812,84003,(3,9223372036854775807))
Edge(436831,125259,(1,9223372036854775807))
Edge(437766,285935,(3,9223372036854775807))
Edge(437940,97949,(3,9223372036854775807))
Edge(437976,367322,(1,9223372036854775807))
Edge(438007,325231,(1,9223372036854775807))
Edge(438082,64761,(1,9223372036854775807))
Edge(438632,324246,(1,9223372036854775807))
Edge(438849,463456,(3,9223372036854775807))
Edge(439293,202471,(1,9223372036854775807))
Edge(439316,110815,(3,9223372036854775807))
Edge(439517,67143,(1,9223372036854775807))
Edge(439522,33829,(1,3))
Edge(439980,496887,(1,9223372036854775807))
Edge(440105,76420,(1,9223372036854775807))
Edge(441056,42180,(1,9223372036854775807))
Edge(441116,266804,(1,9223372036854775807))
Edge(442213,394855,(3,9223372036854775807))
Edge(442484,429097,(3,9223372036854775807))
Edge(442996,471429,(3,9223372036854775807))
Edge(443611,311678,(1,9223372036854775807))
Edge(443688,92764,(3,9223372036854775807))
Edge(443977,161146,(3,9223372036854775807))
Edge(443988,285325,(1,9223372036854775807))
Edge(444450,270049,(1,9223372036854775807))
Edge(445610,144214,(3,9223372036854775807))
Edge(445899,85653,(1,3))
Edge(445963,333483,(3,9223372036854775807))
Edge(446055,107307,(3,9223372036854775807))
Edge(446658,80820,(3,9223372036854775807))
Edge(446802,78137,(3,9223372036854775807))
Edge(447028,27854,(1,9223372036854775807))
Edge(447040,251093,(3,9223372036854775807))
Edge(447421,493858,(1,9223372036854775807))
Edge(447869,290498,(3,9223372036854775807))
Edge(448228,183267,(3,9223372036854775807))
Edge(448252,351028,(3,9223372036854775807))
Edge(448578,220161,(3,9223372036854775807))
Edge(448678,471354,(1,3))
Edge(448711,489923,(3,9223372036854775807))
Edge(449075,59464,(3,9223372036854775807))
Edge(449290,494137,(3,9223372036854775807))
Edge(449295,395795,(3,9223372036854775807))
Edge(449711,267606,(1,9223372036854775807))
Edge(450162,256779,(3,9223372036854775807))
Edge(450524,155854,(1,3))
Edge(451379,296304,(3,9223372036854775807))
Edge(451599,297378,(1,3))
Edge(452019,338455,(3,9223372036854775807))
Edge(452520,126866,(1,9223372036854775807))
Edge(452795,222428,(3,9223372036854775807))
Edge(452798,83574,(3,9223372036854775807))
Edge(453489,155110,(3,9223372036854775807))
Edge(454392,407470,(3,9223372036854775807))
Edge(455076,381770,(3,9223372036854775807))
Edge(455340,172486,(3,9223372036854775807))
Edge(455404,492015,(1,9223372036854775807))
Edge(455471,357966,(3,9223372036854775807))
Edge(455803,468044,(3,9223372036854775807))
Edge(457299,390820,(3,9223372036854775807))
Edge(457377,406187,(3,9223372036854775807))
Edge(457730,45121,(1,9223372036854775807))
Edge(457788,462998,(3,9223372036854775807))
Edge(457880,480009,(3,9223372036854775807))
Edge(458048,134529,(3,9223372036854775807))
Edge(458209,296690,(3,9223372036854775807))
Edge(458373,457631,(3,9223372036854775807))
Edge(458545,303939,(3,9223372036854775807))
Edge(458712,360899,(3,9223372036854775807))
Edge(458914,30246,(3,9223372036854775807))
Edge(459513,263690,(1,9223372036854775807))
Edge(459667,206576,(3,9223372036854775807))
Edge(460029,423157,(3,9223372036854775807))
Edge(460172,397981,(3,9223372036854775807))
Edge(460200,6351,(1,9223372036854775807))
Edge(460686,384477,(3,9223372036854775807))
Edge(460846,13849,(3,9223372036854775807))
Edge(460891,91850,(1,9223372036854775807))
Edge(460927,467719,(3,9223372036854775807))
Edge(461005,495581,(3,9223372036854775807))
Edge(461061,271974,(1,9223372036854775807))
Edge(461068,57627,(3,9223372036854775807))
Edge(461552,286157,(1,9223372036854775807))
Edge(461690,205141,(3,9223372036854775807))
Edge(462249,234319,(3,9223372036854775807))
Edge(462529,259437,(3,9223372036854775807))
Edge(462777,18988,(1,9223372036854775807))
Edge(462925,354934,(3,9223372036854775807))
Edge(462958,51529,(3,9223372036854775807))
Edge(462973,228493,(3,9223372036854775807))
Edge(463071,432844,(3,9223372036854775807))
Edge(463327,408256,(3,9223372036854775807))
Edge(463425,345002,(3,9223372036854775807))
Edge(463461,231539,(3,9223372036854775807))
Edge(463536,440249,(3,9223372036854775807))
Edge(463859,292841,(3,9223372036854775807))
Edge(464075,125892,(3,9223372036854775807))
Edge(464595,341449,(3,9223372036854775807))
Edge(465278,235668,(3,9223372036854775807))
Edge(465412,478751,(1,3))
Edge(465887,85916,(3,9223372036854775807))
Edge(466034,202895,(1,3))
Edge(466452,329196,(3,9223372036854775807))
Edge(466531,155624,(3,9223372036854775807))
Edge(466622,355933,(3,9223372036854775807))
Edge(466812,427991,(1,9223372036854775807))
Edge(467090,238509,(3,9223372036854775807))
Edge(467190,300100,(3,9223372036854775807))
Edge(467224,148694,(1,3))
Edge(468299,101214,(3,9223372036854775807))
Edge(468360,86476,(3,9223372036854775807))
Edge(468747,395107,(3,9223372036854775807))
Edge(468962,304870,(3,9223372036854775807))
Edge(469079,227501,(3,9223372036854775807))
Edge(469136,99396,(3,9223372036854775807))
Edge(469285,476178,(3,9223372036854775807))
Edge(469660,29276,(3,9223372036854775807))
Edge(470082,348949,(3,9223372036854775807))
Edge(470148,19814,(1,3))
Edge(470266,416591,(3,9223372036854775807))
Edge(470386,91380,(3,9223372036854775807))
Edge(470903,156319,(3,9223372036854775807))
Edge(471192,134569,(3,9223372036854775807))
Edge(471215,391897,(1,9223372036854775807))
Edge(472280,80540,(1,3))
Edge(472520,7994,(3,9223372036854775807))
Edge(472546,405690,(3,9223372036854775807))
Edge(472580,333448,(3,9223372036854775807))
Edge(472948,54374,(1,9223372036854775807))
Edge(473062,103944,(3,9223372036854775807))
Edge(473181,352956,(3,9223372036854775807))
Edge(473223,302420,(3,9223372036854775807))
Edge(473395,325217,(3,9223372036854775807))
Edge(473596,195639,(3,9223372036854775807))
Edge(473998,349711,(3,9223372036854775807))
Edge(474315,432044,(3,9223372036854775807))
Edge(474530,84251,(3,9223372036854775807))
Edge(475310,467051,(3,9223372036854775807))
Edge(475318,149355,(3,9223372036854775807))
Edge(475502,148311,(3,9223372036854775807))
Edge(475595,296880,(1,9223372036854775807))
Edge(475631,243588,(3,9223372036854775807))
Edge(475788,84168,(3,9223372036854775807))
Edge(475833,359381,(3,9223372036854775807))
Edge(476116,387663,(3,9223372036854775807))
Edge(476260,368299,(3,9223372036854775807))
Edge(476321,308598,(3,9223372036854775807))
Edge(476800,314104,(1,9223372036854775807))
Edge(476818,424636,(3,9223372036854775807))
Edge(477188,274796,(3,9223372036854775807))
Edge(477392,110440,(1,9223372036854775807))
Edge(477537,485272,(3,9223372036854775807))
Edge(478132,218210,(3,9223372036854775807))
Edge(478316,79545,(3,9223372036854775807))
Edge(478341,381730,(1,3))
Edge(478465,172404,(3,9223372036854775807))
Edge(478477,151831,(3,9223372036854775807))
Edge(478504,16785,(3,9223372036854775807))
Edge(478956,345393,(3,9223372036854775807))
Edge(479180,209034,(3,9223372036854775807))
Edge(479270,248050,(3,9223372036854775807))
Edge(479311,356443,(3,9223372036854775807))
Edge(479883,351737,(3,9223372036854775807))
Edge(479933,333793,(3,9223372036854775807))
Edge(480834,408335,(3,9223372036854775807))
Edge(481131,169513,(3,9223372036854775807))
Edge(481382,366688,(3,9223372036854775807))
Edge(481478,232432,(3,9223372036854775807))
Edge(482127,250329,(3,9223372036854775807))
Edge(482181,235854,(3,9223372036854775807))
Edge(482303,385504,(1,3))
Edge(482430,463917,(3,9223372036854775807))
Edge(482520,288253,(3,9223372036854775807))
Edge(482771,440180,(3,9223372036854775807))
Edge(482941,31055,(3,9223372036854775807))
Edge(483030,39595,(3,9223372036854775807))
Edge(483274,327928,(3,9223372036854775807))
Edge(483303,284524,(1,9223372036854775807))
Edge(483693,169690,(3,9223372036854775807))
Edge(483697,50392,(3,9223372036854775807))
Edge(484434,417201,(3,9223372036854775807))
Edge(484667,237473,(1,9223372036854775807))
Edge(484707,499408,(3,9223372036854775807))
Edge(485602,136183,(1,9223372036854775807))
Edge(485819,423270,(3,9223372036854775807))
Edge(485916,179394,(3,9223372036854775807))
Edge(486467,130389,(3,9223372036854775807))
Edge(486569,154857,(3,9223372036854775807))
Edge(486625,15332,(3,9223372036854775807))
Edge(486686,449785,(3,9223372036854775807))
Edge(486734,19952,(3,9223372036854775807))
Edge(488063,118646,(1,9223372036854775807))
Edge(488090,245396,(3,9223372036854775807))
Edge(488106,162335,(3,9223372036854775807))
Edge(488648,86209,(1,9223372036854775807))
Edge(489526,38409,(3,9223372036854775807))
Edge(489895,73479,(1,9223372036854775807))
Edge(490263,150239,(3,9223372036854775807))
Edge(490363,346170,(3,9223372036854775807))
Edge(490448,335217,(3,9223372036854775807))
Edge(490479,222316,(3,9223372036854775807))
Edge(490495,307214,(3,9223372036854775807))
Edge(490586,268274,(3,9223372036854775807))
Edge(490873,319818,(3,9223372036854775807))
Edge(490886,134380,(1,9223372036854775807))
Edge(491181,184023,(1,9223372036854775807))
Edge(491442,492437,(3,9223372036854775807))
Edge(491489,18011,(3,9223372036854775807))
Edge(492241,11718,(3,9223372036854775807))
Edge(492299,300329,(2,9223372036854775807))
Edge(492625,255496,(3,9223372036854775807))
Edge(492887,128505,(3,9223372036854775807))
Edge(492935,330760,(3,9223372036854775807))
Edge(492953,46591,(1,3))
Edge(493151,206759,(3,9223372036854775807))
Edge(493654,72556,(3,9223372036854775807))
Edge(494698,454001,(1,3))
Edge(494829,132252,(3,9223372036854775807))
Edge(495041,32077,(3,9223372036854775807))
Edge(495044,186629,(3,9223372036854775807))
Edge(495288,480532,(1,9223372036854775807))
Edge(495409,299136,(3,9223372036854775807))
Edge(495454,7718,(1,3))
Edge(495647,214091,(3,9223372036854775807))
Edge(495858,459760,(3,9223372036854775807))
Edge(496153,310086,(3,9223372036854775807))
Edge(496334,268597,(3,9223372036854775807))
Edge(496409,100174,(3,9223372036854775807))
Edge(496455,93360,(3,9223372036854775807))
Edge(496578,183055,(1,9223372036854775807))
Edge(496597,357462,(1,9223372036854775807))
Edge(497018,303557,(3,9223372036854775807))
Edge(497152,5683,(3,9223372036854775807))
Edge(497397,19121,(3,9223372036854775807))
Edge(497595,475174,(1,3))
Edge(498605,187635,(3,9223372036854775807))
Edge(498713,323503,(3,9223372036854775807))
Edge(499225,345905,(3,9223372036854775807))
Edge(499347,173841,(3,9223372036854775807))
Edge(499743,351466,(1,9223372036854775807))
Edge(499951,51048,(1,9223372036854775807))
Edge(499996,278146,(3,9223372036854775807))
