Edge(66,284061,(3,9223372036854775807))
Edge(101,255510,(3,9223372036854775807))
Edge(509,23989,(3,9223372036854775807))
Edge(750,413429,(1,9223372036854775807))
Edge(840,494475,(3,9223372036854775807))
Edge(1462,426442,(3,9223372036854775807))
Edge(1581,285692,(3,9223372036854775807))
Edge(2201,136971,(1,9223372036854775807))
Edge(3047,4,(3,9223372036854775807))
Edge(3866,460498,(3,9223372036854775807))
Edge(3916,466861,(3,9223372036854775807))
Edge(5003,492250,(3,9223372036854775807))
Edge(5021,477879,(3,9223372036854775807))
Edge(5177,118376,(3,9223372036854775807))
Edge(5580,408109,(1,9223372036854775807))
Edge(5782,115486,(3,9223372036854775807))
Edge(5786,489595,(1,3))
Edge(5871,354041,(3,9223372036854775807))
Edge(5942,380497,(3,9223372036854775807))
Edge(6668,185840,(3,9223372036854775807))
Edge(7094,21615,(3,9223372036854775807))
Edge(7751,436680,(3,9223372036854775807))
Edge(7797,114890,(3,9223372036854775807))
Edge(8169,468762,(3,9223372036854775807))
Edge(8422,485030,(3,9223372036854775807))
Edge(8921,254982,(3,9223372036854775807))
Edge(9175,204180,(3,9223372036854775807))
Edge(9276,282560,(3,9223372036854775807))
Edge(9387,161911,(3,9223372036854775807))
Edge(9419,260275,(3,9223372036854775807))
Edge(10135,158040,(3,9223372036854775807))
Edge(10160,80786,(3,9223372036854775807))
Edge(10403,129680,(3,9223372036854775807))
Edge(10616,471051,(3,9223372036854775807))
Edge(11177,54489,(3,9223372036854775807))
Edge(11303,130324,(3,9223372036854775807))
Edge(11727,366363,(3,9223372036854775807))
Edge(11801,350945,(1,9223372036854775807))
Edge(12260,347220,(3,9223372036854775807))
Edge(12496,115512,(3,9223372036854775807))
Edge(13108,387810,(3,9223372036854775807))
Edge(13396,232755,(3,9223372036854775807))
Edge(13531,152567,(1,9223372036854775807))
Edge(13537,233631,(3,9223372036854775807))
Edge(13864,245308,(1,9223372036854775807))
Edge(13889,209058,(3,9223372036854775807))
Edge(13963,115766,(3,9223372036854775807))
Edge(14417,67839,(3,9223372036854775807))
Edge(14628,399912,(3,9223372036854775807))
Edge(14632,151175,(3,9223372036854775807))
Edge(14640,391653,(3,9223372036854775807))
Edge(15660,207904,(1,3))
Edge(15875,66111,(3,9223372036854775807))
Edge(15959,335550,(3,9223372036854775807))
Edge(16200,5209,(3,9223372036854775807))
Edge(16658,488526,(3,9223372036854775807))
Edge(17580,466822,(3,9223372036854775807))
Edge(17671,385238,(3,9223372036854775807))
Edge(17963,245974,(3,9223372036854775807))
Edge(18607,175033,(3,9223372036854775807))
Edge(18677,161128,(3,9223372036854775807))
Edge(18707,128696,(1,9223372036854775807))
Edge(19203,49438,(1,3))
Edge(21302,238694,(1,3))
Edge(22253,43629,(3,9223372036854775807))
Edge(22506,272091,(3,9223372036854775807))
Edge(23988,363672,(3,9223372036854775807))
Edge(24059,269571,(3,9223372036854775807))
Edge(24448,199227,(1,9223372036854775807))
Edge(24619,229311,(1,9223372036854775807))
Edge(24857,173372,(3,9223372036854775807))
Edge(24996,480005,(3,9223372036854775807))
Edge(25068,357626,(3,9223372036854775807))
Edge(25164,363397,(3,9223372036854775807))
Edge(25258,293417,(1,9223372036854775807))
Edge(25437,399546,(3,9223372036854775807))
Edge(25630,360445,(3,9223372036854775807))
Edge(26349,291182,(3,9223372036854775807))
Edge(26466,127054,(3,9223372036854775807))
Edge(26819,200567,(3,9223372036854775807))
Edge(26954,324673,(1,9223372036854775807))
Edge(27251,258767,(3,9223372036854775807))
Edge(27556,200871,(1,9223372036854775807))
Edge(27937,181041,(3,9223372036854775807))
Edge(27946,169799,(3,9223372036854775807))
Edge(28419,82978,(3,9223372036854775807))
Edge(28424,159565,(3,9223372036854775807))
Edge(29141,495846,(3,9223372036854775807))
Edge(30045,278002,(3,9223372036854775807))
Edge(30190,124463,(3,9223372036854775807))
Edge(30608,340534,(3,9223372036854775807))
Edge(30761,144508,(3,9223372036854775807))
Edge(30864,273956,(3,9223372036854775807))
Edge(30958,433712,(3,9223372036854775807))
Edge(30982,56579,(3,9223372036854775807))
Edge(31003,103377,(3,9223372036854775807))
Edge(31324,224157,(1,9223372036854775807))
Edge(31754,340894,(3,9223372036854775807))
Edge(31827,280801,(3,9223372036854775807))
Edge(32499,57363,(3,9223372036854775807))
Edge(32920,129875,(3,9223372036854775807))
Edge(33479,380841,(3,9223372036854775807))
Edge(34443,266389,(3,9223372036854775807))
Edge(34684,38918,(3,9223372036854775807))
Edge(34798,223359,(3,9223372036854775807))
Edge(34804,253812,(3,9223372036854775807))
Edge(34856,22299,(3,9223372036854775807))
Edge(35196,204923,(3,9223372036854775807))
Edge(35478,115185,(3,9223372036854775807))
Edge(36025,477569,(1,9223372036854775807))
Edge(36164,474389,(3,9223372036854775807))
Edge(36235,412208,(3,9223372036854775807))
Edge(36501,126377,(3,9223372036854775807))
Edge(36573,247842,(3,9223372036854775807))
Edge(36858,43900,(1,9223372036854775807))
Edge(36888,292654,(1,9223372036854775807))
Edge(36888,420995,(3,9223372036854775807))
Edge(37114,310983,(3,9223372036854775807))
Edge(37214,158522,(3,9223372036854775807))
Edge(37793,226959,(3,9223372036854775807))
Edge(37886,32701,(3,9223372036854775807))
Edge(37968,233803,(1,9223372036854775807))
Edge(38561,42053,(1,3))
Edge(39021,459213,(3,9223372036854775807))
Edge(39310,377896,(1,3))
Edge(39869,89341,(3,9223372036854775807))
Edge(40189,221170,(1,3))
Edge(40619,322174,(1,3))
Edge(40985,317565,(3,9223372036854775807))
Edge(41367,63474,(3,9223372036854775807))
Edge(42053,472786,(3,9223372036854775807))
Edge(42090,486903,(3,9223372036854775807))
Edge(42221,132874,(3,9223372036854775807))
Edge(42477,40104,(3,9223372036854775807))
Edge(42648,166633,(3,9223372036854775807))
Edge(42836,422518,(3,9223372036854775807))
Edge(42896,373750,(1,9223372036854775807))
Edge(42952,129521,(3,9223372036854775807))
Edge(43074,31000,(1,9223372036854775807))
Edge(43433,153425,(3,9223372036854775807))
Edge(43487,83947,(3,9223372036854775807))
Edge(43795,163622,(3,9223372036854775807))
Edge(44625,251320,(3,9223372036854775807))
Edge(44720,233494,(1,9223372036854775807))
Edge(44837,8359,(3,9223372036854775807))
Edge(45155,249100,(3,9223372036854775807))
Edge(45283,310172,(3,9223372036854775807))
Edge(45377,78219,(3,9223372036854775807))
Edge(45606,476378,(3,9223372036854775807))
Edge(46132,323142,(3,9223372036854775807))
Edge(46540,196956,(3,9223372036854775807))
Edge(46612,386242,(3,9223372036854775807))
Edge(46785,140647,(3,9223372036854775807))
Edge(47147,412921,(3,9223372036854775807))
Edge(47642,55866,(4,9223372036854775807))
Edge(47709,23715,(3,9223372036854775807))
Edge(48114,294102,(1,9223372036854775807))
Edge(48124,222855,(3,9223372036854775807))
Edge(48380,96341,(3,9223372036854775807))
Edge(48458,385708,(3,9223372036854775807))
Edge(48477,271465,(3,9223372036854775807))
Edge(48622,385211,(3,9223372036854775807))
Edge(48979,71563,(3,9223372036854775807))
Edge(49413,20528,(3,9223372036854775807))
Edge(49555,98378,(1,9223372036854775807))
Edge(49623,494641,(3,9223372036854775807))
Edge(49657,98366,(3,9223372036854775807))
Edge(50301,134406,(3,9223372036854775807))
Edge(51064,7773,(3,9223372036854775807))
Edge(51111,430826,(3,9223372036854775807))
Edge(51167,378410,(1,3))
Edge(51507,159682,(3,9223372036854775807))
Edge(52079,310664,(1,9223372036854775807))
Edge(52094,139851,(3,9223372036854775807))
Edge(52141,214367,(1,9223372036854775807))
Edge(52313,9530,(3,9223372036854775807))
Edge(52353,343400,(1,9223372036854775807))
Edge(52473,447528,(3,9223372036854775807))
Edge(52562,71993,(1,9223372036854775807))
Edge(52630,252693,(3,9223372036854775807))
Edge(52776,144994,(3,9223372036854775807))
Edge(52870,486983,(3,9223372036854775807))
Edge(52894,298514,(3,9223372036854775807))
Edge(53630,101717,(3,9223372036854775807))
Edge(53762,332835,(1,3))
Edge(53887,172221,(3,9223372036854775807))
Edge(53936,107745,(1,9223372036854775807))
Edge(54893,234134,(3,9223372036854775807))
Edge(55083,360123,(3,9223372036854775807))
Edge(55391,347888,(3,9223372036854775807))
Edge(55497,13836,(3,9223372036854775807))
Edge(55539,12444,(3,9223372036854775807))
Edge(55634,355459,(3,9223372036854775807))
Edge(55939,370571,(3,9223372036854775807))
Edge(56033,85104,(3,9223372036854775807))
Edge(56209,268896,(1,3))
Edge(56996,184051,(3,9223372036854775807))
Edge(57004,115167,(3,9223372036854775807))
Edge(57007,287452,(3,9223372036854775807))
Edge(57065,288410,(1,9223372036854775807))
Edge(57299,465357,(3,9223372036854775807))
Edge(57388,424385,(3,9223372036854775807))
Edge(57492,111077,(1,9223372036854775807))
Edge(57556,224682,(3,9223372036854775807))
Edge(57604,470240,(3,9223372036854775807))
Edge(57673,115111,(3,9223372036854775807))
Edge(57732,276051,(3,9223372036854775807))
Edge(57919,75633,(1,3))
Edge(57966,180207,(3,9223372036854775807))
Edge(58106,57745,(3,9223372036854775807))
Edge(58965,182294,(3,9223372036854775807))
Edge(59071,265108,(3,9223372036854775807))
Edge(59711,298742,(3,9223372036854775807))
Edge(59797,335445,(3,9223372036854775807))
Edge(60468,124262,(3,9223372036854775807))
Edge(60899,208450,(1,3))
Edge(61639,154922,(3,9223372036854775807))
Edge(61668,209095,(3,9223372036854775807))
Edge(62266,140870,(3,9223372036854775807))
Edge(62404,463430,(3,9223372036854775807))
Edge(62417,335957,(3,9223372036854775807))
Edge(62869,36315,(1,3))
Edge(62966,287638,(3,9223372036854775807))
Edge(63438,284118,(3,9223372036854775807))
Edge(63692,446214,(3,9223372036854775807))
Edge(63766,221811,(3,9223372036854775807))
Edge(63825,196384,(1,3))
Edge(63923,350915,(1,9223372036854775807))
Edge(64295,426193,(3,9223372036854775807))
Edge(64536,458166,(3,9223372036854775807))
Edge(64581,327689,(3,9223372036854775807))
Edge(64651,248255,(3,9223372036854775807))
Edge(64937,493675,(3,9223372036854775807))
Edge(64995,298665,(3,9223372036854775807))
Edge(65268,147696,(3,9223372036854775807))
Edge(65326,198239,(3,9223372036854775807))
Edge(65756,60833,(3,9223372036854775807))
Edge(65869,117946,(3,9223372036854775807))
Edge(66072,183134,(3,9223372036854775807))
Edge(66085,271920,(3,9223372036854775807))
Edge(66246,418726,(3,9223372036854775807))
Edge(66472,318880,(3,9223372036854775807))
Edge(66698,257693,(3,9223372036854775807))
Edge(67156,118264,(3,9223372036854775807))
Edge(67217,74952,(3,9223372036854775807))
Edge(67655,205884,(3,9223372036854775807))
Edge(67995,23292,(3,9223372036854775807))
Edge(68143,84767,(3,9223372036854775807))
Edge(68277,388518,(3,9223372036854775807))
Edge(68326,345330,(3,9223372036854775807))
Edge(68358,107235,(3,9223372036854775807))
Edge(68416,269070,(3,9223372036854775807))
Edge(68555,4874,(3,9223372036854775807))
Edge(68653,212669,(3,9223372036854775807))
Edge(68699,284353,(1,9223372036854775807))
Edge(68894,410344,(3,9223372036854775807))
Edge(68918,158116,(4,9223372036854775807))
Edge(69212,348413,(3,9223372036854775807))
Edge(69298,193194,(3,9223372036854775807))
Edge(69422,419252,(3,9223372036854775807))
Edge(69702,22343,(1,3))
Edge(70999,290506,(3,9223372036854775807))
Edge(71157,284207,(3,9223372036854775807))
Edge(71509,314507,(1,3))
Edge(71729,342874,(3,9223372036854775807))
Edge(72052,246832,(3,9223372036854775807))
Edge(72354,362828,(3,9223372036854775807))
Edge(73241,405146,(3,9223372036854775807))
Edge(73279,201483,(3,9223372036854775807))
Edge(73859,342442,(1,9223372036854775807))
Edge(73938,19549,(3,9223372036854775807))
Edge(74287,60626,(1,3))
Edge(75054,433447,(3,9223372036854775807))
Edge(75641,401237,(3,9223372036854775807))
Edge(75869,495306,(3,9223372036854775807))
Edge(75893,424641,(3,9223372036854775807))
Edge(76180,145792,(3,9223372036854775807))
Edge(76276,109938,(1,9223372036854775807))
Edge(76402,393947,(3,9223372036854775807))
Edge(76410,15268,(3,9223372036854775807))
Edge(76657,342045,(3,9223372036854775807))
Edge(76700,24109,(3,9223372036854775807))
Edge(77428,376613,(3,9223372036854775807))
Edge(77736,266047,(3,9223372036854775807))
Edge(77932,343584,(3,9223372036854775807))
Edge(77986,375968,(1,9223372036854775807))
Edge(78034,427507,(3,9223372036854775807))
Edge(78295,309785,(3,9223372036854775807))
Edge(78497,92129,(3,9223372036854775807))
Edge(78900,374308,(3,9223372036854775807))
Edge(79807,358642,(3,9223372036854775807))
Edge(79964,269728,(3,9223372036854775807))
Edge(80438,277262,(1,9223372036854775807))
Edge(80644,118278,(3,9223372036854775807))
Edge(81285,158667,(3,9223372036854775807))
Edge(81630,24670,(1,3))
Edge(82066,477493,(3,9223372036854775807))
Edge(82224,214849,(3,9223372036854775807))
Edge(82268,200177,(3,9223372036854775807))
Edge(82597,280717,(3,9223372036854775807))
Edge(82857,490884,(3,9223372036854775807))
Edge(83619,244501,(3,9223372036854775807))
Edge(84523,225145,(1,9223372036854775807))
Edge(84578,171696,(3,9223372036854775807))
Edge(84697,497161,(3,9223372036854775807))
Edge(85002,408253,(1,3))
Edge(85178,225495,(3,9223372036854775807))
Edge(85481,53325,(3,9223372036854775807))
Edge(85964,308488,(1,3))
Edge(86536,441576,(3,9223372036854775807))
Edge(86544,88395,(3,9223372036854775807))
Edge(86760,385868,(3,9223372036854775807))
Edge(86811,70433,(3,9223372036854775807))
Edge(87366,99609,(3,9223372036854775807))
Edge(87692,101969,(3,9223372036854775807))
Edge(87916,293132,(1,9223372036854775807))
Edge(88182,53560,(3,9223372036854775807))
Edge(88935,58124,(1,9223372036854775807))
Edge(89047,485860,(1,9223372036854775807))
Edge(89185,302970,(3,9223372036854775807))
Edge(89240,359261,(3,9223372036854775807))
Edge(89290,27109,(3,9223372036854775807))
Edge(89549,445109,(1,9223372036854775807))
Edge(89940,282692,(3,9223372036854775807))
Edge(89982,465247,(1,9223372036854775807))
Edge(90119,143787,(3,9223372036854775807))
Edge(90315,76412,(3,9223372036854775807))
Edge(90348,256038,(3,9223372036854775807))
Edge(90450,285625,(3,9223372036854775807))
Edge(90877,458758,(3,9223372036854775807))
Edge(90895,36512,(3,9223372036854775807))
Edge(90983,291992,(3,9223372036854775807))
Edge(91435,177522,(3,9223372036854775807))
Edge(91685,427129,(3,9223372036854775807))
Edge(91941,186600,(1,3))
Edge(91998,209151,(3,9223372036854775807))
Edge(92208,59973,(3,9223372036854775807))
Edge(92866,373326,(3,9223372036854775807))
Edge(92990,206424,(3,9223372036854775807))
Edge(93394,471164,(3,9223372036854775807))
Edge(93594,475220,(3,9223372036854775807))
Edge(93830,126914,(1,3))
Edge(94168,176420,(1,9223372036854775807))
Edge(94252,291397,(3,9223372036854775807))
Edge(94590,451871,(1,9223372036854775807))
Edge(94675,63492,(3,9223372036854775807))
Edge(94759,446066,(3,9223372036854775807))
Edge(94884,48987,(3,9223372036854775807))
Edge(95310,460356,(3,9223372036854775807))
Edge(95832,438585,(3,9223372036854775807))
Edge(96000,132716,(3,9223372036854775807))
Edge(96037,489112,(3,9223372036854775807))
Edge(96275,430402,(3,9223372036854775807))
Edge(96299,371575,(3,9223372036854775807))
Edge(96835,471694,(3,9223372036854775807))
Edge(97062,192362,(1,9223372036854775807))
Edge(97178,426183,(3,9223372036854775807))
Edge(97355,464535,(3,9223372036854775807))
Edge(97452,356145,(3,9223372036854775807))
Edge(98045,241998,(3,9223372036854775807))
Edge(98216,60726,(3,9223372036854775807))
Edge(98675,374083,(3,9223372036854775807))
Edge(99031,73402,(3,9223372036854775807))
Edge(99055,465463,(3,9223372036854775807))
Edge(99385,394034,(3,9223372036854775807))
Edge(99707,88163,(1,3))
Edge(100322,164934,(1,3))
Edge(100399,470633,(3,9223372036854775807))
Edge(100531,380042,(3,9223372036854775807))
Edge(100600,189568,(3,9223372036854775807))
Edge(100631,485583,(3,9223372036854775807))
Edge(100645,307580,(3,9223372036854775807))
Edge(100976,286174,(3,9223372036854775807))
Edge(101211,76149,(3,9223372036854775807))
Edge(101374,75903,(3,9223372036854775807))
Edge(101495,89975,(3,9223372036854775807))
Edge(101788,240144,(3,9223372036854775807))
Edge(101992,1177,(3,9223372036854775807))
Edge(102181,195622,(3,9223372036854775807))
Edge(102460,112935,(3,9223372036854775807))
Edge(102641,439283,(3,9223372036854775807))
Edge(102658,291546,(3,9223372036854775807))
Edge(102839,112756,(3,9223372036854775807))
Edge(102920,258489,(3,9223372036854775807))
Edge(102931,434105,(3,9223372036854775807))
Edge(103240,459784,(3,9223372036854775807))
Edge(103322,15132,(4,9223372036854775807))
Edge(103544,51515,(1,9223372036854775807))
Edge(104410,349487,(3,9223372036854775807))
Edge(104539,469753,(3,9223372036854775807))
Edge(104671,132813,(3,9223372036854775807))
Edge(104753,107882,(1,9223372036854775807))
Edge(104879,103899,(3,9223372036854775807))
Edge(105212,269166,(1,9223372036854775807))
Edge(105238,398664,(3,9223372036854775807))
Edge(105667,93922,(3,9223372036854775807))
Edge(105755,232537,(3,9223372036854775807))
Edge(106101,128949,(3,9223372036854775807))
Edge(106282,126467,(3,9223372036854775807))
Edge(106826,385910,(3,9223372036854775807))
Edge(106996,25413,(3,9223372036854775807))
Edge(107897,307257,(3,9223372036854775807))
Edge(107943,9079,(3,9223372036854775807))
Edge(108295,292974,(3,9223372036854775807))
Edge(108612,401300,(3,9223372036854775807))
Edge(108619,434038,(3,9223372036854775807))
Edge(108890,346704,(3,9223372036854775807))
Edge(109115,254878,(3,9223372036854775807))
Edge(109322,409746,(3,9223372036854775807))
Edge(110151,182862,(1,9223372036854775807))
Edge(110308,317704,(3,9223372036854775807))
Edge(110754,451015,(3,9223372036854775807))
Edge(111284,271256,(3,9223372036854775807))
Edge(111366,164715,(3,9223372036854775807))
Edge(111405,328536,(1,9223372036854775807))
Edge(111422,119367,(3,9223372036854775807))
Edge(111992,441030,(3,9223372036854775807))
Edge(112110,176616,(3,9223372036854775807))
Edge(112262,129563,(3,9223372036854775807))
Edge(112316,479592,(3,9223372036854775807))
Edge(112708,41869,(3,9223372036854775807))
Edge(112929,428745,(3,9223372036854775807))
Edge(112932,295610,(3,9223372036854775807))
Edge(113147,134527,(3,9223372036854775807))
Edge(113451,316524,(1,3))
Edge(113942,412922,(3,9223372036854775807))
Edge(114005,6525,(3,9223372036854775807))
Edge(114389,314777,(1,9223372036854775807))
Edge(115261,49961,(3,9223372036854775807))
Edge(115279,139494,(3,9223372036854775807))
Edge(115462,271624,(3,9223372036854775807))
Edge(115653,308470,(3,9223372036854775807))
Edge(115731,456488,(3,9223372036854775807))
Edge(117103,480886,(3,9223372036854775807))
Edge(117194,16857,(3,9223372036854775807))
Edge(117621,237848,(3,9223372036854775807))
Edge(117686,214539,(3,9223372036854775807))
Edge(118263,174554,(3,9223372036854775807))
Edge(119274,18024,(3,9223372036854775807))
Edge(119834,299804,(3,9223372036854775807))
Edge(119857,444168,(3,9223372036854775807))
Edge(120051,128803,(3,9223372036854775807))
Edge(120103,233787,(3,9223372036854775807))
Edge(121395,208162,(3,9223372036854775807))
Edge(121501,122197,(3,9223372036854775807))
Edge(121777,203621,(3,9223372036854775807))
Edge(122161,30783,(3,9223372036854775807))
Edge(122477,341316,(1,9223372036854775807))
Edge(122491,182563,(3,9223372036854775807))
Edge(122554,400527,(3,9223372036854775807))
Edge(122899,210387,(3,9223372036854775807))
Edge(123645,206088,(3,9223372036854775807))
Edge(123809,26690,(3,9223372036854775807))
Edge(123915,38442,(3,9223372036854775807))
Edge(124146,156087,(3,9223372036854775807))
Edge(124329,416000,(3,9223372036854775807))
Edge(124381,176884,(3,9223372036854775807))
Edge(125097,203231,(3,9223372036854775807))
Edge(125692,389174,(3,9223372036854775807))
Edge(125715,146333,(3,9223372036854775807))
Edge(126462,285788,(3,9223372036854775807))
Edge(127118,259822,(1,3))
Edge(127227,242215,(3,9223372036854775807))
Edge(127260,478025,(3,9223372036854775807))
Edge(127426,11542,(3,9223372036854775807))
Edge(127517,99823,(3,9223372036854775807))
Edge(127562,5157,(1,9223372036854775807))
Edge(127935,272891,(3,9223372036854775807))
Edge(128242,223152,(3,9223372036854775807))
Edge(128426,13612,(3,9223372036854775807))
Edge(128548,347600,(4,9223372036854775807))
Edge(128575,116279,(3,9223372036854775807))
Edge(129334,370181,(3,9223372036854775807))
Edge(129338,452206,(3,9223372036854775807))
Edge(129783,491571,(3,9223372036854775807))
Edge(130171,99172,(3,9223372036854775807))
Edge(130599,462786,(3,9223372036854775807))
Edge(130963,300566,(1,9223372036854775807))
Edge(131567,105873,(1,9223372036854775807))
Edge(131643,378243,(1,9223372036854775807))
Edge(132205,350127,(3,9223372036854775807))
Edge(132349,10317,(3,9223372036854775807))
Edge(132507,464024,(3,9223372036854775807))
Edge(132762,331644,(3,9223372036854775807))
Edge(133271,431955,(3,9223372036854775807))
Edge(133313,456252,(3,9223372036854775807))
Edge(133341,294462,(3,9223372036854775807))
Edge(133449,209525,(1,9223372036854775807))
Edge(133547,259358,(3,9223372036854775807))
Edge(133565,105023,(1,9223372036854775807))
Edge(134224,473474,(3,9223372036854775807))
Edge(134270,174800,(3,9223372036854775807))
Edge(134560,401385,(3,9223372036854775807))
Edge(134802,437526,(3,9223372036854775807))
Edge(135042,403242,(3,9223372036854775807))
Edge(135185,221502,(3,9223372036854775807))
Edge(135203,316395,(3,9223372036854775807))
Edge(135244,114398,(1,9223372036854775807))
Edge(136532,141182,(1,9223372036854775807))
Edge(136751,105012,(1,9223372036854775807))
Edge(136790,398333,(3,9223372036854775807))
Edge(136924,148503,(3,9223372036854775807))
Edge(137813,130040,(3,9223372036854775807))
Edge(138194,127944,(3,9223372036854775807))
Edge(138322,494618,(3,9223372036854775807))
Edge(139077,87083,(3,9223372036854775807))
Edge(139078,154051,(3,9223372036854775807))
Edge(139727,360694,(1,9223372036854775807))
Edge(139783,199458,(3,9223372036854775807))
Edge(139907,461243,(3,9223372036854775807))
Edge(140202,360495,(3,9223372036854775807))
Edge(140436,457493,(3,9223372036854775807))
Edge(140856,180434,(1,9223372036854775807))
Edge(141024,260320,(3,9223372036854775807))
Edge(141082,381802,(1,9223372036854775807))
Edge(142350,469709,(3,9223372036854775807))
Edge(142758,427942,(3,9223372036854775807))
Edge(143200,250968,(1,9223372036854775807))
Edge(143258,208181,(3,9223372036854775807))
Edge(143452,302520,(1,9223372036854775807))
Edge(143473,432396,(3,9223372036854775807))
Edge(144019,16593,(3,9223372036854775807))
Edge(144154,23933,(3,9223372036854775807))
Edge(144368,384966,(3,9223372036854775807))
Edge(144518,183629,(3,9223372036854775807))
Edge(144685,435034,(3,9223372036854775807))
Edge(144737,405448,(3,9223372036854775807))
Edge(144806,368894,(3,9223372036854775807))
Edge(144950,255294,(3,9223372036854775807))
Edge(145251,427422,(3,9223372036854775807))
Edge(145763,170179,(3,9223372036854775807))
Edge(145963,75413,(1,9223372036854775807))
Edge(146396,344898,(1,3))
Edge(146693,278340,(3,9223372036854775807))
Edge(146837,470398,(1,9223372036854775807))
Edge(146901,431899,(3,9223372036854775807))
Edge(147009,85575,(1,3))
Edge(147297,446971,(3,9223372036854775807))
Edge(147909,170268,(3,9223372036854775807))
Edge(148163,212960,(3,9223372036854775807))
Edge(148339,185899,(3,9223372036854775807))
Edge(148494,242656,(3,9223372036854775807))
Edge(149528,429896,(3,9223372036854775807))
Edge(149681,7749,(3,9223372036854775807))
Edge(149815,194797,(3,9223372036854775807))
Edge(149842,185970,(3,9223372036854775807))
Edge(150086,33842,(3,9223372036854775807))
Edge(150092,153653,(3,9223372036854775807))
Edge(150542,35904,(3,9223372036854775807))
Edge(150548,271033,(1,9223372036854775807))
Edge(151081,362765,(3,9223372036854775807))
Edge(151536,161373,(3,9223372036854775807))
Edge(151770,199498,(3,9223372036854775807))
Edge(152161,389387,(3,9223372036854775807))
Edge(152179,494167,(3,9223372036854775807))
Edge(152208,442780,(1,9223372036854775807))
Edge(152451,44160,(3,9223372036854775807))
Edge(152554,147526,(3,9223372036854775807))
Edge(152970,242802,(3,9223372036854775807))
Edge(153184,235221,(3,9223372036854775807))
Edge(153195,295938,(3,9223372036854775807))
Edge(153662,67157,(3,9223372036854775807))
Edge(154416,297104,(3,9223372036854775807))
Edge(154579,296589,(1,9223372036854775807))
Edge(154984,431876,(3,9223372036854775807))
Edge(155096,436116,(3,9223372036854775807))
Edge(155421,127522,(1,9223372036854775807))
Edge(156219,15658,(3,9223372036854775807))
Edge(156453,348734,(3,9223372036854775807))
Edge(157590,231607,(1,9223372036854775807))
Edge(158430,64313,(3,9223372036854775807))
Edge(158518,170615,(3,9223372036854775807))
Edge(159499,79891,(3,9223372036854775807))
Edge(159534,342862,(3,9223372036854775807))
Edge(159861,254607,(3,9223372036854775807))
Edge(159914,124782,(3,9223372036854775807))
Edge(160130,431632,(3,9223372036854775807))
Edge(160381,426513,(3,9223372036854775807))
Edge(161408,413509,(3,9223372036854775807))
Edge(162107,473716,(3,9223372036854775807))
Edge(162680,347213,(3,9223372036854775807))
Edge(162722,44938,(1,9223372036854775807))
Edge(162908,458036,(3,9223372036854775807))
Edge(163130,114369,(3,9223372036854775807))
Edge(163612,26872,(3,9223372036854775807))
Edge(164528,127348,(3,9223372036854775807))
Edge(164669,299376,(3,9223372036854775807))
Edge(164920,376870,(3,9223372036854775807))
Edge(165071,28231,(1,3))
Edge(165505,497975,(3,9223372036854775807))
Edge(165950,89496,(1,9223372036854775807))
Edge(166010,123856,(3,9223372036854775807))
Edge(166084,432098,(1,3))
Edge(166126,94854,(3,9223372036854775807))
Edge(166365,11363,(3,9223372036854775807))
Edge(166885,426914,(3,9223372036854775807))
Edge(167304,317088,(3,9223372036854775807))
Edge(168074,133413,(3,9223372036854775807))
Edge(168400,5401,(3,9223372036854775807))
Edge(168645,114652,(3,9223372036854775807))
Edge(168909,310591,(3,9223372036854775807))
Edge(169069,209858,(3,9223372036854775807))
Edge(169636,301836,(3,9223372036854775807))
Edge(169651,366642,(1,9223372036854775807))
Edge(169724,365729,(3,9223372036854775807))
Edge(170353,385692,(1,9223372036854775807))
Edge(170529,446309,(3,9223372036854775807))
Edge(170557,334293,(3,9223372036854775807))
Edge(170674,89352,(3,9223372036854775807))
Edge(171005,96336,(3,9223372036854775807))
Edge(171505,447858,(3,9223372036854775807))
Edge(172075,143950,(1,9223372036854775807))
Edge(172238,227654,(3,9223372036854775807))
Edge(172356,450443,(1,9223372036854775807))
Edge(172391,392976,(3,9223372036854775807))
Edge(172626,308636,(3,9223372036854775807))
Edge(173162,190773,(3,9223372036854775807))
Edge(173496,57250,(3,9223372036854775807))
Edge(174473,186056,(3,9223372036854775807))
Edge(174581,30102,(3,9223372036854775807))
Edge(174705,215876,(3,9223372036854775807))
Edge(175131,438737,(3,9223372036854775807))
Edge(175208,476227,(1,9223372036854775807))
Edge(175237,421416,(1,3))
Edge(175253,118846,(3,9223372036854775807))
Edge(175261,165580,(3,9223372036854775807))
Edge(175433,181358,(3,9223372036854775807))
Edge(175789,405056,(3,9223372036854775807))
Edge(176537,28667,(3,9223372036854775807))
Edge(176843,256117,(3,9223372036854775807))
Edge(176885,316555,(3,9223372036854775807))
Edge(177274,464046,(3,9223372036854775807))
Edge(177381,92165,(3,9223372036854775807))
Edge(177976,285273,(1,9223372036854775807))
Edge(178164,297214,(3,9223372036854775807))
Edge(178203,119768,(3,9223372036854775807))
Edge(178708,54944,(3,9223372036854775807))
Edge(179032,103799,(1,9223372036854775807))
Edge(179203,412036,(3,9223372036854775807))
Edge(180629,147857,(3,9223372036854775807))
Edge(180849,61980,(3,9223372036854775807))
Edge(181122,372645,(3,9223372036854775807))
Edge(181964,95214,(3,9223372036854775807))
Edge(182034,293639,(3,9223372036854775807))
Edge(182363,38595,(3,9223372036854775807))
Edge(182852,337201,(3,9223372036854775807))
Edge(182911,31168,(1,3))
Edge(183220,494976,(3,9223372036854775807))
Edge(183481,413998,(3,9223372036854775807))
Edge(183722,216553,(3,9223372036854775807))
Edge(183808,22966,(3,9223372036854775807))
Edge(183999,174812,(3,9223372036854775807))
Edge(184980,212849,(3,9223372036854775807))
Edge(185242,437384,(3,9223372036854775807))
Edge(185751,448360,(3,9223372036854775807))
Edge(186303,443839,(3,9223372036854775807))
Edge(186789,195574,(3,9223372036854775807))
Edge(187025,193631,(3,9223372036854775807))
Edge(187057,111417,(3,9223372036854775807))
Edge(187266,101908,(3,9223372036854775807))
Edge(187536,369548,(1,3))
Edge(188157,37345,(1,3))
Edge(188925,100333,(1,9223372036854775807))
Edge(189145,144904,(1,9223372036854775807))
Edge(189576,85411,(3,9223372036854775807))
Edge(190209,39818,(3,9223372036854775807))
Edge(190825,209798,(3,9223372036854775807))
Edge(191386,71660,(3,9223372036854775807))
Edge(191439,322737,(1,9223372036854775807))
Edge(191574,438622,(1,3))
Edge(191731,98465,(3,9223372036854775807))
Edge(191735,435927,(3,9223372036854775807))
Edge(191797,167970,(3,9223372036854775807))
Edge(191928,146484,(1,3))
Edge(192150,289144,(1,9223372036854775807))
Edge(192659,193698,(3,9223372036854775807))
Edge(192668,291434,(3,9223372036854775807))
Edge(192753,339928,(3,9223372036854775807))
Edge(193442,290276,(3,9223372036854775807))
Edge(193742,136701,(1,9223372036854775807))
Edge(193944,158867,(3,9223372036854775807))
Edge(194920,341202,(3,9223372036854775807))
Edge(195025,228716,(3,9223372036854775807))
Edge(195768,364846,(3,9223372036854775807))
Edge(195885,237687,(1,9223372036854775807))
Edge(196135,100020,(3,9223372036854775807))
Edge(196509,117216,(3,9223372036854775807))
Edge(196740,98663,(3,9223372036854775807))
Edge(197266,366067,(3,9223372036854775807))
Edge(197389,248409,(1,3))
Edge(197546,199282,(3,9223372036854775807))
Edge(197803,40250,(3,9223372036854775807))
Edge(198100,40821,(3,9223372036854775807))
Edge(198305,344960,(1,3))
Edge(198751,412466,(3,9223372036854775807))
Edge(198790,97291,(3,9223372036854775807))
Edge(198978,245313,(3,9223372036854775807))
Edge(199190,241253,(3,9223372036854775807))
Edge(199262,217041,(3,9223372036854775807))
Edge(199382,225041,(3,9223372036854775807))
Edge(199696,184967,(1,9223372036854775807))
Edge(200350,473712,(3,9223372036854775807))
Edge(200568,452081,(1,9223372036854775807))
Edge(200687,392987,(3,9223372036854775807))
Edge(200694,255862,(3,9223372036854775807))
Edge(200776,69465,(3,9223372036854775807))
Edge(200888,453583,(1,3))
Edge(201150,43928,(3,9223372036854775807))
Edge(201226,108379,(3,9223372036854775807))
Edge(201609,239722,(3,9223372036854775807))
Edge(202183,499127,(3,9223372036854775807))
Edge(202216,160352,(3,9223372036854775807))
Edge(202485,369984,(1,9223372036854775807))
Edge(202723,469369,(3,9223372036854775807))
Edge(202910,406018,(3,9223372036854775807))
Edge(202969,378847,(1,9223372036854775807))
Edge(203414,398742,(3,9223372036854775807))
Edge(203622,440322,(1,9223372036854775807))
Edge(203774,191001,(3,9223372036854775807))
Edge(204057,366220,(3,9223372036854775807))
Edge(204124,179947,(1,9223372036854775807))
Edge(204222,386609,(3,9223372036854775807))
Edge(204605,229220,(3,9223372036854775807))
Edge(204951,371062,(3,9223372036854775807))
Edge(204993,427655,(3,9223372036854775807))
Edge(205053,231843,(3,9223372036854775807))
Edge(205089,32755,(3,9223372036854775807))
Edge(205447,90101,(3,9223372036854775807))
Edge(205558,299760,(3,9223372036854775807))
Edge(205749,116677,(3,9223372036854775807))
Edge(205821,202249,(3,9223372036854775807))
Edge(206064,428027,(3,9223372036854775807))
Edge(206400,281681,(3,9223372036854775807))
Edge(206826,275831,(3,9223372036854775807))
Edge(207030,95345,(3,9223372036854775807))
Edge(208728,343743,(3,9223372036854775807))
Edge(208894,198867,(3,9223372036854775807))
Edge(208964,346546,(3,9223372036854775807))
Edge(209475,177083,(3,9223372036854775807))
Edge(209874,481555,(1,9223372036854775807))
Edge(209969,199893,(3,9223372036854775807))
Edge(210055,439140,(3,9223372036854775807))
Edge(210848,471357,(3,9223372036854775807))
Edge(210853,7179,(1,9223372036854775807))
Edge(210863,322564,(1,9223372036854775807))
Edge(211151,436272,(3,9223372036854775807))
Edge(211482,426341,(3,9223372036854775807))
Edge(212084,112765,(3,9223372036854775807))
Edge(212155,310822,(3,9223372036854775807))
Edge(212288,328133,(3,9223372036854775807))
Edge(212347,219225,(3,9223372036854775807))
Edge(213509,183701,(3,9223372036854775807))
Edge(214525,65195,(3,9223372036854775807))
Edge(214534,215787,(3,9223372036854775807))
Edge(214747,2967,(3,9223372036854775807))
Edge(215013,64354,(3,9223372036854775807))
Edge(215626,184364,(3,9223372036854775807))
Edge(215709,201901,(1,3))
Edge(215995,227918,(1,3))
Edge(216336,292334,(3,9223372036854775807))
Edge(216341,27027,(3,9223372036854775807))
Edge(216472,149911,(4,9223372036854775807))
Edge(216559,58391,(1,9223372036854775807))
Edge(216620,11180,(3,9223372036854775807))
Edge(216976,339850,(3,9223372036854775807))
Edge(217180,321950,(3,9223372036854775807))
Edge(217321,443444,(1,9223372036854775807))
Edge(218469,287770,(3,9223372036854775807))
Edge(219064,301491,(1,3))
Edge(219587,487196,(3,9223372036854775807))
Edge(219608,19081,(3,9223372036854775807))
Edge(219911,460728,(1,9223372036854775807))
Edge(219939,355970,(3,9223372036854775807))
Edge(220743,348409,(3,9223372036854775807))
Edge(221060,478083,(3,9223372036854775807))
Edge(221800,466325,(3,9223372036854775807))
Edge(221925,218821,(3,9223372036854775807))
Edge(222079,187449,(3,9223372036854775807))
Edge(222708,135640,(3,9223372036854775807))
Edge(222785,399280,(3,9223372036854775807))
Edge(222864,182519,(1,9223372036854775807))
Edge(223027,51238,(3,9223372036854775807))
Edge(223071,114355,(3,9223372036854775807))
Edge(223083,56102,(3,9223372036854775807))
Edge(223239,1935,(3,9223372036854775807))
Edge(223288,478925,(3,9223372036854775807))
Edge(223968,249892,(3,9223372036854775807))
Edge(224085,302246,(1,9223372036854775807))
Edge(224129,96602,(3,9223372036854775807))
Edge(224380,354884,(1,9223372036854775807))
Edge(224461,187135,(3,9223372036854775807))
Edge(224470,308841,(1,3))
Edge(225114,219021,(3,9223372036854775807))
Edge(225891,252724,(3,9223372036854775807))
Edge(225923,401547,(3,9223372036854775807))
Edge(226193,283580,(1,3))
Edge(226314,20242,(3,9223372036854775807))
Edge(226431,294607,(3,9223372036854775807))
Edge(226510,207581,(3,9223372036854775807))
Edge(226679,380099,(3,9223372036854775807))
Edge(226817,284894,(3,9223372036854775807))
Edge(227108,454164,(3,9223372036854775807))
Edge(227390,44376,(3,9223372036854775807))
Edge(227631,216506,(1,3))
Edge(227728,133527,(3,9223372036854775807))
Edge(228445,174759,(3,9223372036854775807))
Edge(228492,406159,(3,9223372036854775807))
Edge(228790,397679,(1,9223372036854775807))
Edge(228906,375693,(3,9223372036854775807))
Edge(229018,166758,(3,9223372036854775807))
Edge(229608,308757,(3,9223372036854775807))
Edge(229756,266502,(3,9223372036854775807))
Edge(229803,170406,(3,9223372036854775807))
Edge(229925,184380,(1,3))
Edge(230104,285284,(1,3))
Edge(230876,461173,(1,3))
Edge(230962,338963,(1,3))
Edge(231593,265398,(3,9223372036854775807))
Edge(232622,407478,(3,9223372036854775807))
Edge(232646,60298,(3,9223372036854775807))
Edge(234120,447573,(1,9223372036854775807))
Edge(234424,249887,(1,3))
Edge(234880,373231,(3,9223372036854775807))
Edge(234957,288551,(1,9223372036854775807))
Edge(235543,319696,(1,9223372036854775807))
Edge(235637,272600,(3,9223372036854775807))
Edge(235705,7580,(4,9223372036854775807))
Edge(236141,138755,(3,9223372036854775807))
Edge(236230,354919,(3,9223372036854775807))
Edge(236244,238762,(3,9223372036854775807))
Edge(236301,217469,(3,9223372036854775807))
Edge(237105,247528,(3,9223372036854775807))
Edge(237471,157874,(3,9223372036854775807))
Edge(238284,75966,(3,9223372036854775807))
Edge(238353,308079,(3,9223372036854775807))
Edge(239072,418089,(3,9223372036854775807))
Edge(239403,394636,(3,9223372036854775807))
Edge(239730,194162,(3,9223372036854775807))
Edge(239912,357678,(1,3))
Edge(240444,173828,(3,9223372036854775807))
Edge(240458,365967,(3,9223372036854775807))
Edge(240485,313643,(3,9223372036854775807))
Edge(240600,320489,(3,9223372036854775807))
Edge(241233,244154,(3,9223372036854775807))
Edge(242118,362041,(3,9223372036854775807))
Edge(242965,404133,(1,9223372036854775807))
Edge(243322,434202,(3,9223372036854775807))
Edge(243495,440409,(3,9223372036854775807))
Edge(243611,42322,(3,9223372036854775807))
Edge(243615,174733,(1,3))
Edge(243739,169949,(3,9223372036854775807))
Edge(243870,348172,(3,9223372036854775807))
Edge(244479,457185,(1,3))
Edge(244733,416356,(1,9223372036854775807))
Edge(244926,402266,(3,9223372036854775807))
Edge(245358,145682,(3,9223372036854775807))
Edge(245400,19310,(3,9223372036854775807))
Edge(245532,22382,(1,9223372036854775807))
Edge(245704,441771,(3,9223372036854775807))
Edge(245971,437177,(1,9223372036854775807))
Edge(246861,307749,(3,9223372036854775807))
Edge(246943,459095,(3,9223372036854775807))
Edge(247053,338032,(3,9223372036854775807))
Edge(247661,95994,(3,9223372036854775807))
Edge(247673,164232,(3,9223372036854775807))
Edge(249071,104107,(3,9223372036854775807))
Edge(249115,170440,(3,9223372036854775807))
Edge(249365,468651,(3,9223372036854775807))
Edge(249456,7077,(3,9223372036854775807))
Edge(249514,417060,(1,3))
Edge(249813,429280,(3,9223372036854775807))
Edge(250362,70303,(1,9223372036854775807))
Edge(250559,9090,(3,9223372036854775807))
Edge(250616,141933,(1,9223372036854775807))
Edge(250680,368989,(3,9223372036854775807))
Edge(250721,319559,(3,9223372036854775807))
Edge(251199,388689,(3,9223372036854775807))
Edge(251211,479538,(3,9223372036854775807))
Edge(251523,384368,(1,9223372036854775807))
Edge(251589,43404,(1,3))
Edge(251867,159407,(3,9223372036854775807))
Edge(252146,98753,(3,9223372036854775807))
Edge(252296,238663,(3,9223372036854775807))
Edge(252834,206309,(3,9223372036854775807))
Edge(253132,163999,(3,9223372036854775807))
Edge(253192,215210,(1,9223372036854775807))
Edge(253266,282564,(3,9223372036854775807))
Edge(253318,112185,(3,9223372036854775807))
Edge(253518,126619,(3,9223372036854775807))
Edge(253962,431261,(1,9223372036854775807))
Edge(254278,85950,(1,9223372036854775807))
Edge(254807,259724,(1,9223372036854775807))
Edge(254918,392583,(3,9223372036854775807))
Edge(254995,68047,(3,9223372036854775807))
Edge(255324,378519,(3,9223372036854775807))
Edge(255443,123976,(3,9223372036854775807))
Edge(255987,180146,(3,9223372036854775807))
Edge(256465,267799,(3,9223372036854775807))
Edge(256692,124303,(3,9223372036854775807))
Edge(257562,44151,(1,9223372036854775807))
Edge(257614,399110,(3,9223372036854775807))
Edge(257807,248336,(1,9223372036854775807))
Edge(257905,71248,(3,9223372036854775807))
Edge(258097,199650,(3,9223372036854775807))
Edge(258679,387513,(1,9223372036854775807))
Edge(258758,388839,(1,9223372036854775807))
Edge(258860,220149,(3,9223372036854775807))
Edge(259050,159320,(3,9223372036854775807))
Edge(259326,57808,(3,9223372036854775807))
Edge(259378,125851,(3,9223372036854775807))
Edge(259697,364946,(3,9223372036854775807))
Edge(259756,40064,(3,9223372036854775807))
Edge(260050,68219,(1,9223372036854775807))
Edge(261322,11050,(3,9223372036854775807))
Edge(261625,320351,(3,9223372036854775807))
Edge(261705,390792,(3,9223372036854775807))
Edge(262830,441500,(3,9223372036854775807))
Edge(263060,409992,(3,9223372036854775807))
Edge(263118,208529,(3,9223372036854775807))
Edge(263489,133387,(3,9223372036854775807))
Edge(264809,67806,(3,9223372036854775807))
Edge(264964,327940,(3,9223372036854775807))
Edge(265056,240650,(3,9223372036854775807))
Edge(265245,132283,(3,9223372036854775807))
Edge(265397,316825,(3,9223372036854775807))
Edge(265415,324143,(1,3))
Edge(265447,483301,(3,9223372036854775807))
Edge(265627,461382,(3,9223372036854775807))
Edge(265659,284868,(3,9223372036854775807))
Edge(265848,498805,(3,9223372036854775807))
Edge(266833,123001,(3,9223372036854775807))
Edge(267695,116042,(3,9223372036854775807))
Edge(267803,345488,(3,9223372036854775807))
Edge(268143,489748,(3,9223372036854775807))
Edge(268586,439966,(3,9223372036854775807))
Edge(269173,306203,(3,9223372036854775807))
Edge(269367,192436,(3,9223372036854775807))
Edge(269703,268238,(3,9223372036854775807))
Edge(269864,469834,(1,9223372036854775807))
Edge(270208,331421,(3,9223372036854775807))
Edge(270557,262709,(3,9223372036854775807))
Edge(270850,117011,(3,9223372036854775807))
Edge(271733,224997,(1,9223372036854775807))
Edge(271819,101561,(3,9223372036854775807))
Edge(272083,487200,(3,9223372036854775807))
Edge(272203,344117,(3,9223372036854775807))
Edge(272530,32547,(3,9223372036854775807))
Edge(272751,384301,(3,9223372036854775807))
Edge(272779,476183,(1,9223372036854775807))
Edge(272820,208040,(1,3))
Edge(272967,222905,(3,9223372036854775807))
Edge(273460,236131,(3,9223372036854775807))
Edge(273961,89936,(3,9223372036854775807))
Edge(275019,105880,(3,9223372036854775807))
Edge(275187,2711,(1,3))
Edge(275257,272216,(3,9223372036854775807))
Edge(275503,224487,(3,9223372036854775807))
Edge(275746,158785,(3,9223372036854775807))
Edge(276206,479881,(3,9223372036854775807))
Edge(276342,41263,(3,9223372036854775807))
Edge(276557,278089,(1,9223372036854775807))
Edge(276888,344405,(3,9223372036854775807))
Edge(277103,253415,(3,9223372036854775807))
Edge(277116,309126,(1,9223372036854775807))
Edge(277474,285919,(3,9223372036854775807))
Edge(277632,350929,(3,9223372036854775807))
Edge(277920,466300,(3,9223372036854775807))
Edge(278761,212427,(1,9223372036854775807))
Edge(279955,317850,(3,9223372036854775807))
Edge(280227,11084,(3,9223372036854775807))
Edge(280279,455065,(3,9223372036854775807))
Edge(280357,207635,(3,9223372036854775807))
Edge(280626,489222,(3,9223372036854775807))
Edge(280734,364473,(3,9223372036854775807))
Edge(280743,63793,(1,9223372036854775807))
Edge(280787,14535,(1,3))
Edge(280838,494721,(3,9223372036854775807))
Edge(281276,70257,(3,9223372036854775807))
Edge(281994,44476,(1,9223372036854775807))
Edge(282305,283842,(1,9223372036854775807))
Edge(282550,361708,(1,9223372036854775807))
Edge(282723,117129,(3,9223372036854775807))
Edge(282762,6945,(1,9223372036854775807))
Edge(282817,285554,(3,9223372036854775807))
Edge(282913,60301,(3,9223372036854775807))
Edge(283051,38926,(1,3))
Edge(283131,341740,(3,9223372036854775807))
Edge(283189,483407,(3,9223372036854775807))
Edge(283269,48126,(3,9223372036854775807))
Edge(283461,68128,(1,9223372036854775807))
Edge(283734,70859,(3,9223372036854775807))
Edge(284087,488842,(3,9223372036854775807))
Edge(284767,255025,(3,9223372036854775807))
Edge(284861,175054,(3,9223372036854775807))
Edge(284889,210679,(3,9223372036854775807))
Edge(285129,312788,(3,9223372036854775807))
Edge(285501,432619,(3,9223372036854775807))
Edge(285515,440814,(3,9223372036854775807))
Edge(285712,34766,(3,9223372036854775807))
Edge(285825,1764,(3,9223372036854775807))
Edge(286357,134656,(3,9223372036854775807))
Edge(286388,380493,(3,9223372036854775807))
Edge(286828,24709,(3,9223372036854775807))
Edge(287006,292642,(1,3))
Edge(287582,366970,(3,9223372036854775807))
Edge(287632,435419,(3,9223372036854775807))
Edge(287692,199626,(3,9223372036854775807))
Edge(287798,307126,(1,3))
Edge(287923,365311,(3,9223372036854775807))
Edge(287995,10721,(1,9223372036854775807))
Edge(288419,115970,(3,9223372036854775807))
Edge(288570,375101,(3,9223372036854775807))
Edge(289154,430195,(1,9223372036854775807))
Edge(289321,31284,(1,9223372036854775807))
Edge(289916,27568,(3,9223372036854775807))
Edge(290015,202155,(3,9223372036854775807))
Edge(290171,214829,(3,9223372036854775807))
Edge(290319,42354,(3,9223372036854775807))
Edge(290521,460388,(3,9223372036854775807))
Edge(290997,486423,(3,9223372036854775807))
Edge(291079,8710,(3,9223372036854775807))
Edge(291575,43773,(3,9223372036854775807))
Edge(291613,357091,(3,9223372036854775807))
Edge(291632,233087,(3,9223372036854775807))
Edge(291695,137260,(3,9223372036854775807))
Edge(291855,382805,(1,9223372036854775807))
Edge(291931,251127,(3,9223372036854775807))
Edge(292199,122029,(1,9223372036854775807))
Edge(292793,373764,(3,9223372036854775807))
Edge(292836,483814,(3,9223372036854775807))
Edge(293205,473778,(4,9223372036854775807))
Edge(293207,374844,(3,9223372036854775807))
Edge(293512,104677,(3,9223372036854775807))
Edge(293558,33391,(3,9223372036854775807))
Edge(293601,109046,(1,9223372036854775807))
Edge(293705,459122,(1,9223372036854775807))
Edge(294614,235436,(3,9223372036854775807))
Edge(294619,9432,(4,9223372036854775807))
Edge(294705,107114,(3,9223372036854775807))
Edge(294896,175987,(3,9223372036854775807))
Edge(295003,406905,(3,9223372036854775807))
Edge(295213,102600,(1,9223372036854775807))
Edge(295457,361569,(3,9223372036854775807))
Edge(295701,447753,(3,9223372036854775807))
Edge(295760,157246,(1,9223372036854775807))
Edge(295872,63117,(1,3))
Edge(296379,429368,(3,9223372036854775807))
Edge(296988,241342,(3,9223372036854775807))
Edge(297165,458434,(3,9223372036854775807))
Edge(297189,297356,(3,9223372036854775807))
Edge(297301,62047,(3,9223372036854775807))
Edge(297475,326387,(3,9223372036854775807))
Edge(297686,102089,(3,9223372036854775807))
Edge(297855,261528,(3,9223372036854775807))
Edge(297989,203207,(3,9223372036854775807))
Edge(298170,464614,(3,9223372036854775807))
Edge(298273,398832,(3,9223372036854775807))
Edge(298584,92634,(3,9223372036854775807))
Edge(299491,129350,(3,9223372036854775807))
Edge(299956,475831,(1,9223372036854775807))
Edge(300547,1478,(3,9223372036854775807))
Edge(300958,65865,(3,9223372036854775807))
Edge(301397,97120,(3,9223372036854775807))
Edge(301718,460565,(3,9223372036854775807))
Edge(301848,15558,(3,9223372036854775807))
Edge(302079,25871,(3,9223372036854775807))
Edge(302685,151185,(3,9223372036854775807))
Edge(303166,124673,(3,9223372036854775807))
Edge(303189,123894,(3,9223372036854775807))
Edge(303967,218977,(1,9223372036854775807))
Edge(304008,31031,(3,9223372036854775807))
Edge(304183,94230,(1,3))
Edge(304296,299854,(1,9223372036854775807))
Edge(304535,103580,(1,9223372036854775807))
Edge(304926,455303,(1,3))
Edge(305258,137709,(1,3))
Edge(305323,262872,(3,9223372036854775807))
Edge(305747,493314,(1,9223372036854775807))
Edge(305757,26273,(3,9223372036854775807))
Edge(305818,84829,(3,9223372036854775807))
Edge(305884,334909,(3,9223372036854775807))
Edge(306595,103909,(3,9223372036854775807))
Edge(306780,418337,(3,9223372036854775807))
Edge(307031,358085,(3,9223372036854775807))
Edge(307355,114109,(3,9223372036854775807))
Edge(307508,290780,(3,9223372036854775807))
Edge(308125,282570,(3,9223372036854775807))
Edge(308660,482549,(3,9223372036854775807))
Edge(308851,12667,(3,9223372036854775807))
Edge(308881,20306,(3,9223372036854775807))
Edge(308977,409626,(3,9223372036854775807))
Edge(309095,141969,(3,9223372036854775807))
Edge(309178,66189,(3,9223372036854775807))
Edge(309306,378845,(1,9223372036854775807))
Edge(309900,143042,(3,9223372036854775807))
Edge(310805,172137,(1,9223372036854775807))
Edge(311200,214724,(3,9223372036854775807))
Edge(311356,324792,(3,9223372036854775807))
Edge(312822,119011,(3,9223372036854775807))
Edge(312980,5055,(3,9223372036854775807))
Edge(313783,426671,(3,9223372036854775807))
Edge(313845,232714,(3,9223372036854775807))
Edge(313968,341883,(3,9223372036854775807))
Edge(314269,59423,(3,9223372036854775807))
Edge(314343,131521,(3,9223372036854775807))
Edge(315405,74078,(3,9223372036854775807))
Edge(315697,87692,(3,9223372036854775807))
Edge(315776,147225,(1,3))
Edge(315825,84208,(3,9223372036854775807))
Edge(317006,164163,(3,9223372036854775807))
Edge(317436,316451,(4,9223372036854775807))
Edge(317526,344337,(1,9223372036854775807))
Edge(318012,115121,(3,9223372036854775807))
Edge(318220,86115,(3,9223372036854775807))
Edge(318255,16332,(3,9223372036854775807))
Edge(318369,371148,(1,3))
Edge(318721,390984,(3,9223372036854775807))
Edge(319011,283728,(3,9223372036854775807))
Edge(319247,50985,(3,9223372036854775807))
Edge(320289,452731,(1,3))
Edge(320465,29990,(3,9223372036854775807))
Edge(320628,168262,(1,9223372036854775807))
Edge(320742,53038,(3,9223372036854775807))
Edge(320838,68996,(3,9223372036854775807))
Edge(320923,135027,(3,9223372036854775807))
Edge(321172,113993,(1,9223372036854775807))
Edge(321239,24936,(3,9223372036854775807))
Edge(321882,459697,(3,9223372036854775807))
Edge(322004,480902,(1,9223372036854775807))
Edge(322055,216962,(3,9223372036854775807))
Edge(322194,129986,(3,9223372036854775807))
Edge(322569,194116,(3,9223372036854775807))
Edge(322575,162423,(3,9223372036854775807))
Edge(322627,448208,(3,9223372036854775807))
Edge(323377,125081,(3,9223372036854775807))
Edge(323545,353145,(1,3))
Edge(323552,177277,(3,9223372036854775807))
Edge(323565,348441,(3,9223372036854775807))
Edge(323765,31178,(3,9223372036854775807))
Edge(324539,454403,(1,9223372036854775807))
Edge(324742,22375,(3,9223372036854775807))
Edge(325150,200244,(3,9223372036854775807))
Edge(325223,270376,(3,9223372036854775807))
Edge(325739,147722,(1,3))
Edge(326481,435125,(3,9223372036854775807))
Edge(326485,116264,(3,9223372036854775807))
Edge(326617,375215,(1,9223372036854775807))
Edge(327427,162831,(3,9223372036854775807))
Edge(327648,41166,(3,9223372036854775807))
Edge(327812,441977,(1,9223372036854775807))
Edge(327858,113681,(3,9223372036854775807))
Edge(327881,498999,(3,9223372036854775807))
Edge(327889,143917,(3,9223372036854775807))
Edge(328075,429052,(3,9223372036854775807))
Edge(328298,37536,(3,9223372036854775807))
Edge(328314,414934,(3,9223372036854775807))
Edge(328568,229713,(1,3))
Edge(328612,333888,(3,9223372036854775807))
Edge(329178,86869,(3,9223372036854775807))
Edge(329203,174409,(3,9223372036854775807))
Edge(329871,155117,(1,9223372036854775807))
Edge(329888,101615,(1,3))
Edge(330534,187534,(1,3))
Edge(330577,186782,(3,9223372036854775807))
Edge(330592,74772,(4,9223372036854775807))
Edge(331358,320025,(3,9223372036854775807))
Edge(331383,216441,(3,9223372036854775807))
Edge(331516,389316,(3,9223372036854775807))
Edge(331607,311319,(1,9223372036854775807))
Edge(331615,259304,(3,9223372036854775807))
Edge(331895,417376,(3,9223372036854775807))
Edge(332100,448692,(1,9223372036854775807))
Edge(333152,102184,(3,9223372036854775807))
Edge(333500,171625,(3,9223372036854775807))
Edge(333551,169257,(3,9223372036854775807))
Edge(334199,140055,(3,9223372036854775807))
Edge(334387,231159,(3,9223372036854775807))
Edge(334412,320091,(3,9223372036854775807))
Edge(334457,498007,(3,9223372036854775807))
Edge(335194,197119,(3,9223372036854775807))
Edge(335311,68985,(3,9223372036854775807))
Edge(335399,314413,(3,9223372036854775807))
Edge(335428,367828,(3,9223372036854775807))
Edge(335465,406039,(3,9223372036854775807))
Edge(335848,75085,(3,9223372036854775807))
Edge(336073,274279,(1,9223372036854775807))
Edge(336456,242053,(1,9223372036854775807))
Edge(336481,5158,(3,9223372036854775807))
Edge(337396,224648,(3,9223372036854775807))
Edge(337470,5801,(1,9223372036854775807))
Edge(337586,27438,(1,3))
Edge(337623,119445,(1,9223372036854775807))
Edge(337648,104723,(3,9223372036854775807))
Edge(337776,338735,(3,9223372036854775807))
Edge(337960,387988,(3,9223372036854775807))
Edge(338094,314936,(3,9223372036854775807))
Edge(338788,290227,(1,3))
Edge(338798,4463,(3,9223372036854775807))
Edge(339268,454726,(3,9223372036854775807))
Edge(339281,130381,(3,9223372036854775807))
Edge(340033,262741,(3,9223372036854775807))
Edge(340328,489172,(1,9223372036854775807))
Edge(340409,207417,(3,9223372036854775807))
Edge(340856,218397,(1,9223372036854775807))
Edge(340868,268066,(1,9223372036854775807))
Edge(341084,228876,(3,9223372036854775807))
Edge(341112,306644,(3,9223372036854775807))
Edge(341246,477964,(1,3))
Edge(341406,478221,(1,3))
Edge(341434,204032,(1,9223372036854775807))
Edge(341621,151683,(3,9223372036854775807))
Edge(341683,132797,(1,9223372036854775807))
Edge(341734,344572,(1,9223372036854775807))
Edge(342062,376653,(1,3))
Edge(342159,243492,(3,9223372036854775807))
Edge(342341,376015,(3,9223372036854775807))
Edge(342427,140034,(1,9223372036854775807))
Edge(342427,347993,(3,9223372036854775807))
Edge(342457,411518,(1,9223372036854775807))
Edge(342509,127224,(3,9223372036854775807))
Edge(342571,409100,(3,9223372036854775807))
Edge(342682,246347,(3,9223372036854775807))
Edge(343213,367789,(1,9223372036854775807))
Edge(344315,40721,(3,9223372036854775807))
Edge(344728,209488,(3,9223372036854775807))
Edge(344959,472309,(3,9223372036854775807))
Edge(345654,100816,(3,9223372036854775807))
Edge(346052,77751,(1,9223372036854775807))
Edge(346310,251008,(3,9223372036854775807))
Edge(346370,182002,(1,9223372036854775807))
Edge(346490,244597,(3,9223372036854775807))
Edge(346546,114822,(3,9223372036854775807))
Edge(347153,397134,(3,9223372036854775807))
Edge(347354,274265,(1,9223372036854775807))
Edge(347998,270013,(1,9223372036854775807))
Edge(348166,407309,(3,9223372036854775807))
Edge(348423,102254,(3,9223372036854775807))
Edge(348527,276720,(3,9223372036854775807))
Edge(348958,260095,(1,9223372036854775807))
Edge(349413,113019,(1,3))
Edge(349523,412080,(3,9223372036854775807))
Edge(349548,398693,(3,9223372036854775807))
Edge(349753,128747,(1,3))
Edge(349921,411329,(3,9223372036854775807))
Edge(350426,24020,(3,9223372036854775807))
Edge(350553,34627,(3,9223372036854775807))
Edge(350794,485816,(3,9223372036854775807))
Edge(350814,497543,(3,9223372036854775807))
Edge(351026,137493,(1,9223372036854775807))
Edge(351584,327227,(1,9223372036854775807))
Edge(351959,209813,(1,9223372036854775807))
Edge(352176,127462,(3,9223372036854775807))
Edge(352270,90291,(3,9223372036854775807))
Edge(352340,114069,(3,9223372036854775807))
Edge(352763,369845,(3,9223372036854775807))
Edge(352864,319659,(3,9223372036854775807))
Edge(353186,157719,(3,9223372036854775807))
Edge(353392,55546,(3,9223372036854775807))
Edge(353465,178567,(3,9223372036854775807))
Edge(354074,342899,(3,9223372036854775807))
Edge(354092,307818,(3,9223372036854775807))
Edge(354234,123604,(1,9223372036854775807))
Edge(354305,478645,(3,9223372036854775807))
Edge(354944,241093,(3,9223372036854775807))
Edge(355117,7161,(1,9223372036854775807))
Edge(355445,392905,(3,9223372036854775807))
Edge(356162,339679,(1,3))
Edge(356610,237468,(3,9223372036854775807))
Edge(356744,259340,(3,9223372036854775807))
Edge(356804,155587,(3,9223372036854775807))
Edge(356964,304959,(3,9223372036854775807))
Edge(357042,26626,(3,9223372036854775807))
Edge(357149,128873,(3,9223372036854775807))
Edge(357230,44233,(3,9223372036854775807))
Edge(357319,47015,(3,9223372036854775807))
Edge(357429,215908,(3,9223372036854775807))
Edge(357451,499836,(3,9223372036854775807))
Edge(357680,465713,(3,9223372036854775807))
Edge(357923,259506,(1,9223372036854775807))
Edge(358022,236318,(3,9223372036854775807))
Edge(358079,221611,(1,3))
Edge(358900,142095,(3,9223372036854775807))
Edge(358965,362239,(3,9223372036854775807))
Edge(359258,220986,(3,9223372036854775807))
Edge(359395,384549,(3,9223372036854775807))
Edge(359491,457057,(3,9223372036854775807))
Edge(359607,451018,(3,9223372036854775807))
Edge(359620,490303,(3,9223372036854775807))
Edge(359851,228239,(3,9223372036854775807))
Edge(359871,88673,(1,9223372036854775807))
Edge(360218,475899,(3,9223372036854775807))
Edge(360550,131881,(3,9223372036854775807))
Edge(361083,92626,(3,9223372036854775807))
Edge(361403,39244,(3,9223372036854775807))
Edge(361650,120496,(3,9223372036854775807))
Edge(361929,152521,(3,9223372036854775807))
Edge(362528,340963,(1,3))
Edge(362827,104489,(3,9223372036854775807))
Edge(362975,266395,(3,9223372036854775807))
Edge(363397,114176,(3,9223372036854775807))
Edge(363622,45518,(3,9223372036854775807))
Edge(363700,303704,(4,9223372036854775807))
Edge(363762,335884,(3,9223372036854775807))
Edge(363820,21897,(1,9223372036854775807))
Edge(364019,156708,(3,9223372036854775807))
Edge(364199,467401,(3,9223372036854775807))
Edge(364642,463101,(3,9223372036854775807))
Edge(364809,103313,(1,9223372036854775807))
Edge(364889,221481,(3,9223372036854775807))
Edge(365090,109997,(3,9223372036854775807))
Edge(366026,123126,(1,9223372036854775807))
Edge(366074,442695,(3,9223372036854775807))
Edge(366304,481792,(1,9223372036854775807))
Edge(366616,342812,(1,3))
Edge(366620,148759,(3,9223372036854775807))
Edge(366629,80279,(3,9223372036854775807))
Edge(366701,402312,(3,9223372036854775807))
Edge(366826,33014,(3,9223372036854775807))
Edge(367338,3012,(3,9223372036854775807))
Edge(367801,222665,(3,9223372036854775807))
Edge(368760,90878,(3,9223372036854775807))
Edge(369026,20787,(3,9223372036854775807))
Edge(369060,248937,(3,9223372036854775807))
Edge(369227,250812,(3,9223372036854775807))
Edge(369247,247674,(3,9223372036854775807))
Edge(369802,494892,(3,9223372036854775807))
Edge(370482,183012,(1,9223372036854775807))
Edge(370763,353532,(3,9223372036854775807))
Edge(371425,30788,(1,3))
Edge(371646,401669,(1,9223372036854775807))
Edge(371707,310897,(3,9223372036854775807))
Edge(371787,132246,(3,9223372036854775807))
Edge(371910,274726,(3,9223372036854775807))
Edge(372072,441755,(3,9223372036854775807))
Edge(372157,25205,(3,9223372036854775807))
Edge(372626,304600,(3,9223372036854775807))
Edge(372714,294098,(3,9223372036854775807))
Edge(372778,312701,(3,9223372036854775807))
Edge(373007,217212,(1,3))
Edge(373197,149888,(1,9223372036854775807))
Edge(373678,403669,(3,9223372036854775807))
Edge(373784,30358,(3,9223372036854775807))
Edge(374059,169657,(3,9223372036854775807))
Edge(374778,489085,(3,9223372036854775807))
Edge(375197,477946,(3,9223372036854775807))
Edge(375736,95810,(3,9223372036854775807))
Edge(375785,221410,(3,9223372036854775807))
Edge(376304,24025,(3,9223372036854775807))
Edge(376633,413253,(3,9223372036854775807))
Edge(376750,60807,(3,9223372036854775807))
Edge(377281,470154,(3,9223372036854775807))
Edge(377311,371466,(3,9223372036854775807))
Edge(377430,175614,(1,9223372036854775807))
Edge(377808,380361,(3,9223372036854775807))
Edge(378241,120518,(3,9223372036854775807))
Edge(378617,300380,(3,9223372036854775807))
Edge(378732,235735,(1,3))
Edge(378885,342145,(3,9223372036854775807))
Edge(379146,156503,(3,9223372036854775807))
Edge(379211,239255,(3,9223372036854775807))
Edge(379339,31905,(3,9223372036854775807))
Edge(379649,254890,(3,9223372036854775807))
Edge(379898,229664,(3,9223372036854775807))
Edge(379923,44244,(3,9223372036854775807))
Edge(380017,374293,(3,9223372036854775807))
Edge(380240,103073,(3,9223372036854775807))
Edge(380424,106933,(1,3))
Edge(380955,215989,(3,9223372036854775807))
Edge(381060,126583,(3,9223372036854775807))
Edge(381518,265317,(1,9223372036854775807))
Edge(381760,298828,(3,9223372036854775807))
Edge(381763,303369,(3,9223372036854775807))
Edge(381994,309709,(1,3))
Edge(382148,465886,(1,3))
Edge(382573,192295,(3,9223372036854775807))
Edge(382834,300147,(3,9223372036854775807))
Edge(383254,437982,(3,9223372036854775807))
Edge(383692,481625,(3,9223372036854775807))
Edge(384198,337636,(3,9223372036854775807))
Edge(384232,165010,(3,9223372036854775807))
Edge(384406,471201,(3,9223372036854775807))
Edge(384642,378591,(3,9223372036854775807))
Edge(385580,348602,(3,9223372036854775807))
Edge(386203,260120,(3,9223372036854775807))
Edge(386558,203331,(3,9223372036854775807))
Edge(386589,489482,(3,9223372036854775807))
Edge(386648,329084,(3,9223372036854775807))
Edge(386926,351919,(1,9223372036854775807))
Edge(387148,57111,(1,3))
Edge(388365,154275,(3,9223372036854775807))
Edge(388393,169333,(3,9223372036854775807))
Edge(388797,57537,(3,9223372036854775807))
Edge(388874,60584,(1,9223372036854775807))
Edge(389059,280451,(3,9223372036854775807))
Edge(389609,381096,(1,9223372036854775807))
Edge(389633,140098,(3,9223372036854775807))
Edge(389672,89703,(3,9223372036854775807))
Edge(389809,400400,(3,9223372036854775807))
Edge(390016,451496,(3,9223372036854775807))
Edge(390130,61688,(3,9223372036854775807))
Edge(390296,224646,(1,9223372036854775807))
Edge(390505,477941,(3,9223372036854775807))
Edge(390744,76089,(3,9223372036854775807))
Edge(390800,245549,(3,9223372036854775807))
Edge(391637,48769,(1,2))
Edge(391686,150558,(3,9223372036854775807))
Edge(392033,212664,(1,3))
Edge(392476,318951,(3,9223372036854775807))
Edge(392499,5493,(3,9223372036854775807))
Edge(392811,418499,(3,9223372036854775807))
Edge(393474,261306,(3,9223372036854775807))
Edge(393497,393446,(3,9223372036854775807))
Edge(393948,314175,(3,9223372036854775807))
Edge(394781,391106,(3,9223372036854775807))
Edge(395464,70844,(3,9223372036854775807))
Edge(395831,469853,(3,9223372036854775807))
Edge(396140,119570,(3,9223372036854775807))
Edge(397136,235327,(3,9223372036854775807))
Edge(397161,393651,(3,9223372036854775807))
Edge(397471,465190,(3,9223372036854775807))
Edge(397607,419260,(3,9223372036854775807))
Edge(397634,372606,(3,9223372036854775807))
Edge(397680,495799,(3,9223372036854775807))
Edge(397759,493825,(3,9223372036854775807))
Edge(398205,331876,(3,9223372036854775807))
Edge(398294,250202,(3,9223372036854775807))
Edge(398306,360154,(3,9223372036854775807))
Edge(398477,208151,(3,9223372036854775807))
Edge(399100,89241,(1,9223372036854775807))
Edge(399471,284418,(3,9223372036854775807))
Edge(401763,261040,(3,9223372036854775807))
Edge(401951,446073,(3,9223372036854775807))
Edge(402263,417926,(3,9223372036854775807))
Edge(402388,118325,(3,9223372036854775807))
Edge(402819,1321,(1,9223372036854775807))
Edge(402838,483145,(3,9223372036854775807))
Edge(403967,435378,(3,9223372036854775807))
Edge(404015,142038,(3,9223372036854775807))
Edge(404038,243824,(1,9223372036854775807))
Edge(405295,55066,(3,9223372036854775807))
Edge(406132,308572,(3,9223372036854775807))
Edge(406161,46285,(3,9223372036854775807))
Edge(406583,157232,(3,9223372036854775807))
Edge(407020,344954,(3,9223372036854775807))
Edge(407426,392838,(1,9223372036854775807))
Edge(407429,249224,(3,9223372036854775807))
Edge(407676,398817,(3,9223372036854775807))
Edge(407767,89011,(3,9223372036854775807))
Edge(408271,278737,(3,9223372036854775807))
Edge(408276,413084,(3,9223372036854775807))
Edge(408411,80617,(1,3))
Edge(408717,488820,(1,3))
Edge(409158,178846,(3,9223372036854775807))
Edge(410142,499929,(1,3))
Edge(410177,94834,(3,9223372036854775807))
Edge(410406,170544,(3,9223372036854775807))
Edge(410990,351351,(3,9223372036854775807))
Edge(411125,352204,(3,9223372036854775807))
Edge(411220,420793,(3,9223372036854775807))
Edge(412013,407450,(3,9223372036854775807))
Edge(412101,484870,(1,3))
Edge(412604,430782,(3,9223372036854775807))
Edge(412701,53839,(3,9223372036854775807))
Edge(413005,163870,(1,9223372036854775807))
Edge(413836,371811,(3,9223372036854775807))
Edge(413893,335065,(3,9223372036854775807))
Edge(414380,487980,(3,9223372036854775807))
Edge(414821,332222,(3,9223372036854775807))
Edge(414967,483710,(3,9223372036854775807))
Edge(415267,498229,(3,9223372036854775807))
Edge(415524,313274,(3,9223372036854775807))
Edge(416125,255476,(3,9223372036854775807))
Edge(416373,225884,(3,9223372036854775807))
Edge(416619,54955,(3,9223372036854775807))
Edge(417689,73284,(3,9223372036854775807))
Edge(417744,418878,(1,9223372036854775807))
Edge(418268,277264,(3,9223372036854775807))
Edge(418277,232021,(3,9223372036854775807))
Edge(418311,483497,(3,9223372036854775807))
Edge(418386,54163,(3,9223372036854775807))
Edge(418957,169635,(3,9223372036854775807))
Edge(419495,133450,(3,9223372036854775807))
Edge(419822,28387,(1,9223372036854775807))
Edge(419998,56337,(3,9223372036854775807))
Edge(420228,38332,(4,9223372036854775807))
Edge(420397,106450,(1,9223372036854775807))
Edge(420840,36730,(3,9223372036854775807))
Edge(421231,253123,(3,9223372036854775807))
Edge(421443,267323,(3,9223372036854775807))
Edge(421560,55868,(3,9223372036854775807))
Edge(422357,42457,(3,9223372036854775807))
Edge(422570,414767,(1,9223372036854775807))
Edge(422617,207897,(3,9223372036854775807))
Edge(422920,258339,(3,9223372036854775807))
Edge(423055,488513,(3,9223372036854775807))
Edge(423357,309746,(3,9223372036854775807))
Edge(423879,193649,(3,9223372036854775807))
Edge(423914,88067,(1,3))
Edge(423914,183673,(1,9223372036854775807))
Edge(423920,148700,(3,9223372036854775807))
Edge(423954,267975,(1,9223372036854775807))
Edge(424187,55728,(1,3))
Edge(424486,194115,(3,9223372036854775807))
Edge(424505,283456,(3,9223372036854775807))
Edge(424539,477905,(3,9223372036854775807))
Edge(425178,409284,(3,9223372036854775807))
Edge(425443,375046,(3,9223372036854775807))
Edge(425966,103402,(1,3))
Edge(425977,226982,(3,9223372036854775807))
Edge(427314,21721,(3,9223372036854775807))
Edge(428282,273567,(1,3))
Edge(428578,320332,(3,9223372036854775807))
Edge(428643,538,(4,9223372036854775807))
Edge(428874,263668,(1,9223372036854775807))
Edge(428925,21095,(3,9223372036854775807))
Edge(429051,393127,(3,9223372036854775807))
Edge(429303,64714,(3,9223372036854775807))
Edge(429307,211050,(3,9223372036854775807))
Edge(429437,164520,(1,9223372036854775807))
Edge(429826,37039,(1,9223372036854775807))
Edge(429865,484304,(3,9223372036854775807))
Edge(429871,63685,(3,9223372036854775807))
Edge(429900,420088,(1,3))
Edge(430067,359252,(3,9223372036854775807))
Edge(430079,88266,(3,9223372036854775807))
Edge(430287,126178,(3,9223372036854775807))
Edge(430293,290041,(3,9223372036854775807))
Edge(431002,395029,(3,9223372036854775807))
Edge(431009,492558,(3,9223372036854775807))
Edge(431049,364175,(3,9223372036854775807))
Edge(432269,81470,(3,9223372036854775807))
Edge(432793,88456,(3,9223372036854775807))
Edge(433126,366313,(3,9223372036854775807))
Edge(433400,268687,(3,9223372036854775807))
Edge(433456,366912,(3,9223372036854775807))
Edge(433837,366406,(3,9223372036854775807))
Edge(433889,487560,(1,9223372036854775807))
Edge(434168,129849,(1,9223372036854775807))
Edge(434205,459450,(3,9223372036854775807))
Edge(434692,482918,(3,9223372036854775807))
Edge(435482,246508,(3,9223372036854775807))
Edge(436161,125804,(3,9223372036854775807))
Edge(436184,364721,(1,9223372036854775807))
Edge(436591,63295,(3,9223372036854775807))
Edge(436918,142077,(3,9223372036854775807))
Edge(437318,132986,(3,9223372036854775807))
Edge(437322,126503,(3,9223372036854775807))
Edge(437392,322277,(3,9223372036854775807))
Edge(437553,244862,(3,9223372036854775807))
Edge(437831,261719,(3,9223372036854775807))
Edge(437860,289619,(3,9223372036854775807))
Edge(438282,308961,(3,9223372036854775807))
Edge(438512,92748,(1,3))
Edge(438684,323817,(3,9223372036854775807))
Edge(438769,190529,(3,9223372036854775807))
Edge(438841,385352,(4,9223372036854775807))
Edge(439294,271216,(1,9223372036854775807))
Edge(439373,26790,(3,9223372036854775807))
Edge(439454,320197,(1,9223372036854775807))
Edge(440021,154623,(3,9223372036854775807))
Edge(440163,78781,(3,9223372036854775807))
Edge(440364,302371,(3,9223372036854775807))
Edge(440725,215258,(1,9223372036854775807))
Edge(440821,403990,(3,9223372036854775807))
Edge(440838,235878,(3,9223372036854775807))
Edge(440994,283594,(1,3))
Edge(441317,248494,(3,9223372036854775807))
Edge(441323,110186,(3,9223372036854775807))
Edge(441323,385737,(3,9223372036854775807))
Edge(441490,47943,(3,9223372036854775807))
Edge(441636,275316,(3,9223372036854775807))
Edge(441672,195132,(3,9223372036854775807))
Edge(441836,174227,(3,9223372036854775807))
Edge(441851,211541,(4,9223372036854775807))
Edge(442379,77228,(3,9223372036854775807))
Edge(442776,289358,(3,9223372036854775807))
Edge(442888,193670,(3,9223372036854775807))
Edge(443008,230808,(3,9223372036854775807))
Edge(443034,448755,(3,9223372036854775807))
Edge(443136,169582,(1,3))
Edge(443168,194285,(3,9223372036854775807))
Edge(443974,381743,(1,3))
Edge(443989,329755,(1,3))
Edge(444864,320893,(3,9223372036854775807))
Edge(445060,4895,(1,9223372036854775807))
Edge(445226,32689,(3,9223372036854775807))
Edge(445325,122269,(4,9223372036854775807))
Edge(445589,485004,(3,9223372036854775807))
Edge(445993,298077,(1,9223372036854775807))
Edge(446269,309597,(3,9223372036854775807))
Edge(447078,239695,(1,3))
Edge(447101,156746,(3,9223372036854775807))
Edge(447271,116781,(3,9223372036854775807))
Edge(447396,368008,(3,9223372036854775807))
Edge(447672,159983,(1,3))
Edge(447894,65105,(3,9223372036854775807))
Edge(448717,156425,(3,9223372036854775807))
Edge(448890,359545,(3,9223372036854775807))
Edge(448981,82669,(1,3))
Edge(449059,304434,(3,9223372036854775807))
Edge(450144,334413,(1,9223372036854775807))
Edge(450240,154421,(1,9223372036854775807))
Edge(450732,22870,(3,9223372036854775807))
Edge(450822,72986,(3,9223372036854775807))
Edge(451209,385537,(3,9223372036854775807))
Edge(451290,341973,(3,9223372036854775807))
Edge(451672,337685,(3,9223372036854775807))
Edge(451896,457562,(3,9223372036854775807))
Edge(451978,196881,(3,9223372036854775807))
Edge(452573,498915,(3,9223372036854775807))
Edge(453049,465972,(3,9223372036854775807))
Edge(453610,178768,(3,9223372036854775807))
Edge(453650,382266,(3,9223372036854775807))
Edge(453678,9980,(3,9223372036854775807))
Edge(454225,96885,(1,3))
Edge(454377,348181,(3,9223372036854775807))
Edge(454427,37548,(3,9223372036854775807))
Edge(454720,258096,(3,9223372036854775807))
Edge(454920,228004,(1,3))
Edge(454939,356755,(1,9223372036854775807))
Edge(455269,344599,(3,9223372036854775807))
Edge(455655,262248,(3,9223372036854775807))
Edge(455661,59986,(3,9223372036854775807))
Edge(455709,319046,(3,9223372036854775807))
Edge(455892,306645,(3,9223372036854775807))
Edge(456250,421120,(1,9223372036854775807))
Edge(456294,31119,(3,9223372036854775807))
Edge(456431,393842,(3,9223372036854775807))
Edge(456433,416321,(3,9223372036854775807))
Edge(456443,190770,(3,9223372036854775807))
Edge(456552,259215,(3,9223372036854775807))
Edge(456669,117665,(3,9223372036854775807))
Edge(457036,82634,(3,9223372036854775807))
Edge(457051,39914,(1,9223372036854775807))
Edge(457487,476713,(4,9223372036854775807))
Edge(457594,313602,(1,9223372036854775807))
Edge(457651,286195,(3,9223372036854775807))
Edge(457823,297574,(3,9223372036854775807))
Edge(458215,134261,(3,9223372036854775807))
Edge(458268,438884,(3,9223372036854775807))
Edge(458457,391575,(3,9223372036854775807))
Edge(458538,49836,(3,9223372036854775807))
Edge(458610,144404,(3,9223372036854775807))
Edge(458846,260766,(3,9223372036854775807))
Edge(458905,105332,(3,9223372036854775807))
Edge(459164,236647,(3,9223372036854775807))
Edge(459748,401021,(3,9223372036854775807))
Edge(460297,293455,(1,9223372036854775807))
Edge(460640,498998,(1,9223372036854775807))
Edge(460862,220332,(1,9223372036854775807))
Edge(461062,54988,(3,9223372036854775807))
Edge(462530,242557,(3,9223372036854775807))
Edge(463185,290505,(1,9223372036854775807))
Edge(463403,391892,(3,9223372036854775807))
Edge(463435,80238,(3,9223372036854775807))
Edge(463665,405598,(3,9223372036854775807))
Edge(463996,323758,(1,3))
Edge(464162,371365,(3,9223372036854775807))
Edge(464195,27267,(3,9223372036854775807))
Edge(464462,236484,(3,9223372036854775807))
Edge(464889,188597,(3,9223372036854775807))
Edge(464905,389828,(3,9223372036854775807))
Edge(465448,335279,(3,9223372036854775807))
Edge(465699,397810,(3,9223372036854775807))
Edge(465781,294663,(3,9223372036854775807))
Edge(466364,183,(1,9223372036854775807))
Edge(466709,253527,(3,9223372036854775807))
Edge(467067,249521,(3,9223372036854775807))
Edge(467106,307838,(3,9223372036854775807))
Edge(467853,380327,(3,9223372036854775807))
Edge(467942,365770,(3,9223372036854775807))
Edge(468812,18057,(3,9223372036854775807))
Edge(469213,281936,(3,9223372036854775807))
Edge(469320,186730,(3,9223372036854775807))
Edge(469404,422030,(3,9223372036854775807))
Edge(469992,460428,(3,9223372036854775807))
Edge(470305,61645,(3,9223372036854775807))
Edge(470321,188515,(3,9223372036854775807))
Edge(470988,322362,(3,9223372036854775807))
Edge(471182,243866,(3,9223372036854775807))
Edge(471199,144987,(3,9223372036854775807))
Edge(471472,449605,(3,9223372036854775807))
Edge(471494,339346,(3,9223372036854775807))
Edge(471687,73913,(1,9223372036854775807))
Edge(471693,259592,(3,9223372036854775807))
Edge(471742,264095,(3,9223372036854775807))
Edge(472564,362011,(3,9223372036854775807))
Edge(472705,65848,(1,9223372036854775807))
Edge(472977,391688,(1,9223372036854775807))
Edge(474024,121383,(3,9223372036854775807))
Edge(474202,293918,(1,9223372036854775807))
Edge(474217,283723,(3,9223372036854775807))
Edge(474300,10740,(3,9223372036854775807))
Edge(474997,285633,(3,9223372036854775807))
Edge(475201,135350,(3,9223372036854775807))
Edge(475465,208114,(3,9223372036854775807))
Edge(475567,234338,(1,9223372036854775807))
Edge(475660,332709,(1,3))
Edge(476030,478098,(3,9223372036854775807))
Edge(476159,209035,(1,9223372036854775807))
Edge(476314,104841,(3,9223372036854775807))
Edge(476716,179090,(3,9223372036854775807))
Edge(476752,395988,(3,9223372036854775807))
Edge(476753,246035,(3,9223372036854775807))
Edge(476784,101383,(3,9223372036854775807))
Edge(476894,69940,(3,9223372036854775807))
Edge(477360,305594,(3,9223372036854775807))
Edge(477561,355124,(3,9223372036854775807))
Edge(477617,465372,(3,9223372036854775807))
Edge(478123,118842,(3,9223372036854775807))
Edge(478278,273239,(3,9223372036854775807))
Edge(478542,356398,(1,9223372036854775807))
Edge(478873,450354,(3,9223372036854775807))
Edge(479049,458437,(3,9223372036854775807))
Edge(479796,445720,(3,9223372036854775807))
Edge(479923,181338,(3,9223372036854775807))
Edge(480503,212549,(3,9223372036854775807))
Edge(480596,20271,(3,9223372036854775807))
Edge(480624,151418,(3,9223372036854775807))
Edge(480686,356388,(3,9223372036854775807))
Edge(480732,154170,(3,9223372036854775807))
Edge(480806,133115,(3,9223372036854775807))
Edge(481258,172592,(1,9223372036854775807))
Edge(481292,2220,(3,9223372036854775807))
Edge(482653,495118,(3,9223372036854775807))
Edge(483021,18008,(3,9223372036854775807))
Edge(483219,64097,(1,9223372036854775807))
Edge(483537,302408,(3,9223372036854775807))
Edge(483708,400585,(3,9223372036854775807))
Edge(483876,409357,(3,9223372036854775807))
Edge(483950,143979,(1,9223372036854775807))
Edge(483984,159358,(1,9223372036854775807))
Edge(484313,182553,(3,9223372036854775807))
Edge(484368,54808,(3,9223372036854775807))
Edge(484466,355999,(1,9223372036854775807))
Edge(487399,428215,(3,9223372036854775807))
Edge(487635,75554,(3,9223372036854775807))
Edge(487708,332060,(3,9223372036854775807))
Edge(487995,130555,(1,9223372036854775807))
Edge(488217,424158,(3,9223372036854775807))
Edge(488484,361872,(3,9223372036854775807))
Edge(488607,196813,(3,9223372036854775807))
Edge(488638,235474,(3,9223372036854775807))
Edge(489413,437180,(3,9223372036854775807))
Edge(489771,207563,(3,9223372036854775807))
Edge(489825,175540,(3,9223372036854775807))
Edge(490139,319287,(3,9223372036854775807))
Edge(490301,355944,(3,9223372036854775807))
Edge(490447,213052,(1,9223372036854775807))
Edge(490656,199719,(1,9223372036854775807))
Edge(490760,1729,(3,9223372036854775807))
Edge(491907,309544,(1,9223372036854775807))
Edge(492092,245295,(3,9223372036854775807))
Edge(492209,295627,(3,9223372036854775807))
Edge(492430,279178,(3,9223372036854775807))
Edge(492476,293855,(3,9223372036854775807))
Edge(492828,309824,(3,9223372036854775807))
Edge(493327,281795,(3,9223372036854775807))
Edge(493651,299128,(3,9223372036854775807))
Edge(494340,340957,(3,9223372036854775807))
Edge(494478,45930,(3,9223372036854775807))
Edge(495277,93188,(3,9223372036854775807))
Edge(495354,203400,(3,9223372036854775807))
Edge(495355,243219,(3,9223372036854775807))
Edge(496148,302050,(1,3))
Edge(496216,470004,(1,9223372036854775807))
Edge(496469,364990,(3,9223372036854775807))
Edge(496558,231618,(3,9223372036854775807))
Edge(496922,118412,(3,9223372036854775807))
Edge(497144,434491,(3,9223372036854775807))
Edge(497205,489150,(3,9223372036854775807))
Edge(497333,80765,(1,3))
Edge(497801,91150,(3,9223372036854775807))
Edge(498251,438222,(1,9223372036854775807))
Edge(499111,98379,(1,9223372036854775807))
Edge(499164,384518,(3,9223372036854775807))
Edge(499217,398820,(3,9223372036854775807))
Edge(499559,391805,(1,3))
Edge(499614,307920,(3,9223372036854775807))
Edge(499695,294698,(3,9223372036854775807))
