Edge(624,113098,(1,9223372036854775807))
Edge(1028,332663,(3,9223372036854775807))
Edge(1342,352831,(3,9223372036854775807))
Edge(1457,439208,(3,9223372036854775807))
Edge(1534,127788,(3,9223372036854775807))
Edge(1857,9673,(1,9223372036854775807))
Edge(2118,358827,(3,9223372036854775807))
Edge(2497,94537,(3,9223372036854775807))
Edge(3001,193797,(3,9223372036854775807))
Edge(3447,348353,(3,9223372036854775807))
Edge(3544,6761,(3,9223372036854775807))
Edge(3664,387625,(1,3))
Edge(3763,29775,(3,9223372036854775807))
Edge(3885,404012,(3,9223372036854775807))
Edge(3996,223337,(3,9223372036854775807))
Edge(5455,492232,(3,9223372036854775807))
Edge(5728,284600,(1,3))
Edge(6005,300642,(1,3))
Edge(6476,69694,(3,9223372036854775807))
Edge(7721,476100,(3,9223372036854775807))
Edge(7795,128421,(3,9223372036854775807))
Edge(7836,23781,(3,9223372036854775807))
Edge(7958,282034,(3,9223372036854775807))
Edge(8093,150121,(3,9223372036854775807))
Edge(8607,442940,(3,9223372036854775807))
Edge(8673,417408,(3,9223372036854775807))
Edge(8737,38083,(1,3))
Edge(9019,496895,(3,9223372036854775807))
Edge(9048,365864,(3,9223372036854775807))
Edge(9253,144435,(3,9223372036854775807))
Edge(9278,470205,(3,9223372036854775807))
Edge(9931,68143,(1,9223372036854775807))
Edge(10519,129767,(3,9223372036854775807))
Edge(12439,234751,(1,3))
Edge(13054,67633,(3,9223372036854775807))
Edge(13286,430581,(3,9223372036854775807))
Edge(13500,160523,(3,9223372036854775807))
Edge(13768,464573,(3,9223372036854775807))
Edge(13877,301730,(3,9223372036854775807))
Edge(13908,191917,(3,9223372036854775807))
Edge(13950,310427,(3,9223372036854775807))
Edge(13960,30840,(1,3))
Edge(14095,417004,(3,9223372036854775807))
Edge(14601,281596,(3,9223372036854775807))
Edge(14649,189204,(1,9223372036854775807))
Edge(14694,439051,(3,9223372036854775807))
Edge(14695,187979,(3,9223372036854775807))
Edge(14933,353680,(3,9223372036854775807))
Edge(15332,321250,(3,9223372036854775807))
Edge(15384,124790,(3,9223372036854775807))
Edge(15632,287215,(1,9223372036854775807))
Edge(15804,292144,(3,9223372036854775807))
Edge(16180,316953,(3,9223372036854775807))
Edge(16191,479485,(3,9223372036854775807))
Edge(16200,169326,(3,9223372036854775807))
Edge(17106,468963,(3,9223372036854775807))
Edge(17300,146270,(3,9223372036854775807))
Edge(18079,122441,(3,9223372036854775807))
Edge(18151,191107,(3,9223372036854775807))
Edge(18242,279548,(3,9223372036854775807))
Edge(18463,261427,(3,9223372036854775807))
Edge(18641,194108,(3,9223372036854775807))
Edge(18953,97406,(1,9223372036854775807))
Edge(19343,54929,(3,9223372036854775807))
Edge(19451,144351,(3,9223372036854775807))
Edge(19712,75624,(1,9223372036854775807))
Edge(20269,201195,(3,9223372036854775807))
Edge(20907,7725,(3,9223372036854775807))
Edge(21180,483290,(3,9223372036854775807))
Edge(21246,244374,(1,9223372036854775807))
Edge(22509,339808,(3,9223372036854775807))
Edge(22919,217988,(3,9223372036854775807))
Edge(23770,156016,(1,9223372036854775807))
Edge(23770,229655,(3,9223372036854775807))
Edge(23898,125659,(1,9223372036854775807))
Edge(23903,468577,(3,9223372036854775807))
Edge(24339,117435,(3,9223372036854775807))
Edge(24770,440488,(3,9223372036854775807))
Edge(24988,353773,(3,9223372036854775807))
Edge(25038,128175,(3,9223372036854775807))
Edge(25279,487493,(3,9223372036854775807))
Edge(25620,289304,(3,9223372036854775807))
Edge(25829,426081,(1,9223372036854775807))
Edge(26383,354185,(3,9223372036854775807))
Edge(26735,161241,(3,9223372036854775807))
Edge(27035,388803,(3,9223372036854775807))
Edge(27471,8406,(3,9223372036854775807))
Edge(27493,373076,(1,9223372036854775807))
Edge(27620,391096,(3,9223372036854775807))
Edge(27890,378541,(3,9223372036854775807))
Edge(27984,358548,(3,9223372036854775807))
Edge(28156,164781,(3,9223372036854775807))
Edge(28379,248557,(1,9223372036854775807))
Edge(29249,64022,(3,9223372036854775807))
Edge(29820,457144,(3,9223372036854775807))
Edge(30251,175599,(3,9223372036854775807))
Edge(30310,348902,(3,9223372036854775807))
Edge(30562,263676,(1,3))
Edge(31391,236723,(3,9223372036854775807))
Edge(31524,22275,(3,9223372036854775807))
Edge(31679,314369,(3,9223372036854775807))
Edge(31746,183096,(3,9223372036854775807))
Edge(31810,374597,(1,9223372036854775807))
Edge(32430,32908,(1,9223372036854775807))
Edge(32658,194508,(3,9223372036854775807))
Edge(32764,60997,(1,3))
Edge(32879,250485,(3,9223372036854775807))
Edge(33412,190834,(3,9223372036854775807))
Edge(33856,196609,(3,9223372036854775807))
Edge(33961,362729,(3,9223372036854775807))
Edge(34311,326523,(3,9223372036854775807))
Edge(35152,462225,(1,9223372036854775807))
Edge(35205,441304,(1,9223372036854775807))
Edge(35696,13770,(1,9223372036854775807))
Edge(35831,154358,(1,9223372036854775807))
Edge(35921,491218,(3,9223372036854775807))
Edge(36035,375246,(1,9223372036854775807))
Edge(36761,172929,(3,9223372036854775807))
Edge(37353,231597,(3,9223372036854775807))
Edge(37563,296137,(3,9223372036854775807))
Edge(37575,215469,(3,9223372036854775807))
Edge(37618,467461,(3,9223372036854775807))
Edge(37761,467328,(3,9223372036854775807))
Edge(38118,361655,(3,9223372036854775807))
Edge(38155,258049,(3,9223372036854775807))
Edge(38177,343545,(3,9223372036854775807))
Edge(38356,106269,(3,9223372036854775807))
Edge(38570,284442,(1,3))
Edge(39325,484725,(3,9223372036854775807))
Edge(39530,237434,(1,9223372036854775807))
Edge(39603,20230,(3,9223372036854775807))
Edge(39688,479082,(1,3))
Edge(40010,0,(3,9223372036854775807))
Edge(40708,409534,(1,9223372036854775807))
Edge(40835,455423,(3,9223372036854775807))
Edge(41031,277845,(3,9223372036854775807))
Edge(41140,254643,(3,9223372036854775807))
Edge(41606,153887,(1,3))
Edge(41960,168319,(3,9223372036854775807))
Edge(42335,335120,(3,9223372036854775807))
Edge(42563,357385,(3,9223372036854775807))
Edge(42695,17903,(3,9223372036854775807))
Edge(43249,257012,(1,9223372036854775807))
Edge(43343,133683,(3,9223372036854775807))
Edge(43549,401203,(1,3))
Edge(44160,11613,(3,9223372036854775807))
Edge(44602,138226,(3,9223372036854775807))
Edge(44905,175049,(3,9223372036854775807))
Edge(45118,345927,(3,9223372036854775807))
Edge(45119,300438,(4,9223372036854775807))
Edge(45130,447787,(3,9223372036854775807))
Edge(45136,448945,(3,9223372036854775807))
Edge(45364,209391,(3,9223372036854775807))
Edge(45556,170359,(3,9223372036854775807))
Edge(45685,417280,(1,3))
Edge(45891,414305,(1,9223372036854775807))
Edge(45901,204944,(3,9223372036854775807))
Edge(45964,175256,(3,9223372036854775807))
Edge(46171,10605,(3,9223372036854775807))
Edge(46388,336858,(3,9223372036854775807))
Edge(46455,295364,(3,9223372036854775807))
Edge(46472,257268,(1,3))
Edge(47557,216417,(3,9223372036854775807))
Edge(48114,169565,(1,3))
Edge(48321,36188,(3,9223372036854775807))
Edge(48441,395719,(1,9223372036854775807))
Edge(48731,213513,(3,9223372036854775807))
Edge(49242,383765,(3,9223372036854775807))
Edge(49523,7525,(1,9223372036854775807))
Edge(49812,253855,(3,9223372036854775807))
Edge(49887,142291,(3,9223372036854775807))
Edge(50477,191727,(1,3))
Edge(50556,345675,(3,9223372036854775807))
Edge(50683,422668,(3,9223372036854775807))
Edge(50717,309969,(3,9223372036854775807))
Edge(51230,431137,(1,9223372036854775807))
Edge(51672,234929,(1,3))
Edge(51991,81537,(3,9223372036854775807))
Edge(52063,366862,(3,9223372036854775807))
Edge(52570,358622,(3,9223372036854775807))
Edge(52633,57280,(3,9223372036854775807))
Edge(52700,494912,(3,9223372036854775807))
Edge(52735,264974,(1,9223372036854775807))
Edge(53026,218583,(3,9223372036854775807))
Edge(53038,320144,(3,9223372036854775807))
Edge(53479,144652,(3,9223372036854775807))
Edge(53734,162609,(3,9223372036854775807))
Edge(53811,162409,(3,9223372036854775807))
Edge(53863,7938,(3,9223372036854775807))
Edge(54152,211702,(3,9223372036854775807))
Edge(54157,316231,(3,9223372036854775807))
Edge(54335,168812,(3,9223372036854775807))
Edge(54723,147203,(1,9223372036854775807))
Edge(54821,341466,(3,9223372036854775807))
Edge(54886,168709,(3,9223372036854775807))
Edge(55240,326945,(3,9223372036854775807))
Edge(55407,399959,(3,9223372036854775807))
Edge(55688,302689,(1,9223372036854775807))
Edge(57828,387504,(3,9223372036854775807))
Edge(57998,335975,(1,3))
Edge(58853,37700,(3,9223372036854775807))
Edge(58930,265713,(3,9223372036854775807))
Edge(58962,109349,(3,9223372036854775807))
Edge(59115,475784,(3,9223372036854775807))
Edge(59526,353172,(3,9223372036854775807))
Edge(59527,335210,(3,9223372036854775807))
Edge(60038,409020,(3,9223372036854775807))
Edge(60058,306443,(1,9223372036854775807))
Edge(60434,98550,(1,9223372036854775807))
Edge(60447,133800,(3,9223372036854775807))
Edge(60700,192772,(3,9223372036854775807))
Edge(60803,156748,(3,9223372036854775807))
Edge(60889,294770,(3,9223372036854775807))
Edge(61070,56627,(3,9223372036854775807))
Edge(61286,160462,(3,9223372036854775807))
Edge(61471,473601,(1,9223372036854775807))
Edge(61836,228640,(3,9223372036854775807))
Edge(62127,57331,(3,9223372036854775807))
Edge(62847,117206,(3,9223372036854775807))
Edge(63328,5891,(1,3))
Edge(63912,287892,(3,9223372036854775807))
Edge(64007,62574,(1,9223372036854775807))
Edge(64068,126189,(1,9223372036854775807))
Edge(64068,178017,(3,9223372036854775807))
Edge(64408,66241,(3,9223372036854775807))
Edge(64462,446749,(3,9223372036854775807))
Edge(64489,399180,(1,9223372036854775807))
Edge(64667,443496,(3,9223372036854775807))
Edge(65206,289316,(3,9223372036854775807))
Edge(65325,17244,(3,9223372036854775807))
Edge(65414,10411,(3,9223372036854775807))
Edge(65425,195474,(3,9223372036854775807))
Edge(65581,321837,(1,3))
Edge(65928,17936,(3,9223372036854775807))
Edge(66064,403081,(3,9223372036854775807))
Edge(66379,496584,(1,9223372036854775807))
Edge(66974,207220,(3,9223372036854775807))
Edge(67450,415493,(3,9223372036854775807))
Edge(67573,308462,(1,9223372036854775807))
Edge(67726,286758,(3,9223372036854775807))
Edge(68602,53171,(3,9223372036854775807))
Edge(68641,271724,(3,9223372036854775807))
Edge(69053,196862,(3,9223372036854775807))
Edge(69063,301153,(3,9223372036854775807))
Edge(69211,206194,(3,9223372036854775807))
Edge(69745,435987,(3,9223372036854775807))
Edge(70096,20055,(3,9223372036854775807))
Edge(70201,339615,(1,9223372036854775807))
Edge(71297,183228,(3,9223372036854775807))
Edge(71462,179633,(3,9223372036854775807))
Edge(71480,246848,(3,9223372036854775807))
Edge(71895,425704,(3,9223372036854775807))
Edge(72178,88450,(3,9223372036854775807))
Edge(72178,102004,(1,9223372036854775807))
Edge(72806,233798,(3,9223372036854775807))
Edge(72810,132201,(3,9223372036854775807))
Edge(72949,60985,(1,9223372036854775807))
Edge(73059,121361,(3,9223372036854775807))
Edge(73085,439058,(1,9223372036854775807))
Edge(73156,63593,(3,9223372036854775807))
Edge(73386,417334,(3,9223372036854775807))
Edge(73582,365774,(3,9223372036854775807))
Edge(74408,278958,(3,9223372036854775807))
Edge(74456,260469,(1,9223372036854775807))
Edge(74477,112772,(3,9223372036854775807))
Edge(74712,277035,(3,9223372036854775807))
Edge(74861,113182,(1,9223372036854775807))
Edge(75170,378384,(3,9223372036854775807))
Edge(75251,137885,(4,9223372036854775807))
Edge(75442,483663,(3,9223372036854775807))
Edge(76368,316961,(1,9223372036854775807))
Edge(76584,98335,(3,9223372036854775807))
Edge(77571,172637,(3,9223372036854775807))
Edge(77605,340235,(3,9223372036854775807))
Edge(78377,329278,(3,9223372036854775807))
Edge(78541,420229,(3,9223372036854775807))
Edge(79204,461646,(3,9223372036854775807))
Edge(79596,132524,(3,9223372036854775807))
Edge(79757,189545,(3,9223372036854775807))
Edge(79906,421058,(3,9223372036854775807))
Edge(80164,438219,(3,9223372036854775807))
Edge(82102,461358,(3,9223372036854775807))
Edge(82189,333844,(3,9223372036854775807))
Edge(82656,375487,(1,9223372036854775807))
Edge(82725,80583,(3,9223372036854775807))
Edge(82833,434130,(1,3))
Edge(83139,183678,(3,9223372036854775807))
Edge(83321,370483,(1,9223372036854775807))
Edge(83555,315767,(3,9223372036854775807))
Edge(83891,189758,(3,9223372036854775807))
Edge(84085,21180,(3,9223372036854775807))
Edge(84244,224323,(3,9223372036854775807))
Edge(84361,464465,(3,9223372036854775807))
Edge(84448,102119,(3,9223372036854775807))
Edge(84504,186631,(3,9223372036854775807))
Edge(84580,369061,(3,9223372036854775807))
Edge(84670,483967,(3,9223372036854775807))
Edge(84904,77055,(3,9223372036854775807))
Edge(84967,333642,(3,9223372036854775807))
Edge(85199,54260,(3,9223372036854775807))
Edge(85228,206704,(1,9223372036854775807))
Edge(85636,181349,(3,9223372036854775807))
Edge(85687,273083,(3,9223372036854775807))
Edge(85715,371907,(3,9223372036854775807))
Edge(85953,91412,(1,9223372036854775807))
Edge(86844,460182,(3,9223372036854775807))
Edge(87058,238449,(1,3))
Edge(87828,182934,(3,9223372036854775807))
Edge(89202,343335,(1,9223372036854775807))
Edge(89286,287676,(1,3))
Edge(89637,343828,(1,3))
Edge(90104,121739,(3,9223372036854775807))
Edge(90166,412072,(3,9223372036854775807))
Edge(90411,9869,(3,9223372036854775807))
Edge(90533,485327,(1,9223372036854775807))
Edge(90626,160999,(3,9223372036854775807))
Edge(90996,351830,(3,9223372036854775807))
Edge(91501,273893,(1,9223372036854775807))
Edge(91791,145457,(3,9223372036854775807))
Edge(91960,156395,(3,9223372036854775807))
Edge(91988,49393,(3,9223372036854775807))
Edge(92164,339301,(3,9223372036854775807))
Edge(92275,172214,(3,9223372036854775807))
Edge(92351,53545,(1,9223372036854775807))
Edge(92726,19868,(1,3))
Edge(93180,93455,(3,9223372036854775807))
Edge(93266,475352,(3,9223372036854775807))
Edge(93717,497197,(3,9223372036854775807))
Edge(93724,484431,(3,9223372036854775807))
Edge(94356,331804,(1,9223372036854775807))
Edge(94597,382790,(3,9223372036854775807))
Edge(95390,119645,(1,9223372036854775807))
Edge(95723,6995,(3,9223372036854775807))
Edge(96184,2745,(3,9223372036854775807))
Edge(96415,196144,(3,9223372036854775807))
Edge(96880,308667,(4,9223372036854775807))
Edge(97641,422279,(3,9223372036854775807))
Edge(97978,326759,(3,9223372036854775807))
Edge(98102,319372,(3,9223372036854775807))
Edge(98268,5649,(3,9223372036854775807))
Edge(98389,167098,(3,9223372036854775807))
Edge(98473,424945,(1,3))
Edge(98878,136859,(3,9223372036854775807))
Edge(99335,465598,(3,9223372036854775807))
Edge(99350,108169,(3,9223372036854775807))
Edge(99967,129467,(1,9223372036854775807))
Edge(99987,145298,(3,9223372036854775807))
Edge(100102,423171,(1,9223372036854775807))
Edge(100127,183420,(3,9223372036854775807))
Edge(100481,394937,(3,9223372036854775807))
Edge(100757,242222,(3,9223372036854775807))
Edge(101249,35404,(3,9223372036854775807))
Edge(101720,468407,(3,9223372036854775807))
Edge(101740,366442,(3,9223372036854775807))
Edge(102202,285649,(3,9223372036854775807))
Edge(102314,112563,(3,9223372036854775807))
Edge(102748,70298,(3,9223372036854775807))
Edge(102898,162001,(1,9223372036854775807))
Edge(103608,135770,(3,9223372036854775807))
Edge(104026,313641,(3,9223372036854775807))
Edge(104363,39298,(3,9223372036854775807))
Edge(104646,136829,(3,9223372036854775807))
Edge(104713,33423,(3,9223372036854775807))
Edge(104774,136454,(3,9223372036854775807))
Edge(104973,132274,(3,9223372036854775807))
Edge(105053,219215,(3,9223372036854775807))
Edge(105211,343513,(3,9223372036854775807))
Edge(106209,203383,(1,9223372036854775807))
Edge(106362,190242,(3,9223372036854775807))
Edge(106399,204108,(3,9223372036854775807))
Edge(106487,154917,(3,9223372036854775807))
Edge(106983,152032,(1,9223372036854775807))
Edge(107080,336795,(3,9223372036854775807))
Edge(107156,245861,(3,9223372036854775807))
Edge(108037,70949,(3,9223372036854775807))
Edge(108226,388082,(3,9223372036854775807))
Edge(108574,376647,(3,9223372036854775807))
Edge(108928,182775,(3,9223372036854775807))
Edge(109056,383688,(3,9223372036854775807))
Edge(109260,498347,(3,9223372036854775807))
Edge(109512,32255,(3,9223372036854775807))
Edge(109959,151676,(3,9223372036854775807))
Edge(110020,22192,(3,9223372036854775807))
Edge(110071,3881,(3,9223372036854775807))
Edge(110121,64239,(3,9223372036854775807))
Edge(110336,183412,(3,9223372036854775807))
Edge(110359,420003,(3,9223372036854775807))
Edge(110800,340432,(3,9223372036854775807))
Edge(110997,248315,(3,9223372036854775807))
Edge(111002,235783,(3,9223372036854775807))
Edge(111031,26563,(3,9223372036854775807))
Edge(111154,361830,(3,9223372036854775807))
Edge(111263,387238,(3,9223372036854775807))
Edge(111511,85788,(3,9223372036854775807))
Edge(112124,209112,(1,9223372036854775807))
Edge(112609,320983,(1,9223372036854775807))
Edge(113204,178252,(3,9223372036854775807))
Edge(113904,156982,(3,9223372036854775807))
Edge(114121,407466,(3,9223372036854775807))
Edge(114205,473193,(3,9223372036854775807))
Edge(114301,430819,(3,9223372036854775807))
Edge(114445,289675,(3,9223372036854775807))
Edge(114851,490036,(3,9223372036854775807))
Edge(114988,397132,(1,9223372036854775807))
Edge(115201,489794,(3,9223372036854775807))
Edge(115372,166078,(3,9223372036854775807))
Edge(115625,200866,(3,9223372036854775807))
Edge(115626,322038,(3,9223372036854775807))
Edge(115819,298023,(3,9223372036854775807))
Edge(116017,166100,(1,9223372036854775807))
Edge(116697,156735,(1,3))
Edge(116859,345224,(1,9223372036854775807))
Edge(117354,379922,(3,9223372036854775807))
Edge(117394,462297,(3,9223372036854775807))
Edge(117541,25487,(3,9223372036854775807))
Edge(117555,306869,(3,9223372036854775807))
Edge(117849,60303,(1,9223372036854775807))
Edge(118356,32839,(1,9223372036854775807))
Edge(118664,493151,(3,9223372036854775807))
Edge(118878,325582,(3,9223372036854775807))
Edge(119611,1781,(3,9223372036854775807))
Edge(119857,432720,(3,9223372036854775807))
Edge(120349,115,(3,9223372036854775807))
Edge(120431,71341,(3,9223372036854775807))
Edge(120694,169404,(3,9223372036854775807))
Edge(120849,91258,(3,9223372036854775807))
Edge(121226,376046,(3,9223372036854775807))
Edge(121435,81504,(3,9223372036854775807))
Edge(122429,455923,(1,9223372036854775807))
Edge(122534,373504,(3,9223372036854775807))
Edge(122558,192229,(1,9223372036854775807))
Edge(122680,114183,(1,9223372036854775807))
Edge(122997,306086,(3,9223372036854775807))
Edge(123030,481371,(3,9223372036854775807))
Edge(123448,102509,(3,9223372036854775807))
Edge(123673,414279,(3,9223372036854775807))
Edge(123964,485862,(3,9223372036854775807))
Edge(124008,324889,(3,9223372036854775807))
Edge(125268,336474,(3,9223372036854775807))
Edge(125939,448063,(3,9223372036854775807))
Edge(126146,93537,(3,9223372036854775807))
Edge(126352,38382,(3,9223372036854775807))
Edge(126617,85345,(3,9223372036854775807))
Edge(126837,221448,(1,9223372036854775807))
Edge(127171,466952,(3,9223372036854775807))
Edge(127370,344205,(3,9223372036854775807))
Edge(127876,259624,(3,9223372036854775807))
Edge(127998,383397,(3,9223372036854775807))
Edge(128165,6457,(1,9223372036854775807))
Edge(128804,470950,(3,9223372036854775807))
Edge(129009,4192,(3,9223372036854775807))
Edge(129128,448865,(3,9223372036854775807))
Edge(129156,185988,(3,9223372036854775807))
Edge(129223,288332,(3,9223372036854775807))
Edge(129418,286689,(3,9223372036854775807))
Edge(129558,327867,(3,9223372036854775807))
Edge(129682,314728,(3,9223372036854775807))
Edge(129997,155119,(3,9223372036854775807))
Edge(131288,369200,(1,9223372036854775807))
Edge(131456,194205,(3,9223372036854775807))
Edge(131474,206220,(3,9223372036854775807))
Edge(131836,444663,(3,9223372036854775807))
Edge(131875,330475,(3,9223372036854775807))
Edge(131945,407673,(3,9223372036854775807))
Edge(132482,287578,(3,9223372036854775807))
Edge(133167,779,(3,9223372036854775807))
Edge(133339,494049,(3,9223372036854775807))
Edge(133351,438393,(3,9223372036854775807))
Edge(133567,244625,(3,9223372036854775807))
Edge(133643,336279,(3,9223372036854775807))
Edge(134469,189119,(3,9223372036854775807))
Edge(134610,9835,(1,3))
Edge(134630,276247,(3,9223372036854775807))
Edge(134852,197477,(3,9223372036854775807))
Edge(135406,109824,(3,9223372036854775807))
Edge(135988,152337,(3,9223372036854775807))
Edge(136069,399657,(3,9223372036854775807))
Edge(136147,98055,(1,9223372036854775807))
Edge(136923,489303,(3,9223372036854775807))
Edge(136983,493021,(3,9223372036854775807))
Edge(137005,418568,(3,9223372036854775807))
Edge(137097,449085,(3,9223372036854775807))
Edge(137218,307561,(3,9223372036854775807))
Edge(137363,472982,(3,9223372036854775807))
Edge(137680,401884,(3,9223372036854775807))
Edge(137725,226417,(3,9223372036854775807))
Edge(137969,490967,(3,9223372036854775807))
Edge(138096,89286,(3,9223372036854775807))
Edge(138149,239392,(3,9223372036854775807))
Edge(138201,80330,(1,9223372036854775807))
Edge(138842,16396,(3,9223372036854775807))
Edge(140051,483612,(3,9223372036854775807))
Edge(140348,16816,(3,9223372036854775807))
Edge(140386,272820,(3,9223372036854775807))
Edge(140672,494846,(3,9223372036854775807))
Edge(141090,236596,(3,9223372036854775807))
Edge(141313,472457,(3,9223372036854775807))
Edge(141558,85853,(3,9223372036854775807))
Edge(141610,192915,(3,9223372036854775807))
Edge(141716,304864,(3,9223372036854775807))
Edge(141974,254384,(3,9223372036854775807))
Edge(142022,464221,(3,9223372036854775807))
Edge(142101,171236,(3,9223372036854775807))
Edge(142725,336490,(3,9223372036854775807))
Edge(142808,89090,(3,9223372036854775807))
Edge(143027,99253,(3,9223372036854775807))
Edge(143153,20523,(3,9223372036854775807))
Edge(143169,431463,(3,9223372036854775807))
Edge(143642,46262,(3,9223372036854775807))
Edge(143732,382438,(3,9223372036854775807))
Edge(143792,67444,(3,9223372036854775807))
Edge(144500,136983,(3,9223372036854775807))
Edge(144757,361136,(1,9223372036854775807))
Edge(145159,275704,(3,9223372036854775807))
Edge(145515,377341,(1,9223372036854775807))
Edge(145705,439571,(3,9223372036854775807))
Edge(146480,121574,(3,9223372036854775807))
Edge(146553,294878,(3,9223372036854775807))
Edge(146894,419957,(3,9223372036854775807))
Edge(147110,484165,(1,9223372036854775807))
Edge(148101,335048,(1,9223372036854775807))
Edge(148975,12554,(3,9223372036854775807))
Edge(149618,459447,(3,9223372036854775807))
Edge(149639,42201,(3,9223372036854775807))
Edge(150022,433485,(3,9223372036854775807))
Edge(150034,263404,(3,9223372036854775807))
Edge(150141,453719,(3,9223372036854775807))
Edge(150359,430552,(3,9223372036854775807))
Edge(150526,186479,(4,9223372036854775807))
Edge(150661,280063,(3,9223372036854775807))
Edge(150677,396172,(1,9223372036854775807))
Edge(150967,110179,(3,9223372036854775807))
Edge(151316,476779,(3,9223372036854775807))
Edge(151375,90044,(3,9223372036854775807))
Edge(151407,99990,(3,9223372036854775807))
Edge(151445,449113,(3,9223372036854775807))
Edge(151622,452491,(3,9223372036854775807))
Edge(152148,477079,(3,9223372036854775807))
Edge(152382,114050,(3,9223372036854775807))
Edge(152384,15013,(3,9223372036854775807))
Edge(152766,60481,(3,9223372036854775807))
Edge(152771,200816,(3,9223372036854775807))
Edge(152828,335571,(3,9223372036854775807))
Edge(153118,301024,(3,9223372036854775807))
Edge(153633,465824,(3,9223372036854775807))
Edge(153654,151639,(3,9223372036854775807))
Edge(153676,97798,(1,9223372036854775807))
Edge(153830,188475,(3,9223372036854775807))
Edge(153881,192805,(3,9223372036854775807))
Edge(155010,182658,(3,9223372036854775807))
Edge(155210,462652,(3,9223372036854775807))
Edge(155447,316993,(1,9223372036854775807))
Edge(155458,102909,(3,9223372036854775807))
Edge(155555,80714,(1,9223372036854775807))
Edge(155653,465515,(3,9223372036854775807))
Edge(155693,127002,(3,9223372036854775807))
Edge(156059,194822,(3,9223372036854775807))
Edge(156094,290999,(3,9223372036854775807))
Edge(156112,151653,(3,9223372036854775807))
Edge(156477,26607,(1,9223372036854775807))
Edge(156759,88882,(3,9223372036854775807))
Edge(157126,442713,(3,9223372036854775807))
Edge(157950,171400,(4,9223372036854775807))
Edge(158352,426638,(3,9223372036854775807))
Edge(158556,194283,(3,9223372036854775807))
Edge(158733,383503,(1,9223372036854775807))
Edge(159370,225714,(1,9223372036854775807))
Edge(159491,326022,(3,9223372036854775807))
Edge(159750,417577,(3,9223372036854775807))
Edge(159895,99225,(3,9223372036854775807))
Edge(160056,362992,(3,9223372036854775807))
Edge(160399,215179,(1,3))
Edge(160737,370542,(1,9223372036854775807))
Edge(161678,282742,(3,9223372036854775807))
Edge(162015,289682,(1,9223372036854775807))
Edge(162065,35151,(1,3))
Edge(162637,180812,(3,9223372036854775807))
Edge(162801,433382,(3,9223372036854775807))
Edge(162902,313789,(1,9223372036854775807))
Edge(162990,97030,(3,9223372036854775807))
Edge(163508,375875,(3,9223372036854775807))
Edge(163657,435633,(3,9223372036854775807))
Edge(163854,379638,(3,9223372036854775807))
Edge(164234,216750,(1,3))
Edge(164783,340731,(3,9223372036854775807))
Edge(164917,438203,(3,9223372036854775807))
Edge(164944,155473,(3,9223372036854775807))
Edge(164957,78099,(3,9223372036854775807))
Edge(165660,416933,(3,9223372036854775807))
Edge(165674,434626,(1,3))
Edge(165796,350547,(1,9223372036854775807))
Edge(165857,251300,(3,9223372036854775807))
Edge(166793,320508,(3,9223372036854775807))
Edge(166819,287971,(3,9223372036854775807))
Edge(166835,356957,(3,9223372036854775807))
Edge(166929,119401,(3,9223372036854775807))
Edge(167174,77316,(3,9223372036854775807))
Edge(167473,348091,(3,9223372036854775807))
Edge(167563,393872,(3,9223372036854775807))
Edge(167777,29445,(3,9223372036854775807))
Edge(167870,408998,(3,9223372036854775807))
Edge(168612,301808,(3,9223372036854775807))
Edge(168651,111499,(3,9223372036854775807))
Edge(168675,188990,(3,9223372036854775807))
Edge(169468,11909,(3,9223372036854775807))
Edge(169768,238559,(3,9223372036854775807))
Edge(169827,446920,(3,9223372036854775807))
Edge(169850,478315,(3,9223372036854775807))
Edge(170067,354794,(3,9223372036854775807))
Edge(170365,85169,(3,9223372036854775807))
Edge(170545,376923,(3,9223372036854775807))
Edge(170601,478278,(1,9223372036854775807))
Edge(170984,316234,(3,9223372036854775807))
Edge(171198,115580,(3,9223372036854775807))
Edge(171536,121110,(1,9223372036854775807))
Edge(171778,497842,(3,9223372036854775807))
Edge(171929,163156,(1,3))
Edge(172293,257603,(1,9223372036854775807))
Edge(172418,192370,(3,9223372036854775807))
Edge(172427,323781,(3,9223372036854775807))
Edge(172490,157349,(3,9223372036854775807))
Edge(172830,95387,(3,9223372036854775807))
Edge(172844,9208,(3,9223372036854775807))
Edge(173039,246720,(3,9223372036854775807))
Edge(173094,69066,(3,9223372036854775807))
Edge(173152,461560,(3,9223372036854775807))
Edge(173335,368877,(3,9223372036854775807))
Edge(173377,211477,(3,9223372036854775807))
Edge(174801,48371,(3,9223372036854775807))
Edge(174802,380830,(3,9223372036854775807))
Edge(174964,333797,(1,9223372036854775807))
Edge(176391,293857,(1,9223372036854775807))
Edge(176769,97435,(3,9223372036854775807))
Edge(176976,318293,(3,9223372036854775807))
Edge(177339,259150,(1,9223372036854775807))
Edge(177684,348840,(3,9223372036854775807))
Edge(179030,281146,(3,9223372036854775807))
Edge(179173,432528,(3,9223372036854775807))
Edge(179354,338651,(3,9223372036854775807))
Edge(179660,84274,(3,9223372036854775807))
Edge(179932,207787,(3,9223372036854775807))
Edge(180236,282625,(3,9223372036854775807))
Edge(180850,405275,(3,9223372036854775807))
Edge(181129,305200,(3,9223372036854775807))
Edge(181159,246366,(3,9223372036854775807))
Edge(181269,403612,(1,3))
Edge(181523,41923,(3,9223372036854775807))
Edge(181775,115507,(1,9223372036854775807))
Edge(181850,5888,(3,9223372036854775807))
Edge(181971,339714,(1,9223372036854775807))
Edge(182968,177044,(1,3))
Edge(183319,215419,(3,9223372036854775807))
Edge(183331,186677,(3,9223372036854775807))
Edge(183856,312371,(3,9223372036854775807))
Edge(184064,444680,(1,9223372036854775807))
Edge(184410,461933,(1,9223372036854775807))
Edge(184417,175972,(3,9223372036854775807))
Edge(184578,337661,(1,9223372036854775807))
Edge(184595,210104,(1,9223372036854775807))
Edge(185199,422449,(1,9223372036854775807))
Edge(185404,351442,(3,9223372036854775807))
Edge(185518,427564,(3,9223372036854775807))
Edge(185669,243862,(3,9223372036854775807))
Edge(185725,44338,(3,9223372036854775807))
Edge(185835,268923,(1,9223372036854775807))
Edge(186258,90000,(1,9223372036854775807))
Edge(186670,188820,(3,9223372036854775807))
Edge(186918,53954,(3,9223372036854775807))
Edge(187701,144923,(3,9223372036854775807))
Edge(187795,160372,(3,9223372036854775807))
Edge(188063,149159,(1,9223372036854775807))
Edge(188551,174104,(1,9223372036854775807))
Edge(188679,48188,(3,9223372036854775807))
Edge(189913,497491,(3,9223372036854775807))
Edge(190367,393363,(1,9223372036854775807))
Edge(190907,212619,(3,9223372036854775807))
Edge(191734,18372,(3,9223372036854775807))
Edge(191948,138775,(3,9223372036854775807))
Edge(192114,196600,(3,9223372036854775807))
Edge(192227,363269,(3,9223372036854775807))
Edge(192283,322634,(3,9223372036854775807))
Edge(192394,168312,(1,9223372036854775807))
Edge(192678,411003,(1,9223372036854775807))
Edge(192875,458828,(3,9223372036854775807))
Edge(192915,392886,(3,9223372036854775807))
Edge(193090,152121,(3,9223372036854775807))
Edge(193288,178678,(3,9223372036854775807))
Edge(193291,151919,(3,9223372036854775807))
Edge(193401,468430,(3,9223372036854775807))
Edge(193648,409585,(3,9223372036854775807))
Edge(193737,480727,(3,9223372036854775807))
Edge(194130,435417,(3,9223372036854775807))
Edge(194721,283561,(3,9223372036854775807))
Edge(195064,114112,(1,3))
Edge(195262,32809,(1,9223372036854775807))
Edge(195315,414943,(3,9223372036854775807))
Edge(195498,63410,(3,9223372036854775807))
Edge(195834,403754,(1,9223372036854775807))
Edge(196169,166379,(3,9223372036854775807))
Edge(196366,358886,(3,9223372036854775807))
Edge(196484,68016,(3,9223372036854775807))
Edge(197142,114247,(3,9223372036854775807))
Edge(197325,252572,(3,9223372036854775807))
Edge(197540,404848,(1,9223372036854775807))
Edge(197561,410326,(3,9223372036854775807))
Edge(198225,67933,(3,9223372036854775807))
Edge(198438,277979,(3,9223372036854775807))
Edge(198474,28261,(3,9223372036854775807))
Edge(198875,407713,(1,3))
Edge(198921,132084,(3,9223372036854775807))
Edge(199316,489486,(3,9223372036854775807))
Edge(199433,226749,(1,9223372036854775807))
Edge(199603,484376,(1,9223372036854775807))
Edge(200342,175104,(3,9223372036854775807))
Edge(200531,76648,(3,9223372036854775807))
Edge(200667,187453,(3,9223372036854775807))
Edge(200886,157659,(3,9223372036854775807))
Edge(201111,20909,(3,9223372036854775807))
Edge(201146,119167,(3,9223372036854775807))
Edge(201180,303823,(3,9223372036854775807))
Edge(201469,86259,(1,9223372036854775807))
Edge(201791,438506,(3,9223372036854775807))
Edge(201796,171044,(3,9223372036854775807))
Edge(202233,786,(3,9223372036854775807))
Edge(202261,189927,(3,9223372036854775807))
Edge(202303,187056,(1,9223372036854775807))
Edge(202438,405081,(1,3))
Edge(202452,86128,(1,3))
Edge(202515,478654,(3,9223372036854775807))
Edge(202766,58364,(3,9223372036854775807))
Edge(202878,456613,(3,9223372036854775807))
Edge(203043,280928,(3,9223372036854775807))
Edge(203169,330662,(3,9223372036854775807))
Edge(203276,326788,(3,9223372036854775807))
Edge(203296,16702,(3,9223372036854775807))
Edge(203300,429977,(3,9223372036854775807))
Edge(203565,169808,(3,9223372036854775807))
Edge(203968,460973,(3,9223372036854775807))
Edge(204482,126453,(3,9223372036854775807))
Edge(204529,321333,(3,9223372036854775807))
Edge(204766,152218,(3,9223372036854775807))
Edge(204875,59192,(3,9223372036854775807))
Edge(205181,420907,(3,9223372036854775807))
Edge(205236,385100,(3,9223372036854775807))
Edge(205732,497593,(3,9223372036854775807))
Edge(206165,289070,(3,9223372036854775807))
Edge(206291,481309,(3,9223372036854775807))
Edge(206292,73706,(3,9223372036854775807))
Edge(206609,329204,(3,9223372036854775807))
Edge(206634,133602,(3,9223372036854775807))
Edge(207092,63284,(3,9223372036854775807))
Edge(207280,213720,(3,9223372036854775807))
Edge(207371,383787,(1,9223372036854775807))
Edge(207381,423184,(4,9223372036854775807))
Edge(207392,384417,(1,9223372036854775807))
Edge(207692,143362,(1,3))
Edge(207738,420573,(1,9223372036854775807))
Edge(208374,172344,(3,9223372036854775807))
Edge(208871,347546,(3,9223372036854775807))
Edge(209047,360508,(1,3))
Edge(209685,194213,(3,9223372036854775807))
Edge(209771,479884,(3,9223372036854775807))
Edge(210233,96966,(3,9223372036854775807))
Edge(210252,217751,(3,9223372036854775807))
Edge(210273,108919,(3,9223372036854775807))
Edge(210330,362776,(1,3))
Edge(210742,385051,(1,9223372036854775807))
Edge(210865,91352,(3,9223372036854775807))
Edge(210899,208713,(3,9223372036854775807))
Edge(211071,234177,(3,9223372036854775807))
Edge(211466,378037,(3,9223372036854775807))
Edge(211598,228374,(1,3))
Edge(211710,29021,(3,9223372036854775807))
Edge(211846,321890,(1,9223372036854775807))
Edge(211938,312358,(3,9223372036854775807))
Edge(212152,163980,(3,9223372036854775807))
Edge(212249,250480,(3,9223372036854775807))
Edge(212581,150165,(3,9223372036854775807))
Edge(212631,150064,(3,9223372036854775807))
Edge(212980,89928,(3,9223372036854775807))
Edge(212994,177020,(3,9223372036854775807))
Edge(213137,462062,(1,9223372036854775807))
Edge(213702,301035,(3,9223372036854775807))
Edge(214117,281321,(1,3))
Edge(214363,220719,(3,9223372036854775807))
Edge(214981,249618,(3,9223372036854775807))
Edge(215163,381337,(1,9223372036854775807))
Edge(215511,160050,(3,9223372036854775807))
Edge(216066,269547,(3,9223372036854775807))
Edge(216138,164130,(3,9223372036854775807))
Edge(216308,138034,(3,9223372036854775807))
Edge(216381,343509,(3,9223372036854775807))
Edge(216456,353065,(3,9223372036854775807))
Edge(216475,264649,(3,9223372036854775807))
Edge(216787,328283,(3,9223372036854775807))
Edge(216811,306489,(3,9223372036854775807))
Edge(216942,170345,(1,9223372036854775807))
Edge(217624,491891,(3,9223372036854775807))
Edge(217940,401433,(3,9223372036854775807))
Edge(217955,95119,(3,9223372036854775807))
Edge(218118,20750,(1,9223372036854775807))
Edge(218141,96866,(3,9223372036854775807))
Edge(218177,281702,(1,9223372036854775807))
Edge(218420,388635,(1,9223372036854775807))
Edge(218665,499988,(1,3))
Edge(219253,319312,(3,9223372036854775807))
Edge(219393,5517,(1,9223372036854775807))
Edge(219809,236299,(3,9223372036854775807))
Edge(221109,144833,(3,9223372036854775807))
Edge(221323,399068,(1,3))
Edge(221610,20185,(1,9223372036854775807))
Edge(222241,31648,(3,9223372036854775807))
Edge(222953,100963,(3,9223372036854775807))
Edge(224109,436354,(3,9223372036854775807))
Edge(224257,235077,(3,9223372036854775807))
Edge(226134,436481,(3,9223372036854775807))
Edge(226756,214985,(3,9223372036854775807))
Edge(226978,310762,(3,9223372036854775807))
Edge(227399,217657,(3,9223372036854775807))
Edge(227486,67892,(3,9223372036854775807))
Edge(228021,136977,(1,9223372036854775807))
Edge(228540,473127,(3,9223372036854775807))
Edge(228610,195122,(3,9223372036854775807))
Edge(228949,395134,(3,9223372036854775807))
Edge(229535,67903,(3,9223372036854775807))
Edge(229837,441121,(3,9223372036854775807))
Edge(229972,234412,(3,9223372036854775807))
Edge(229972,456120,(3,9223372036854775807))
Edge(230534,337453,(3,9223372036854775807))
Edge(230885,66490,(1,9223372036854775807))
Edge(231581,306212,(3,9223372036854775807))
Edge(232088,90315,(3,9223372036854775807))
Edge(232389,132903,(3,9223372036854775807))
Edge(232599,157429,(3,9223372036854775807))
Edge(232679,245211,(3,9223372036854775807))
Edge(233381,17095,(3,9223372036854775807))
Edge(233459,483370,(3,9223372036854775807))
Edge(233567,26235,(3,9223372036854775807))
Edge(233631,140733,(1,9223372036854775807))
Edge(234616,66532,(3,9223372036854775807))
Edge(234628,395938,(3,9223372036854775807))
Edge(235295,132685,(3,9223372036854775807))
Edge(235402,295350,(3,9223372036854775807))
Edge(235699,186483,(3,9223372036854775807))
Edge(235853,85358,(3,9223372036854775807))
Edge(235860,297485,(3,9223372036854775807))
Edge(235943,24897,(3,9223372036854775807))
Edge(237301,92269,(3,9223372036854775807))
Edge(237658,289218,(3,9223372036854775807))
Edge(237779,160661,(3,9223372036854775807))
Edge(237933,361862,(3,9223372036854775807))
Edge(238084,286264,(3,9223372036854775807))
Edge(238175,251535,(4,9223372036854775807))
Edge(238248,210166,(3,9223372036854775807))
Edge(238342,176464,(1,3))
Edge(238348,261902,(3,9223372036854775807))
Edge(238352,319655,(3,9223372036854775807))
Edge(238822,134250,(3,9223372036854775807))
Edge(238904,368926,(3,9223372036854775807))
Edge(239531,375112,(3,9223372036854775807))
Edge(239608,192666,(3,9223372036854775807))
Edge(240145,309716,(3,9223372036854775807))
Edge(240258,253836,(1,3))
Edge(240627,349466,(1,9223372036854775807))
Edge(240957,169707,(3,9223372036854775807))
Edge(241491,244604,(3,9223372036854775807))
Edge(241545,202846,(1,9223372036854775807))
Edge(241597,122781,(3,9223372036854775807))
Edge(242099,247282,(3,9223372036854775807))
Edge(242122,346633,(3,9223372036854775807))
Edge(242124,473727,(3,9223372036854775807))
Edge(242166,329210,(3,9223372036854775807))
Edge(242520,232287,(3,9223372036854775807))
Edge(242744,176287,(3,9223372036854775807))
Edge(242888,224995,(1,9223372036854775807))
Edge(242981,407521,(1,9223372036854775807))
Edge(243216,402816,(3,9223372036854775807))
Edge(244187,52180,(1,9223372036854775807))
Edge(244317,393524,(3,9223372036854775807))
Edge(244327,262719,(3,9223372036854775807))
Edge(244356,88004,(3,9223372036854775807))
Edge(244416,60564,(3,9223372036854775807))
Edge(245285,321510,(1,9223372036854775807))
Edge(245495,352704,(3,9223372036854775807))
Edge(245626,1558,(3,9223372036854775807))
Edge(245827,101580,(3,9223372036854775807))
Edge(246087,326482,(3,9223372036854775807))
Edge(246783,72651,(3,9223372036854775807))
Edge(246906,294805,(3,9223372036854775807))
Edge(247208,458154,(4,9223372036854775807))
Edge(247539,286756,(3,9223372036854775807))
Edge(247801,101998,(3,9223372036854775807))
Edge(248774,297347,(1,9223372036854775807))
Edge(249168,455915,(3,9223372036854775807))
Edge(249240,136426,(3,9223372036854775807))
Edge(249337,440824,(3,9223372036854775807))
Edge(249387,338125,(3,9223372036854775807))
Edge(249527,388198,(3,9223372036854775807))
Edge(250100,492640,(3,9223372036854775807))
Edge(250137,204074,(3,9223372036854775807))
Edge(250268,390360,(3,9223372036854775807))
Edge(250466,386225,(1,9223372036854775807))
Edge(250583,49170,(3,9223372036854775807))
Edge(250796,425742,(3,9223372036854775807))
Edge(251530,447157,(3,9223372036854775807))
Edge(252126,341728,(3,9223372036854775807))
Edge(252180,270095,(3,9223372036854775807))
Edge(252316,4646,(3,9223372036854775807))
Edge(252433,273061,(3,9223372036854775807))
Edge(252591,469843,(3,9223372036854775807))
Edge(253735,311911,(3,9223372036854775807))
Edge(253979,475344,(3,9223372036854775807))
Edge(254174,380271,(3,9223372036854775807))
Edge(254895,430124,(3,9223372036854775807))
Edge(254912,174445,(3,9223372036854775807))
Edge(254916,79930,(3,9223372036854775807))
Edge(255613,197143,(3,9223372036854775807))
Edge(256372,459258,(3,9223372036854775807))
Edge(256380,89070,(3,9223372036854775807))
Edge(256411,269063,(3,9223372036854775807))
Edge(256446,340989,(1,9223372036854775807))
Edge(256578,36306,(3,9223372036854775807))
Edge(257555,223010,(1,9223372036854775807))
Edge(257821,443758,(3,9223372036854775807))
Edge(257874,322868,(3,9223372036854775807))
Edge(258375,366352,(3,9223372036854775807))
Edge(258445,283829,(3,9223372036854775807))
Edge(258505,410453,(1,9223372036854775807))
Edge(258687,433252,(3,9223372036854775807))
Edge(258901,490289,(3,9223372036854775807))
Edge(259304,139393,(3,9223372036854775807))
Edge(260179,193828,(1,9223372036854775807))
Edge(260671,162407,(1,3))
Edge(260683,413165,(3,9223372036854775807))
Edge(260767,277762,(3,9223372036854775807))
Edge(261503,129749,(3,9223372036854775807))
Edge(261643,374663,(3,9223372036854775807))
Edge(261927,426004,(3,9223372036854775807))
Edge(261996,235979,(1,3))
Edge(262121,498673,(3,9223372036854775807))
Edge(262449,426839,(1,9223372036854775807))
Edge(262772,339654,(3,9223372036854775807))
Edge(262967,470333,(1,9223372036854775807))
Edge(263183,375075,(3,9223372036854775807))
Edge(263240,150054,(3,9223372036854775807))
Edge(263844,167266,(4,9223372036854775807))
Edge(264109,110419,(3,9223372036854775807))
Edge(264571,210295,(3,9223372036854775807))
Edge(264577,186943,(3,9223372036854775807))
Edge(264700,468387,(3,9223372036854775807))
Edge(265230,447684,(3,9223372036854775807))
Edge(265416,302936,(1,9223372036854775807))
Edge(265780,439823,(3,9223372036854775807))
Edge(266084,84272,(2,3))
Edge(266270,145772,(3,9223372036854775807))
Edge(266967,460672,(3,9223372036854775807))
Edge(267127,40184,(3,9223372036854775807))
Edge(267289,475801,(3,9223372036854775807))
Edge(267483,301475,(3,9223372036854775807))
Edge(267582,274713,(3,9223372036854775807))
Edge(267924,13892,(1,9223372036854775807))
Edge(267971,201625,(3,9223372036854775807))
Edge(267978,292711,(3,9223372036854775807))
Edge(268204,53680,(3,9223372036854775807))
Edge(268294,262694,(3,9223372036854775807))
Edge(268615,421473,(3,9223372036854775807))
Edge(268696,16322,(1,3))
Edge(269432,156562,(1,2))
Edge(269761,267375,(1,9223372036854775807))
Edge(269856,317731,(3,9223372036854775807))
Edge(269944,53350,(3,9223372036854775807))
Edge(269986,387783,(3,9223372036854775807))
Edge(270390,408159,(3,9223372036854775807))
Edge(271178,465579,(3,9223372036854775807))
Edge(271640,286422,(1,3))
Edge(271657,129086,(3,9223372036854775807))
Edge(271684,192257,(3,9223372036854775807))
Edge(271772,432749,(3,9223372036854775807))
Edge(271924,173665,(3,9223372036854775807))
Edge(272555,285735,(1,9223372036854775807))
Edge(272591,318268,(3,9223372036854775807))
Edge(272676,24120,(1,9223372036854775807))
Edge(273206,26353,(1,9223372036854775807))
Edge(273418,173975,(1,3))
Edge(273562,490123,(3,9223372036854775807))
Edge(274058,156042,(3,9223372036854775807))
Edge(274187,45312,(3,9223372036854775807))
Edge(274307,244062,(3,9223372036854775807))
Edge(274548,301397,(3,9223372036854775807))
Edge(274612,248388,(3,9223372036854775807))
Edge(274729,261823,(3,9223372036854775807))
Edge(274776,264662,(1,9223372036854775807))
Edge(274929,364785,(3,9223372036854775807))
Edge(274960,402043,(3,9223372036854775807))
Edge(274996,481194,(3,9223372036854775807))
Edge(275135,295573,(3,9223372036854775807))
Edge(275298,307320,(3,9223372036854775807))
Edge(275372,23533,(3,9223372036854775807))
Edge(276050,485008,(3,9223372036854775807))
Edge(276300,436444,(3,9223372036854775807))
Edge(276948,481244,(3,9223372036854775807))
Edge(277115,360216,(3,9223372036854775807))
Edge(277841,111889,(1,3))
Edge(278214,442068,(3,9223372036854775807))
Edge(278496,159244,(3,9223372036854775807))
Edge(278503,467409,(3,9223372036854775807))
Edge(278630,151019,(1,3))
Edge(279004,477349,(1,3))
Edge(279241,71886,(3,9223372036854775807))
Edge(279372,316572,(3,9223372036854775807))
Edge(279539,302007,(3,9223372036854775807))
Edge(280030,214517,(3,9223372036854775807))
Edge(280061,139345,(3,9223372036854775807))
Edge(280077,406636,(1,9223372036854775807))
Edge(280660,176141,(3,9223372036854775807))
Edge(280741,448974,(3,9223372036854775807))
Edge(281062,308112,(3,9223372036854775807))
Edge(281560,319279,(3,9223372036854775807))
Edge(281610,26514,(3,9223372036854775807))
Edge(281860,315789,(3,9223372036854775807))
Edge(282109,15060,(1,9223372036854775807))
Edge(282341,231670,(3,9223372036854775807))
Edge(282467,497692,(3,9223372036854775807))
Edge(283041,273122,(3,9223372036854775807))
Edge(283709,231086,(3,9223372036854775807))
Edge(283795,87751,(3,9223372036854775807))
Edge(283882,446276,(3,9223372036854775807))
Edge(284026,433794,(3,9223372036854775807))
Edge(284218,274818,(3,9223372036854775807))
Edge(285017,54155,(3,9223372036854775807))
Edge(285113,344241,(3,9223372036854775807))
Edge(285698,378955,(1,9223372036854775807))
Edge(285754,388987,(3,9223372036854775807))
Edge(285831,341111,(3,9223372036854775807))
Edge(286512,491183,(3,9223372036854775807))
Edge(286583,205700,(1,9223372036854775807))
Edge(287051,261789,(3,9223372036854775807))
Edge(287061,456646,(3,9223372036854775807))
Edge(287281,381782,(3,9223372036854775807))
Edge(287359,173992,(3,9223372036854775807))
Edge(287736,452038,(3,9223372036854775807))
Edge(287773,179021,(1,9223372036854775807))
Edge(287948,460752,(3,9223372036854775807))
Edge(288008,53756,(3,9223372036854775807))
Edge(288668,39195,(3,9223372036854775807))
Edge(288730,196719,(3,9223372036854775807))
Edge(289300,479193,(3,9223372036854775807))
Edge(290006,205962,(3,9223372036854775807))
Edge(290091,154660,(3,9223372036854775807))
Edge(290160,71675,(3,9223372036854775807))
Edge(290546,298317,(1,9223372036854775807))
Edge(290860,150814,(3,9223372036854775807))
Edge(290914,350720,(1,9223372036854775807))
Edge(291022,353803,(1,9223372036854775807))
Edge(291090,139005,(3,9223372036854775807))
Edge(291215,236807,(3,9223372036854775807))
Edge(291377,402283,(3,9223372036854775807))
Edge(291591,251078,(3,9223372036854775807))
Edge(291928,293218,(1,9223372036854775807))
Edge(291944,404839,(3,9223372036854775807))
Edge(291991,426012,(3,9223372036854775807))
Edge(292074,243995,(3,9223372036854775807))
Edge(292102,149400,(3,9223372036854775807))
Edge(292190,125664,(3,9223372036854775807))
Edge(292369,344414,(3,9223372036854775807))
Edge(293539,353580,(1,9223372036854775807))
Edge(293560,465879,(1,3))
Edge(293895,459629,(1,3))
Edge(294439,274930,(3,9223372036854775807))
Edge(294470,248085,(3,9223372036854775807))
Edge(294500,214012,(3,9223372036854775807))
Edge(294727,180106,(3,9223372036854775807))
Edge(295028,109905,(1,9223372036854775807))
Edge(295141,453603,(3,9223372036854775807))
Edge(295348,201786,(1,3))
Edge(295403,376349,(3,9223372036854775807))
Edge(295406,171615,(3,9223372036854775807))
Edge(295826,26100,(3,9223372036854775807))
Edge(296300,337753,(3,9223372036854775807))
Edge(296365,456190,(3,9223372036854775807))
Edge(296473,432831,(3,9223372036854775807))
Edge(296540,95283,(3,9223372036854775807))
Edge(296654,373934,(3,9223372036854775807))
Edge(296976,183511,(3,9223372036854775807))
Edge(297082,19502,(3,9223372036854775807))
Edge(297775,314871,(3,9223372036854775807))
Edge(297834,155448,(3,9223372036854775807))
Edge(297956,452086,(1,9223372036854775807))
Edge(298528,73985,(3,9223372036854775807))
Edge(298692,120969,(3,9223372036854775807))
Edge(298782,385043,(3,9223372036854775807))
Edge(298838,49767,(3,9223372036854775807))
Edge(299751,414415,(3,9223372036854775807))
Edge(300733,486552,(3,9223372036854775807))
Edge(300891,417196,(3,9223372036854775807))
Edge(301439,472051,(3,9223372036854775807))
Edge(301919,30235,(3,9223372036854775807))
Edge(302113,198541,(3,9223372036854775807))
Edge(302227,258549,(3,9223372036854775807))
Edge(302435,495754,(3,9223372036854775807))
Edge(302891,38607,(3,9223372036854775807))
Edge(303217,278174,(3,9223372036854775807))
Edge(303256,306401,(3,9223372036854775807))
Edge(303430,368370,(3,9223372036854775807))
Edge(303666,265226,(3,9223372036854775807))
Edge(303671,265624,(3,9223372036854775807))
Edge(304206,158750,(3,9223372036854775807))
Edge(304474,277743,(3,9223372036854775807))
Edge(304515,15205,(3,9223372036854775807))
Edge(305234,63277,(3,9223372036854775807))
Edge(305418,345244,(3,9223372036854775807))
Edge(305458,5543,(3,9223372036854775807))
Edge(305810,353475,(3,9223372036854775807))
Edge(305927,187160,(3,9223372036854775807))
Edge(306259,214188,(3,9223372036854775807))
Edge(306394,225549,(3,9223372036854775807))
Edge(306743,382395,(3,9223372036854775807))
Edge(306813,54179,(3,9223372036854775807))
Edge(307170,100305,(3,9223372036854775807))
Edge(307730,465932,(3,9223372036854775807))
Edge(307788,317729,(3,9223372036854775807))
Edge(307867,439638,(3,9223372036854775807))
Edge(307943,388776,(4,9223372036854775807))
Edge(308010,471093,(3,9223372036854775807))
Edge(308419,332543,(3,9223372036854775807))
Edge(308438,317220,(3,9223372036854775807))
Edge(308953,331056,(3,9223372036854775807))
Edge(309965,159313,(3,9223372036854775807))
Edge(310066,121802,(1,3))
Edge(310215,350689,(3,9223372036854775807))
Edge(310245,336990,(3,9223372036854775807))
Edge(311132,42696,(3,9223372036854775807))
Edge(311271,211631,(1,9223372036854775807))
Edge(311487,144388,(3,9223372036854775807))
Edge(311591,34000,(3,9223372036854775807))
Edge(311602,124924,(3,9223372036854775807))
Edge(312139,367784,(1,9223372036854775807))
Edge(312285,371275,(3,9223372036854775807))
Edge(312525,59947,(3,9223372036854775807))
Edge(312749,248068,(3,9223372036854775807))
Edge(313082,95518,(3,9223372036854775807))
Edge(313365,393846,(1,3))
Edge(313493,249451,(1,9223372036854775807))
Edge(313577,43279,(3,9223372036854775807))
Edge(315385,283248,(3,9223372036854775807))
Edge(316207,115394,(1,9223372036854775807))
Edge(316646,395315,(4,9223372036854775807))
Edge(316756,427508,(3,9223372036854775807))
Edge(317337,439053,(3,9223372036854775807))
Edge(317419,9132,(3,9223372036854775807))
Edge(317419,365135,(3,9223372036854775807))
Edge(317911,243491,(3,9223372036854775807))
Edge(318463,313198,(3,9223372036854775807))
Edge(318683,214461,(3,9223372036854775807))
Edge(318990,435001,(1,9223372036854775807))
Edge(319683,36549,(3,9223372036854775807))
Edge(319758,344347,(1,9223372036854775807))
Edge(319776,57620,(3,9223372036854775807))
Edge(320334,188728,(3,9223372036854775807))
Edge(320692,4005,(3,9223372036854775807))
Edge(320827,346052,(3,9223372036854775807))
Edge(321114,144377,(1,3))
Edge(321315,209509,(3,9223372036854775807))
Edge(321825,99518,(3,9223372036854775807))
Edge(321827,463810,(3,9223372036854775807))
Edge(322112,102838,(3,9223372036854775807))
Edge(322545,59431,(3,9223372036854775807))
Edge(322585,266139,(3,9223372036854775807))
Edge(322668,7881,(1,9223372036854775807))
Edge(323195,495588,(3,9223372036854775807))
Edge(323483,16336,(1,9223372036854775807))
Edge(323520,458749,(3,9223372036854775807))
Edge(323554,353390,(3,9223372036854775807))
Edge(323668,325384,(1,3))
Edge(323707,184765,(1,3))
Edge(324327,296922,(1,9223372036854775807))
Edge(324457,202942,(1,3))
Edge(324553,443939,(3,9223372036854775807))
Edge(324865,453676,(3,9223372036854775807))
Edge(325261,69337,(1,3))
Edge(326349,170904,(3,9223372036854775807))
Edge(326533,473321,(3,9223372036854775807))
Edge(326901,144723,(3,9223372036854775807))
Edge(327103,265721,(3,9223372036854775807))
Edge(327387,470173,(3,9223372036854775807))
Edge(327622,12691,(3,9223372036854775807))
Edge(327859,71665,(3,9223372036854775807))
Edge(328070,55160,(3,9223372036854775807))
Edge(328179,328032,(3,9223372036854775807))
Edge(328342,108471,(1,9223372036854775807))
Edge(328462,354840,(3,9223372036854775807))
Edge(328585,405257,(3,9223372036854775807))
Edge(329121,494675,(1,9223372036854775807))
Edge(329639,173575,(3,9223372036854775807))
Edge(330364,313732,(3,9223372036854775807))
Edge(331420,131213,(3,9223372036854775807))
Edge(332160,233666,(3,9223372036854775807))
Edge(332716,440734,(3,9223372036854775807))
Edge(332736,240503,(3,9223372036854775807))
Edge(332945,287031,(3,9223372036854775807))
Edge(333426,141323,(3,9223372036854775807))
Edge(333450,163379,(3,9223372036854775807))
Edge(333666,154742,(3,9223372036854775807))
Edge(333904,151978,(3,9223372036854775807))
Edge(334214,314169,(3,9223372036854775807))
Edge(334353,499169,(1,3))
Edge(334669,244007,(3,9223372036854775807))
Edge(334826,298288,(3,9223372036854775807))
Edge(335013,458017,(1,9223372036854775807))
Edge(335186,24488,(3,9223372036854775807))
Edge(335200,141856,(3,9223372036854775807))
Edge(335240,287398,(3,9223372036854775807))
Edge(335481,327943,(3,9223372036854775807))
Edge(335927,193111,(3,9223372036854775807))
Edge(336152,58895,(3,9223372036854775807))
Edge(336468,493739,(3,9223372036854775807))
Edge(336508,283242,(3,9223372036854775807))
Edge(336864,287991,(1,9223372036854775807))
Edge(337277,437280,(3,9223372036854775807))
Edge(337528,65919,(3,9223372036854775807))
Edge(337674,339299,(3,9223372036854775807))
Edge(339355,328882,(3,9223372036854775807))
Edge(339451,124389,(1,3))
Edge(339555,403270,(3,9223372036854775807))
Edge(339634,386684,(3,9223372036854775807))
Edge(339739,338049,(3,9223372036854775807))
Edge(340111,166527,(3,9223372036854775807))
Edge(340124,321910,(3,9223372036854775807))
Edge(340239,418165,(1,9223372036854775807))
Edge(340447,100568,(3,9223372036854775807))
Edge(340678,213897,(3,9223372036854775807))
Edge(340842,30613,(3,9223372036854775807))
Edge(340890,419247,(3,9223372036854775807))
Edge(340907,133381,(1,9223372036854775807))
Edge(341272,52756,(1,3))
Edge(341549,59935,(3,9223372036854775807))
Edge(341783,458334,(3,9223372036854775807))
Edge(341818,273390,(3,9223372036854775807))
Edge(342134,29295,(3,9223372036854775807))
Edge(342531,224373,(3,9223372036854775807))
Edge(342729,414370,(3,9223372036854775807))
Edge(342868,39772,(3,9223372036854775807))
Edge(342975,180511,(3,9223372036854775807))
Edge(342976,373738,(3,9223372036854775807))
Edge(344315,2289,(1,3))
Edge(345031,444424,(1,3))
Edge(345420,425749,(3,9223372036854775807))
Edge(345457,66078,(3,9223372036854775807))
Edge(345519,286398,(1,9223372036854775807))
Edge(345978,429154,(3,9223372036854775807))
Edge(346051,384867,(3,9223372036854775807))
Edge(346599,298159,(3,9223372036854775807))
Edge(346942,398201,(3,9223372036854775807))
Edge(347862,360047,(3,9223372036854775807))
Edge(348182,248872,(1,3))
Edge(348308,189947,(3,9223372036854775807))
Edge(348425,96611,(3,9223372036854775807))
Edge(348478,114719,(3,9223372036854775807))
Edge(348706,452023,(3,9223372036854775807))
Edge(349073,334975,(1,9223372036854775807))
Edge(349349,164003,(3,9223372036854775807))
Edge(349540,302966,(3,9223372036854775807))
Edge(349674,67557,(3,9223372036854775807))
Edge(349911,84529,(1,3))
Edge(350025,82931,(1,9223372036854775807))
Edge(350457,177095,(1,3))
Edge(350491,160476,(3,9223372036854775807))
Edge(350932,284886,(3,9223372036854775807))
Edge(351215,315107,(3,9223372036854775807))
Edge(351224,169877,(1,9223372036854775807))
Edge(351472,245646,(3,9223372036854775807))
Edge(351675,69026,(3,9223372036854775807))
Edge(352254,115572,(3,9223372036854775807))
Edge(352500,39475,(3,9223372036854775807))
Edge(353029,222362,(3,9223372036854775807))
Edge(353128,65224,(3,9223372036854775807))
Edge(353260,154185,(3,9223372036854775807))
Edge(353342,437772,(3,9223372036854775807))
Edge(353748,15681,(1,9223372036854775807))
Edge(354369,39053,(3,9223372036854775807))
Edge(354441,119209,(3,9223372036854775807))
Edge(354870,412357,(3,9223372036854775807))
Edge(355007,107971,(3,9223372036854775807))
Edge(355031,401197,(1,9223372036854775807))
Edge(355161,444169,(3,9223372036854775807))
Edge(355257,35676,(3,9223372036854775807))
Edge(355564,486538,(3,9223372036854775807))
Edge(355579,306165,(3,9223372036854775807))
Edge(355916,257067,(3,9223372036854775807))
Edge(355933,480782,(3,9223372036854775807))
Edge(356376,351289,(3,9223372036854775807))
Edge(356493,316221,(3,9223372036854775807))
Edge(356518,137372,(3,9223372036854775807))
Edge(356571,315624,(3,9223372036854775807))
Edge(356584,465682,(1,9223372036854775807))
Edge(357224,298880,(3,9223372036854775807))
Edge(357495,306197,(3,9223372036854775807))
Edge(357580,484907,(3,9223372036854775807))
Edge(357922,359976,(3,9223372036854775807))
Edge(358232,396794,(1,9223372036854775807))
Edge(358359,294522,(3,9223372036854775807))
Edge(358843,45530,(3,9223372036854775807))
Edge(359452,406962,(3,9223372036854775807))
Edge(360199,46346,(3,9223372036854775807))
Edge(360493,77162,(3,9223372036854775807))
Edge(360963,111364,(3,9223372036854775807))
Edge(361084,13924,(3,9223372036854775807))
Edge(361122,99463,(3,9223372036854775807))
Edge(361188,162306,(1,3))
Edge(361411,404630,(3,9223372036854775807))
Edge(361511,294108,(3,9223372036854775807))
Edge(361542,133320,(3,9223372036854775807))
Edge(361734,154000,(1,9223372036854775807))
Edge(362364,281842,(3,9223372036854775807))
Edge(362495,460445,(1,9223372036854775807))
Edge(362526,418768,(3,9223372036854775807))
Edge(362838,13706,(3,9223372036854775807))
Edge(362934,78498,(3,9223372036854775807))
Edge(362959,68357,(3,9223372036854775807))
Edge(363218,366274,(3,9223372036854775807))
Edge(363804,431165,(3,9223372036854775807))
Edge(364046,397299,(1,9223372036854775807))
Edge(364079,320568,(3,9223372036854775807))
Edge(364387,319682,(3,9223372036854775807))
Edge(364538,220501,(3,9223372036854775807))
Edge(364692,104132,(3,9223372036854775807))
Edge(365195,280323,(3,9223372036854775807))
Edge(365238,425901,(3,9223372036854775807))
Edge(365380,125316,(3,9223372036854775807))
Edge(365623,373835,(3,9223372036854775807))
Edge(365826,82545,(3,9223372036854775807))
Edge(366862,492193,(3,9223372036854775807))
Edge(366903,390066,(3,9223372036854775807))
Edge(368321,152403,(1,9223372036854775807))
Edge(368467,341307,(3,9223372036854775807))
Edge(368623,354747,(3,9223372036854775807))
Edge(368806,181421,(3,9223372036854775807))
Edge(368840,46761,(3,9223372036854775807))
Edge(369218,349715,(1,9223372036854775807))
Edge(369272,17221,(3,9223372036854775807))
Edge(369379,134407,(3,9223372036854775807))
Edge(369388,8186,(3,9223372036854775807))
Edge(369679,154008,(1,3))
Edge(369716,28329,(3,9223372036854775807))
Edge(370600,170382,(1,3))
Edge(370923,485174,(3,9223372036854775807))
Edge(371036,86331,(3,9223372036854775807))
Edge(371168,393704,(3,9223372036854775807))
Edge(371214,95508,(3,9223372036854775807))
Edge(371864,39358,(3,9223372036854775807))
Edge(371997,297337,(1,9223372036854775807))
Edge(372193,470117,(3,9223372036854775807))
Edge(372202,23059,(3,9223372036854775807))
Edge(372265,261496,(3,9223372036854775807))
Edge(372367,71772,(3,9223372036854775807))
Edge(372448,148658,(3,9223372036854775807))
Edge(372522,346288,(3,9223372036854775807))
Edge(373459,113669,(3,9223372036854775807))
Edge(373802,409383,(3,9223372036854775807))
Edge(374048,49396,(3,9223372036854775807))
Edge(374087,224581,(1,9223372036854775807))
Edge(374367,225545,(1,3))
Edge(374530,465215,(3,9223372036854775807))
Edge(374670,318140,(3,9223372036854775807))
Edge(374725,275308,(3,9223372036854775807))
Edge(374902,394391,(1,3))
Edge(375219,30143,(1,9223372036854775807))
Edge(375312,89792,(3,9223372036854775807))
Edge(375528,68066,(3,9223372036854775807))
Edge(375554,418887,(3,9223372036854775807))
Edge(376720,443790,(3,9223372036854775807))
Edge(376787,96529,(3,9223372036854775807))
Edge(377049,123011,(3,9223372036854775807))
Edge(377085,51156,(1,9223372036854775807))
Edge(377785,12627,(3,9223372036854775807))
Edge(377833,405492,(3,9223372036854775807))
Edge(377856,317585,(3,9223372036854775807))
Edge(377913,127422,(3,9223372036854775807))
Edge(378322,310171,(1,9223372036854775807))
Edge(378705,240874,(3,9223372036854775807))
Edge(378766,296521,(3,9223372036854775807))
Edge(379032,262044,(3,9223372036854775807))
Edge(379520,21004,(1,9223372036854775807))
Edge(380294,352397,(3,9223372036854775807))
Edge(380319,321596,(3,9223372036854775807))
Edge(381138,497501,(3,9223372036854775807))
Edge(381364,71271,(3,9223372036854775807))
Edge(381383,366986,(3,9223372036854775807))
Edge(381408,227407,(3,9223372036854775807))
Edge(381496,325273,(3,9223372036854775807))
Edge(382097,149838,(1,9223372036854775807))
Edge(382195,382132,(3,9223372036854775807))
Edge(382664,324563,(1,9223372036854775807))
Edge(382784,77114,(1,3))
Edge(383216,87536,(3,9223372036854775807))
Edge(383496,158446,(3,9223372036854775807))
Edge(383596,447562,(3,9223372036854775807))
Edge(383738,368746,(1,3))
Edge(384211,241934,(3,9223372036854775807))
Edge(385098,221584,(1,9223372036854775807))
Edge(385505,157448,(3,9223372036854775807))
Edge(385716,77245,(3,9223372036854775807))
Edge(385866,143429,(3,9223372036854775807))
Edge(386137,467880,(3,9223372036854775807))
Edge(386450,288878,(3,9223372036854775807))
Edge(386530,373653,(1,3))
Edge(387629,370526,(3,9223372036854775807))
Edge(387767,170129,(3,9223372036854775807))
Edge(388027,183453,(3,9223372036854775807))
Edge(388057,176104,(3,9223372036854775807))
Edge(388178,249161,(3,9223372036854775807))
Edge(388187,75219,(3,9223372036854775807))
Edge(388700,374926,(3,9223372036854775807))
Edge(388982,147451,(3,9223372036854775807))
Edge(389242,207878,(3,9223372036854775807))
Edge(389409,386517,(1,9223372036854775807))
Edge(389624,63439,(1,9223372036854775807))
Edge(389909,274070,(3,9223372036854775807))
Edge(390086,6059,(1,9223372036854775807))
Edge(390219,383174,(3,9223372036854775807))
Edge(390337,463897,(3,9223372036854775807))
Edge(391062,35733,(1,9223372036854775807))
Edge(391239,134625,(3,9223372036854775807))
Edge(391447,72998,(3,9223372036854775807))
Edge(391703,293,(3,9223372036854775807))
Edge(391851,210317,(3,9223372036854775807))
Edge(391935,364826,(1,9223372036854775807))
Edge(392329,475353,(3,9223372036854775807))
Edge(392714,307432,(3,9223372036854775807))
Edge(393121,222736,(3,9223372036854775807))
Edge(393349,488488,(1,3))
Edge(393860,354638,(3,9223372036854775807))
Edge(394209,26447,(3,9223372036854775807))
Edge(394490,428114,(1,3))
Edge(394831,454989,(3,9223372036854775807))
Edge(394887,434034,(3,9223372036854775807))
Edge(395332,119125,(3,9223372036854775807))
Edge(395423,80078,(3,9223372036854775807))
Edge(395479,237655,(1,9223372036854775807))
Edge(395532,279359,(3,9223372036854775807))
Edge(395795,197049,(3,9223372036854775807))
Edge(396080,18432,(1,3))
Edge(396176,365569,(3,9223372036854775807))
Edge(396230,141083,(3,9223372036854775807))
Edge(396309,337698,(3,9223372036854775807))
Edge(396366,138672,(3,9223372036854775807))
Edge(397084,335969,(1,3))
Edge(397283,495416,(3,9223372036854775807))
Edge(397492,193387,(3,9223372036854775807))
Edge(397520,175626,(1,9223372036854775807))
Edge(397843,426895,(3,9223372036854775807))
Edge(398455,362904,(3,9223372036854775807))
Edge(398584,51652,(1,9223372036854775807))
Edge(398688,364614,(3,9223372036854775807))
Edge(399082,420737,(3,9223372036854775807))
Edge(399710,105232,(3,9223372036854775807))
Edge(399740,307034,(1,9223372036854775807))
Edge(400000,315872,(3,9223372036854775807))
Edge(400503,431839,(1,9223372036854775807))
Edge(401137,56068,(3,9223372036854775807))
Edge(401302,104968,(1,9223372036854775807))
Edge(401542,174683,(3,9223372036854775807))
Edge(401759,459512,(3,9223372036854775807))
Edge(401919,24663,(3,9223372036854775807))
Edge(402554,390900,(3,9223372036854775807))
Edge(403902,356305,(3,9223372036854775807))
Edge(404068,106706,(1,9223372036854775807))
Edge(404117,1960,(3,9223372036854775807))
Edge(404206,492548,(3,9223372036854775807))
Edge(404220,204315,(1,9223372036854775807))
Edge(404480,38193,(1,9223372036854775807))
Edge(405072,119979,(1,3))
Edge(405181,289875,(1,9223372036854775807))
Edge(406232,175545,(1,9223372036854775807))
Edge(406283,239132,(3,9223372036854775807))
Edge(406535,333049,(3,9223372036854775807))
Edge(406609,185545,(3,9223372036854775807))
Edge(406833,377492,(4,9223372036854775807))
Edge(407109,248521,(3,9223372036854775807))
Edge(407123,456323,(1,9223372036854775807))
Edge(407229,46434,(3,9223372036854775807))
Edge(407231,255991,(3,9223372036854775807))
Edge(407378,117221,(3,9223372036854775807))
Edge(407429,5878,(1,3))
Edge(407441,27016,(3,9223372036854775807))
Edge(407480,409112,(3,9223372036854775807))
Edge(407485,266878,(1,3))
Edge(407856,211853,(3,9223372036854775807))
Edge(407982,126906,(3,9223372036854775807))
Edge(408148,268171,(3,9223372036854775807))
Edge(408331,381984,(3,9223372036854775807))
Edge(408360,342962,(1,3))
Edge(408405,219923,(3,9223372036854775807))
Edge(408686,438052,(3,9223372036854775807))
Edge(409056,12376,(3,9223372036854775807))
Edge(409167,388436,(3,9223372036854775807))
Edge(409597,351556,(3,9223372036854775807))
Edge(410148,178652,(3,9223372036854775807))
Edge(410203,452699,(3,9223372036854775807))
Edge(410431,72330,(3,9223372036854775807))
Edge(410645,495600,(3,9223372036854775807))
Edge(411289,466959,(1,3))
Edge(412123,45301,(3,9223372036854775807))
Edge(412425,115961,(1,9223372036854775807))
Edge(412545,468368,(3,9223372036854775807))
Edge(412712,430424,(1,3))
Edge(413299,401178,(3,9223372036854775807))
Edge(414009,349084,(3,9223372036854775807))
Edge(414163,58904,(3,9223372036854775807))
Edge(414168,90473,(3,9223372036854775807))
Edge(414435,34817,(3,9223372036854775807))
Edge(414480,208364,(1,9223372036854775807))
Edge(414589,217057,(3,9223372036854775807))
Edge(415040,9973,(3,9223372036854775807))
Edge(415232,453677,(3,9223372036854775807))
Edge(415829,49461,(3,9223372036854775807))
Edge(416716,263851,(3,9223372036854775807))
Edge(416788,315004,(3,9223372036854775807))
Edge(417449,488213,(3,9223372036854775807))
Edge(417488,405672,(3,9223372036854775807))
Edge(417537,137559,(3,9223372036854775807))
Edge(417544,170009,(3,9223372036854775807))
Edge(417676,118994,(3,9223372036854775807))
Edge(417695,63093,(3,9223372036854775807))
Edge(417869,398847,(3,9223372036854775807))
Edge(418206,155349,(3,9223372036854775807))
Edge(418703,280214,(3,9223372036854775807))
Edge(418758,352577,(3,9223372036854775807))
Edge(419124,395461,(3,9223372036854775807))
Edge(419256,104874,(1,9223372036854775807))
Edge(419814,261196,(1,9223372036854775807))
Edge(420225,43474,(3,9223372036854775807))
Edge(420245,402362,(3,9223372036854775807))
Edge(420252,47026,(1,9223372036854775807))
Edge(421050,31771,(3,9223372036854775807))
Edge(421069,277020,(3,9223372036854775807))
Edge(421851,101711,(3,9223372036854775807))
Edge(422099,383758,(1,3))
Edge(422162,136203,(3,9223372036854775807))
Edge(422208,15200,(3,9223372036854775807))
Edge(422478,494931,(3,9223372036854775807))
Edge(422794,27978,(3,9223372036854775807))
Edge(423021,291401,(3,9223372036854775807))
Edge(423605,218914,(3,9223372036854775807))
Edge(423758,256321,(3,9223372036854775807))
Edge(423940,169176,(1,9223372036854775807))
Edge(423977,150666,(3,9223372036854775807))
Edge(424096,248656,(3,9223372036854775807))
Edge(424460,464060,(3,9223372036854775807))
Edge(424673,332459,(3,9223372036854775807))
Edge(424906,490543,(3,9223372036854775807))
Edge(424974,87859,(3,9223372036854775807))
Edge(424976,345926,(3,9223372036854775807))
Edge(425054,358590,(3,9223372036854775807))
Edge(425123,218287,(3,9223372036854775807))
Edge(425135,52943,(3,9223372036854775807))
Edge(425648,349014,(3,9223372036854775807))
Edge(425876,291325,(3,9223372036854775807))
Edge(425994,28765,(3,9223372036854775807))
Edge(426391,365643,(3,9223372036854775807))
Edge(426420,300576,(3,9223372036854775807))
Edge(427009,390773,(3,9223372036854775807))
Edge(427137,406747,(3,9223372036854775807))
Edge(427525,377155,(3,9223372036854775807))
Edge(427804,251735,(3,9223372036854775807))
Edge(428009,296434,(3,9223372036854775807))
Edge(428111,278472,(3,9223372036854775807))
Edge(428135,161647,(1,3))
Edge(428175,491273,(3,9223372036854775807))
Edge(428187,47287,(3,9223372036854775807))
Edge(428243,324316,(1,3))
Edge(428252,236854,(1,9223372036854775807))
Edge(428318,492986,(3,9223372036854775807))
Edge(428422,147213,(3,9223372036854775807))
Edge(428585,377186,(3,9223372036854775807))
Edge(428642,313611,(3,9223372036854775807))
Edge(428679,389386,(3,9223372036854775807))
Edge(428696,196641,(3,9223372036854775807))
Edge(428878,85541,(3,9223372036854775807))
Edge(429293,373612,(1,9223372036854775807))
Edge(429406,423250,(3,9223372036854775807))
Edge(429933,41201,(3,9223372036854775807))
Edge(430260,127889,(3,9223372036854775807))
Edge(430958,295475,(3,9223372036854775807))
Edge(431125,492891,(3,9223372036854775807))
Edge(431602,130578,(1,3))
Edge(432062,496128,(3,9223372036854775807))
Edge(432312,179288,(1,9223372036854775807))
Edge(432502,70759,(1,3))
Edge(432548,121798,(3,9223372036854775807))
Edge(432622,148148,(1,9223372036854775807))
Edge(432623,303279,(3,9223372036854775807))
Edge(432925,360910,(3,9223372036854775807))
Edge(432981,430570,(3,9223372036854775807))
Edge(433412,400769,(1,9223372036854775807))
Edge(433501,329055,(3,9223372036854775807))
Edge(433616,355990,(3,9223372036854775807))
Edge(434072,394085,(3,9223372036854775807))
Edge(434221,417765,(3,9223372036854775807))
Edge(435244,204606,(1,3))
Edge(435248,205577,(4,9223372036854775807))
Edge(435356,386435,(3,9223372036854775807))
Edge(435494,161526,(1,3))
Edge(435619,412766,(3,9223372036854775807))
Edge(436015,241001,(1,9223372036854775807))
Edge(436092,207114,(3,9223372036854775807))
Edge(436423,489989,(3,9223372036854775807))
Edge(436646,178081,(3,9223372036854775807))
Edge(436861,488329,(3,9223372036854775807))
Edge(436969,83874,(3,9223372036854775807))
Edge(437341,406003,(3,9223372036854775807))
Edge(437744,414887,(3,9223372036854775807))
Edge(438023,5219,(3,9223372036854775807))
Edge(438282,378817,(3,9223372036854775807))
Edge(438634,395688,(3,9223372036854775807))
Edge(438819,289634,(3,9223372036854775807))
Edge(438835,265659,(3,9223372036854775807))
Edge(439440,488148,(3,9223372036854775807))
Edge(439769,182968,(3,9223372036854775807))
Edge(439982,8023,(3,9223372036854775807))
Edge(440396,166950,(3,9223372036854775807))
Edge(440494,275692,(3,9223372036854775807))
Edge(440909,46696,(3,9223372036854775807))
Edge(441098,202528,(3,9223372036854775807))
Edge(441107,122500,(3,9223372036854775807))
Edge(441417,116015,(3,9223372036854775807))
Edge(441952,81278,(3,9223372036854775807))
Edge(442012,407739,(3,9223372036854775807))
Edge(442052,20756,(3,9223372036854775807))
Edge(442097,424606,(1,9223372036854775807))
Edge(442105,29217,(3,9223372036854775807))
Edge(442829,287674,(3,9223372036854775807))
Edge(442911,152401,(3,9223372036854775807))
Edge(442959,127059,(3,9223372036854775807))
Edge(443585,178283,(3,9223372036854775807))
Edge(443731,307039,(3,9223372036854775807))
Edge(444013,72720,(3,9223372036854775807))
Edge(444248,294187,(3,9223372036854775807))
Edge(444495,359796,(3,9223372036854775807))
Edge(444525,198932,(1,9223372036854775807))
Edge(444702,277661,(3,9223372036854775807))
Edge(444911,374436,(3,9223372036854775807))
Edge(444971,308633,(3,9223372036854775807))
Edge(444974,53956,(3,9223372036854775807))
Edge(445334,187406,(3,9223372036854775807))
Edge(445378,74910,(3,9223372036854775807))
Edge(445431,272426,(3,9223372036854775807))
Edge(446405,483080,(1,3))
Edge(446459,381030,(3,9223372036854775807))
Edge(446908,121218,(3,9223372036854775807))
Edge(447356,352574,(3,9223372036854775807))
Edge(447783,93836,(1,9223372036854775807))
Edge(448050,142080,(1,9223372036854775807))
Edge(448592,154692,(3,9223372036854775807))
Edge(448755,298216,(3,9223372036854775807))
Edge(448913,165688,(3,9223372036854775807))
Edge(449469,377105,(3,9223372036854775807))
Edge(449505,201635,(3,9223372036854775807))
Edge(449741,403442,(3,9223372036854775807))
Edge(450051,374666,(1,3))
Edge(450485,251816,(3,9223372036854775807))
Edge(451250,414310,(3,9223372036854775807))
Edge(451256,179646,(3,9223372036854775807))
Edge(451472,328777,(3,9223372036854775807))
Edge(452203,58981,(1,9223372036854775807))
Edge(452228,193918,(3,9223372036854775807))
Edge(452246,139964,(1,9223372036854775807))
Edge(452270,212475,(1,9223372036854775807))
Edge(452284,181959,(3,9223372036854775807))
Edge(452357,477080,(1,9223372036854775807))
Edge(452449,489642,(3,9223372036854775807))
Edge(452462,398354,(3,9223372036854775807))
Edge(453097,223102,(3,9223372036854775807))
Edge(453108,221241,(1,9223372036854775807))
Edge(453140,454634,(1,9223372036854775807))
Edge(453764,272867,(3,9223372036854775807))
Edge(453945,405426,(3,9223372036854775807))
Edge(454411,166031,(3,9223372036854775807))
Edge(454422,339327,(1,9223372036854775807))
Edge(454479,158577,(3,9223372036854775807))
Edge(455210,236497,(3,9223372036854775807))
Edge(455638,353946,(1,9223372036854775807))
Edge(455672,8737,(3,9223372036854775807))
Edge(455793,223381,(1,9223372036854775807))
Edge(456006,491094,(1,9223372036854775807))
Edge(456161,362749,(3,9223372036854775807))
Edge(456202,476123,(3,9223372036854775807))
Edge(456215,318418,(3,9223372036854775807))
Edge(456683,6610,(3,9223372036854775807))
Edge(456713,195091,(3,9223372036854775807))
Edge(456939,79185,(3,9223372036854775807))
Edge(457042,438039,(1,9223372036854775807))
Edge(457064,1329,(3,9223372036854775807))
Edge(457256,45222,(3,9223372036854775807))
Edge(457399,43817,(1,9223372036854775807))
Edge(457569,272212,(1,9223372036854775807))
Edge(457642,322503,(3,9223372036854775807))
Edge(458443,47323,(3,9223372036854775807))
Edge(458962,417601,(3,9223372036854775807))
Edge(458965,185934,(3,9223372036854775807))
Edge(459017,288958,(3,9223372036854775807))
Edge(459025,467005,(1,9223372036854775807))
Edge(459263,204468,(3,9223372036854775807))
Edge(459427,109961,(3,9223372036854775807))
Edge(459723,7795,(3,9223372036854775807))
Edge(459877,118637,(3,9223372036854775807))
Edge(460674,340971,(3,9223372036854775807))
Edge(460762,272185,(1,3))
Edge(460872,55344,(1,9223372036854775807))
Edge(460961,224269,(3,9223372036854775807))
Edge(461154,111597,(3,9223372036854775807))
Edge(461183,98108,(3,9223372036854775807))
Edge(461240,361068,(3,9223372036854775807))
Edge(461822,188664,(3,9223372036854775807))
Edge(461823,260689,(3,9223372036854775807))
Edge(462419,99734,(3,9223372036854775807))
Edge(462555,151640,(3,9223372036854775807))
Edge(462724,35532,(3,9223372036854775807))
Edge(462834,245327,(1,9223372036854775807))
Edge(462851,454380,(3,9223372036854775807))
Edge(462931,54837,(3,9223372036854775807))
Edge(462946,185358,(3,9223372036854775807))
Edge(463068,188840,(3,9223372036854775807))
Edge(463102,377984,(3,9223372036854775807))
Edge(463255,212070,(3,9223372036854775807))
Edge(463290,436488,(3,9223372036854775807))
Edge(463750,177848,(3,9223372036854775807))
Edge(464065,209919,(3,9223372036854775807))
Edge(464573,33609,(1,3))
Edge(464596,287392,(1,9223372036854775807))
Edge(464986,263499,(3,9223372036854775807))
Edge(465020,102531,(1,3))
Edge(465443,64706,(3,9223372036854775807))
Edge(465467,109645,(1,3))
Edge(465600,226665,(3,9223372036854775807))
Edge(466460,346306,(3,9223372036854775807))
Edge(466663,25845,(3,9223372036854775807))
Edge(466685,6064,(3,9223372036854775807))
Edge(466883,39078,(3,9223372036854775807))
Edge(467202,32208,(3,9223372036854775807))
Edge(467390,36691,(3,9223372036854775807))
Edge(467453,39128,(3,9223372036854775807))
Edge(467524,410299,(3,9223372036854775807))
Edge(467530,446709,(3,9223372036854775807))
Edge(467590,61256,(1,9223372036854775807))
Edge(467631,495099,(3,9223372036854775807))
Edge(467745,92412,(3,9223372036854775807))
Edge(467781,217067,(3,9223372036854775807))
Edge(467914,150190,(3,9223372036854775807))
Edge(467943,338580,(3,9223372036854775807))
Edge(468570,21127,(3,9223372036854775807))
Edge(469192,365006,(1,3))
Edge(469211,44171,(1,9223372036854775807))
Edge(469302,476260,(3,9223372036854775807))
Edge(469697,92452,(3,9223372036854775807))
Edge(469958,360533,(1,9223372036854775807))
Edge(470270,125847,(3,9223372036854775807))
Edge(470494,345859,(1,9223372036854775807))
Edge(470663,344991,(1,9223372036854775807))
Edge(470694,53184,(3,9223372036854775807))
Edge(470855,413907,(3,9223372036854775807))
Edge(470967,248533,(3,9223372036854775807))
Edge(471096,435405,(3,9223372036854775807))
Edge(471573,486695,(3,9223372036854775807))
Edge(471654,8449,(3,9223372036854775807))
Edge(471748,99069,(3,9223372036854775807))
Edge(471876,120402,(1,3))
Edge(471880,303093,(1,9223372036854775807))
Edge(471908,51988,(3,9223372036854775807))
Edge(472110,4779,(3,9223372036854775807))
Edge(472696,168225,(3,9223372036854775807))
Edge(472853,411178,(3,9223372036854775807))
Edge(472961,491599,(3,9223372036854775807))
Edge(473070,13608,(3,9223372036854775807))
Edge(473078,39196,(3,9223372036854775807))
Edge(473147,368135,(3,9223372036854775807))
Edge(474016,282628,(1,3))
Edge(474245,395613,(3,9223372036854775807))
Edge(474698,255195,(1,9223372036854775807))
Edge(475011,160278,(3,9223372036854775807))
Edge(475713,419128,(1,9223372036854775807))
Edge(476155,182038,(3,9223372036854775807))
Edge(476178,486611,(3,9223372036854775807))
Edge(476453,454184,(3,9223372036854775807))
Edge(476634,462825,(3,9223372036854775807))
Edge(476718,350004,(3,9223372036854775807))
Edge(477547,382343,(3,9223372036854775807))
Edge(477552,225351,(3,9223372036854775807))
Edge(477555,182270,(3,9223372036854775807))
Edge(477626,251439,(3,9223372036854775807))
Edge(477679,227278,(1,9223372036854775807))
Edge(477830,114129,(3,9223372036854775807))
Edge(477903,151382,(1,9223372036854775807))
Edge(478287,436653,(3,9223372036854775807))
Edge(478663,372288,(3,9223372036854775807))
Edge(479412,183404,(1,9223372036854775807))
Edge(479450,117962,(1,9223372036854775807))
Edge(479869,137009,(3,9223372036854775807))
Edge(480219,149864,(1,9223372036854775807))
Edge(480548,290855,(3,9223372036854775807))
Edge(480894,108891,(3,9223372036854775807))
Edge(481626,451802,(3,9223372036854775807))
Edge(481744,490515,(1,9223372036854775807))
Edge(482116,129084,(1,9223372036854775807))
Edge(482230,480755,(1,9223372036854775807))
Edge(482357,365736,(3,9223372036854775807))
Edge(482397,124495,(3,9223372036854775807))
Edge(482603,355247,(3,9223372036854775807))
Edge(482717,412728,(3,9223372036854775807))
Edge(482887,482553,(3,9223372036854775807))
Edge(483302,120360,(3,9223372036854775807))
Edge(483359,405424,(3,9223372036854775807))
Edge(483365,41329,(3,9223372036854775807))
Edge(483783,411328,(3,9223372036854775807))
Edge(484070,386797,(3,9223372036854775807))
Edge(484178,208441,(3,9223372036854775807))
Edge(485484,419111,(3,9223372036854775807))
Edge(485783,340935,(1,3))
Edge(486081,393858,(3,9223372036854775807))
Edge(486227,77189,(3,9223372036854775807))
Edge(486301,396610,(3,9223372036854775807))
Edge(486356,478769,(3,9223372036854775807))
Edge(486746,299626,(1,9223372036854775807))
Edge(487000,172665,(3,9223372036854775807))
Edge(487403,483572,(3,9223372036854775807))
Edge(487525,204001,(1,9223372036854775807))
Edge(487530,474798,(3,9223372036854775807))
Edge(487587,124906,(4,9223372036854775807))
Edge(487809,197633,(3,9223372036854775807))
Edge(488123,86387,(3,9223372036854775807))
Edge(488482,27132,(3,9223372036854775807))
Edge(488509,358256,(3,9223372036854775807))
Edge(488800,27693,(3,9223372036854775807))
Edge(489073,203476,(3,9223372036854775807))
Edge(489127,41365,(3,9223372036854775807))
Edge(489461,42039,(3,9223372036854775807))
Edge(489688,185984,(3,9223372036854775807))
Edge(489923,25281,(3,9223372036854775807))
Edge(490047,149844,(3,9223372036854775807))
Edge(490368,405614,(1,9223372036854775807))
Edge(490374,77448,(3,9223372036854775807))
Edge(490464,279769,(1,9223372036854775807))
Edge(490562,301261,(3,9223372036854775807))
Edge(490720,456731,(1,9223372036854775807))
Edge(490893,269888,(3,9223372036854775807))
Edge(491100,43571,(3,9223372036854775807))
Edge(491545,406698,(3,9223372036854775807))
Edge(491717,53045,(3,9223372036854775807))
Edge(491938,485255,(3,9223372036854775807))
Edge(491949,244398,(3,9223372036854775807))
Edge(492330,46650,(3,9223372036854775807))
Edge(492472,466895,(3,9223372036854775807))
Edge(493119,202693,(3,9223372036854775807))
Edge(493614,408955,(3,9223372036854775807))
Edge(493804,67153,(3,9223372036854775807))
Edge(494254,310413,(1,9223372036854775807))
Edge(494391,492356,(3,9223372036854775807))
Edge(495124,408415,(3,9223372036854775807))
Edge(495285,281248,(1,9223372036854775807))
Edge(495286,207814,(3,9223372036854775807))
Edge(495565,339307,(3,9223372036854775807))
Edge(495729,370679,(3,9223372036854775807))
Edge(495842,422694,(3,9223372036854775807))
Edge(496562,378589,(3,9223372036854775807))
Edge(496594,187751,(3,9223372036854775807))
Edge(497830,89550,(3,9223372036854775807))
Edge(498029,343256,(3,9223372036854775807))
Edge(498158,220649,(3,9223372036854775807))
Edge(498366,225107,(1,9223372036854775807))
Edge(498530,9111,(3,9223372036854775807))
Edge(499133,262993,(3,9223372036854775807))
