Edge(118,383048,(3,9223372036854775807))
Edge(181,200398,(3,9223372036854775807))
Edge(422,342672,(3,9223372036854775807))
Edge(472,162339,(1,3))
Edge(727,164209,(3,9223372036854775807))
Edge(1438,35975,(3,9223372036854775807))
Edge(1691,175847,(3,9223372036854775807))
Edge(2760,84549,(3,9223372036854775807))
Edge(2797,464725,(3,9223372036854775807))
Edge(2929,228294,(3,9223372036854775807))
Edge(3089,408982,(3,9223372036854775807))
Edge(3607,402770,(3,9223372036854775807))
Edge(3609,274526,(3,9223372036854775807))
Edge(4177,409813,(3,9223372036854775807))
Edge(4804,336790,(3,9223372036854775807))
Edge(5944,237797,(3,9223372036854775807))
Edge(5959,239450,(3,9223372036854775807))
Edge(6440,318243,(3,9223372036854775807))
Edge(6605,461018,(1,9223372036854775807))
Edge(6668,349510,(1,3))
Edge(7212,232128,(3,9223372036854775807))
Edge(7386,121899,(3,9223372036854775807))
Edge(7433,487467,(3,9223372036854775807))
Edge(7725,156745,(3,9223372036854775807))
Edge(7941,307157,(3,9223372036854775807))
Edge(8453,258857,(3,9223372036854775807))
Edge(8503,341967,(3,9223372036854775807))
Edge(8543,217051,(3,9223372036854775807))
Edge(8564,398502,(3,9223372036854775807))
Edge(8637,77324,(3,9223372036854775807))
Edge(8726,225071,(3,9223372036854775807))
Edge(8875,53120,(1,9223372036854775807))
Edge(9128,57223,(4,9223372036854775807))
Edge(9161,305956,(3,9223372036854775807))
Edge(9253,344519,(3,9223372036854775807))
Edge(9370,344139,(3,9223372036854775807))
Edge(9450,205533,(1,9223372036854775807))
Edge(9838,497518,(1,9223372036854775807))
Edge(11030,189802,(3,9223372036854775807))
Edge(11364,227614,(1,9223372036854775807))
Edge(11775,24000,(3,9223372036854775807))
Edge(11830,378177,(1,9223372036854775807))
Edge(12334,248102,(3,9223372036854775807))
Edge(12624,155732,(3,9223372036854775807))
Edge(12757,475450,(3,9223372036854775807))
Edge(12907,46344,(1,9223372036854775807))
Edge(12929,9089,(3,9223372036854775807))
Edge(13535,242077,(3,9223372036854775807))
Edge(13748,478275,(3,9223372036854775807))
Edge(13998,99115,(1,9223372036854775807))
Edge(14304,458857,(3,9223372036854775807))
Edge(14365,3972,(1,9223372036854775807))
Edge(14650,309975,(3,9223372036854775807))
Edge(14749,449369,(3,9223372036854775807))
Edge(15055,408064,(3,9223372036854775807))
Edge(15131,492263,(3,9223372036854775807))
Edge(15187,303069,(3,9223372036854775807))
Edge(15221,323021,(3,9223372036854775807))
Edge(15588,195235,(3,9223372036854775807))
Edge(16162,201331,(1,9223372036854775807))
Edge(16461,38527,(3,9223372036854775807))
Edge(16633,13878,(3,9223372036854775807))
Edge(16646,139442,(3,9223372036854775807))
Edge(16653,487028,(3,9223372036854775807))
Edge(17229,146989,(3,9223372036854775807))
Edge(17912,430658,(3,9223372036854775807))
Edge(18015,443786,(3,9223372036854775807))
Edge(18150,399325,(3,9223372036854775807))
Edge(18703,394350,(3,9223372036854775807))
Edge(19209,7987,(3,9223372036854775807))
Edge(19715,352287,(3,9223372036854775807))
Edge(19917,138264,(3,9223372036854775807))
Edge(19992,422975,(3,9223372036854775807))
Edge(20231,446992,(3,9223372036854775807))
Edge(20892,438161,(3,9223372036854775807))
Edge(21022,370447,(3,9223372036854775807))
Edge(21137,441261,(1,9223372036854775807))
Edge(21283,347376,(3,9223372036854775807))
Edge(21336,417042,(3,9223372036854775807))
Edge(21742,141206,(3,9223372036854775807))
Edge(22069,1144,(1,9223372036854775807))
Edge(22279,363001,(1,3))
Edge(22287,408734,(1,9223372036854775807))
Edge(23421,490648,(3,9223372036854775807))
Edge(23530,213833,(3,9223372036854775807))
Edge(23702,304289,(3,9223372036854775807))
Edge(23826,199009,(3,9223372036854775807))
Edge(24005,409753,(3,9223372036854775807))
Edge(24097,372180,(3,9223372036854775807))
Edge(24236,361289,(3,9223372036854775807))
Edge(24296,144517,(3,9223372036854775807))
Edge(24731,131082,(3,9223372036854775807))
Edge(24884,422771,(3,9223372036854775807))
Edge(25076,499131,(1,9223372036854775807))
Edge(25437,51059,(3,9223372036854775807))
Edge(25910,477557,(3,9223372036854775807))
Edge(25913,249481,(1,3))
Edge(26581,248161,(3,9223372036854775807))
Edge(26780,455053,(3,9223372036854775807))
Edge(26945,417069,(3,9223372036854775807))
Edge(27109,497003,(3,9223372036854775807))
Edge(27314,164283,(3,9223372036854775807))
Edge(27884,128124,(3,9223372036854775807))
Edge(27963,249468,(1,9223372036854775807))
Edge(28398,92290,(3,9223372036854775807))
Edge(29003,438525,(3,9223372036854775807))
Edge(29139,52235,(3,9223372036854775807))
Edge(29346,231284,(3,9223372036854775807))
Edge(30109,441072,(4,9223372036854775807))
Edge(30202,477719,(3,9223372036854775807))
Edge(30707,475226,(3,9223372036854775807))
Edge(30769,403375,(1,9223372036854775807))
Edge(31059,659,(3,9223372036854775807))
Edge(31289,88917,(3,9223372036854775807))
Edge(31297,218758,(1,3))
Edge(31429,21900,(1,3))
Edge(31440,497479,(3,9223372036854775807))
Edge(31957,416182,(3,9223372036854775807))
Edge(31997,128815,(3,9223372036854775807))
Edge(32356,85251,(1,3))
Edge(32701,84718,(3,9223372036854775807))
Edge(32804,470684,(3,9223372036854775807))
Edge(32847,231379,(1,9223372036854775807))
Edge(33076,274005,(1,3))
Edge(33414,448605,(3,9223372036854775807))
Edge(33514,63868,(3,9223372036854775807))
Edge(34366,450428,(3,9223372036854775807))
Edge(34513,438726,(3,9223372036854775807))
Edge(35208,395935,(3,9223372036854775807))
Edge(35791,293312,(3,9223372036854775807))
Edge(35909,74497,(3,9223372036854775807))
Edge(35935,252191,(3,9223372036854775807))
Edge(36143,25113,(3,9223372036854775807))
Edge(36197,326331,(3,9223372036854775807))
Edge(36523,356201,(3,9223372036854775807))
Edge(36524,283783,(1,3))
Edge(37452,327623,(3,9223372036854775807))
Edge(37575,316446,(3,9223372036854775807))
Edge(37782,26941,(3,9223372036854775807))
Edge(38053,34228,(3,9223372036854775807))
Edge(38115,347289,(1,3))
Edge(38302,75356,(3,9223372036854775807))
Edge(38595,200627,(3,9223372036854775807))
Edge(38815,448520,(3,9223372036854775807))
Edge(39059,301278,(3,9223372036854775807))
Edge(39096,140456,(3,9223372036854775807))
Edge(39402,232224,(3,9223372036854775807))
Edge(39467,149278,(3,9223372036854775807))
Edge(39709,199436,(1,9223372036854775807))
Edge(39791,340859,(3,9223372036854775807))
Edge(39801,243189,(3,9223372036854775807))
Edge(40019,99212,(1,3))
Edge(40395,208544,(3,9223372036854775807))
Edge(40535,170748,(1,9223372036854775807))
Edge(40742,233146,(3,9223372036854775807))
Edge(41371,4165,(3,9223372036854775807))
Edge(41409,378108,(3,9223372036854775807))
Edge(41772,61450,(3,9223372036854775807))
Edge(41820,245985,(3,9223372036854775807))
Edge(42034,376187,(1,3))
Edge(42137,65226,(3,9223372036854775807))
Edge(42489,353969,(3,9223372036854775807))
Edge(43096,2865,(3,9223372036854775807))
Edge(43884,370285,(1,9223372036854775807))
Edge(44103,471809,(1,3))
Edge(44656,204254,(3,9223372036854775807))
Edge(44751,68637,(3,9223372036854775807))
Edge(44753,467280,(3,9223372036854775807))
Edge(44930,234590,(3,9223372036854775807))
Edge(45104,361096,(3,9223372036854775807))
Edge(45368,235837,(3,9223372036854775807))
Edge(45577,399661,(3,9223372036854775807))
Edge(45674,303743,(3,9223372036854775807))
Edge(46381,95087,(3,9223372036854775807))
Edge(46405,294059,(3,9223372036854775807))
Edge(46413,467990,(3,9223372036854775807))
Edge(47055,391212,(3,9223372036854775807))
Edge(47291,458490,(1,9223372036854775807))
Edge(47314,96101,(3,9223372036854775807))
Edge(47756,490526,(3,9223372036854775807))
Edge(47949,488432,(1,3))
Edge(48002,39470,(3,9223372036854775807))
Edge(48195,337219,(3,9223372036854775807))
Edge(48415,400232,(3,9223372036854775807))
Edge(48673,324793,(3,9223372036854775807))
Edge(48739,271045,(1,9223372036854775807))
Edge(48771,221626,(3,9223372036854775807))
Edge(48916,458307,(3,9223372036854775807))
Edge(48954,325723,(1,3))
Edge(49382,237611,(3,9223372036854775807))
Edge(49656,310339,(3,9223372036854775807))
Edge(50030,444473,(3,9223372036854775807))
Edge(50263,191797,(3,9223372036854775807))
Edge(50591,22969,(3,9223372036854775807))
Edge(50659,104166,(3,9223372036854775807))
Edge(50779,79392,(3,9223372036854775807))
Edge(51104,244138,(1,9223372036854775807))
Edge(51279,308997,(3,9223372036854775807))
Edge(51355,98581,(1,9223372036854775807))
Edge(52624,465352,(3,9223372036854775807))
Edge(53730,483366,(3,9223372036854775807))
Edge(53782,300771,(1,9223372036854775807))
Edge(53785,91196,(1,9223372036854775807))
Edge(54272,286123,(3,9223372036854775807))
Edge(54302,482146,(3,9223372036854775807))
Edge(54596,19109,(3,9223372036854775807))
Edge(54930,156563,(3,9223372036854775807))
Edge(55093,406022,(1,9223372036854775807))
Edge(55385,186896,(3,9223372036854775807))
Edge(55909,457367,(3,9223372036854775807))
Edge(56506,114961,(3,9223372036854775807))
Edge(56537,68400,(3,9223372036854775807))
Edge(56658,326245,(3,9223372036854775807))
Edge(57028,72685,(3,9223372036854775807))
Edge(57539,98741,(3,9223372036854775807))
Edge(58298,39526,(3,9223372036854775807))
Edge(58527,247399,(3,9223372036854775807))
Edge(59383,385929,(3,9223372036854775807))
Edge(59447,374681,(1,3))
Edge(59641,366349,(1,9223372036854775807))
Edge(59713,326842,(3,9223372036854775807))
Edge(60251,156213,(3,9223372036854775807))
Edge(60292,333588,(3,9223372036854775807))
Edge(60704,472289,(3,9223372036854775807))
Edge(60762,326424,(3,9223372036854775807))
Edge(60798,427138,(3,9223372036854775807))
Edge(61170,185837,(3,9223372036854775807))
Edge(61261,283853,(3,9223372036854775807))
Edge(61424,161860,(3,9223372036854775807))
Edge(61466,311938,(3,9223372036854775807))
Edge(61697,221115,(3,9223372036854775807))
Edge(61962,277531,(3,9223372036854775807))
Edge(62292,73945,(3,9223372036854775807))
Edge(63007,108200,(3,9223372036854775807))
Edge(63407,193545,(3,9223372036854775807))
Edge(63810,266337,(3,9223372036854775807))
Edge(63967,134886,(3,9223372036854775807))
Edge(64269,24508,(3,9223372036854775807))
Edge(64499,244474,(3,9223372036854775807))
Edge(64681,373872,(3,9223372036854775807))
Edge(64961,120044,(3,9223372036854775807))
Edge(64999,157290,(3,9223372036854775807))
Edge(65002,225287,(3,9223372036854775807))
Edge(65176,495511,(3,9223372036854775807))
Edge(65211,292748,(3,9223372036854775807))
Edge(65244,499474,(3,9223372036854775807))
Edge(65782,142018,(1,3))
Edge(65900,40692,(3,9223372036854775807))
Edge(65903,468978,(3,9223372036854775807))
Edge(66159,185441,(3,9223372036854775807))
Edge(66238,90418,(3,9223372036854775807))
Edge(66489,273003,(3,9223372036854775807))
Edge(66543,174306,(3,9223372036854775807))
Edge(66712,123181,(3,9223372036854775807))
Edge(67101,4483,(3,9223372036854775807))
Edge(67219,465362,(3,9223372036854775807))
Edge(67508,242785,(3,9223372036854775807))
Edge(67730,364978,(1,9223372036854775807))
Edge(67796,115933,(1,3))
Edge(68037,458929,(3,9223372036854775807))
Edge(68116,5578,(3,9223372036854775807))
Edge(68531,333122,(3,9223372036854775807))
Edge(68556,83553,(3,9223372036854775807))
Edge(68631,461530,(3,9223372036854775807))
Edge(69199,137921,(3,9223372036854775807))
Edge(69271,46749,(3,9223372036854775807))
Edge(69356,46504,(3,9223372036854775807))
Edge(69508,86549,(3,9223372036854775807))
Edge(69609,108624,(1,3))
Edge(69679,398944,(3,9223372036854775807))
Edge(69738,107583,(1,9223372036854775807))
Edge(69791,160357,(1,9223372036854775807))
Edge(70120,26201,(3,9223372036854775807))
Edge(70243,60904,(1,9223372036854775807))
Edge(71073,172604,(3,9223372036854775807))
Edge(71119,442552,(1,9223372036854775807))
Edge(71176,389881,(1,9223372036854775807))
Edge(71350,212625,(3,9223372036854775807))
Edge(72223,257102,(3,9223372036854775807))
Edge(72302,216533,(3,9223372036854775807))
Edge(72790,456920,(3,9223372036854775807))
Edge(73110,281582,(3,9223372036854775807))
Edge(73124,135591,(3,9223372036854775807))
Edge(73621,420430,(3,9223372036854775807))
Edge(74572,475764,(3,9223372036854775807))
Edge(75071,195375,(3,9223372036854775807))
Edge(75165,427363,(3,9223372036854775807))
Edge(75470,490673,(3,9223372036854775807))
Edge(75522,172936,(3,9223372036854775807))
Edge(75539,108455,(3,9223372036854775807))
Edge(75712,443561,(3,9223372036854775807))
Edge(75734,147251,(3,9223372036854775807))
Edge(76046,11828,(3,9223372036854775807))
Edge(76114,182591,(3,9223372036854775807))
Edge(76243,150313,(3,9223372036854775807))
Edge(76334,19694,(3,9223372036854775807))
Edge(76396,8139,(1,3))
Edge(76571,491798,(3,9223372036854775807))
Edge(76876,204118,(3,9223372036854775807))
Edge(76904,301506,(3,9223372036854775807))
Edge(77285,227826,(3,9223372036854775807))
Edge(77331,55615,(3,9223372036854775807))
Edge(77388,373801,(3,9223372036854775807))
Edge(77446,46563,(3,9223372036854775807))
Edge(78076,432544,(3,9223372036854775807))
Edge(78136,239752,(3,9223372036854775807))
Edge(78495,23722,(3,9223372036854775807))
Edge(78529,166658,(3,9223372036854775807))
Edge(78908,318122,(3,9223372036854775807))
Edge(79317,235621,(3,9223372036854775807))
Edge(79723,265523,(3,9223372036854775807))
Edge(79996,371902,(3,9223372036854775807))
Edge(80479,126550,(3,9223372036854775807))
Edge(81165,408907,(3,9223372036854775807))
Edge(82243,437065,(3,9223372036854775807))
Edge(82542,77707,(3,9223372036854775807))
Edge(82932,34350,(3,9223372036854775807))
Edge(83045,384390,(3,9223372036854775807))
Edge(83115,287684,(3,9223372036854775807))
Edge(83235,38236,(3,9223372036854775807))
Edge(83452,143505,(3,9223372036854775807))
Edge(84048,483284,(1,3))
Edge(85244,340307,(3,9223372036854775807))
Edge(85386,187934,(1,3))
Edge(85718,268188,(3,9223372036854775807))
Edge(86285,202994,(3,9223372036854775807))
Edge(86599,58533,(3,9223372036854775807))
Edge(87217,363311,(3,9223372036854775807))
Edge(87531,482595,(3,9223372036854775807))
Edge(87733,482947,(3,9223372036854775807))
Edge(88127,95981,(3,9223372036854775807))
Edge(88161,446333,(3,9223372036854775807))
Edge(88356,409479,(3,9223372036854775807))
Edge(88492,427867,(3,9223372036854775807))
Edge(88585,11114,(1,9223372036854775807))
Edge(88897,147011,(1,9223372036854775807))
Edge(89561,24407,(3,9223372036854775807))
Edge(89666,209344,(3,9223372036854775807))
Edge(90002,379541,(3,9223372036854775807))
Edge(90125,3379,(3,9223372036854775807))
Edge(90532,198430,(1,9223372036854775807))
Edge(90785,193454,(3,9223372036854775807))
Edge(90841,467464,(3,9223372036854775807))
Edge(91227,437138,(1,9223372036854775807))
Edge(91280,141291,(3,9223372036854775807))
Edge(91692,258252,(3,9223372036854775807))
Edge(91809,477435,(3,9223372036854775807))
Edge(91954,112520,(3,9223372036854775807))
Edge(92139,56225,(3,9223372036854775807))
Edge(92144,318982,(3,9223372036854775807))
Edge(92206,33128,(3,9223372036854775807))
Edge(92264,456161,(1,9223372036854775807))
Edge(92433,186457,(3,9223372036854775807))
Edge(92794,213016,(3,9223372036854775807))
Edge(93013,233722,(3,9223372036854775807))
Edge(93157,246422,(1,9223372036854775807))
Edge(93569,266105,(3,9223372036854775807))
Edge(93642,468877,(1,3))
Edge(93692,274875,(3,9223372036854775807))
Edge(93828,84799,(1,9223372036854775807))
Edge(94757,268220,(3,9223372036854775807))
Edge(94982,129901,(3,9223372036854775807))
Edge(95397,419185,(3,9223372036854775807))
Edge(95754,450285,(3,9223372036854775807))
Edge(96044,279170,(3,9223372036854775807))
Edge(96134,399281,(3,9223372036854775807))
Edge(96632,19305,(3,9223372036854775807))
Edge(96819,37539,(1,9223372036854775807))
Edge(96901,290230,(3,9223372036854775807))
Edge(97547,194816,(3,9223372036854775807))
Edge(97677,339251,(1,9223372036854775807))
Edge(98185,274104,(3,9223372036854775807))
Edge(98224,226569,(1,3))
Edge(98251,488160,(3,9223372036854775807))
Edge(98284,333386,(3,9223372036854775807))
Edge(98567,391962,(3,9223372036854775807))
Edge(99789,398533,(4,9223372036854775807))
Edge(99858,121075,(3,9223372036854775807))
Edge(100533,433353,(1,9223372036854775807))
Edge(100648,398701,(3,9223372036854775807))
Edge(100738,490630,(3,9223372036854775807))
Edge(100773,262095,(3,9223372036854775807))
Edge(101175,229752,(3,9223372036854775807))
Edge(102611,298139,(3,9223372036854775807))
Edge(102902,7112,(4,9223372036854775807))
Edge(103138,254461,(3,9223372036854775807))
Edge(103238,98310,(3,9223372036854775807))
Edge(103631,34604,(3,9223372036854775807))
Edge(103635,483509,(3,9223372036854775807))
Edge(103772,262225,(3,9223372036854775807))
Edge(104295,321820,(3,9223372036854775807))
Edge(104519,251771,(3,9223372036854775807))
Edge(104540,153629,(3,9223372036854775807))
Edge(105663,82705,(1,3))
Edge(105684,210327,(3,9223372036854775807))
Edge(105826,467739,(3,9223372036854775807))
Edge(106110,360685,(3,9223372036854775807))
Edge(106127,489223,(3,9223372036854775807))
Edge(106966,357651,(3,9223372036854775807))
Edge(107500,452291,(3,9223372036854775807))
Edge(107522,466836,(1,9223372036854775807))
Edge(108077,357791,(3,9223372036854775807))
Edge(108279,378623,(3,9223372036854775807))
Edge(108854,3913,(3,9223372036854775807))
Edge(109165,227792,(3,9223372036854775807))
Edge(109916,90214,(3,9223372036854775807))
Edge(111033,133730,(1,9223372036854775807))
Edge(111097,410390,(3,9223372036854775807))
Edge(111736,144881,(3,9223372036854775807))
Edge(111758,189919,(3,9223372036854775807))
Edge(112093,319867,(3,9223372036854775807))
Edge(113102,480100,(3,9223372036854775807))
Edge(113291,170706,(1,3))
Edge(113522,482725,(3,9223372036854775807))
Edge(113742,208604,(3,9223372036854775807))
Edge(113812,198497,(3,9223372036854775807))
Edge(113827,67002,(1,9223372036854775807))
Edge(113880,95941,(3,9223372036854775807))
Edge(114248,312053,(3,9223372036854775807))
Edge(115116,407313,(3,9223372036854775807))
Edge(115491,318943,(3,9223372036854775807))
Edge(115556,8616,(1,9223372036854775807))
Edge(115693,498146,(3,9223372036854775807))
Edge(115869,174174,(3,9223372036854775807))
Edge(115908,212293,(3,9223372036854775807))
Edge(116607,136968,(3,9223372036854775807))
Edge(116640,180845,(1,9223372036854775807))
Edge(116650,334045,(3,9223372036854775807))
Edge(117006,193527,(3,9223372036854775807))
Edge(117116,87270,(3,9223372036854775807))
Edge(117387,16214,(3,9223372036854775807))
Edge(117545,330255,(1,9223372036854775807))
Edge(117676,275045,(3,9223372036854775807))
Edge(117723,170091,(3,9223372036854775807))
Edge(118143,183846,(3,9223372036854775807))
Edge(118501,79964,(3,9223372036854775807))
Edge(118574,213603,(1,9223372036854775807))
Edge(118880,253530,(3,9223372036854775807))
Edge(119012,232589,(3,9223372036854775807))
Edge(120124,75609,(3,9223372036854775807))
Edge(120333,282988,(1,3))
Edge(121103,377301,(3,9223372036854775807))
Edge(121123,488425,(3,9223372036854775807))
Edge(121145,61282,(3,9223372036854775807))
Edge(121191,455351,(3,9223372036854775807))
Edge(121663,374260,(3,9223372036854775807))
Edge(121684,180631,(3,9223372036854775807))
Edge(122031,270155,(3,9223372036854775807))
Edge(122233,99649,(1,9223372036854775807))
Edge(122513,139253,(3,9223372036854775807))
Edge(122648,42311,(3,9223372036854775807))
Edge(123915,75946,(3,9223372036854775807))
Edge(124503,235177,(3,9223372036854775807))
Edge(124913,10784,(3,9223372036854775807))
Edge(125405,33257,(3,9223372036854775807))
Edge(125908,461198,(3,9223372036854775807))
Edge(126204,56598,(3,9223372036854775807))
Edge(126252,288967,(3,9223372036854775807))
Edge(126289,98154,(3,9223372036854775807))
Edge(127232,490413,(3,9223372036854775807))
Edge(127968,200696,(3,9223372036854775807))
Edge(128898,82974,(3,9223372036854775807))
Edge(128902,2974,(3,9223372036854775807))
Edge(129385,300169,(3,9223372036854775807))
Edge(129986,327203,(3,9223372036854775807))
Edge(130771,217236,(4,9223372036854775807))
Edge(130836,200015,(3,9223372036854775807))
Edge(130921,154527,(3,9223372036854775807))
Edge(130971,110480,(3,9223372036854775807))
Edge(131352,427724,(3,9223372036854775807))
Edge(131797,218086,(1,9223372036854775807))
Edge(132240,138842,(3,9223372036854775807))
Edge(132261,335407,(3,9223372036854775807))
Edge(132275,351448,(1,9223372036854775807))
Edge(132585,296667,(3,9223372036854775807))
Edge(132842,435352,(3,9223372036854775807))
Edge(133011,341895,(3,9223372036854775807))
Edge(133702,480756,(3,9223372036854775807))
Edge(133801,420275,(3,9223372036854775807))
Edge(133811,282959,(4,9223372036854775807))
Edge(134229,100969,(3,9223372036854775807))
Edge(134396,10881,(3,9223372036854775807))
Edge(134575,297752,(3,9223372036854775807))
Edge(134735,106547,(3,9223372036854775807))
Edge(134826,181650,(1,3))
Edge(135532,465260,(1,9223372036854775807))
Edge(136188,166890,(1,9223372036854775807))
Edge(136429,455381,(3,9223372036854775807))
Edge(137351,137301,(3,9223372036854775807))
Edge(137400,452792,(3,9223372036854775807))
Edge(137427,449022,(3,9223372036854775807))
Edge(137497,406434,(3,9223372036854775807))
Edge(137847,475403,(3,9223372036854775807))
Edge(137880,482705,(3,9223372036854775807))
Edge(138049,307401,(1,9223372036854775807))
Edge(138125,376740,(3,9223372036854775807))
Edge(138219,81428,(3,9223372036854775807))
Edge(138337,489862,(3,9223372036854775807))
Edge(138446,245642,(3,9223372036854775807))
Edge(138547,409072,(3,9223372036854775807))
Edge(138708,67337,(3,9223372036854775807))
Edge(138744,260498,(3,9223372036854775807))
Edge(138813,212111,(3,9223372036854775807))
Edge(138961,480318,(3,9223372036854775807))
Edge(138976,122090,(3,9223372036854775807))
Edge(139025,422561,(3,9223372036854775807))
Edge(139176,491570,(3,9223372036854775807))
Edge(139475,261279,(3,9223372036854775807))
Edge(139731,121755,(3,9223372036854775807))
Edge(139843,345233,(3,9223372036854775807))
Edge(140216,339339,(1,3))
Edge(140964,62216,(3,9223372036854775807))
Edge(141048,227943,(3,9223372036854775807))
Edge(141076,122518,(3,9223372036854775807))
Edge(141195,1966,(1,9223372036854775807))
Edge(141471,239338,(3,9223372036854775807))
Edge(141616,42877,(3,9223372036854775807))
Edge(142111,434760,(1,9223372036854775807))
Edge(142220,371962,(3,9223372036854775807))
Edge(142317,408728,(3,9223372036854775807))
Edge(143346,7977,(3,9223372036854775807))
Edge(144905,129933,(3,9223372036854775807))
Edge(144958,201358,(3,9223372036854775807))
Edge(144960,37221,(3,9223372036854775807))
Edge(145649,388837,(3,9223372036854775807))
Edge(145882,471973,(3,9223372036854775807))
Edge(145925,339991,(1,3))
Edge(145949,235636,(1,9223372036854775807))
Edge(146289,106622,(1,9223372036854775807))
Edge(146685,375385,(3,9223372036854775807))
Edge(146823,495286,(3,9223372036854775807))
Edge(146913,16744,(3,9223372036854775807))
Edge(146930,218530,(1,9223372036854775807))
Edge(146945,270308,(1,3))
Edge(147300,462966,(3,9223372036854775807))
Edge(147985,167148,(3,9223372036854775807))
Edge(147994,386584,(3,9223372036854775807))
Edge(148488,295155,(3,9223372036854775807))
Edge(148896,161907,(3,9223372036854775807))
Edge(149456,412132,(1,9223372036854775807))
Edge(149905,407233,(1,3))
Edge(150856,289186,(3,9223372036854775807))
Edge(151254,60117,(3,9223372036854775807))
Edge(151807,416185,(3,9223372036854775807))
Edge(152257,49111,(3,9223372036854775807))
Edge(152334,345127,(1,3))
Edge(152608,380214,(3,9223372036854775807))
Edge(152710,1342,(3,9223372036854775807))
Edge(152750,422342,(3,9223372036854775807))
Edge(152834,447618,(3,9223372036854775807))
Edge(152866,183272,(3,9223372036854775807))
Edge(153414,434976,(3,9223372036854775807))
Edge(153445,446521,(1,3))
Edge(153488,127658,(3,9223372036854775807))
Edge(153633,422816,(3,9223372036854775807))
Edge(153905,313958,(3,9223372036854775807))
Edge(154096,443856,(3,9223372036854775807))
Edge(154478,362145,(3,9223372036854775807))
Edge(155394,177140,(3,9223372036854775807))
Edge(155458,331657,(3,9223372036854775807))
Edge(155971,174765,(3,9223372036854775807))
Edge(156211,353682,(3,9223372036854775807))
Edge(156253,439830,(3,9223372036854775807))
Edge(156557,42159,(3,9223372036854775807))
Edge(157081,288037,(3,9223372036854775807))
Edge(157203,494390,(3,9223372036854775807))
Edge(157240,473819,(3,9223372036854775807))
Edge(157502,223472,(3,9223372036854775807))
Edge(158215,139879,(1,9223372036854775807))
Edge(158546,240660,(3,9223372036854775807))
Edge(158607,111213,(3,9223372036854775807))
Edge(158940,220910,(1,9223372036854775807))
Edge(159278,340706,(3,9223372036854775807))
Edge(159354,80530,(3,9223372036854775807))
Edge(160093,487435,(1,9223372036854775807))
Edge(160653,443681,(3,9223372036854775807))
Edge(160916,345823,(3,9223372036854775807))
Edge(161014,418734,(4,9223372036854775807))
Edge(161064,266544,(3,9223372036854775807))
Edge(161389,87646,(3,9223372036854775807))
Edge(161453,132483,(3,9223372036854775807))
Edge(162205,234201,(1,3))
Edge(162439,323248,(3,9223372036854775807))
Edge(162548,204496,(3,9223372036854775807))
Edge(162687,291538,(3,9223372036854775807))
Edge(162791,49357,(3,9223372036854775807))
Edge(163377,271232,(1,9223372036854775807))
Edge(163574,488131,(1,9223372036854775807))
Edge(163923,465605,(1,9223372036854775807))
Edge(164026,390581,(1,9223372036854775807))
Edge(164153,272855,(3,9223372036854775807))
Edge(164291,33705,(3,9223372036854775807))
Edge(164362,381728,(3,9223372036854775807))
Edge(164421,349598,(1,9223372036854775807))
Edge(165409,219437,(3,9223372036854775807))
Edge(165634,430525,(3,9223372036854775807))
Edge(165660,272958,(3,9223372036854775807))
Edge(165911,116973,(1,3))
Edge(166188,277144,(3,9223372036854775807))
Edge(166576,224224,(3,9223372036854775807))
Edge(166618,231245,(4,9223372036854775807))
Edge(166899,370754,(1,9223372036854775807))
Edge(167151,108830,(1,3))
Edge(168994,320298,(3,9223372036854775807))
Edge(169232,293308,(1,9223372036854775807))
Edge(169695,51813,(3,9223372036854775807))
Edge(169960,223028,(3,9223372036854775807))
Edge(169990,14041,(1,9223372036854775807))
Edge(170143,337398,(3,9223372036854775807))
Edge(170855,306898,(3,9223372036854775807))
Edge(170930,113050,(3,9223372036854775807))
Edge(172036,154875,(3,9223372036854775807))
Edge(172501,442961,(3,9223372036854775807))
Edge(172546,1589,(3,9223372036854775807))
Edge(172709,456738,(3,9223372036854775807))
Edge(173408,152523,(3,9223372036854775807))
Edge(175367,467632,(3,9223372036854775807))
Edge(175765,179814,(3,9223372036854775807))
Edge(175840,289555,(3,9223372036854775807))
Edge(176106,207280,(3,9223372036854775807))
Edge(176148,6454,(3,9223372036854775807))
Edge(176239,458268,(3,9223372036854775807))
Edge(176324,193020,(3,9223372036854775807))
Edge(176645,201207,(1,9223372036854775807))
Edge(176930,122708,(1,3))
Edge(177466,102091,(3,9223372036854775807))
Edge(178170,19075,(3,9223372036854775807))
Edge(178222,36420,(1,9223372036854775807))
Edge(179117,366489,(3,9223372036854775807))
Edge(180429,267418,(3,9223372036854775807))
Edge(180635,456930,(3,9223372036854775807))
Edge(180916,107146,(1,3))
Edge(181242,112287,(3,9223372036854775807))
Edge(181632,275254,(3,9223372036854775807))
Edge(181809,12701,(3,9223372036854775807))
Edge(181894,198993,(3,9223372036854775807))
Edge(182088,289381,(3,9223372036854775807))
Edge(182531,308960,(3,9223372036854775807))
Edge(182885,437498,(3,9223372036854775807))
Edge(182941,25180,(3,9223372036854775807))
Edge(183347,193302,(3,9223372036854775807))
Edge(183357,450180,(3,9223372036854775807))
Edge(183624,141098,(3,9223372036854775807))
Edge(183680,101971,(1,9223372036854775807))
Edge(183712,59761,(3,9223372036854775807))
Edge(183974,251824,(3,9223372036854775807))
Edge(184243,251553,(3,9223372036854775807))
Edge(184674,403165,(1,3))
Edge(185159,362081,(3,9223372036854775807))
Edge(185321,271994,(3,9223372036854775807))
Edge(185772,345790,(3,9223372036854775807))
Edge(185805,285640,(4,9223372036854775807))
Edge(185969,59954,(3,9223372036854775807))
Edge(186255,426459,(3,9223372036854775807))
Edge(186287,221535,(3,9223372036854775807))
Edge(186375,52316,(3,9223372036854775807))
Edge(186991,183056,(3,9223372036854775807))
Edge(187082,63529,(3,9223372036854775807))
Edge(187210,76691,(3,9223372036854775807))
Edge(187873,169263,(3,9223372036854775807))
Edge(188119,483373,(3,9223372036854775807))
Edge(188367,151996,(3,9223372036854775807))
Edge(188567,463591,(3,9223372036854775807))
Edge(188792,106314,(1,3))
Edge(189061,72339,(3,9223372036854775807))
Edge(189096,480952,(3,9223372036854775807))
Edge(189122,316410,(3,9223372036854775807))
Edge(189478,170725,(3,9223372036854775807))
Edge(189946,390868,(3,9223372036854775807))
Edge(190177,248369,(3,9223372036854775807))
Edge(190774,134808,(3,9223372036854775807))
Edge(190872,126676,(3,9223372036854775807))
Edge(191088,265019,(3,9223372036854775807))
Edge(191288,12360,(1,3))
Edge(191558,236742,(3,9223372036854775807))
Edge(191668,185235,(3,9223372036854775807))
Edge(191776,322536,(3,9223372036854775807))
Edge(192738,344067,(3,9223372036854775807))
Edge(192990,342771,(3,9223372036854775807))
Edge(193207,430747,(3,9223372036854775807))
Edge(193729,424752,(1,9223372036854775807))
Edge(194190,264055,(3,9223372036854775807))
Edge(194631,450740,(3,9223372036854775807))
Edge(194672,315838,(3,9223372036854775807))
Edge(194760,419827,(3,9223372036854775807))
Edge(195018,164532,(3,9223372036854775807))
Edge(196215,79353,(1,3))
Edge(196452,59199,(3,9223372036854775807))
Edge(197300,343403,(3,9223372036854775807))
Edge(197478,457420,(3,9223372036854775807))
Edge(197482,86550,(3,9223372036854775807))
Edge(197895,69945,(3,9223372036854775807))
Edge(198163,1252,(3,9223372036854775807))
Edge(199117,18441,(1,9223372036854775807))
Edge(199306,415333,(1,9223372036854775807))
Edge(199612,373630,(3,9223372036854775807))
Edge(199674,181993,(1,3))
Edge(200317,80822,(3,9223372036854775807))
Edge(200626,115761,(3,9223372036854775807))
Edge(201045,311217,(3,9223372036854775807))
Edge(201052,274223,(1,9223372036854775807))
Edge(201209,13711,(3,9223372036854775807))
Edge(201741,54283,(3,9223372036854775807))
Edge(203894,320447,(3,9223372036854775807))
Edge(204159,305256,(3,9223372036854775807))
Edge(204801,49766,(3,9223372036854775807))
Edge(204833,140403,(3,9223372036854775807))
Edge(205091,149618,(3,9223372036854775807))
Edge(205854,376017,(3,9223372036854775807))
Edge(205887,294628,(3,9223372036854775807))
Edge(205899,482821,(1,3))
Edge(206155,207747,(3,9223372036854775807))
Edge(206188,340924,(3,9223372036854775807))
Edge(206217,14085,(3,9223372036854775807))
Edge(206295,208805,(3,9223372036854775807))
Edge(206419,270613,(3,9223372036854775807))
Edge(206518,491344,(3,9223372036854775807))
Edge(206641,445196,(3,9223372036854775807))
Edge(206687,285479,(3,9223372036854775807))
Edge(206786,103783,(1,3))
Edge(207149,321898,(1,3))
Edge(207458,427065,(3,9223372036854775807))
Edge(207526,35543,(1,9223372036854775807))
Edge(207544,282686,(3,9223372036854775807))
Edge(209134,492621,(3,9223372036854775807))
Edge(209243,478073,(3,9223372036854775807))
Edge(210066,249817,(3,9223372036854775807))
Edge(210533,40310,(3,9223372036854775807))
Edge(210537,399316,(3,9223372036854775807))
Edge(210855,159881,(3,9223372036854775807))
Edge(210955,43626,(3,9223372036854775807))
Edge(211081,266452,(3,9223372036854775807))
Edge(211099,484863,(3,9223372036854775807))
Edge(211201,165819,(3,9223372036854775807))
Edge(211385,88275,(1,9223372036854775807))
Edge(211407,468667,(3,9223372036854775807))
Edge(211891,170094,(3,9223372036854775807))
Edge(211972,154588,(3,9223372036854775807))
Edge(212283,292834,(3,9223372036854775807))
Edge(212303,132429,(3,9223372036854775807))
Edge(212390,391788,(1,9223372036854775807))
Edge(212456,181160,(3,9223372036854775807))
Edge(212644,261432,(1,9223372036854775807))
Edge(212809,310369,(3,9223372036854775807))
Edge(213063,289720,(3,9223372036854775807))
Edge(213178,464658,(3,9223372036854775807))
Edge(213261,117977,(3,9223372036854775807))
Edge(213499,315202,(3,9223372036854775807))
Edge(213678,200592,(3,9223372036854775807))
Edge(214074,447770,(3,9223372036854775807))
Edge(214295,92834,(3,9223372036854775807))
Edge(214657,200552,(3,9223372036854775807))
Edge(214955,430502,(3,9223372036854775807))
Edge(215022,17677,(3,9223372036854775807))
Edge(215436,179377,(3,9223372036854775807))
Edge(215539,129950,(1,3))
Edge(215557,125959,(3,9223372036854775807))
Edge(216159,251163,(3,9223372036854775807))
Edge(216512,47094,(1,9223372036854775807))
Edge(216564,423117,(3,9223372036854775807))
Edge(216640,408549,(3,9223372036854775807))
Edge(217661,485810,(3,9223372036854775807))
Edge(217847,154446,(1,9223372036854775807))
Edge(218384,495514,(3,9223372036854775807))
Edge(218583,183788,(1,9223372036854775807))
Edge(218639,256405,(3,9223372036854775807))
Edge(219388,381201,(1,9223372036854775807))
Edge(219538,62523,(3,9223372036854775807))
Edge(219723,30502,(1,3))
Edge(219890,33152,(3,9223372036854775807))
Edge(219890,296924,(3,9223372036854775807))
Edge(219918,289690,(3,9223372036854775807))
Edge(220820,349681,(3,9223372036854775807))
Edge(221025,204776,(3,9223372036854775807))
Edge(221332,282890,(3,9223372036854775807))
Edge(222155,478078,(3,9223372036854775807))
Edge(222824,474402,(3,9223372036854775807))
Edge(223451,130099,(3,9223372036854775807))
Edge(223564,215702,(3,9223372036854775807))
Edge(224009,445389,(1,9223372036854775807))
Edge(224728,183366,(3,9223372036854775807))
Edge(224967,298011,(3,9223372036854775807))
Edge(225774,82497,(1,9223372036854775807))
Edge(226031,193217,(3,9223372036854775807))
Edge(226500,336885,(3,9223372036854775807))
Edge(226889,386441,(1,3))
Edge(227449,286916,(3,9223372036854775807))
Edge(227779,210254,(3,9223372036854775807))
Edge(227846,268333,(3,9223372036854775807))
Edge(227982,66475,(3,9223372036854775807))
Edge(228034,268551,(3,9223372036854775807))
Edge(228327,171857,(1,3))
Edge(228389,178357,(3,9223372036854775807))
Edge(228844,357649,(1,9223372036854775807))
Edge(229294,339227,(3,9223372036854775807))
Edge(229496,137443,(1,9223372036854775807))
Edge(229521,152848,(3,9223372036854775807))
Edge(229528,169663,(3,9223372036854775807))
Edge(229579,170519,(3,9223372036854775807))
Edge(229582,211383,(1,9223372036854775807))
Edge(229644,222971,(3,9223372036854775807))
Edge(231354,237760,(3,9223372036854775807))
Edge(231451,433478,(3,9223372036854775807))
Edge(231716,99314,(3,9223372036854775807))
Edge(231785,76170,(3,9223372036854775807))
Edge(232550,171914,(3,9223372036854775807))
Edge(232672,482889,(3,9223372036854775807))
Edge(232826,191848,(3,9223372036854775807))
Edge(232906,138697,(3,9223372036854775807))
Edge(233017,14548,(3,9223372036854775807))
Edge(233446,486194,(3,9223372036854775807))
Edge(233685,328778,(3,9223372036854775807))
Edge(234007,47269,(1,9223372036854775807))
Edge(234355,141910,(3,9223372036854775807))
Edge(234488,98903,(3,9223372036854775807))
Edge(234521,200787,(1,3))
Edge(234538,254510,(3,9223372036854775807))
Edge(234574,226500,(3,9223372036854775807))
Edge(235105,329456,(3,9223372036854775807))
Edge(235739,97562,(3,9223372036854775807))
Edge(235863,466391,(3,9223372036854775807))
Edge(235880,276934,(3,9223372036854775807))
Edge(236003,164940,(3,9223372036854775807))
Edge(236566,132547,(3,9223372036854775807))
Edge(237153,297174,(3,9223372036854775807))
Edge(237517,28895,(3,9223372036854775807))
Edge(237619,266167,(3,9223372036854775807))
Edge(238350,118780,(3,9223372036854775807))
Edge(238773,380437,(3,9223372036854775807))
Edge(239085,453012,(3,9223372036854775807))
Edge(239193,163258,(3,9223372036854775807))
Edge(239197,433386,(3,9223372036854775807))
Edge(239318,290486,(3,9223372036854775807))
Edge(239557,487916,(1,9223372036854775807))
Edge(239846,191774,(3,9223372036854775807))
Edge(239847,203664,(3,9223372036854775807))
Edge(239861,155010,(3,9223372036854775807))
Edge(239875,286364,(3,9223372036854775807))
Edge(240031,117887,(3,9223372036854775807))
Edge(240236,123595,(1,3))
Edge(240974,493472,(3,9223372036854775807))
Edge(241026,102705,(3,9223372036854775807))
Edge(241457,317764,(3,9223372036854775807))
Edge(241599,153941,(3,9223372036854775807))
Edge(242253,478921,(1,3))
Edge(242316,28706,(1,9223372036854775807))
Edge(242563,302791,(3,9223372036854775807))
Edge(242907,101553,(3,9223372036854775807))
Edge(243066,278649,(3,9223372036854775807))
Edge(243532,312000,(1,9223372036854775807))
Edge(243675,416802,(1,9223372036854775807))
Edge(243703,472669,(3,9223372036854775807))
Edge(244383,447647,(3,9223372036854775807))
Edge(244860,239459,(3,9223372036854775807))
Edge(244890,103371,(1,9223372036854775807))
Edge(245007,122278,(3,9223372036854775807))
Edge(245127,139536,(3,9223372036854775807))
Edge(245190,256650,(3,9223372036854775807))
Edge(245197,34388,(3,9223372036854775807))
Edge(245426,263592,(3,9223372036854775807))
Edge(245953,353857,(1,9223372036854775807))
Edge(245975,391520,(3,9223372036854775807))
Edge(246058,371951,(1,9223372036854775807))
Edge(246226,390072,(3,9223372036854775807))
Edge(246537,223403,(3,9223372036854775807))
Edge(246664,330004,(3,9223372036854775807))
Edge(246837,275165,(3,9223372036854775807))
Edge(246981,132805,(3,9223372036854775807))
Edge(247011,304995,(3,9223372036854775807))
Edge(247160,304226,(3,9223372036854775807))
Edge(247229,403783,(1,3))
Edge(247799,122857,(3,9223372036854775807))
Edge(247853,5481,(3,9223372036854775807))
Edge(248066,265162,(3,9223372036854775807))
Edge(248665,181115,(3,9223372036854775807))
Edge(249092,280376,(1,3))
Edge(249097,323234,(3,9223372036854775807))
Edge(249175,498403,(3,9223372036854775807))
Edge(249254,132728,(3,9223372036854775807))
Edge(249379,449428,(3,9223372036854775807))
Edge(250019,172224,(1,3))
Edge(250111,441851,(3,9223372036854775807))
Edge(250277,78306,(3,9223372036854775807))
Edge(250677,244634,(1,9223372036854775807))
Edge(250794,312632,(1,9223372036854775807))
Edge(251595,233438,(1,9223372036854775807))
Edge(251812,461268,(3,9223372036854775807))
Edge(252051,365778,(3,9223372036854775807))
Edge(252135,345490,(3,9223372036854775807))
Edge(252180,115129,(3,9223372036854775807))
Edge(252252,7277,(3,9223372036854775807))
Edge(252260,184180,(3,9223372036854775807))
Edge(252783,199354,(1,3))
Edge(252928,403998,(3,9223372036854775807))
Edge(252985,172085,(4,9223372036854775807))
Edge(253645,252002,(1,9223372036854775807))
Edge(253971,21348,(3,9223372036854775807))
Edge(254164,433049,(1,9223372036854775807))
Edge(254230,51197,(3,9223372036854775807))
Edge(254232,57794,(1,9223372036854775807))
Edge(254809,471444,(3,9223372036854775807))
Edge(255188,176915,(3,9223372036854775807))
Edge(255321,19146,(3,9223372036854775807))
Edge(255769,446310,(3,9223372036854775807))
Edge(255840,198561,(3,9223372036854775807))
Edge(256191,69773,(3,9223372036854775807))
Edge(256507,90358,(1,3))
Edge(256568,472582,(3,9223372036854775807))
Edge(257014,35873,(3,9223372036854775807))
Edge(257046,287130,(3,9223372036854775807))
Edge(257073,100335,(3,9223372036854775807))
Edge(257659,428958,(3,9223372036854775807))
Edge(257729,476708,(3,9223372036854775807))
Edge(257895,490393,(3,9223372036854775807))
Edge(258365,4749,(3,9223372036854775807))
Edge(258384,65982,(3,9223372036854775807))
Edge(259149,350932,(3,9223372036854775807))
Edge(259274,253085,(3,9223372036854775807))
Edge(259288,215087,(3,9223372036854775807))
Edge(259738,20837,(3,9223372036854775807))
Edge(259825,399482,(3,9223372036854775807))
Edge(260121,222574,(3,9223372036854775807))
Edge(260433,270467,(3,9223372036854775807))
Edge(260644,55256,(3,9223372036854775807))
Edge(260729,167100,(3,9223372036854775807))
Edge(260823,332572,(3,9223372036854775807))
Edge(261040,282350,(3,9223372036854775807))
Edge(261171,451447,(3,9223372036854775807))
Edge(261390,346329,(3,9223372036854775807))
Edge(261944,76913,(3,9223372036854775807))
Edge(262077,331529,(3,9223372036854775807))
Edge(262630,167018,(1,9223372036854775807))
Edge(262723,166051,(3,9223372036854775807))
Edge(262986,408973,(1,9223372036854775807))
Edge(263217,103365,(3,9223372036854775807))
Edge(263363,2868,(3,9223372036854775807))
Edge(263712,139481,(3,9223372036854775807))
Edge(263802,5360,(3,9223372036854775807))
Edge(263985,124327,(1,3))
Edge(264516,330063,(3,9223372036854775807))
Edge(264543,100896,(3,9223372036854775807))
Edge(265361,95910,(3,9223372036854775807))
Edge(266103,409413,(1,3))
Edge(266178,288705,(3,9223372036854775807))
Edge(266627,312559,(3,9223372036854775807))
Edge(266762,259882,(3,9223372036854775807))
Edge(266835,208959,(3,9223372036854775807))
Edge(267460,438569,(3,9223372036854775807))
Edge(267567,326001,(1,9223372036854775807))
Edge(267661,224728,(3,9223372036854775807))
Edge(267809,340614,(3,9223372036854775807))
Edge(268205,487756,(3,9223372036854775807))
Edge(268222,394419,(1,9223372036854775807))
Edge(268536,404419,(3,9223372036854775807))
Edge(268727,257257,(3,9223372036854775807))
Edge(268959,96632,(1,9223372036854775807))
Edge(268999,227244,(3,9223372036854775807))
Edge(269580,159080,(3,9223372036854775807))
Edge(270210,298563,(3,9223372036854775807))
Edge(270424,309555,(3,9223372036854775807))
Edge(271158,323277,(3,9223372036854775807))
Edge(271163,89739,(3,9223372036854775807))
Edge(271356,180914,(1,9223372036854775807))
Edge(271735,137207,(3,9223372036854775807))
Edge(271840,351703,(3,9223372036854775807))
Edge(272140,389296,(3,9223372036854775807))
Edge(272207,448281,(3,9223372036854775807))
Edge(272288,390439,(1,9223372036854775807))
Edge(272413,184664,(3,9223372036854775807))
Edge(272421,156581,(3,9223372036854775807))
Edge(272671,332523,(3,9223372036854775807))
Edge(272927,113679,(3,9223372036854775807))
Edge(273037,372496,(1,3))
Edge(273576,208691,(3,9223372036854775807))
Edge(273582,440076,(3,9223372036854775807))
Edge(273723,236797,(3,9223372036854775807))
Edge(273895,160290,(3,9223372036854775807))
Edge(273970,351967,(3,9223372036854775807))
Edge(274189,241000,(3,9223372036854775807))
Edge(274531,299553,(3,9223372036854775807))
Edge(274957,210055,(1,9223372036854775807))
Edge(275964,395109,(3,9223372036854775807))
Edge(275989,371976,(3,9223372036854775807))
Edge(276199,118937,(3,9223372036854775807))
Edge(276522,139096,(3,9223372036854775807))
Edge(277098,238747,(3,9223372036854775807))
Edge(277128,452412,(3,9223372036854775807))
Edge(277990,391281,(3,9223372036854775807))
Edge(278400,473696,(3,9223372036854775807))
Edge(278977,455141,(3,9223372036854775807))
Edge(279273,498858,(3,9223372036854775807))
Edge(280520,53919,(3,9223372036854775807))
Edge(280933,168855,(3,9223372036854775807))
Edge(281346,343774,(3,9223372036854775807))
Edge(281372,67642,(3,9223372036854775807))
Edge(281402,430885,(3,9223372036854775807))
Edge(281573,141218,(3,9223372036854775807))
Edge(282138,229922,(3,9223372036854775807))
Edge(282378,283342,(3,9223372036854775807))
Edge(282787,228757,(3,9223372036854775807))
Edge(282852,380217,(1,3))
Edge(282869,262397,(3,9223372036854775807))
Edge(283270,267092,(3,9223372036854775807))
Edge(283714,294677,(3,9223372036854775807))
Edge(283784,196639,(3,9223372036854775807))
Edge(284254,259413,(3,9223372036854775807))
Edge(284657,245926,(3,9223372036854775807))
Edge(285128,349748,(3,9223372036854775807))
Edge(285929,152946,(3,9223372036854775807))
Edge(287454,455109,(3,9223372036854775807))
Edge(287600,335092,(3,9223372036854775807))
Edge(287644,93633,(3,9223372036854775807))
Edge(287799,57785,(3,9223372036854775807))
Edge(288017,326629,(3,9223372036854775807))
Edge(288128,352760,(3,9223372036854775807))
Edge(288205,327410,(3,9223372036854775807))
Edge(288666,444784,(3,9223372036854775807))
Edge(288825,69378,(3,9223372036854775807))
Edge(288934,339364,(3,9223372036854775807))
Edge(289052,316253,(3,9223372036854775807))
Edge(289402,483761,(3,9223372036854775807))
Edge(289737,56698,(1,9223372036854775807))
Edge(289828,229050,(1,3))
Edge(289938,28354,(1,3))
Edge(290028,498755,(3,9223372036854775807))
Edge(290199,217272,(3,9223372036854775807))
Edge(290658,102895,(3,9223372036854775807))
Edge(291345,529,(3,9223372036854775807))
Edge(291354,234435,(3,9223372036854775807))
Edge(291961,165775,(3,9223372036854775807))
Edge(291970,385641,(3,9223372036854775807))
Edge(292484,394801,(3,9223372036854775807))
Edge(292637,359718,(3,9223372036854775807))
Edge(292754,385224,(3,9223372036854775807))
Edge(293189,356245,(3,9223372036854775807))
Edge(293620,264439,(3,9223372036854775807))
Edge(294442,300488,(3,9223372036854775807))
Edge(295145,390496,(3,9223372036854775807))
Edge(295239,368597,(1,9223372036854775807))
Edge(295295,354855,(3,9223372036854775807))
Edge(295308,131104,(3,9223372036854775807))
Edge(295983,83286,(3,9223372036854775807))
Edge(296120,140212,(3,9223372036854775807))
Edge(296183,488768,(1,9223372036854775807))
Edge(296381,233385,(3,9223372036854775807))
Edge(296724,224922,(3,9223372036854775807))
Edge(296929,253679,(3,9223372036854775807))
Edge(297025,292610,(3,9223372036854775807))
Edge(297287,108625,(3,9223372036854775807))
Edge(297597,93378,(1,3))
Edge(297985,91143,(3,9223372036854775807))
Edge(298003,331690,(3,9223372036854775807))
Edge(298011,234836,(3,9223372036854775807))
Edge(298103,433999,(3,9223372036854775807))
Edge(298285,128428,(3,9223372036854775807))
Edge(298470,270700,(3,9223372036854775807))
Edge(298997,134929,(3,9223372036854775807))
Edge(299151,62204,(1,3))
Edge(299754,248899,(1,3))
Edge(299760,30033,(1,9223372036854775807))
Edge(299876,249290,(1,9223372036854775807))
Edge(300245,420905,(3,9223372036854775807))
Edge(300616,378009,(3,9223372036854775807))
Edge(300704,307076,(3,9223372036854775807))
Edge(301354,440564,(3,9223372036854775807))
Edge(301733,209046,(3,9223372036854775807))
Edge(301751,31923,(3,9223372036854775807))
Edge(301956,368719,(3,9223372036854775807))
Edge(302599,418105,(3,9223372036854775807))
Edge(302957,22013,(1,9223372036854775807))
Edge(303820,457280,(3,9223372036854775807))
Edge(304284,431794,(3,9223372036854775807))
Edge(304478,278144,(3,9223372036854775807))
Edge(304641,337515,(3,9223372036854775807))
Edge(304647,312899,(3,9223372036854775807))
Edge(304831,118501,(3,9223372036854775807))
Edge(304907,398040,(3,9223372036854775807))
Edge(305340,495646,(3,9223372036854775807))
Edge(305479,453975,(3,9223372036854775807))
Edge(306313,118564,(3,4))
Edge(306924,314754,(1,3))
Edge(307107,298170,(3,9223372036854775807))
Edge(307663,410529,(1,9223372036854775807))
Edge(307805,453891,(3,9223372036854775807))
Edge(308208,10780,(3,9223372036854775807))
Edge(309401,483929,(3,9223372036854775807))
Edge(309738,95377,(3,9223372036854775807))
Edge(310218,32569,(1,9223372036854775807))
Edge(310500,65938,(3,9223372036854775807))
Edge(311321,68324,(3,9223372036854775807))
Edge(311742,184153,(3,9223372036854775807))
Edge(312699,461696,(3,9223372036854775807))
Edge(313178,84833,(3,9223372036854775807))
Edge(313595,441306,(3,9223372036854775807))
Edge(314159,21782,(3,9223372036854775807))
Edge(314493,190126,(3,9223372036854775807))
Edge(314609,63925,(3,9223372036854775807))
Edge(314816,52990,(1,3))
Edge(315114,427690,(3,9223372036854775807))
Edge(315355,390748,(3,9223372036854775807))
Edge(315610,256857,(3,9223372036854775807))
Edge(315889,1976,(3,9223372036854775807))
Edge(315954,367584,(3,9223372036854775807))
Edge(316063,80565,(3,9223372036854775807))
Edge(316537,194362,(3,9223372036854775807))
Edge(316676,161462,(3,9223372036854775807))
Edge(316835,339575,(1,9223372036854775807))
Edge(316847,479756,(3,9223372036854775807))
Edge(316963,266606,(3,9223372036854775807))
Edge(316967,100179,(3,9223372036854775807))
Edge(317123,456805,(3,9223372036854775807))
Edge(317287,137707,(1,9223372036854775807))
Edge(317761,376862,(3,9223372036854775807))
Edge(317803,269744,(1,3))
Edge(318295,84551,(3,9223372036854775807))
Edge(318361,182032,(3,9223372036854775807))
Edge(318574,129428,(1,9223372036854775807))
Edge(318579,253811,(3,9223372036854775807))
Edge(318677,3014,(3,9223372036854775807))
Edge(318954,160566,(3,9223372036854775807))
Edge(319255,415011,(3,9223372036854775807))
Edge(319481,395304,(2,9223372036854775807))
Edge(320104,292542,(3,9223372036854775807))
Edge(320161,231232,(3,9223372036854775807))
Edge(320711,173369,(1,9223372036854775807))
Edge(321451,454075,(3,9223372036854775807))
Edge(321523,238338,(3,9223372036854775807))
Edge(321573,139095,(3,9223372036854775807))
Edge(321713,293189,(3,9223372036854775807))
Edge(322057,126413,(3,9223372036854775807))
Edge(322910,474812,(3,9223372036854775807))
Edge(322975,306811,(3,9223372036854775807))
Edge(323280,321512,(3,9223372036854775807))
Edge(323913,11651,(3,9223372036854775807))
Edge(324063,38423,(3,9223372036854775807))
Edge(324124,68481,(1,9223372036854775807))
Edge(324588,14990,(3,9223372036854775807))
Edge(324764,53750,(3,9223372036854775807))
Edge(325009,168049,(1,9223372036854775807))
Edge(325021,468121,(1,9223372036854775807))
Edge(325397,200667,(3,9223372036854775807))
Edge(325536,182225,(3,9223372036854775807))
Edge(325912,284497,(3,9223372036854775807))
Edge(326012,94711,(1,9223372036854775807))
Edge(326209,12666,(3,9223372036854775807))
Edge(326406,281378,(3,9223372036854775807))
Edge(326420,306974,(3,9223372036854775807))
Edge(326443,161875,(1,9223372036854775807))
Edge(326661,487908,(3,9223372036854775807))
Edge(327334,13832,(3,9223372036854775807))
Edge(327802,238630,(3,9223372036854775807))
Edge(327878,260066,(3,9223372036854775807))
Edge(328076,323293,(1,9223372036854775807))
Edge(328501,367208,(3,9223372036854775807))
Edge(328741,256026,(3,9223372036854775807))
Edge(328779,363389,(1,2))
Edge(329099,85130,(3,9223372036854775807))
Edge(329462,15363,(1,9223372036854775807))
Edge(329477,339341,(1,9223372036854775807))
Edge(329869,9163,(3,9223372036854775807))
Edge(329932,29653,(1,3))
Edge(330051,235833,(3,9223372036854775807))
Edge(330310,311328,(3,9223372036854775807))
Edge(330612,230736,(3,9223372036854775807))
Edge(331230,189942,(3,9223372036854775807))
Edge(331285,217978,(3,9223372036854775807))
Edge(331380,424096,(1,9223372036854775807))
Edge(331421,116783,(3,9223372036854775807))
Edge(331697,93343,(3,9223372036854775807))
Edge(331928,33628,(3,9223372036854775807))
Edge(331982,149134,(3,9223372036854775807))
Edge(332028,31519,(3,9223372036854775807))
Edge(332166,286401,(1,3))
Edge(332215,217945,(3,9223372036854775807))
Edge(332282,243983,(3,9223372036854775807))
Edge(332339,344456,(3,9223372036854775807))
Edge(332431,209851,(3,9223372036854775807))
Edge(333057,128332,(3,9223372036854775807))
Edge(333066,494213,(3,9223372036854775807))
Edge(333471,64925,(1,9223372036854775807))
Edge(333699,273559,(3,9223372036854775807))
Edge(334900,177191,(3,9223372036854775807))
Edge(336122,199594,(3,9223372036854775807))
Edge(336185,167182,(1,9223372036854775807))
Edge(336877,498275,(1,9223372036854775807))
Edge(337132,488579,(3,9223372036854775807))
Edge(339397,423140,(3,9223372036854775807))
Edge(339940,303676,(1,3))
Edge(340474,156841,(3,9223372036854775807))
Edge(340639,498233,(3,9223372036854775807))
Edge(340649,482324,(3,9223372036854775807))
Edge(340802,11678,(3,9223372036854775807))
Edge(340807,136733,(3,9223372036854775807))
Edge(340828,160418,(3,9223372036854775807))
Edge(341067,406024,(1,9223372036854775807))
Edge(341805,231274,(3,9223372036854775807))
Edge(342620,191279,(1,3))
Edge(343156,139059,(3,9223372036854775807))
Edge(343346,97299,(3,9223372036854775807))
Edge(343488,438528,(3,9223372036854775807))
Edge(343506,420852,(3,9223372036854775807))
Edge(343556,77960,(1,9223372036854775807))
Edge(343570,222124,(3,9223372036854775807))
Edge(343965,177694,(3,9223372036854775807))
Edge(344029,198215,(3,9223372036854775807))
Edge(344807,74674,(3,9223372036854775807))
Edge(344984,154642,(3,9223372036854775807))
Edge(345065,66620,(3,9223372036854775807))
Edge(345230,48146,(1,9223372036854775807))
Edge(345445,204357,(3,9223372036854775807))
Edge(345457,385204,(3,9223372036854775807))
Edge(346227,159723,(3,9223372036854775807))
Edge(346420,31023,(1,3))
Edge(346616,283690,(3,9223372036854775807))
Edge(347314,155724,(3,9223372036854775807))
Edge(347527,204771,(3,9223372036854775807))
Edge(347635,373940,(1,9223372036854775807))
Edge(347976,97157,(1,9223372036854775807))
Edge(348383,48309,(1,9223372036854775807))
Edge(348464,305156,(3,9223372036854775807))
Edge(348473,113133,(1,9223372036854775807))
Edge(348757,172055,(3,9223372036854775807))
Edge(349172,438061,(1,9223372036854775807))
Edge(350425,482429,(1,3))
Edge(350530,299932,(1,9223372036854775807))
Edge(350548,10325,(3,9223372036854775807))
Edge(351091,321169,(3,9223372036854775807))
Edge(351198,121221,(3,9223372036854775807))
Edge(351420,228886,(3,9223372036854775807))
Edge(351476,348683,(3,9223372036854775807))
Edge(352107,334796,(3,9223372036854775807))
Edge(352850,295146,(3,9223372036854775807))
Edge(353574,283976,(1,3))
Edge(354302,144754,(3,9223372036854775807))
Edge(354354,441180,(1,9223372036854775807))
Edge(354553,243365,(3,9223372036854775807))
Edge(354741,407606,(3,9223372036854775807))
Edge(354938,472715,(3,9223372036854775807))
Edge(354969,56297,(3,9223372036854775807))
Edge(355056,485208,(1,9223372036854775807))
Edge(355064,393675,(3,9223372036854775807))
Edge(355369,168707,(3,9223372036854775807))
Edge(355441,304866,(3,9223372036854775807))
Edge(355597,168378,(3,9223372036854775807))
Edge(355728,279027,(1,9223372036854775807))
Edge(355756,185082,(1,9223372036854775807))
Edge(355759,450193,(3,9223372036854775807))
Edge(356044,199221,(3,9223372036854775807))
Edge(356278,107027,(3,9223372036854775807))
Edge(356528,253186,(3,9223372036854775807))
Edge(356628,462957,(3,9223372036854775807))
Edge(356679,34781,(3,9223372036854775807))
Edge(356802,451194,(3,9223372036854775807))
Edge(357552,400395,(3,9223372036854775807))
Edge(358241,471289,(3,9223372036854775807))
Edge(358556,67985,(1,3))
Edge(359089,190603,(3,9223372036854775807))
Edge(359147,258786,(3,9223372036854775807))
Edge(359380,489402,(1,9223372036854775807))
Edge(359854,56164,(3,9223372036854775807))
Edge(359940,100373,(1,9223372036854775807))
Edge(360002,61127,(3,9223372036854775807))
Edge(360088,60999,(3,9223372036854775807))
Edge(360706,449171,(3,9223372036854775807))
Edge(360840,397193,(3,9223372036854775807))
Edge(361105,458484,(1,3))
Edge(361263,491239,(3,9223372036854775807))
Edge(361551,378359,(1,9223372036854775807))
Edge(361576,296613,(1,3))
Edge(361587,323476,(1,3))
Edge(361682,164258,(3,9223372036854775807))
Edge(361841,177101,(3,9223372036854775807))
Edge(362583,229540,(3,9223372036854775807))
Edge(362921,467895,(3,9223372036854775807))
Edge(363025,48897,(3,9223372036854775807))
Edge(364103,42729,(3,9223372036854775807))
Edge(364146,126592,(3,9223372036854775807))
Edge(364200,360707,(1,9223372036854775807))
Edge(364216,319736,(3,9223372036854775807))
Edge(364283,456707,(3,9223372036854775807))
Edge(364814,426457,(3,9223372036854775807))
Edge(364932,394599,(3,9223372036854775807))
Edge(364961,437853,(3,9223372036854775807))
Edge(364969,332989,(3,9223372036854775807))
Edge(365873,186855,(3,9223372036854775807))
Edge(367112,37966,(3,9223372036854775807))
Edge(367200,328774,(3,9223372036854775807))
Edge(367544,466329,(3,9223372036854775807))
Edge(367954,198060,(3,9223372036854775807))
Edge(368115,220209,(3,9223372036854775807))
Edge(368294,133089,(1,3))
Edge(368493,433584,(3,9223372036854775807))
Edge(368859,88821,(3,9223372036854775807))
Edge(369275,155703,(3,9223372036854775807))
Edge(369725,162290,(3,9223372036854775807))
Edge(369810,283542,(1,3))
Edge(369859,271927,(3,9223372036854775807))
Edge(370252,367022,(3,9223372036854775807))
Edge(370581,283635,(1,3))
Edge(370759,257199,(1,9223372036854775807))
Edge(370762,145377,(3,9223372036854775807))
Edge(370822,411146,(3,9223372036854775807))
Edge(370950,356978,(3,9223372036854775807))
Edge(371224,287792,(3,9223372036854775807))
Edge(371422,187785,(1,9223372036854775807))
Edge(371712,409948,(3,9223372036854775807))
Edge(372210,17951,(3,9223372036854775807))
Edge(372338,468751,(1,3))
Edge(372359,361300,(3,9223372036854775807))
Edge(372747,265068,(3,9223372036854775807))
Edge(372980,408747,(1,9223372036854775807))
Edge(373269,411568,(1,3))
Edge(373866,485145,(3,9223372036854775807))
Edge(373880,137934,(3,9223372036854775807))
Edge(373929,312669,(3,9223372036854775807))
Edge(374191,309728,(3,9223372036854775807))
Edge(374517,179721,(1,9223372036854775807))
Edge(374602,29046,(3,9223372036854775807))
Edge(374939,125098,(3,9223372036854775807))
Edge(375036,282174,(3,9223372036854775807))
Edge(375502,270119,(3,9223372036854775807))
Edge(375595,114906,(3,9223372036854775807))
Edge(376085,175470,(3,9223372036854775807))
Edge(376185,464477,(3,9223372036854775807))
Edge(376190,135083,(1,9223372036854775807))
Edge(376537,229388,(3,9223372036854775807))
Edge(377055,356574,(3,9223372036854775807))
Edge(377249,165318,(3,9223372036854775807))
Edge(377456,268709,(3,9223372036854775807))
Edge(377528,275804,(3,9223372036854775807))
Edge(377620,122914,(3,9223372036854775807))
Edge(377628,494589,(3,9223372036854775807))
Edge(377659,374471,(3,9223372036854775807))
Edge(377948,139180,(1,3))
Edge(378339,354425,(1,9223372036854775807))
Edge(378583,341509,(3,9223372036854775807))
Edge(378628,306894,(3,9223372036854775807))
Edge(378652,345508,(3,9223372036854775807))
Edge(378698,57903,(3,9223372036854775807))
Edge(378966,79498,(3,9223372036854775807))
Edge(379566,384793,(3,9223372036854775807))
Edge(379621,46832,(3,9223372036854775807))
Edge(379833,273503,(3,9223372036854775807))
Edge(379896,354564,(3,9223372036854775807))
Edge(380111,7544,(3,9223372036854775807))
Edge(381409,351567,(1,9223372036854775807))
Edge(381466,104182,(3,9223372036854775807))
Edge(381470,197158,(3,9223372036854775807))
Edge(381603,233045,(3,9223372036854775807))
Edge(382324,200139,(3,9223372036854775807))
Edge(382542,222366,(3,9223372036854775807))
Edge(382608,180727,(3,9223372036854775807))
Edge(382647,407635,(3,9223372036854775807))
Edge(382905,134326,(3,9223372036854775807))
Edge(383168,251357,(3,9223372036854775807))
Edge(383236,191920,(1,9223372036854775807))
Edge(383257,87710,(3,9223372036854775807))
Edge(383678,289551,(3,9223372036854775807))
Edge(383926,211016,(3,9223372036854775807))
Edge(384200,346827,(3,9223372036854775807))
Edge(384405,338203,(3,9223372036854775807))
Edge(384515,18846,(3,9223372036854775807))
Edge(384656,241077,(3,9223372036854775807))
Edge(384706,190547,(3,9223372036854775807))
Edge(385844,362857,(3,9223372036854775807))
Edge(385894,91443,(3,9223372036854775807))
Edge(386171,301719,(3,9223372036854775807))
Edge(386204,472793,(3,9223372036854775807))
Edge(386268,480990,(1,9223372036854775807))
Edge(387059,64049,(3,9223372036854775807))
Edge(387257,473433,(1,9223372036854775807))
Edge(387410,265940,(1,9223372036854775807))
Edge(387440,186935,(3,9223372036854775807))
Edge(387535,37586,(1,9223372036854775807))
Edge(387579,98770,(1,9223372036854775807))
Edge(387643,233812,(3,9223372036854775807))
Edge(388112,166260,(3,9223372036854775807))
Edge(388576,456003,(3,9223372036854775807))
Edge(388731,82745,(3,9223372036854775807))
Edge(389048,475137,(3,9223372036854775807))
Edge(389082,1215,(3,9223372036854775807))
Edge(389125,252867,(3,9223372036854775807))
Edge(389367,438903,(4,9223372036854775807))
Edge(389547,74542,(3,9223372036854775807))
Edge(389722,235684,(1,3))
Edge(389821,175494,(3,9223372036854775807))
Edge(390787,351689,(3,9223372036854775807))
Edge(390889,350635,(3,9223372036854775807))
Edge(391287,59420,(3,9223372036854775807))
Edge(391311,397914,(3,9223372036854775807))
Edge(391574,427411,(1,9223372036854775807))
Edge(391923,443040,(1,3))
Edge(392095,42037,(3,9223372036854775807))
Edge(392409,449089,(1,3))
Edge(393042,143797,(1,3))
Edge(393203,115567,(3,9223372036854775807))
Edge(393275,118104,(3,9223372036854775807))
Edge(393364,194900,(3,9223372036854775807))
Edge(393439,312020,(3,9223372036854775807))
Edge(393482,118326,(3,9223372036854775807))
Edge(393511,318521,(3,9223372036854775807))
Edge(393588,491572,(3,9223372036854775807))
Edge(394559,218208,(3,9223372036854775807))
Edge(394696,178348,(3,9223372036854775807))
Edge(394751,195103,(3,9223372036854775807))
Edge(394889,239871,(1,9223372036854775807))
Edge(395666,95408,(3,9223372036854775807))
Edge(396263,25641,(3,9223372036854775807))
Edge(396514,117030,(3,9223372036854775807))
Edge(396578,486614,(3,9223372036854775807))
Edge(396681,312572,(3,9223372036854775807))
Edge(396812,320290,(1,3))
Edge(396913,290475,(3,9223372036854775807))
Edge(396914,375409,(3,9223372036854775807))
Edge(396977,472980,(3,9223372036854775807))
Edge(397668,330936,(1,9223372036854775807))
Edge(398225,22403,(3,9223372036854775807))
Edge(398702,265500,(3,9223372036854775807))
Edge(398834,193845,(3,9223372036854775807))
Edge(398857,430073,(3,9223372036854775807))
Edge(399125,20419,(3,9223372036854775807))
Edge(399276,150464,(3,9223372036854775807))
Edge(399431,33019,(3,9223372036854775807))
Edge(399431,416271,(3,9223372036854775807))
Edge(399853,400622,(3,9223372036854775807))
Edge(399937,421342,(3,9223372036854775807))
Edge(400507,361733,(3,9223372036854775807))
Edge(400644,257214,(3,9223372036854775807))
Edge(400700,142850,(3,9223372036854775807))
Edge(400701,272567,(1,9223372036854775807))
Edge(400919,271801,(3,9223372036854775807))
Edge(401036,358571,(1,3))
Edge(401187,473563,(3,9223372036854775807))
Edge(401367,462765,(3,9223372036854775807))
Edge(401511,43550,(3,9223372036854775807))
Edge(401668,360105,(3,9223372036854775807))
Edge(401935,289238,(3,9223372036854775807))
Edge(401956,139687,(3,9223372036854775807))
Edge(402884,468062,(3,9223372036854775807))
Edge(402958,428728,(3,9223372036854775807))
Edge(403214,375709,(3,9223372036854775807))
Edge(403876,87454,(1,3))
Edge(404136,277788,(3,9223372036854775807))
Edge(404637,174010,(3,9223372036854775807))
Edge(405143,157655,(3,9223372036854775807))
Edge(405154,491659,(3,9223372036854775807))
Edge(405668,466706,(3,9223372036854775807))
Edge(405703,463157,(3,9223372036854775807))
Edge(405996,420702,(1,9223372036854775807))
Edge(406015,15528,(3,9223372036854775807))
Edge(406183,40506,(3,9223372036854775807))
Edge(406961,207774,(4,9223372036854775807))
Edge(406963,227392,(3,9223372036854775807))
Edge(407003,314454,(3,9223372036854775807))
Edge(407112,206104,(3,9223372036854775807))
Edge(407198,200659,(3,9223372036854775807))
Edge(407468,402086,(3,9223372036854775807))
Edge(407668,68537,(3,9223372036854775807))
Edge(407838,172188,(3,9223372036854775807))
Edge(408085,279978,(3,9223372036854775807))
Edge(408484,135074,(3,9223372036854775807))
Edge(408642,386659,(3,9223372036854775807))
Edge(408785,214363,(3,9223372036854775807))
Edge(408822,198100,(3,9223372036854775807))
Edge(409597,126548,(1,9223372036854775807))
Edge(410038,9482,(3,9223372036854775807))
Edge(410380,318671,(3,9223372036854775807))
Edge(410579,373215,(3,9223372036854775807))
Edge(411803,192377,(3,9223372036854775807))
Edge(412204,336668,(3,9223372036854775807))
Edge(413592,32652,(3,9223372036854775807))
Edge(413963,454947,(3,9223372036854775807))
Edge(414185,27250,(3,9223372036854775807))
Edge(414448,142314,(3,9223372036854775807))
Edge(414714,362915,(1,9223372036854775807))
Edge(414878,75769,(1,3))
Edge(415130,158000,(3,9223372036854775807))
Edge(415155,371700,(1,9223372036854775807))
Edge(415210,338535,(3,9223372036854775807))
Edge(415424,410465,(3,9223372036854775807))
Edge(415821,69409,(1,9223372036854775807))
Edge(416052,58878,(1,9223372036854775807))
Edge(416383,72471,(3,9223372036854775807))
Edge(416527,399462,(1,9223372036854775807))
Edge(416922,331682,(3,9223372036854775807))
Edge(417232,248038,(3,9223372036854775807))
Edge(417530,143816,(1,9223372036854775807))
Edge(417551,61561,(3,9223372036854775807))
Edge(417708,471219,(3,9223372036854775807))
Edge(418121,213328,(1,3))
Edge(418372,483134,(3,9223372036854775807))
Edge(419077,170601,(3,9223372036854775807))
Edge(419189,396431,(3,9223372036854775807))
Edge(419275,93407,(3,9223372036854775807))
Edge(419461,494440,(3,9223372036854775807))
Edge(419651,441922,(3,9223372036854775807))
Edge(419713,458644,(3,9223372036854775807))
Edge(419980,426689,(3,9223372036854775807))
Edge(420064,82221,(3,9223372036854775807))
Edge(420083,206900,(3,9223372036854775807))
Edge(420381,467334,(1,9223372036854775807))
Edge(420454,105357,(3,9223372036854775807))
Edge(420498,6177,(3,9223372036854775807))
Edge(420779,262279,(3,9223372036854775807))
Edge(421029,187520,(3,9223372036854775807))
Edge(421094,358305,(3,9223372036854775807))
Edge(422561,296033,(3,9223372036854775807))
Edge(422744,304027,(1,9223372036854775807))
Edge(422745,185109,(1,3))
Edge(422878,466989,(3,9223372036854775807))
Edge(423051,3939,(3,9223372036854775807))
Edge(423289,276392,(3,9223372036854775807))
Edge(423380,247211,(3,9223372036854775807))
Edge(424288,483613,(1,9223372036854775807))
Edge(424414,322764,(1,3))
Edge(425459,119697,(3,9223372036854775807))
Edge(425613,29920,(3,9223372036854775807))
Edge(425941,292843,(3,9223372036854775807))
Edge(425962,222636,(3,9223372036854775807))
Edge(426229,274099,(3,9223372036854775807))
Edge(426514,127863,(3,9223372036854775807))
Edge(426750,341011,(3,9223372036854775807))
Edge(427252,75310,(3,9223372036854775807))
Edge(427364,452490,(3,9223372036854775807))
Edge(427749,390263,(3,9223372036854775807))
Edge(428133,429051,(3,9223372036854775807))
Edge(428612,100418,(3,9223372036854775807))
Edge(428850,499590,(3,9223372036854775807))
Edge(429308,83832,(1,9223372036854775807))
Edge(429403,32624,(1,9223372036854775807))
Edge(429473,17492,(3,9223372036854775807))
Edge(429720,99522,(1,9223372036854775807))
Edge(429883,230380,(3,9223372036854775807))
Edge(430128,179995,(3,9223372036854775807))
Edge(430151,131542,(3,9223372036854775807))
Edge(430741,185146,(3,9223372036854775807))
Edge(431078,58319,(3,9223372036854775807))
Edge(431244,321177,(3,9223372036854775807))
Edge(431408,430401,(1,3))
Edge(431810,456932,(1,9223372036854775807))
Edge(431842,412425,(1,9223372036854775807))
Edge(432469,430683,(3,9223372036854775807))
Edge(432651,454203,(3,9223372036854775807))
Edge(433473,211797,(3,9223372036854775807))
Edge(433622,361376,(4,9223372036854775807))
Edge(433629,30603,(3,9223372036854775807))
Edge(433680,404579,(3,9223372036854775807))
Edge(433928,413619,(3,9223372036854775807))
Edge(434399,253129,(3,9223372036854775807))
Edge(435399,395429,(3,9223372036854775807))
Edge(436195,253237,(3,9223372036854775807))
Edge(436243,419678,(1,3))
Edge(436733,392622,(2,3))
Edge(437624,83576,(3,9223372036854775807))
Edge(438265,185685,(3,9223372036854775807))
Edge(438305,182097,(3,9223372036854775807))
Edge(438635,492222,(1,9223372036854775807))
Edge(438729,129550,(3,9223372036854775807))
Edge(438848,222833,(3,9223372036854775807))
Edge(438866,362543,(3,9223372036854775807))
Edge(438895,4364,(3,9223372036854775807))
Edge(439064,86468,(1,9223372036854775807))
Edge(439086,479796,(1,9223372036854775807))
Edge(439217,377954,(3,9223372036854775807))
Edge(439365,304971,(3,9223372036854775807))
Edge(439979,309885,(3,9223372036854775807))
Edge(440053,385083,(4,9223372036854775807))
Edge(440072,274920,(3,9223372036854775807))
Edge(440215,197933,(3,9223372036854775807))
Edge(440347,388287,(3,9223372036854775807))
Edge(440515,216628,(3,9223372036854775807))
Edge(440637,300932,(3,9223372036854775807))
Edge(440697,250304,(3,9223372036854775807))
Edge(441081,224146,(3,9223372036854775807))
Edge(441120,318561,(3,9223372036854775807))
Edge(441467,230016,(3,9223372036854775807))
Edge(441704,69324,(3,9223372036854775807))
Edge(441909,291537,(3,9223372036854775807))
Edge(442158,381829,(1,9223372036854775807))
Edge(442481,498648,(1,9223372036854775807))
Edge(442908,143038,(3,9223372036854775807))
Edge(443747,89413,(1,9223372036854775807))
Edge(443894,376391,(3,9223372036854775807))
Edge(444036,135143,(3,9223372036854775807))
Edge(444355,230118,(3,9223372036854775807))
Edge(444406,459,(3,9223372036854775807))
Edge(444547,467354,(3,9223372036854775807))
Edge(444652,402715,(3,9223372036854775807))
Edge(444706,286107,(3,9223372036854775807))
Edge(445193,334571,(3,9223372036854775807))
Edge(445271,335849,(3,9223372036854775807))
Edge(445380,426693,(3,9223372036854775807))
Edge(445775,252285,(3,9223372036854775807))
Edge(446184,208808,(3,9223372036854775807))
Edge(446217,234584,(3,9223372036854775807))
Edge(446632,34034,(1,9223372036854775807))
Edge(446764,286261,(3,9223372036854775807))
Edge(447395,26332,(3,9223372036854775807))
Edge(447879,404623,(3,9223372036854775807))
Edge(448403,466073,(3,9223372036854775807))
Edge(448460,406774,(1,9223372036854775807))
Edge(448576,449593,(1,3))
Edge(448706,326844,(3,9223372036854775807))
Edge(449498,271128,(3,9223372036854775807))
Edge(449649,400335,(1,9223372036854775807))
Edge(449681,277451,(3,9223372036854775807))
Edge(449825,183538,(1,3))
Edge(450121,325038,(3,9223372036854775807))
Edge(450475,423404,(3,9223372036854775807))
Edge(450769,448477,(3,9223372036854775807))
Edge(451018,14284,(3,9223372036854775807))
Edge(451687,489852,(3,9223372036854775807))
Edge(451947,332832,(3,9223372036854775807))
Edge(452461,34433,(3,9223372036854775807))
Edge(452809,137881,(3,4))
Edge(452809,425014,(3,9223372036854775807))
Edge(453090,362796,(3,9223372036854775807))
Edge(453396,69343,(3,9223372036854775807))
Edge(453449,335713,(1,3))
Edge(453539,53484,(3,9223372036854775807))
Edge(453630,376236,(3,9223372036854775807))
Edge(453634,103986,(1,3))
Edge(453682,382108,(3,9223372036854775807))
Edge(454002,91676,(3,9223372036854775807))
Edge(454025,141109,(3,9223372036854775807))
Edge(454202,157177,(1,3))
Edge(454568,123660,(3,9223372036854775807))
Edge(454639,497868,(3,9223372036854775807))
Edge(455945,305547,(3,9223372036854775807))
Edge(455979,69330,(3,9223372036854775807))
Edge(456194,357933,(3,9223372036854775807))
Edge(456604,212429,(3,9223372036854775807))
Edge(456749,421397,(3,9223372036854775807))
Edge(456750,317654,(1,3))
Edge(456847,342861,(3,9223372036854775807))
Edge(457077,399886,(3,9223372036854775807))
Edge(457225,63624,(3,9223372036854775807))
Edge(457835,317288,(3,9223372036854775807))
Edge(457837,102602,(3,9223372036854775807))
Edge(458113,396162,(3,9223372036854775807))
Edge(458436,470167,(3,9223372036854775807))
Edge(458542,413919,(3,9223372036854775807))
Edge(458768,131791,(3,9223372036854775807))
Edge(458994,81760,(3,9223372036854775807))
Edge(459984,180977,(3,9223372036854775807))
Edge(460112,117361,(1,3))
Edge(460187,178666,(3,9223372036854775807))
Edge(460368,400801,(3,9223372036854775807))
Edge(460396,299313,(3,9223372036854775807))
Edge(460519,354721,(3,9223372036854775807))
Edge(461056,340392,(3,9223372036854775807))
Edge(461188,307051,(1,9223372036854775807))
Edge(461528,400154,(3,9223372036854775807))
Edge(461684,51933,(1,9223372036854775807))
Edge(461722,343569,(3,9223372036854775807))
Edge(461966,413292,(3,9223372036854775807))
Edge(462069,10999,(3,9223372036854775807))
Edge(463180,34860,(3,9223372036854775807))
Edge(463549,137437,(1,9223372036854775807))
Edge(463973,68615,(3,9223372036854775807))
Edge(464796,431631,(1,3))
Edge(464948,473467,(3,9223372036854775807))
Edge(465234,636,(3,9223372036854775807))
Edge(465240,394959,(1,9223372036854775807))
Edge(465545,47961,(3,9223372036854775807))
Edge(465556,452480,(3,9223372036854775807))
Edge(465643,309131,(4,9223372036854775807))
Edge(465707,335727,(3,9223372036854775807))
Edge(465952,418645,(3,9223372036854775807))
Edge(466381,88738,(1,3))
Edge(466938,206732,(3,9223372036854775807))
Edge(467083,219393,(1,9223372036854775807))
Edge(467127,345462,(3,9223372036854775807))
Edge(467206,460770,(3,9223372036854775807))
Edge(467977,443360,(3,9223372036854775807))
Edge(468083,325424,(3,9223372036854775807))
Edge(468525,423077,(3,9223372036854775807))
Edge(468911,244605,(3,9223372036854775807))
Edge(468920,84286,(3,9223372036854775807))
Edge(469190,247929,(3,9223372036854775807))
Edge(469207,196759,(3,9223372036854775807))
Edge(469324,397269,(3,9223372036854775807))
Edge(469760,76026,(1,9223372036854775807))
Edge(470056,97109,(3,9223372036854775807))
Edge(470215,298820,(3,9223372036854775807))
Edge(470234,355517,(1,9223372036854775807))
Edge(470425,121293,(3,9223372036854775807))
Edge(470674,222347,(3,9223372036854775807))
Edge(470824,87201,(3,9223372036854775807))
Edge(470964,138515,(1,9223372036854775807))
Edge(471097,334347,(3,9223372036854775807))
Edge(472386,100336,(3,9223372036854775807))
Edge(473083,161714,(1,3))
Edge(473609,306896,(3,9223372036854775807))
Edge(473938,403861,(1,9223372036854775807))
Edge(473968,217022,(3,9223372036854775807))
Edge(474058,160548,(3,9223372036854775807))
Edge(475000,164122,(3,9223372036854775807))
Edge(475141,271407,(3,9223372036854775807))
Edge(475156,102266,(3,9223372036854775807))
Edge(475393,247345,(3,9223372036854775807))
Edge(475534,21343,(3,9223372036854775807))
Edge(475557,335799,(3,9223372036854775807))
Edge(475912,176892,(3,9223372036854775807))
Edge(476916,267862,(3,9223372036854775807))
Edge(477941,123214,(3,9223372036854775807))
Edge(477979,284769,(3,9223372036854775807))
Edge(478085,240039,(1,9223372036854775807))
Edge(478969,258873,(1,9223372036854775807))
Edge(479071,95614,(3,9223372036854775807))
Edge(479971,63678,(3,9223372036854775807))
Edge(480198,110068,(3,9223372036854775807))
Edge(480229,283523,(3,9223372036854775807))
Edge(480264,60133,(3,9223372036854775807))
Edge(480962,303148,(3,9223372036854775807))
Edge(481266,180772,(1,9223372036854775807))
Edge(481377,306457,(3,9223372036854775807))
Edge(481780,297875,(3,9223372036854775807))
Edge(481814,7645,(3,9223372036854775807))
Edge(482962,423428,(3,9223372036854775807))
Edge(483214,154754,(3,9223372036854775807))
Edge(484267,166556,(1,3))
Edge(484349,470112,(3,9223372036854775807))
Edge(484489,359916,(3,9223372036854775807))
Edge(484589,245523,(3,9223372036854775807))
Edge(484982,342044,(1,9223372036854775807))
Edge(485296,489470,(3,9223372036854775807))
Edge(485383,239787,(3,9223372036854775807))
Edge(485655,257409,(3,9223372036854775807))
Edge(485723,323732,(3,9223372036854775807))
Edge(485878,258566,(3,9223372036854775807))
Edge(486149,499897,(3,9223372036854775807))
Edge(486428,2715,(3,9223372036854775807))
Edge(486788,325942,(3,9223372036854775807))
Edge(486895,21387,(3,9223372036854775807))
Edge(487006,443148,(3,9223372036854775807))
Edge(487279,249207,(3,9223372036854775807))
Edge(487776,167461,(3,9223372036854775807))
Edge(487864,471158,(3,9223372036854775807))
Edge(488476,293224,(3,9223372036854775807))
Edge(488622,150839,(1,9223372036854775807))
Edge(488878,461608,(3,9223372036854775807))
Edge(489017,458467,(3,9223372036854775807))
Edge(489393,24864,(1,3))
Edge(489482,207064,(3,9223372036854775807))
Edge(489490,121857,(1,9223372036854775807))
Edge(489490,287051,(3,9223372036854775807))
Edge(489804,443462,(3,9223372036854775807))
Edge(490424,165635,(3,9223372036854775807))
Edge(490837,404615,(3,9223372036854775807))
Edge(491143,220169,(1,9223372036854775807))
Edge(491162,398358,(3,9223372036854775807))
Edge(491531,273585,(3,9223372036854775807))
Edge(491552,443499,(3,9223372036854775807))
Edge(492141,141449,(3,9223372036854775807))
Edge(492156,361955,(3,9223372036854775807))
Edge(492187,126151,(3,9223372036854775807))
Edge(492350,74407,(1,3))
Edge(492641,139452,(3,9223372036854775807))
Edge(492917,211255,(1,9223372036854775807))
Edge(492927,136189,(3,9223372036854775807))
Edge(492974,147448,(3,9223372036854775807))
Edge(493003,410657,(3,9223372036854775807))
Edge(493485,188870,(3,9223372036854775807))
Edge(493982,221284,(3,9223372036854775807))
Edge(494188,391121,(3,9223372036854775807))
Edge(494805,21930,(3,9223372036854775807))
Edge(495369,375821,(3,9223372036854775807))
Edge(495655,471591,(3,9223372036854775807))
Edge(495827,216681,(1,9223372036854775807))
Edge(495873,217091,(3,9223372036854775807))
Edge(496394,47354,(3,9223372036854775807))
Edge(496623,241575,(3,9223372036854775807))
Edge(496626,190640,(3,9223372036854775807))
Edge(496731,188637,(3,9223372036854775807))
Edge(497077,98922,(3,9223372036854775807))
Edge(497263,340000,(3,9223372036854775807))
Edge(498024,149819,(3,9223372036854775807))
Edge(498417,240283,(3,9223372036854775807))
Edge(498983,166126,(3,9223372036854775807))
Edge(499152,12977,(3,9223372036854775807))
Edge(499830,9081,(1,9223372036854775807))
