Edge(153,6087,(3,9223372036854775807))
Edge(280,415873,(3,9223372036854775807))
Edge(377,190373,(3,9223372036854775807))
Edge(404,260030,(3,9223372036854775807))
Edge(1315,254368,(3,9223372036854775807))
Edge(1564,458505,(3,9223372036854775807))
Edge(2779,171820,(3,9223372036854775807))
Edge(2896,129580,(3,9223372036854775807))
Edge(3523,215604,(1,9223372036854775807))
Edge(3549,279543,(3,9223372036854775807))
Edge(3599,223604,(3,9223372036854775807))
Edge(3777,476012,(3,9223372036854775807))
Edge(4242,103814,(3,9223372036854775807))
Edge(4576,366676,(3,9223372036854775807))
Edge(4578,242563,(3,9223372036854775807))
Edge(4730,101466,(3,9223372036854775807))
Edge(4854,87311,(3,9223372036854775807))
Edge(4868,181597,(3,9223372036854775807))
Edge(5006,471905,(1,9223372036854775807))
Edge(5130,286688,(3,9223372036854775807))
Edge(5205,466369,(3,9223372036854775807))
Edge(5311,118003,(3,9223372036854775807))
Edge(6827,457078,(1,3))
Edge(6944,187572,(3,9223372036854775807))
Edge(7299,425034,(3,9223372036854775807))
Edge(7350,217363,(1,9223372036854775807))
Edge(7801,135502,(1,9223372036854775807))
Edge(8066,411103,(1,3))
Edge(8248,272663,(1,9223372036854775807))
Edge(8367,80356,(1,9223372036854775807))
Edge(8423,474274,(3,9223372036854775807))
Edge(8508,182373,(3,9223372036854775807))
Edge(8583,29537,(3,9223372036854775807))
Edge(8808,386176,(3,9223372036854775807))
Edge(8953,400299,(3,9223372036854775807))
Edge(9108,86349,(1,3))
Edge(9619,476539,(3,9223372036854775807))
Edge(10370,319258,(3,9223372036854775807))
Edge(10419,184732,(1,9223372036854775807))
Edge(10458,84784,(4,9223372036854775807))
Edge(10579,322063,(3,9223372036854775807))
Edge(10882,498284,(3,9223372036854775807))
Edge(11090,109776,(3,9223372036854775807))
Edge(11770,407825,(3,9223372036854775807))
Edge(11783,41328,(3,9223372036854775807))
Edge(11918,190691,(3,9223372036854775807))
Edge(12291,145538,(3,9223372036854775807))
Edge(12483,247889,(1,9223372036854775807))
Edge(12500,410146,(3,9223372036854775807))
Edge(12652,329100,(3,9223372036854775807))
Edge(12845,483906,(3,9223372036854775807))
Edge(13027,298724,(3,9223372036854775807))
Edge(13220,51468,(1,9223372036854775807))
Edge(13563,77859,(3,9223372036854775807))
Edge(13749,92757,(3,9223372036854775807))
Edge(14087,220629,(3,9223372036854775807))
Edge(14506,478680,(3,9223372036854775807))
Edge(14596,224703,(1,9223372036854775807))
Edge(14611,355658,(3,9223372036854775807))
Edge(15032,201026,(1,3))
Edge(15111,313962,(1,9223372036854775807))
Edge(15141,490940,(1,3))
Edge(15444,114052,(3,9223372036854775807))
Edge(15702,298046,(3,9223372036854775807))
Edge(16007,121612,(3,9223372036854775807))
Edge(16349,240175,(3,9223372036854775807))
Edge(16405,430246,(3,9223372036854775807))
Edge(16579,475342,(1,9223372036854775807))
Edge(16617,103288,(3,9223372036854775807))
Edge(16955,307747,(3,9223372036854775807))
Edge(17187,51784,(1,3))
Edge(17339,477601,(1,9223372036854775807))
Edge(17371,205465,(3,9223372036854775807))
Edge(17874,391927,(3,9223372036854775807))
Edge(17943,93636,(3,9223372036854775807))
Edge(18106,203422,(3,9223372036854775807))
Edge(18158,418676,(3,9223372036854775807))
Edge(18872,358906,(3,9223372036854775807))
Edge(19750,115606,(3,9223372036854775807))
Edge(19783,68906,(3,9223372036854775807))
Edge(19866,42459,(3,9223372036854775807))
Edge(20226,388541,(3,9223372036854775807))
Edge(20887,338826,(3,9223372036854775807))
Edge(20890,94994,(1,9223372036854775807))
Edge(21399,469844,(3,9223372036854775807))
Edge(21884,323631,(3,9223372036854775807))
Edge(22008,432312,(3,9223372036854775807))
Edge(22149,60453,(3,9223372036854775807))
Edge(22478,23594,(3,9223372036854775807))
Edge(23097,341535,(1,9223372036854775807))
Edge(23275,241021,(3,9223372036854775807))
Edge(23506,218794,(1,9223372036854775807))
Edge(23700,194576,(3,9223372036854775807))
Edge(24494,216125,(3,9223372036854775807))
Edge(24546,304661,(3,9223372036854775807))
Edge(25369,272319,(3,9223372036854775807))
Edge(25378,431356,(3,9223372036854775807))
Edge(25469,39685,(3,9223372036854775807))
Edge(25508,400587,(3,9223372036854775807))
Edge(25599,237975,(3,9223372036854775807))
Edge(25926,464578,(3,9223372036854775807))
Edge(26456,209633,(3,9223372036854775807))
Edge(26659,22862,(3,9223372036854775807))
Edge(26779,304111,(3,9223372036854775807))
Edge(27258,486899,(3,9223372036854775807))
Edge(27273,168173,(3,9223372036854775807))
Edge(27612,83661,(3,9223372036854775807))
Edge(27623,61597,(3,9223372036854775807))
Edge(27972,182606,(1,3))
Edge(28052,121759,(3,9223372036854775807))
Edge(28305,283060,(1,3))
Edge(29375,497318,(3,9223372036854775807))
Edge(29594,188853,(3,9223372036854775807))
Edge(29908,173967,(3,9223372036854775807))
Edge(30131,213751,(3,9223372036854775807))
Edge(30170,186590,(3,9223372036854775807))
Edge(30593,64090,(3,9223372036854775807))
Edge(31591,441257,(3,9223372036854775807))
Edge(32443,191849,(1,9223372036854775807))
Edge(32480,477030,(1,9223372036854775807))
Edge(32940,269167,(3,9223372036854775807))
Edge(33024,128807,(1,9223372036854775807))
Edge(33099,106946,(3,9223372036854775807))
Edge(33460,24753,(3,9223372036854775807))
Edge(33511,139014,(3,9223372036854775807))
Edge(33943,44471,(1,3))
Edge(34854,189920,(3,9223372036854775807))
Edge(35232,151477,(3,9223372036854775807))
Edge(35768,114235,(1,9223372036854775807))
Edge(35911,492812,(3,9223372036854775807))
Edge(35947,413755,(3,9223372036854775807))
Edge(37789,12463,(3,9223372036854775807))
Edge(37849,290428,(1,9223372036854775807))
Edge(38299,426150,(3,9223372036854775807))
Edge(38357,440336,(3,9223372036854775807))
Edge(38448,277652,(3,9223372036854775807))
Edge(38654,457971,(3,9223372036854775807))
Edge(39066,98241,(3,9223372036854775807))
Edge(39145,426990,(3,9223372036854775807))
Edge(39614,12195,(1,9223372036854775807))
Edge(40045,292583,(3,9223372036854775807))
Edge(40351,259435,(1,9223372036854775807))
Edge(40391,184085,(1,3))
Edge(40789,413333,(3,9223372036854775807))
Edge(41146,245227,(3,9223372036854775807))
Edge(41643,497739,(3,9223372036854775807))
Edge(41802,441984,(3,9223372036854775807))
Edge(41939,427081,(1,9223372036854775807))
Edge(42144,419781,(3,9223372036854775807))
Edge(42569,439158,(1,9223372036854775807))
Edge(42588,53870,(3,9223372036854775807))
Edge(42600,227433,(3,9223372036854775807))
Edge(42926,132082,(1,9223372036854775807))
Edge(42997,471962,(3,9223372036854775807))
Edge(43100,254281,(3,9223372036854775807))
Edge(43423,216312,(3,9223372036854775807))
Edge(43468,451407,(3,9223372036854775807))
Edge(43480,466780,(3,9223372036854775807))
Edge(43742,75244,(3,9223372036854775807))
Edge(44100,367829,(3,9223372036854775807))
Edge(44101,222761,(3,9223372036854775807))
Edge(44281,223205,(4,9223372036854775807))
Edge(44488,378629,(3,9223372036854775807))
Edge(45693,387548,(1,9223372036854775807))
Edge(45958,357920,(3,9223372036854775807))
Edge(45985,17645,(3,9223372036854775807))
Edge(46268,220614,(1,9223372036854775807))
Edge(46272,394493,(3,9223372036854775807))
Edge(46332,85205,(1,9223372036854775807))
Edge(46490,310295,(3,9223372036854775807))
Edge(46674,228365,(3,9223372036854775807))
Edge(46871,249643,(3,9223372036854775807))
Edge(47019,10240,(3,9223372036854775807))
Edge(47361,60813,(3,9223372036854775807))
Edge(47791,393017,(1,9223372036854775807))
Edge(48042,165119,(3,9223372036854775807))
Edge(48601,115416,(1,9223372036854775807))
Edge(48698,273340,(3,9223372036854775807))
Edge(48857,330643,(3,9223372036854775807))
Edge(48888,348274,(3,9223372036854775807))
Edge(48949,288950,(3,9223372036854775807))
Edge(49030,138832,(3,9223372036854775807))
Edge(49553,300346,(3,9223372036854775807))
Edge(49728,326987,(3,9223372036854775807))
Edge(49939,448947,(3,9223372036854775807))
Edge(50062,405886,(3,9223372036854775807))
Edge(50192,341592,(3,9223372036854775807))
Edge(50547,126302,(3,9223372036854775807))
Edge(50759,321474,(3,9223372036854775807))
Edge(51418,408138,(3,9223372036854775807))
Edge(51442,410997,(3,9223372036854775807))
Edge(51737,494150,(1,3))
Edge(51963,381228,(1,9223372036854775807))
Edge(52605,340129,(3,9223372036854775807))
Edge(53060,341361,(3,9223372036854775807))
Edge(53331,336357,(3,9223372036854775807))
Edge(53370,353544,(3,9223372036854775807))
Edge(53440,490831,(1,9223372036854775807))
Edge(53541,343117,(3,9223372036854775807))
Edge(54250,82505,(3,9223372036854775807))
Edge(54313,9383,(3,9223372036854775807))
Edge(54349,208399,(3,9223372036854775807))
Edge(54538,159600,(1,9223372036854775807))
Edge(54549,74723,(3,9223372036854775807))
Edge(54730,143080,(1,3))
Edge(54734,189077,(3,9223372036854775807))
Edge(56034,482904,(3,9223372036854775807))
Edge(56213,140141,(3,9223372036854775807))
Edge(56695,313536,(3,9223372036854775807))
Edge(56732,111825,(3,9223372036854775807))
Edge(56924,69352,(3,9223372036854775807))
Edge(57208,434705,(3,9223372036854775807))
Edge(57437,173205,(3,9223372036854775807))
Edge(58020,379000,(3,9223372036854775807))
Edge(58268,213305,(3,9223372036854775807))
Edge(58377,203611,(3,9223372036854775807))
Edge(58720,333880,(3,9223372036854775807))
Edge(58747,274708,(1,9223372036854775807))
Edge(59701,92596,(3,9223372036854775807))
Edge(59731,383962,(3,9223372036854775807))
Edge(59853,144088,(3,9223372036854775807))
Edge(59916,216550,(3,9223372036854775807))
Edge(60049,378304,(3,9223372036854775807))
Edge(60940,168151,(1,3))
Edge(61194,22871,(3,9223372036854775807))
Edge(61587,130236,(3,9223372036854775807))
Edge(62062,281000,(1,9223372036854775807))
Edge(62189,365173,(3,9223372036854775807))
Edge(62542,68846,(3,9223372036854775807))
Edge(62686,419150,(3,9223372036854775807))
Edge(62777,267235,(3,9223372036854775807))
Edge(63120,378605,(3,9223372036854775807))
Edge(63347,355283,(3,9223372036854775807))
Edge(63422,489002,(3,9223372036854775807))
Edge(63447,354000,(3,9223372036854775807))
Edge(63628,214987,(1,3))
Edge(63766,465008,(3,9223372036854775807))
Edge(63786,266533,(3,9223372036854775807))
Edge(64878,288243,(1,9223372036854775807))
Edge(65021,79299,(4,9223372036854775807))
Edge(65094,492039,(3,9223372036854775807))
Edge(65329,47575,(3,9223372036854775807))
Edge(65521,105630,(3,9223372036854775807))
Edge(65850,303982,(1,9223372036854775807))
Edge(66074,62170,(3,9223372036854775807))
Edge(66140,2044,(3,9223372036854775807))
Edge(66288,325406,(3,9223372036854775807))
Edge(66363,398362,(3,9223372036854775807))
Edge(66387,4658,(1,9223372036854775807))
Edge(66418,135192,(1,9223372036854775807))
Edge(66782,43122,(1,9223372036854775807))
Edge(67014,201603,(3,9223372036854775807))
Edge(67133,131737,(3,9223372036854775807))
Edge(67564,422253,(3,9223372036854775807))
Edge(67888,93612,(3,9223372036854775807))
Edge(68025,114002,(1,9223372036854775807))
Edge(68274,306736,(1,9223372036854775807))
Edge(68399,104162,(3,9223372036854775807))
Edge(68438,191124,(3,9223372036854775807))
Edge(68458,443291,(3,9223372036854775807))
Edge(68512,89036,(3,9223372036854775807))
Edge(68761,447773,(3,9223372036854775807))
Edge(69350,301804,(3,9223372036854775807))
Edge(69481,24700,(3,9223372036854775807))
Edge(69749,252631,(3,9223372036854775807))
Edge(69751,106947,(3,9223372036854775807))
Edge(69954,108330,(3,9223372036854775807))
Edge(70104,76330,(3,9223372036854775807))
Edge(70830,28094,(3,9223372036854775807))
Edge(70834,192329,(3,9223372036854775807))
Edge(71413,467410,(3,9223372036854775807))
Edge(71741,38468,(3,9223372036854775807))
Edge(71842,169328,(3,9223372036854775807))
Edge(71931,308533,(3,9223372036854775807))
Edge(71953,88994,(3,9223372036854775807))
Edge(72090,115418,(3,9223372036854775807))
Edge(72289,7659,(3,9223372036854775807))
Edge(72393,283839,(3,9223372036854775807))
Edge(72415,446470,(3,9223372036854775807))
Edge(72451,402429,(1,9223372036854775807))
Edge(72742,8853,(3,9223372036854775807))
Edge(73077,467232,(1,9223372036854775807))
Edge(73218,400591,(3,9223372036854775807))
Edge(73544,432043,(3,9223372036854775807))
Edge(73660,94050,(3,9223372036854775807))
Edge(73789,309858,(3,9223372036854775807))
Edge(74322,282593,(1,3))
Edge(74618,213024,(3,9223372036854775807))
Edge(75897,9867,(3,9223372036854775807))
Edge(76147,113894,(3,9223372036854775807))
Edge(76755,258922,(3,9223372036854775807))
Edge(76838,82617,(1,3))
Edge(76958,225658,(3,9223372036854775807))
Edge(77118,198024,(1,9223372036854775807))
Edge(77478,464083,(3,9223372036854775807))
Edge(77899,127821,(1,9223372036854775807))
Edge(78123,62829,(3,9223372036854775807))
Edge(78267,422566,(3,9223372036854775807))
Edge(78561,44393,(3,9223372036854775807))
Edge(79016,418871,(3,9223372036854775807))
Edge(79266,307058,(3,9223372036854775807))
Edge(79379,49759,(3,9223372036854775807))
Edge(79614,104195,(3,9223372036854775807))
Edge(79885,90676,(3,9223372036854775807))
Edge(81745,156216,(3,9223372036854775807))
Edge(82003,280512,(3,9223372036854775807))
Edge(82395,174983,(3,9223372036854775807))
Edge(82686,435153,(3,9223372036854775807))
Edge(83306,205167,(3,9223372036854775807))
Edge(83399,189155,(3,9223372036854775807))
Edge(83603,74037,(3,9223372036854775807))
Edge(83638,9738,(3,9223372036854775807))
Edge(83919,324596,(1,3))
Edge(84570,223193,(3,9223372036854775807))
Edge(84824,473746,(3,9223372036854775807))
Edge(84925,243448,(3,9223372036854775807))
Edge(85081,179025,(3,9223372036854775807))
Edge(85401,50287,(1,9223372036854775807))
Edge(85839,151378,(3,9223372036854775807))
Edge(86061,81252,(1,9223372036854775807))
Edge(86099,437502,(1,9223372036854775807))
Edge(86190,481213,(3,9223372036854775807))
Edge(86662,401217,(1,3))
Edge(86663,369124,(2,3))
Edge(86792,158320,(3,9223372036854775807))
Edge(87112,93650,(3,9223372036854775807))
Edge(87193,345331,(3,9223372036854775807))
Edge(87207,367079,(3,9223372036854775807))
Edge(87798,152511,(3,9223372036854775807))
Edge(87933,147529,(3,9223372036854775807))
Edge(88002,423111,(3,9223372036854775807))
Edge(88035,194377,(1,3))
Edge(88496,172096,(3,9223372036854775807))
Edge(88750,372053,(3,9223372036854775807))
Edge(88776,124797,(3,9223372036854775807))
Edge(88895,155768,(3,9223372036854775807))
Edge(89005,257723,(1,3))
Edge(89182,450800,(3,9223372036854775807))
Edge(90469,355770,(3,9223372036854775807))
Edge(91274,374665,(1,9223372036854775807))
Edge(91321,277026,(1,3))
Edge(91424,5478,(3,9223372036854775807))
Edge(91453,198329,(3,9223372036854775807))
Edge(91880,330956,(3,9223372036854775807))
Edge(92072,474929,(1,9223372036854775807))
Edge(92630,28339,(3,9223372036854775807))
Edge(92690,299691,(3,9223372036854775807))
Edge(93229,418272,(1,9223372036854775807))
Edge(93376,329185,(3,9223372036854775807))
Edge(94594,83024,(3,9223372036854775807))
Edge(94598,468093,(3,9223372036854775807))
Edge(94617,32394,(3,9223372036854775807))
Edge(95344,316926,(3,9223372036854775807))
Edge(95510,359333,(3,9223372036854775807))
Edge(95607,326600,(1,9223372036854775807))
Edge(95704,22428,(3,9223372036854775807))
Edge(95720,21857,(3,9223372036854775807))
Edge(95730,155763,(3,9223372036854775807))
Edge(95822,232425,(3,9223372036854775807))
Edge(96247,191487,(1,9223372036854775807))
Edge(96521,450502,(3,9223372036854775807))
Edge(97094,121718,(1,9223372036854775807))
Edge(98024,435400,(3,9223372036854775807))
Edge(98731,381999,(3,9223372036854775807))
Edge(98973,332115,(3,9223372036854775807))
Edge(99211,11916,(3,9223372036854775807))
Edge(99477,229712,(3,9223372036854775807))
Edge(99516,423309,(3,9223372036854775807))
Edge(99548,397422,(3,9223372036854775807))
Edge(99725,145985,(3,9223372036854775807))
Edge(100091,362625,(3,9223372036854775807))
Edge(100124,330217,(3,9223372036854775807))
Edge(100410,175476,(3,9223372036854775807))
Edge(101269,53783,(3,9223372036854775807))
Edge(101346,119839,(3,9223372036854775807))
Edge(102137,479835,(3,9223372036854775807))
Edge(102914,264039,(1,9223372036854775807))
Edge(102975,382557,(3,9223372036854775807))
Edge(103139,263618,(3,9223372036854775807))
Edge(103187,469800,(3,9223372036854775807))
Edge(103595,123586,(3,9223372036854775807))
Edge(104287,239655,(3,9223372036854775807))
Edge(104515,63977,(1,3))
Edge(104672,315371,(1,3))
Edge(104952,451787,(3,9223372036854775807))
Edge(105348,369285,(3,9223372036854775807))
Edge(105587,151854,(3,9223372036854775807))
Edge(106497,485929,(3,9223372036854775807))
Edge(106548,356742,(3,9223372036854775807))
Edge(106565,252960,(3,9223372036854775807))
Edge(106933,260187,(1,9223372036854775807))
Edge(106938,321754,(3,9223372036854775807))
Edge(107690,69448,(3,9223372036854775807))
Edge(108117,394115,(1,9223372036854775807))
Edge(108237,468119,(3,9223372036854775807))
Edge(108266,37461,(3,9223372036854775807))
Edge(108354,64753,(1,3))
Edge(108398,295666,(1,3))
Edge(108456,249895,(3,9223372036854775807))
Edge(108723,348709,(3,9223372036854775807))
Edge(109060,83332,(1,3))
Edge(109139,490888,(3,9223372036854775807))
Edge(109198,494581,(3,9223372036854775807))
Edge(110228,69690,(1,9223372036854775807))
Edge(110336,273621,(3,9223372036854775807))
Edge(110387,181847,(3,9223372036854775807))
Edge(110589,438613,(3,9223372036854775807))
Edge(110718,179349,(3,9223372036854775807))
Edge(111188,165468,(3,9223372036854775807))
Edge(111426,322062,(3,9223372036854775807))
Edge(111503,345645,(3,9223372036854775807))
Edge(111613,11468,(3,9223372036854775807))
Edge(111894,152467,(4,9223372036854775807))
Edge(112074,180312,(3,9223372036854775807))
Edge(112730,252343,(3,9223372036854775807))
Edge(113014,222313,(3,9223372036854775807))
Edge(113021,163391,(3,9223372036854775807))
Edge(113044,236004,(3,9223372036854775807))
Edge(113425,373955,(3,9223372036854775807))
Edge(113650,212771,(3,9223372036854775807))
Edge(113704,122419,(3,9223372036854775807))
Edge(113724,136568,(1,3))
Edge(114667,124473,(3,9223372036854775807))
Edge(114680,178280,(1,9223372036854775807))
Edge(114760,349910,(1,3))
Edge(115647,428509,(1,3))
Edge(115672,485012,(1,9223372036854775807))
Edge(115989,370157,(1,3))
Edge(116172,433317,(3,9223372036854775807))
Edge(116432,484053,(1,9223372036854775807))
Edge(118071,98479,(1,9223372036854775807))
Edge(118392,99177,(1,9223372036854775807))
Edge(118753,196713,(3,9223372036854775807))
Edge(118800,437570,(3,9223372036854775807))
Edge(119211,326013,(3,9223372036854775807))
Edge(119924,352642,(1,9223372036854775807))
Edge(119953,173031,(3,9223372036854775807))
Edge(120050,45974,(3,9223372036854775807))
Edge(120512,324692,(3,9223372036854775807))
Edge(120538,41058,(3,9223372036854775807))
Edge(120789,16144,(1,3))
Edge(120888,118079,(3,9223372036854775807))
Edge(120931,132163,(1,3))
Edge(121937,285011,(3,9223372036854775807))
Edge(122219,288653,(3,9223372036854775807))
Edge(122333,31707,(3,9223372036854775807))
Edge(122500,460268,(3,9223372036854775807))
Edge(122523,103144,(1,3))
Edge(122684,109537,(3,9223372036854775807))
Edge(122704,9487,(3,9223372036854775807))
Edge(122870,94143,(3,9223372036854775807))
Edge(123115,1154,(3,9223372036854775807))
Edge(123209,295728,(3,9223372036854775807))
Edge(123299,415172,(3,9223372036854775807))
Edge(123554,443413,(1,3))
Edge(124017,282716,(3,9223372036854775807))
Edge(124281,386394,(3,9223372036854775807))
Edge(125199,221882,(3,9223372036854775807))
Edge(125368,119149,(1,3))
Edge(125607,436620,(3,9223372036854775807))
Edge(125787,161884,(3,9223372036854775807))
Edge(126230,88076,(3,9223372036854775807))
Edge(126681,260692,(3,9223372036854775807))
Edge(126715,106315,(3,9223372036854775807))
Edge(126795,457098,(4,9223372036854775807))
Edge(127672,474496,(3,9223372036854775807))
Edge(127704,54373,(3,9223372036854775807))
Edge(128074,233440,(3,9223372036854775807))
Edge(128772,101896,(3,9223372036854775807))
Edge(128923,387229,(3,9223372036854775807))
Edge(129164,198508,(3,9223372036854775807))
Edge(129665,79778,(3,9223372036854775807))
Edge(130366,320293,(1,9223372036854775807))
Edge(130821,456545,(3,9223372036854775807))
Edge(130949,112970,(1,9223372036854775807))
Edge(131698,377770,(3,9223372036854775807))
Edge(131922,259693,(3,9223372036854775807))
Edge(132245,388872,(1,9223372036854775807))
Edge(132535,199486,(3,9223372036854775807))
Edge(132741,5142,(3,9223372036854775807))
Edge(133323,220372,(3,9223372036854775807))
Edge(133606,414972,(3,9223372036854775807))
Edge(133743,313212,(3,9223372036854775807))
Edge(134425,126899,(3,9223372036854775807))
Edge(134812,292949,(3,9223372036854775807))
Edge(135111,116626,(3,9223372036854775807))
Edge(135300,470010,(3,9223372036854775807))
Edge(135692,310879,(4,9223372036854775807))
Edge(135803,74558,(1,3))
Edge(136073,326334,(1,3))
Edge(136123,330055,(3,9223372036854775807))
Edge(137367,451773,(3,9223372036854775807))
Edge(137806,426164,(3,9223372036854775807))
Edge(139025,154976,(3,9223372036854775807))
Edge(139228,156109,(3,9223372036854775807))
Edge(139586,280044,(3,9223372036854775807))
Edge(139639,258787,(3,9223372036854775807))
Edge(139800,166109,(3,9223372036854775807))
Edge(140254,426980,(1,9223372036854775807))
Edge(140264,180469,(3,9223372036854775807))
Edge(140357,350424,(3,9223372036854775807))
Edge(141012,134279,(3,9223372036854775807))
Edge(141170,13882,(3,9223372036854775807))
Edge(141341,256872,(3,9223372036854775807))
Edge(141445,82346,(3,9223372036854775807))
Edge(141568,206884,(1,9223372036854775807))
Edge(141638,137583,(3,9223372036854775807))
Edge(142070,128741,(1,9223372036854775807))
Edge(142301,122111,(3,9223372036854775807))
Edge(142391,1981,(1,3))
Edge(142402,98047,(3,9223372036854775807))
Edge(142435,413960,(3,9223372036854775807))
Edge(142567,101485,(3,9223372036854775807))
Edge(142639,369861,(3,9223372036854775807))
Edge(142707,491415,(3,9223372036854775807))
Edge(142741,12167,(3,9223372036854775807))
Edge(143077,147803,(1,9223372036854775807))
Edge(143168,321830,(3,9223372036854775807))
Edge(143526,72019,(3,9223372036854775807))
Edge(143557,291114,(1,9223372036854775807))
Edge(143627,410174,(1,3))
Edge(143974,358587,(1,9223372036854775807))
Edge(144095,325845,(1,9223372036854775807))
Edge(144350,65278,(3,9223372036854775807))
Edge(144726,51175,(3,9223372036854775807))
Edge(145037,491846,(3,9223372036854775807))
Edge(145395,161006,(3,9223372036854775807))
Edge(145529,287122,(3,9223372036854775807))
Edge(146166,203901,(1,9223372036854775807))
Edge(146202,173954,(3,9223372036854775807))
Edge(146267,432243,(1,9223372036854775807))
Edge(146422,298411,(3,9223372036854775807))
Edge(146547,458469,(1,9223372036854775807))
Edge(146695,279992,(3,9223372036854775807))
Edge(147828,200872,(3,9223372036854775807))
Edge(148031,335576,(1,9223372036854775807))
Edge(148334,172619,(3,9223372036854775807))
Edge(148855,208110,(3,9223372036854775807))
Edge(149056,436126,(3,9223372036854775807))
Edge(149271,304102,(3,9223372036854775807))
Edge(149467,235615,(3,9223372036854775807))
Edge(149498,351549,(3,9223372036854775807))
Edge(149620,27091,(1,9223372036854775807))
Edge(150137,153768,(1,3))
Edge(150177,471970,(3,9223372036854775807))
Edge(150603,183286,(3,9223372036854775807))
Edge(151004,71963,(3,9223372036854775807))
Edge(151688,211436,(3,9223372036854775807))
Edge(151946,31751,(3,9223372036854775807))
Edge(151987,171455,(3,9223372036854775807))
Edge(152801,460837,(3,9223372036854775807))
Edge(152809,245906,(3,9223372036854775807))
Edge(153028,188716,(3,9223372036854775807))
Edge(153218,399103,(3,9223372036854775807))
Edge(153380,453543,(3,9223372036854775807))
Edge(153863,22457,(3,9223372036854775807))
Edge(153899,283975,(3,9223372036854775807))
Edge(154076,127526,(3,9223372036854775807))
Edge(154133,303806,(3,9223372036854775807))
Edge(154298,149235,(1,9223372036854775807))
Edge(154406,212360,(3,9223372036854775807))
Edge(154497,288042,(3,9223372036854775807))
Edge(154538,181938,(3,9223372036854775807))
Edge(154871,212614,(1,9223372036854775807))
Edge(155138,315033,(3,9223372036854775807))
Edge(155228,487304,(1,3))
Edge(155597,279648,(3,9223372036854775807))
Edge(155724,269780,(1,3))
Edge(156236,385767,(3,9223372036854775807))
Edge(156345,441177,(3,9223372036854775807))
Edge(156413,223960,(1,9223372036854775807))
Edge(156479,406564,(3,9223372036854775807))
Edge(156560,89602,(1,9223372036854775807))
Edge(156866,7771,(3,9223372036854775807))
Edge(157139,51580,(1,3))
Edge(157649,451832,(3,9223372036854775807))
Edge(157750,468543,(1,9223372036854775807))
Edge(157814,370222,(3,9223372036854775807))
Edge(157922,56944,(3,9223372036854775807))
Edge(157974,10772,(3,9223372036854775807))
Edge(158143,368420,(3,9223372036854775807))
Edge(158241,167775,(3,9223372036854775807))
Edge(158568,211205,(1,3))
Edge(158704,462178,(3,9223372036854775807))
Edge(159393,97179,(3,9223372036854775807))
Edge(160187,54467,(3,9223372036854775807))
Edge(160236,80853,(3,9223372036854775807))
Edge(160312,88083,(3,9223372036854775807))
Edge(160336,421790,(3,9223372036854775807))
Edge(160534,174914,(1,9223372036854775807))
Edge(160608,278977,(3,9223372036854775807))
Edge(160986,140309,(1,9223372036854775807))
Edge(161278,129732,(3,9223372036854775807))
Edge(161680,36872,(3,9223372036854775807))
Edge(161739,33654,(1,9223372036854775807))
Edge(161783,88387,(3,9223372036854775807))
Edge(162057,450810,(3,9223372036854775807))
Edge(162118,418441,(1,9223372036854775807))
Edge(162530,221788,(3,9223372036854775807))
Edge(162907,213206,(3,9223372036854775807))
Edge(163111,494102,(1,9223372036854775807))
Edge(163344,126130,(3,9223372036854775807))
Edge(163650,142082,(3,9223372036854775807))
Edge(163746,401790,(3,9223372036854775807))
Edge(163946,479262,(3,9223372036854775807))
Edge(164140,406685,(3,9223372036854775807))
Edge(164156,261238,(3,9223372036854775807))
Edge(164484,448151,(3,9223372036854775807))
Edge(164616,106858,(1,9223372036854775807))
Edge(164777,258972,(3,9223372036854775807))
Edge(164904,283766,(3,9223372036854775807))
Edge(165392,17352,(3,9223372036854775807))
Edge(165465,79679,(1,9223372036854775807))
Edge(165476,19059,(3,9223372036854775807))
Edge(165495,236336,(3,9223372036854775807))
Edge(165585,436019,(1,3))
Edge(165865,479991,(1,9223372036854775807))
Edge(166223,410840,(3,9223372036854775807))
Edge(166521,211956,(3,9223372036854775807))
Edge(166866,391573,(3,9223372036854775807))
Edge(167074,206062,(3,9223372036854775807))
Edge(167626,81094,(3,9223372036854775807))
Edge(167875,185443,(3,9223372036854775807))
Edge(168618,459829,(3,9223372036854775807))
Edge(168977,153139,(3,9223372036854775807))
Edge(169141,434181,(3,9223372036854775807))
Edge(169482,221509,(3,9223372036854775807))
Edge(169591,447867,(1,3))
Edge(169611,21415,(3,9223372036854775807))
Edge(169646,77947,(3,9223372036854775807))
Edge(169688,159644,(3,9223372036854775807))
Edge(169860,263048,(1,3))
Edge(170140,97186,(3,9223372036854775807))
Edge(170211,296554,(1,9223372036854775807))
Edge(170614,483916,(3,9223372036854775807))
Edge(170635,415422,(3,9223372036854775807))
Edge(170875,162095,(3,9223372036854775807))
Edge(170895,41947,(3,9223372036854775807))
Edge(171068,421015,(1,3))
Edge(171487,92871,(3,9223372036854775807))
Edge(171735,327258,(3,9223372036854775807))
Edge(172035,15456,(3,9223372036854775807))
Edge(172926,170977,(3,9223372036854775807))
Edge(173371,419560,(3,9223372036854775807))
Edge(173541,222181,(1,9223372036854775807))
Edge(173999,264629,(3,9223372036854775807))
Edge(174046,126196,(3,9223372036854775807))
Edge(174503,456661,(3,9223372036854775807))
Edge(174717,325154,(3,9223372036854775807))
Edge(174776,293363,(3,9223372036854775807))
Edge(175618,259269,(3,9223372036854775807))
Edge(175931,444818,(3,9223372036854775807))
Edge(175958,305397,(3,9223372036854775807))
Edge(176460,202061,(3,9223372036854775807))
Edge(176717,165165,(3,9223372036854775807))
Edge(177762,294362,(3,9223372036854775807))
Edge(177982,82727,(3,9223372036854775807))
Edge(178231,345769,(3,9223372036854775807))
Edge(178490,345657,(4,9223372036854775807))
Edge(178506,34061,(3,9223372036854775807))
Edge(179135,406865,(3,9223372036854775807))
Edge(179287,51198,(3,9223372036854775807))
Edge(179374,414751,(3,9223372036854775807))
Edge(179571,196094,(1,9223372036854775807))
Edge(180664,119478,(3,9223372036854775807))
Edge(181118,438481,(3,9223372036854775807))
Edge(181730,192678,(3,9223372036854775807))
Edge(181843,222180,(3,9223372036854775807))
Edge(182009,311659,(3,9223372036854775807))
Edge(182123,491016,(3,9223372036854775807))
Edge(182235,482161,(3,9223372036854775807))
Edge(182253,167818,(3,9223372036854775807))
Edge(182278,14254,(1,9223372036854775807))
Edge(182359,147296,(3,9223372036854775807))
Edge(182523,149286,(3,9223372036854775807))
Edge(182764,370906,(1,3))
Edge(183151,139963,(3,9223372036854775807))
Edge(183561,240708,(3,9223372036854775807))
Edge(184405,300253,(3,9223372036854775807))
Edge(184769,105459,(3,9223372036854775807))
Edge(185512,491835,(3,9223372036854775807))
Edge(186255,196507,(3,9223372036854775807))
Edge(186773,20439,(1,9223372036854775807))
Edge(186873,143564,(1,9223372036854775807))
Edge(187012,92451,(3,9223372036854775807))
Edge(187428,408657,(3,9223372036854775807))
Edge(187432,58195,(3,9223372036854775807))
Edge(187673,463753,(3,9223372036854775807))
Edge(187757,459625,(3,9223372036854775807))
Edge(187771,172964,(1,3))
Edge(187802,125837,(1,9223372036854775807))
Edge(187847,73873,(3,9223372036854775807))
Edge(187906,37681,(3,9223372036854775807))
Edge(188603,50865,(3,9223372036854775807))
Edge(189066,46304,(1,3))
Edge(189148,251069,(3,9223372036854775807))
Edge(189156,143952,(1,9223372036854775807))
Edge(189408,170685,(3,9223372036854775807))
Edge(189422,65801,(3,9223372036854775807))
Edge(189439,467163,(3,9223372036854775807))
Edge(189845,47152,(3,9223372036854775807))
Edge(190005,227616,(3,9223372036854775807))
Edge(190047,237980,(3,9223372036854775807))
Edge(190194,480243,(3,9223372036854775807))
Edge(190900,324423,(3,9223372036854775807))
Edge(191206,287311,(3,9223372036854775807))
Edge(191692,437537,(3,9223372036854775807))
Edge(191922,97184,(3,9223372036854775807))
Edge(191969,477181,(3,9223372036854775807))
Edge(192318,444695,(3,9223372036854775807))
Edge(192413,204122,(3,9223372036854775807))
Edge(192578,274353,(1,3))
Edge(193186,52901,(1,3))
Edge(194059,80780,(1,9223372036854775807))
Edge(194112,244367,(3,9223372036854775807))
Edge(194547,203815,(3,9223372036854775807))
Edge(194790,480978,(3,9223372036854775807))
Edge(195084,250334,(1,3))
Edge(195197,491036,(3,9223372036854775807))
Edge(195666,470792,(3,9223372036854775807))
Edge(196552,205524,(3,9223372036854775807))
Edge(197667,187877,(1,3))
Edge(197834,367001,(3,9223372036854775807))
Edge(197978,173585,(3,9223372036854775807))
Edge(198068,407103,(3,9223372036854775807))
Edge(198162,483884,(3,9223372036854775807))
Edge(198420,71551,(3,9223372036854775807))
Edge(198446,414037,(1,3))
Edge(198646,56061,(3,9223372036854775807))
Edge(198660,80223,(1,9223372036854775807))
Edge(198780,16613,(3,9223372036854775807))
Edge(198872,314558,(3,9223372036854775807))
Edge(198883,283175,(3,9223372036854775807))
Edge(199489,423930,(3,9223372036854775807))
Edge(199908,273805,(3,9223372036854775807))
Edge(200209,206136,(3,9223372036854775807))
Edge(200284,6183,(3,9223372036854775807))
Edge(200869,342427,(3,9223372036854775807))
Edge(201048,391344,(3,9223372036854775807))
Edge(201150,72860,(3,9223372036854775807))
Edge(201340,193212,(3,9223372036854775807))
Edge(201605,39878,(3,9223372036854775807))
Edge(201632,366817,(3,9223372036854775807))
Edge(202094,338201,(3,9223372036854775807))
Edge(202143,468273,(3,9223372036854775807))
Edge(202155,5227,(3,9223372036854775807))
Edge(202306,60023,(3,9223372036854775807))
Edge(202394,331734,(3,9223372036854775807))
Edge(202647,270684,(1,9223372036854775807))
Edge(202676,477956,(3,9223372036854775807))
Edge(202933,387323,(3,9223372036854775807))
Edge(203605,460603,(3,9223372036854775807))
Edge(203734,282665,(3,9223372036854775807))
Edge(204259,351706,(3,9223372036854775807))
Edge(204456,340886,(3,9223372036854775807))
Edge(205162,409524,(3,9223372036854775807))
Edge(205215,42448,(1,9223372036854775807))
Edge(205234,328877,(3,9223372036854775807))
Edge(205580,80424,(3,9223372036854775807))
Edge(205617,15596,(3,9223372036854775807))
Edge(205907,191160,(3,9223372036854775807))
Edge(206267,234234,(3,9223372036854775807))
Edge(206345,57989,(3,9223372036854775807))
Edge(206349,269537,(3,9223372036854775807))
Edge(206440,169153,(3,9223372036854775807))
Edge(206573,48190,(3,9223372036854775807))
Edge(206841,476721,(3,9223372036854775807))
Edge(206949,174061,(3,9223372036854775807))
Edge(207067,225527,(3,9223372036854775807))
Edge(207084,109539,(3,9223372036854775807))
Edge(207108,710,(3,9223372036854775807))
Edge(207147,388558,(3,9223372036854775807))
Edge(208397,46570,(3,9223372036854775807))
Edge(209069,492654,(3,9223372036854775807))
Edge(209163,170757,(3,9223372036854775807))
Edge(209492,271607,(3,9223372036854775807))
Edge(209846,426450,(3,9223372036854775807))
Edge(210092,442190,(3,9223372036854775807))
Edge(210800,246153,(3,9223372036854775807))
Edge(211917,205166,(3,9223372036854775807))
Edge(212308,214042,(3,9223372036854775807))
Edge(212330,5156,(3,9223372036854775807))
Edge(212483,276967,(3,9223372036854775807))
Edge(213076,217963,(1,9223372036854775807))
Edge(213628,92669,(3,9223372036854775807))
Edge(214097,352010,(3,9223372036854775807))
Edge(214190,172492,(1,3))
Edge(214591,59720,(1,9223372036854775807))
Edge(214595,437686,(3,9223372036854775807))
Edge(215090,447750,(3,9223372036854775807))
Edge(215304,144186,(3,9223372036854775807))
Edge(215430,164499,(3,9223372036854775807))
Edge(215546,420216,(3,9223372036854775807))
Edge(216041,316633,(1,9223372036854775807))
Edge(216128,316070,(3,9223372036854775807))
Edge(216417,102415,(3,9223372036854775807))
Edge(216627,376315,(3,9223372036854775807))
Edge(217120,354032,(1,9223372036854775807))
Edge(217158,92702,(1,9223372036854775807))
Edge(217166,422623,(3,9223372036854775807))
Edge(217545,409986,(3,9223372036854775807))
Edge(217798,42883,(3,9223372036854775807))
Edge(217985,147321,(3,9223372036854775807))
Edge(218086,99327,(3,9223372036854775807))
Edge(218409,336230,(3,9223372036854775807))
Edge(218668,33226,(1,9223372036854775807))
Edge(218811,148743,(3,9223372036854775807))
Edge(218937,359430,(3,9223372036854775807))
Edge(219037,120328,(1,3))
Edge(219584,303622,(3,9223372036854775807))
Edge(219732,389774,(3,9223372036854775807))
Edge(220164,498390,(3,9223372036854775807))
Edge(220917,336939,(3,9223372036854775807))
Edge(221465,100733,(4,9223372036854775807))
Edge(221703,474144,(3,9223372036854775807))
Edge(221843,348901,(3,9223372036854775807))
Edge(222345,337192,(3,9223372036854775807))
Edge(222467,290914,(3,9223372036854775807))
Edge(223067,185068,(3,9223372036854775807))
Edge(223178,428787,(3,9223372036854775807))
Edge(223197,124603,(3,9223372036854775807))
Edge(223303,240889,(1,9223372036854775807))
Edge(223438,199259,(3,9223372036854775807))
Edge(223715,264130,(3,9223372036854775807))
Edge(224300,22685,(3,9223372036854775807))
Edge(224386,343358,(3,9223372036854775807))
Edge(224466,128535,(3,9223372036854775807))
Edge(224586,437766,(3,9223372036854775807))
Edge(225635,466050,(3,9223372036854775807))
Edge(226027,467624,(3,9223372036854775807))
Edge(226208,231569,(3,9223372036854775807))
Edge(226310,297125,(3,9223372036854775807))
Edge(226405,389264,(1,9223372036854775807))
Edge(226692,91485,(3,9223372036854775807))
Edge(227193,25992,(3,9223372036854775807))
Edge(227456,43836,(3,9223372036854775807))
Edge(227719,442249,(3,9223372036854775807))
Edge(228138,281115,(3,9223372036854775807))
Edge(228184,10381,(1,9223372036854775807))
Edge(228255,15896,(3,9223372036854775807))
Edge(228711,234562,(3,9223372036854775807))
Edge(228993,407449,(3,9223372036854775807))
Edge(229192,112978,(1,3))
Edge(229455,243501,(3,9223372036854775807))
Edge(229574,340979,(1,3))
Edge(229633,239166,(3,9223372036854775807))
Edge(229691,342511,(3,9223372036854775807))
Edge(229793,181059,(4,9223372036854775807))
Edge(230279,482976,(3,9223372036854775807))
Edge(230581,167256,(1,9223372036854775807))
Edge(230589,138888,(3,9223372036854775807))
Edge(231191,249019,(3,9223372036854775807))
Edge(231314,249690,(3,9223372036854775807))
Edge(231535,325732,(3,9223372036854775807))
Edge(231551,124246,(3,9223372036854775807))
Edge(231603,218831,(3,9223372036854775807))
Edge(231651,443806,(3,9223372036854775807))
Edge(231874,283316,(3,9223372036854775807))
Edge(232234,366766,(3,9223372036854775807))
Edge(232536,241936,(1,9223372036854775807))
Edge(232856,5987,(1,9223372036854775807))
Edge(233228,192086,(3,9223372036854775807))
Edge(233511,472456,(3,9223372036854775807))
Edge(233712,160777,(3,9223372036854775807))
Edge(233903,239131,(3,9223372036854775807))
Edge(233911,395734,(3,9223372036854775807))
Edge(233925,446157,(3,9223372036854775807))
Edge(234260,115086,(3,9223372036854775807))
Edge(234695,469986,(3,9223372036854775807))
Edge(234909,182272,(3,9223372036854775807))
Edge(234911,229818,(3,9223372036854775807))
Edge(234944,421328,(3,9223372036854775807))
Edge(234952,401809,(3,9223372036854775807))
Edge(235165,234957,(1,3))
Edge(236450,297903,(3,9223372036854775807))
Edge(236526,422432,(3,9223372036854775807))
Edge(236568,386970,(3,9223372036854775807))
Edge(236823,150312,(3,9223372036854775807))
Edge(236859,360492,(1,9223372036854775807))
Edge(236957,444763,(3,9223372036854775807))
Edge(237295,321016,(3,9223372036854775807))
Edge(237494,174942,(3,9223372036854775807))
Edge(237790,409189,(3,9223372036854775807))
Edge(238206,445189,(1,9223372036854775807))
Edge(238615,69022,(3,9223372036854775807))
Edge(238617,469154,(3,9223372036854775807))
Edge(238818,254996,(3,9223372036854775807))
Edge(239092,118602,(3,9223372036854775807))
Edge(239523,13282,(3,9223372036854775807))
Edge(239730,116971,(3,9223372036854775807))
Edge(240524,183811,(3,9223372036854775807))
Edge(240856,29941,(3,9223372036854775807))
Edge(240905,266751,(3,9223372036854775807))
Edge(240949,276151,(3,9223372036854775807))
Edge(240967,326023,(1,9223372036854775807))
Edge(241226,47277,(3,9223372036854775807))
Edge(241558,90836,(3,9223372036854775807))
Edge(241800,313597,(1,9223372036854775807))
Edge(241887,85809,(3,9223372036854775807))
Edge(242002,465481,(3,9223372036854775807))
Edge(242231,79122,(3,9223372036854775807))
Edge(242538,222777,(3,9223372036854775807))
Edge(242601,302537,(1,9223372036854775807))
Edge(243740,100637,(3,9223372036854775807))
Edge(243820,96262,(3,9223372036854775807))
Edge(243833,119899,(1,9223372036854775807))
Edge(243884,459626,(1,9223372036854775807))
Edge(243887,196544,(3,9223372036854775807))
Edge(243905,467731,(1,3))
Edge(244143,168375,(3,9223372036854775807))
Edge(244145,181165,(3,9223372036854775807))
Edge(244332,364493,(3,9223372036854775807))
Edge(244348,210576,(1,9223372036854775807))
Edge(244666,286588,(3,9223372036854775807))
Edge(244914,182378,(3,9223372036854775807))
Edge(245263,172601,(3,9223372036854775807))
Edge(245441,158112,(3,9223372036854775807))
Edge(245653,194430,(1,9223372036854775807))
Edge(246113,39718,(3,9223372036854775807))
Edge(246160,203917,(1,9223372036854775807))
Edge(246555,230678,(3,9223372036854775807))
Edge(246640,375190,(3,9223372036854775807))
Edge(246840,198822,(1,9223372036854775807))
Edge(246846,365050,(3,9223372036854775807))
Edge(247477,48212,(3,9223372036854775807))
Edge(248011,78727,(3,9223372036854775807))
Edge(248147,10255,(3,9223372036854775807))
Edge(248639,321985,(1,9223372036854775807))
Edge(248985,448385,(3,9223372036854775807))
Edge(250308,54031,(3,9223372036854775807))
Edge(250364,470078,(3,9223372036854775807))
Edge(250516,423910,(3,9223372036854775807))
Edge(251015,393473,(3,9223372036854775807))
Edge(251312,383391,(3,9223372036854775807))
Edge(251819,19463,(3,9223372036854775807))
Edge(252327,491532,(3,9223372036854775807))
Edge(252623,359784,(3,9223372036854775807))
Edge(252779,499602,(1,9223372036854775807))
Edge(252815,3229,(3,9223372036854775807))
Edge(252824,71055,(1,3))
Edge(253393,227113,(1,9223372036854775807))
Edge(253520,179671,(3,9223372036854775807))
Edge(254015,463762,(3,9223372036854775807))
Edge(254348,271402,(1,9223372036854775807))
Edge(254708,259529,(1,9223372036854775807))
Edge(254811,468595,(3,9223372036854775807))
Edge(255195,375423,(3,9223372036854775807))
Edge(255418,404630,(4,9223372036854775807))
Edge(255431,186409,(3,9223372036854775807))
Edge(255683,92750,(3,9223372036854775807))
Edge(255860,53643,(3,9223372036854775807))
Edge(256128,307155,(3,9223372036854775807))
Edge(256429,250378,(3,9223372036854775807))
Edge(256642,85426,(4,9223372036854775807))
Edge(257058,239906,(3,9223372036854775807))
Edge(257240,398710,(3,9223372036854775807))
Edge(257528,334460,(3,9223372036854775807))
Edge(257536,443209,(3,9223372036854775807))
Edge(257968,344161,(3,9223372036854775807))
Edge(258618,214979,(3,9223372036854775807))
Edge(258766,269690,(3,9223372036854775807))
Edge(258780,353825,(1,9223372036854775807))
Edge(258875,385675,(3,9223372036854775807))
Edge(258885,431044,(1,9223372036854775807))
Edge(258981,320899,(3,9223372036854775807))
Edge(260594,152159,(3,9223372036854775807))
Edge(260872,169159,(3,9223372036854775807))
Edge(261054,212401,(3,9223372036854775807))
Edge(261101,107290,(3,9223372036854775807))
Edge(261407,292772,(1,9223372036854775807))
Edge(261870,201202,(3,9223372036854775807))
Edge(261961,139701,(3,9223372036854775807))
Edge(262097,77547,(3,9223372036854775807))
Edge(262874,19278,(3,9223372036854775807))
Edge(262938,270221,(3,9223372036854775807))
Edge(263074,333183,(3,9223372036854775807))
Edge(263077,372443,(3,9223372036854775807))
Edge(263098,269594,(3,9223372036854775807))
Edge(263820,152260,(3,9223372036854775807))
Edge(263976,388478,(3,9223372036854775807))
Edge(264361,466226,(3,9223372036854775807))
Edge(264890,324655,(1,9223372036854775807))
Edge(264911,405966,(3,9223372036854775807))
Edge(265690,105403,(3,9223372036854775807))
Edge(265930,295508,(3,9223372036854775807))
Edge(266260,327981,(1,3))
Edge(266491,226328,(3,9223372036854775807))
Edge(266500,305840,(3,9223372036854775807))
Edge(267430,364162,(3,9223372036854775807))
Edge(267611,420524,(3,9223372036854775807))
Edge(268162,64901,(1,9223372036854775807))
Edge(268554,327897,(3,9223372036854775807))
Edge(269045,19821,(3,9223372036854775807))
Edge(269193,79335,(3,9223372036854775807))
Edge(269299,304161,(1,9223372036854775807))
Edge(269558,398429,(3,9223372036854775807))
Edge(269591,178321,(3,9223372036854775807))
Edge(269995,163412,(3,9223372036854775807))
Edge(270376,169495,(3,9223372036854775807))
Edge(270533,440702,(3,9223372036854775807))
Edge(270726,269023,(3,9223372036854775807))
Edge(272241,354694,(1,9223372036854775807))
Edge(272450,238152,(3,9223372036854775807))
Edge(272504,952,(3,9223372036854775807))
Edge(272583,50246,(3,9223372036854775807))
Edge(272787,420274,(1,9223372036854775807))
Edge(273918,121594,(3,9223372036854775807))
Edge(274075,379041,(3,9223372036854775807))
Edge(274076,174324,(3,9223372036854775807))
Edge(274196,161597,(3,9223372036854775807))
Edge(275354,158067,(3,9223372036854775807))
Edge(275410,364213,(3,9223372036854775807))
Edge(275738,447498,(3,9223372036854775807))
Edge(275921,421751,(1,9223372036854775807))
Edge(276172,52244,(3,9223372036854775807))
Edge(276567,285040,(3,9223372036854775807))
Edge(276978,194610,(3,9223372036854775807))
Edge(278058,178186,(1,9223372036854775807))
Edge(278424,478655,(3,9223372036854775807))
Edge(278637,349254,(3,9223372036854775807))
Edge(278791,238123,(3,9223372036854775807))
Edge(279901,51725,(3,9223372036854775807))
Edge(280146,136776,(3,9223372036854775807))
Edge(280335,409232,(3,9223372036854775807))
Edge(280345,472852,(3,9223372036854775807))
Edge(280396,475871,(3,9223372036854775807))
Edge(280627,352393,(3,9223372036854775807))
Edge(280715,495681,(3,9223372036854775807))
Edge(280837,96855,(3,9223372036854775807))
Edge(281248,262933,(3,9223372036854775807))
Edge(281643,490709,(3,9223372036854775807))
Edge(282317,318985,(3,9223372036854775807))
Edge(282781,127451,(1,3))
Edge(283373,85682,(3,9223372036854775807))
Edge(283401,391360,(1,9223372036854775807))
Edge(284103,211028,(3,9223372036854775807))
Edge(284360,490779,(3,9223372036854775807))
Edge(284388,9622,(1,9223372036854775807))
Edge(284392,77487,(1,9223372036854775807))
Edge(284409,82834,(3,9223372036854775807))
Edge(285577,355915,(3,9223372036854775807))
Edge(285690,365828,(3,9223372036854775807))
Edge(286091,316491,(1,3))
Edge(286204,258005,(3,9223372036854775807))
Edge(287220,465913,(3,9223372036854775807))
Edge(287238,388227,(1,9223372036854775807))
Edge(287273,482450,(3,9223372036854775807))
Edge(287318,145519,(3,9223372036854775807))
Edge(287338,144183,(3,9223372036854775807))
Edge(287745,170518,(1,9223372036854775807))
Edge(288081,487133,(3,9223372036854775807))
Edge(288340,407133,(3,9223372036854775807))
Edge(288699,325105,(3,9223372036854775807))
Edge(289150,1233,(3,9223372036854775807))
Edge(289628,65914,(3,9223372036854775807))
Edge(289655,386601,(3,9223372036854775807))
Edge(289662,189718,(1,3))
Edge(289724,79236,(3,9223372036854775807))
Edge(290171,237343,(1,3))
Edge(290527,246022,(3,9223372036854775807))
Edge(290621,354315,(3,9223372036854775807))
Edge(290893,146759,(3,9223372036854775807))
Edge(290901,257412,(3,9223372036854775807))
Edge(291037,179031,(3,9223372036854775807))
Edge(291788,91306,(3,9223372036854775807))
Edge(292006,230634,(3,9223372036854775807))
Edge(292575,353326,(3,9223372036854775807))
Edge(292859,152890,(3,9223372036854775807))
Edge(292946,231567,(3,9223372036854775807))
Edge(293080,218446,(3,9223372036854775807))
Edge(293754,404840,(3,9223372036854775807))
Edge(293887,464007,(3,9223372036854775807))
Edge(295245,372440,(3,9223372036854775807))
Edge(295270,218201,(3,9223372036854775807))
Edge(295345,330812,(3,9223372036854775807))
Edge(295598,6622,(3,9223372036854775807))
Edge(295733,322588,(1,9223372036854775807))
Edge(295969,328468,(3,9223372036854775807))
Edge(296049,206552,(3,9223372036854775807))
Edge(296079,409488,(3,9223372036854775807))
Edge(296447,495584,(3,9223372036854775807))
Edge(296525,92998,(3,9223372036854775807))
Edge(296950,49351,(3,9223372036854775807))
Edge(297536,428015,(3,9223372036854775807))
Edge(298447,251766,(3,9223372036854775807))
Edge(298507,96299,(1,9223372036854775807))
Edge(298822,70864,(3,9223372036854775807))
Edge(298889,423053,(3,9223372036854775807))
Edge(298988,461152,(3,9223372036854775807))
Edge(299196,182144,(3,9223372036854775807))
Edge(299244,51557,(3,9223372036854775807))
Edge(299422,351453,(3,9223372036854775807))
Edge(299448,199179,(3,9223372036854775807))
Edge(299766,425311,(3,9223372036854775807))
Edge(299792,157425,(1,9223372036854775807))
Edge(300025,472814,(3,9223372036854775807))
Edge(300078,39703,(3,9223372036854775807))
Edge(300225,469931,(1,3))
Edge(300755,283643,(3,9223372036854775807))
Edge(301057,259576,(3,9223372036854775807))
Edge(301099,305625,(3,9223372036854775807))
Edge(301400,195859,(3,9223372036854775807))
Edge(301577,48857,(3,9223372036854775807))
Edge(301838,185114,(4,9223372036854775807))
Edge(302152,363110,(1,9223372036854775807))
Edge(302427,65611,(3,9223372036854775807))
Edge(302441,436989,(3,9223372036854775807))
Edge(302449,15920,(3,9223372036854775807))
Edge(303193,442975,(3,9223372036854775807))
Edge(303347,149284,(3,9223372036854775807))
Edge(303392,310950,(3,9223372036854775807))
Edge(303740,466333,(3,9223372036854775807))
Edge(303906,468252,(1,9223372036854775807))
Edge(304066,139435,(3,9223372036854775807))
Edge(304381,350590,(3,9223372036854775807))
Edge(304547,161791,(1,9223372036854775807))
Edge(305144,357768,(3,9223372036854775807))
Edge(305360,350573,(3,9223372036854775807))
Edge(306300,256456,(1,9223372036854775807))
Edge(306713,232668,(3,9223372036854775807))
Edge(306947,53490,(3,9223372036854775807))
Edge(307036,311423,(3,9223372036854775807))
Edge(307144,76708,(3,9223372036854775807))
Edge(307464,467564,(1,3))
Edge(307526,321527,(3,9223372036854775807))
Edge(308012,456430,(3,9223372036854775807))
Edge(308108,39228,(3,9223372036854775807))
Edge(308314,355275,(3,9223372036854775807))
Edge(308564,247964,(3,9223372036854775807))
Edge(308623,251863,(1,9223372036854775807))
Edge(308969,499884,(3,9223372036854775807))
Edge(309048,474821,(3,9223372036854775807))
Edge(309053,66714,(3,9223372036854775807))
Edge(309507,29253,(3,9223372036854775807))
Edge(310196,432687,(3,9223372036854775807))
Edge(310287,251156,(3,9223372036854775807))
Edge(311038,219374,(3,9223372036854775807))
Edge(311243,7827,(3,9223372036854775807))
Edge(311442,196531,(1,9223372036854775807))
Edge(311657,266326,(3,9223372036854775807))
Edge(311986,446925,(3,9223372036854775807))
Edge(312218,436482,(1,9223372036854775807))
Edge(312258,207945,(1,3))
Edge(312293,296891,(1,9223372036854775807))
Edge(312412,361432,(3,9223372036854775807))
Edge(313603,256838,(3,9223372036854775807))
Edge(314077,189870,(3,9223372036854775807))
Edge(314157,190734,(3,9223372036854775807))
Edge(314411,290191,(3,9223372036854775807))
Edge(314641,110151,(3,9223372036854775807))
Edge(314681,297703,(3,9223372036854775807))
Edge(314988,90643,(3,9223372036854775807))
Edge(315607,152421,(3,9223372036854775807))
Edge(315721,60239,(3,9223372036854775807))
Edge(315750,273928,(3,9223372036854775807))
Edge(315910,123973,(3,9223372036854775807))
Edge(316013,254422,(3,9223372036854775807))
Edge(316052,243277,(3,9223372036854775807))
Edge(316980,215598,(3,9223372036854775807))
Edge(317364,488685,(3,9223372036854775807))
Edge(317562,11474,(3,9223372036854775807))
Edge(318012,139203,(3,9223372036854775807))
Edge(318513,389797,(3,9223372036854775807))
Edge(319115,136350,(3,9223372036854775807))
Edge(319419,347096,(1,3))
Edge(319538,270628,(3,9223372036854775807))
Edge(319908,197927,(3,9223372036854775807))
Edge(320432,83758,(4,9223372036854775807))
Edge(320676,316763,(3,9223372036854775807))
Edge(321178,259919,(3,9223372036854775807))
Edge(321237,396897,(3,9223372036854775807))
Edge(321269,114858,(3,9223372036854775807))
Edge(322115,292495,(3,9223372036854775807))
Edge(322515,136407,(3,9223372036854775807))
Edge(323012,461373,(3,9223372036854775807))
Edge(323051,394168,(3,9223372036854775807))
Edge(323594,434876,(3,9223372036854775807))
Edge(324643,427824,(3,9223372036854775807))
Edge(324936,396483,(3,9223372036854775807))
Edge(324968,266729,(1,3))
Edge(325069,91296,(3,9223372036854775807))
Edge(325139,428489,(3,9223372036854775807))
Edge(325202,55489,(1,9223372036854775807))
Edge(325235,203287,(1,9223372036854775807))
Edge(325696,123370,(3,9223372036854775807))
Edge(326235,228281,(1,9223372036854775807))
Edge(326246,112303,(3,9223372036854775807))
Edge(326437,389827,(1,9223372036854775807))
Edge(327054,365516,(3,9223372036854775807))
Edge(327127,68145,(3,9223372036854775807))
Edge(327563,95489,(3,9223372036854775807))
Edge(327611,33806,(3,9223372036854775807))
Edge(327875,232087,(3,9223372036854775807))
Edge(328108,450593,(3,9223372036854775807))
Edge(328203,77422,(3,9223372036854775807))
Edge(328607,41796,(3,9223372036854775807))
Edge(328858,2424,(1,9223372036854775807))
Edge(328918,190532,(3,9223372036854775807))
Edge(329455,337146,(3,9223372036854775807))
Edge(329549,313416,(3,9223372036854775807))
Edge(329572,194369,(1,9223372036854775807))
Edge(330113,406114,(3,9223372036854775807))
Edge(330301,107345,(3,9223372036854775807))
Edge(330549,450204,(3,9223372036854775807))
Edge(330578,424946,(3,9223372036854775807))
Edge(330627,110336,(3,9223372036854775807))
Edge(331014,210028,(3,9223372036854775807))
Edge(331347,276023,(1,9223372036854775807))
Edge(331711,455444,(3,9223372036854775807))
Edge(331976,50398,(1,9223372036854775807))
Edge(331998,194790,(3,9223372036854775807))
Edge(332011,298301,(3,9223372036854775807))
Edge(332167,472652,(3,9223372036854775807))
Edge(332251,240933,(1,3))
Edge(332547,308919,(3,9223372036854775807))
Edge(332770,314527,(1,3))
Edge(332839,14391,(1,9223372036854775807))
Edge(332956,468512,(3,9223372036854775807))
Edge(332959,249348,(3,9223372036854775807))
Edge(332987,415254,(1,3))
Edge(333033,248346,(1,9223372036854775807))
Edge(333265,380280,(3,9223372036854775807))
Edge(333282,184955,(3,9223372036854775807))
Edge(333514,57287,(3,9223372036854775807))
Edge(333915,477324,(3,9223372036854775807))
Edge(334502,50027,(3,9223372036854775807))
Edge(335160,412621,(1,9223372036854775807))
Edge(335164,200470,(3,9223372036854775807))
Edge(335299,475770,(3,9223372036854775807))
Edge(335378,67492,(3,9223372036854775807))
Edge(335504,411788,(1,3))
Edge(335581,8400,(1,3))
Edge(335816,196822,(3,9223372036854775807))
Edge(336089,64205,(3,9223372036854775807))
Edge(336291,326301,(3,9223372036854775807))
Edge(336413,282597,(3,9223372036854775807))
Edge(336661,259170,(1,3))
Edge(336971,486451,(1,9223372036854775807))
Edge(337281,408378,(3,9223372036854775807))
Edge(338159,43562,(3,9223372036854775807))
Edge(338235,396629,(3,9223372036854775807))
Edge(338571,473674,(3,9223372036854775807))
Edge(338722,193988,(1,3))
Edge(338806,300910,(3,9223372036854775807))
Edge(338962,181118,(3,9223372036854775807))
Edge(339044,444378,(1,9223372036854775807))
Edge(339137,410241,(3,9223372036854775807))
Edge(339344,335927,(3,9223372036854775807))
Edge(339441,244683,(3,9223372036854775807))
Edge(339712,238529,(3,9223372036854775807))
Edge(339926,143216,(3,9223372036854775807))
Edge(340025,396828,(1,9223372036854775807))
Edge(340053,36141,(3,9223372036854775807))
Edge(340255,37863,(3,9223372036854775807))
Edge(340317,66340,(1,9223372036854775807))
Edge(340352,155011,(3,9223372036854775807))
Edge(340510,106050,(3,9223372036854775807))
Edge(340570,386825,(3,9223372036854775807))
Edge(340693,132886,(1,3))
Edge(340705,291468,(3,9223372036854775807))
Edge(340905,167705,(1,3))
Edge(341216,2107,(1,9223372036854775807))
Edge(341346,270144,(3,9223372036854775807))
Edge(341448,441219,(3,9223372036854775807))
Edge(341573,69755,(1,3))
Edge(341853,365630,(3,9223372036854775807))
Edge(343165,264839,(1,3))
Edge(343245,304865,(3,9223372036854775807))
Edge(343350,391494,(3,9223372036854775807))
Edge(343521,469431,(1,9223372036854775807))
Edge(343567,265088,(3,9223372036854775807))
Edge(344120,116846,(1,9223372036854775807))
Edge(344364,111842,(1,3))
Edge(344383,191600,(1,9223372036854775807))
Edge(344638,329089,(1,9223372036854775807))
Edge(344820,415830,(3,9223372036854775807))
Edge(344842,290280,(1,3))
Edge(344956,60637,(3,9223372036854775807))
Edge(345230,260752,(1,9223372036854775807))
Edge(345262,102834,(3,9223372036854775807))
Edge(345339,142616,(3,9223372036854775807))
Edge(345683,415242,(1,3))
Edge(346090,260772,(3,9223372036854775807))
Edge(346300,112246,(3,9223372036854775807))
Edge(346434,397942,(3,9223372036854775807))
Edge(346693,237694,(3,9223372036854775807))
Edge(346845,311904,(3,9223372036854775807))
Edge(347097,18349,(3,9223372036854775807))
Edge(347215,441652,(3,9223372036854775807))
Edge(347365,373067,(1,9223372036854775807))
Edge(347557,359072,(1,9223372036854775807))
Edge(347756,263095,(3,9223372036854775807))
Edge(347782,427785,(3,9223372036854775807))
Edge(348299,422562,(1,3))
Edge(348737,368966,(3,9223372036854775807))
Edge(349291,229956,(4,9223372036854775807))
Edge(349442,345707,(3,9223372036854775807))
Edge(349556,38211,(3,9223372036854775807))
Edge(349683,342880,(3,9223372036854775807))
Edge(349817,29427,(3,9223372036854775807))
Edge(350114,396735,(3,9223372036854775807))
Edge(350138,165876,(3,9223372036854775807))
Edge(350307,235556,(3,9223372036854775807))
Edge(350619,319866,(3,9223372036854775807))
Edge(350711,443972,(3,9223372036854775807))
Edge(351881,265651,(3,9223372036854775807))
Edge(351942,107953,(1,9223372036854775807))
Edge(351973,246404,(3,9223372036854775807))
Edge(352265,87591,(3,9223372036854775807))
Edge(352455,442263,(3,9223372036854775807))
Edge(352568,371580,(3,9223372036854775807))
Edge(352647,189184,(3,9223372036854775807))
Edge(353109,82858,(1,3))
Edge(353111,339190,(3,9223372036854775807))
Edge(353216,417650,(3,9223372036854775807))
Edge(353251,104660,(4,9223372036854775807))
Edge(353583,355164,(3,9223372036854775807))
Edge(353620,357050,(3,9223372036854775807))
Edge(354067,444717,(3,9223372036854775807))
Edge(354452,140951,(3,9223372036854775807))
Edge(354489,182334,(1,3))
Edge(354734,198303,(3,9223372036854775807))
Edge(354775,314195,(3,9223372036854775807))
Edge(354849,51217,(1,9223372036854775807))
Edge(354869,203823,(1,9223372036854775807))
Edge(355128,93203,(3,9223372036854775807))
Edge(355528,86964,(3,9223372036854775807))
Edge(356071,86863,(1,9223372036854775807))
Edge(356179,8165,(3,9223372036854775807))
Edge(356470,332533,(3,9223372036854775807))
Edge(356472,195700,(3,9223372036854775807))
Edge(356653,5674,(1,9223372036854775807))
Edge(356727,354088,(3,9223372036854775807))
Edge(356853,170651,(3,9223372036854775807))
Edge(357401,152385,(1,9223372036854775807))
Edge(357571,244568,(3,9223372036854775807))
Edge(357591,447002,(1,9223372036854775807))
Edge(357659,27262,(1,3))
Edge(358011,172952,(3,9223372036854775807))
Edge(358033,298885,(3,9223372036854775807))
Edge(358553,85048,(3,9223372036854775807))
Edge(358632,464226,(3,9223372036854775807))
Edge(358649,386819,(3,9223372036854775807))
Edge(358836,169453,(1,9223372036854775807))
Edge(359331,26008,(1,9223372036854775807))
Edge(359336,413750,(1,3))
Edge(359919,165043,(3,9223372036854775807))
Edge(360362,60504,(3,9223372036854775807))
Edge(360606,412660,(1,9223372036854775807))
Edge(360745,162799,(3,9223372036854775807))
Edge(360804,45091,(3,9223372036854775807))
Edge(360815,2376,(3,9223372036854775807))
Edge(360887,20515,(1,3))
Edge(360902,34288,(3,9223372036854775807))
Edge(361230,234574,(3,9223372036854775807))
Edge(361234,302974,(1,9223372036854775807))
Edge(361309,376397,(3,9223372036854775807))
Edge(361326,175496,(3,9223372036854775807))
Edge(361472,289823,(3,9223372036854775807))
Edge(361664,164132,(3,9223372036854775807))
Edge(361795,292272,(3,9223372036854775807))
Edge(361889,349756,(3,9223372036854775807))
Edge(362026,212515,(3,9223372036854775807))
Edge(362890,299769,(3,9223372036854775807))
Edge(363956,163974,(1,9223372036854775807))
Edge(364123,286727,(3,9223372036854775807))
Edge(364260,337445,(1,9223372036854775807))
Edge(364515,165923,(3,9223372036854775807))
Edge(364685,232391,(3,9223372036854775807))
Edge(364690,356865,(3,9223372036854775807))
Edge(364771,258523,(3,9223372036854775807))
Edge(364959,148982,(3,9223372036854775807))
Edge(364978,336329,(3,9223372036854775807))
Edge(365533,255005,(3,9223372036854775807))
Edge(365920,142371,(3,9223372036854775807))
Edge(366202,9972,(3,9223372036854775807))
Edge(366309,486855,(3,9223372036854775807))
Edge(366591,299759,(3,9223372036854775807))
Edge(366766,378771,(3,9223372036854775807))
Edge(367182,128860,(3,9223372036854775807))
Edge(368143,41345,(3,9223372036854775807))
Edge(368144,187932,(3,9223372036854775807))
Edge(368554,26810,(3,9223372036854775807))
Edge(369401,185598,(3,9223372036854775807))
Edge(369746,140841,(3,9223372036854775807))
Edge(369765,394763,(3,9223372036854775807))
Edge(369989,191354,(3,9223372036854775807))
Edge(370398,93143,(3,9223372036854775807))
Edge(370719,58326,(3,9223372036854775807))
Edge(371127,229199,(3,9223372036854775807))
Edge(371201,221288,(1,3))
Edge(371410,231797,(3,9223372036854775807))
Edge(371856,91677,(3,9223372036854775807))
Edge(372256,139885,(1,9223372036854775807))
Edge(372306,66655,(3,9223372036854775807))
Edge(372817,265665,(3,9223372036854775807))
Edge(372953,155187,(3,9223372036854775807))
Edge(373605,221362,(1,3))
Edge(373777,496612,(3,9223372036854775807))
Edge(373795,130167,(3,9223372036854775807))
Edge(374157,425068,(3,9223372036854775807))
Edge(374717,233549,(1,9223372036854775807))
Edge(374965,301356,(3,9223372036854775807))
Edge(375142,126186,(3,9223372036854775807))
Edge(375313,449484,(3,9223372036854775807))
Edge(375726,216620,(3,9223372036854775807))
Edge(375959,400682,(1,9223372036854775807))
Edge(376086,304745,(1,3))
Edge(376096,93287,(1,9223372036854775807))
Edge(376308,422242,(3,9223372036854775807))
Edge(376593,169431,(3,9223372036854775807))
Edge(376987,320320,(3,9223372036854775807))
Edge(377376,489814,(1,3))
Edge(377532,53181,(3,9223372036854775807))
Edge(377919,7196,(1,3))
Edge(378233,451834,(1,9223372036854775807))
Edge(378545,254041,(3,9223372036854775807))
Edge(378843,375121,(3,9223372036854775807))
Edge(379774,145435,(3,9223372036854775807))
Edge(379809,312950,(3,9223372036854775807))
Edge(379844,327630,(3,9223372036854775807))
Edge(379960,498898,(3,9223372036854775807))
Edge(379968,110870,(3,9223372036854775807))
Edge(380278,382244,(1,3))
Edge(380288,307766,(3,9223372036854775807))
Edge(380808,23675,(3,9223372036854775807))
Edge(380841,212727,(3,9223372036854775807))
Edge(381538,366484,(3,9223372036854775807))
Edge(381794,180010,(3,9223372036854775807))
Edge(382013,44700,(1,9223372036854775807))
Edge(382013,249276,(3,9223372036854775807))
Edge(382190,381983,(3,9223372036854775807))
Edge(382269,81395,(3,9223372036854775807))
Edge(382775,459471,(3,9223372036854775807))
Edge(382825,273521,(1,9223372036854775807))
Edge(383064,261885,(3,9223372036854775807))
Edge(383789,47168,(3,9223372036854775807))
Edge(383902,341424,(1,9223372036854775807))
Edge(384028,139415,(1,9223372036854775807))
Edge(384305,72239,(1,9223372036854775807))
Edge(384417,130454,(3,9223372036854775807))
Edge(384613,328553,(3,9223372036854775807))
Edge(384710,343082,(4,9223372036854775807))
Edge(384766,28719,(3,9223372036854775807))
Edge(385252,296562,(1,9223372036854775807))
Edge(385259,127175,(3,9223372036854775807))
Edge(385773,464055,(3,9223372036854775807))
Edge(385818,408790,(3,9223372036854775807))
Edge(386613,269504,(1,3))
Edge(386688,13641,(3,9223372036854775807))
Edge(386893,272169,(3,9223372036854775807))
Edge(387023,150574,(3,9223372036854775807))
Edge(387847,126360,(3,9223372036854775807))
Edge(387856,381067,(3,9223372036854775807))
Edge(387884,365641,(3,9223372036854775807))
Edge(388096,163243,(3,9223372036854775807))
Edge(388110,110017,(1,9223372036854775807))
Edge(388300,308008,(3,9223372036854775807))
Edge(388483,410611,(3,9223372036854775807))
Edge(388898,107951,(3,9223372036854775807))
Edge(389186,137434,(3,9223372036854775807))
Edge(389459,249485,(3,9223372036854775807))
Edge(390065,157055,(3,9223372036854775807))
Edge(390297,451019,(3,9223372036854775807))
Edge(390533,55454,(3,9223372036854775807))
Edge(390542,271348,(3,9223372036854775807))
Edge(390642,336478,(3,9223372036854775807))
Edge(390928,226003,(3,9223372036854775807))
Edge(391126,39152,(3,9223372036854775807))
Edge(391144,54702,(1,9223372036854775807))
Edge(391255,351915,(3,9223372036854775807))
Edge(391751,16368,(1,3))
Edge(392261,229404,(3,9223372036854775807))
Edge(392278,340659,(3,9223372036854775807))
Edge(392624,263185,(3,9223372036854775807))
Edge(393006,474172,(1,3))
Edge(393079,193351,(1,3))
Edge(393128,220570,(3,9223372036854775807))
Edge(393364,170133,(1,9223372036854775807))
Edge(393470,480948,(3,9223372036854775807))
Edge(393728,80667,(3,9223372036854775807))
Edge(394929,472090,(3,9223372036854775807))
Edge(395074,265962,(1,9223372036854775807))
Edge(395146,379433,(1,9223372036854775807))
Edge(395352,449849,(1,3))
Edge(396120,30869,(3,9223372036854775807))
Edge(396199,183429,(3,9223372036854775807))
Edge(396289,191196,(3,9223372036854775807))
Edge(396854,466942,(3,9223372036854775807))
Edge(396858,480793,(1,9223372036854775807))
Edge(397018,335102,(3,9223372036854775807))
Edge(397107,94203,(4,9223372036854775807))
Edge(397225,56690,(3,9223372036854775807))
Edge(398066,93233,(1,3))
Edge(398362,443248,(1,9223372036854775807))
Edge(398368,8739,(1,3))
Edge(398556,289036,(3,9223372036854775807))
Edge(398762,440211,(1,9223372036854775807))
Edge(398818,117392,(1,3))
Edge(398978,385412,(3,9223372036854775807))
Edge(399003,491174,(3,9223372036854775807))
Edge(399059,178101,(3,9223372036854775807))
Edge(399830,41289,(3,9223372036854775807))
Edge(400133,1430,(3,9223372036854775807))
Edge(400437,411645,(3,9223372036854775807))
Edge(400877,190729,(3,9223372036854775807))
Edge(401360,249811,(3,9223372036854775807))
Edge(401649,271832,(3,9223372036854775807))
Edge(401675,440046,(3,9223372036854775807))
Edge(402295,353097,(3,9223372036854775807))
Edge(402732,348589,(3,9223372036854775807))
Edge(403606,252659,(3,9223372036854775807))
Edge(404827,245895,(3,9223372036854775807))
Edge(404862,71193,(3,9223372036854775807))
Edge(405219,445248,(3,9223372036854775807))
Edge(405469,178250,(3,9223372036854775807))
Edge(405970,109292,(3,9223372036854775807))
Edge(405973,137790,(3,9223372036854775807))
Edge(406737,25091,(3,9223372036854775807))
Edge(406931,408720,(3,9223372036854775807))
Edge(407387,442103,(3,9223372036854775807))
Edge(407663,178886,(3,9223372036854775807))
Edge(408158,266039,(3,9223372036854775807))
Edge(408516,99408,(3,9223372036854775807))
Edge(408905,93580,(1,9223372036854775807))
Edge(409792,253599,(3,9223372036854775807))
Edge(409810,30755,(3,9223372036854775807))
Edge(409828,405767,(1,3))
Edge(409909,63207,(3,9223372036854775807))
Edge(409937,295732,(1,9223372036854775807))
Edge(410775,267552,(3,9223372036854775807))
Edge(411788,345843,(3,9223372036854775807))
Edge(412278,499529,(3,9223372036854775807))
Edge(412296,158571,(3,9223372036854775807))
Edge(412318,285853,(1,9223372036854775807))
Edge(412536,414130,(3,9223372036854775807))
Edge(412694,98362,(3,9223372036854775807))
Edge(412834,411051,(3,9223372036854775807))
Edge(413146,311081,(3,9223372036854775807))
Edge(413328,142991,(3,9223372036854775807))
Edge(413585,461919,(1,3))
Edge(413774,413656,(3,9223372036854775807))
Edge(413987,46340,(3,9223372036854775807))
Edge(414037,261989,(3,9223372036854775807))
Edge(414556,25815,(1,9223372036854775807))
Edge(414769,12960,(1,9223372036854775807))
Edge(414777,368967,(3,9223372036854775807))
Edge(416254,183326,(3,9223372036854775807))
Edge(416491,147397,(3,9223372036854775807))
Edge(416593,127431,(1,3))
Edge(417005,246738,(1,3))
Edge(417815,442919,(3,9223372036854775807))
Edge(418156,387189,(1,9223372036854775807))
Edge(418298,230087,(3,9223372036854775807))
Edge(418437,92790,(1,9223372036854775807))
Edge(419157,257555,(3,9223372036854775807))
Edge(419210,54471,(1,3))
Edge(419308,409987,(3,9223372036854775807))
Edge(420169,255935,(1,3))
Edge(420315,337464,(3,9223372036854775807))
Edge(420327,153445,(3,9223372036854775807))
Edge(420830,449641,(1,9223372036854775807))
Edge(421201,61476,(3,9223372036854775807))
Edge(421458,457563,(3,9223372036854775807))
Edge(421523,320423,(3,9223372036854775807))
Edge(421631,296366,(3,9223372036854775807))
Edge(421679,280352,(3,9223372036854775807))
Edge(421728,379100,(1,3))
Edge(422079,204021,(3,9223372036854775807))
Edge(422408,106171,(3,9223372036854775807))
Edge(423190,156317,(3,9223372036854775807))
Edge(423565,217457,(3,9223372036854775807))
Edge(424027,353087,(3,9223372036854775807))
Edge(424029,251896,(1,9223372036854775807))
Edge(424138,333556,(3,9223372036854775807))
Edge(424293,213868,(1,9223372036854775807))
Edge(424381,335087,(1,9223372036854775807))
Edge(424565,202308,(3,9223372036854775807))
Edge(424578,470513,(3,9223372036854775807))
Edge(425169,165370,(3,9223372036854775807))
Edge(425701,54330,(3,9223372036854775807))
Edge(425834,151512,(3,9223372036854775807))
Edge(426169,341148,(3,9223372036854775807))
Edge(426285,436062,(1,9223372036854775807))
Edge(426463,212991,(1,9223372036854775807))
Edge(426914,442147,(3,9223372036854775807))
Edge(427096,116489,(3,9223372036854775807))
Edge(427198,130331,(1,9223372036854775807))
Edge(427338,2357,(3,9223372036854775807))
Edge(428483,44399,(3,9223372036854775807))
Edge(428691,90196,(3,9223372036854775807))
Edge(428820,157043,(3,9223372036854775807))
Edge(428852,11487,(3,9223372036854775807))
Edge(429068,208322,(3,9223372036854775807))
Edge(429786,378520,(3,9223372036854775807))
Edge(430126,177605,(3,9223372036854775807))
Edge(431958,268831,(3,9223372036854775807))
Edge(432032,41390,(1,9223372036854775807))
Edge(432439,55391,(1,9223372036854775807))
Edge(432670,104392,(3,9223372036854775807))
Edge(432985,418589,(3,9223372036854775807))
Edge(433649,44079,(1,3))
Edge(434181,79818,(3,9223372036854775807))
Edge(434308,372550,(3,9223372036854775807))
Edge(434438,201408,(3,9223372036854775807))
Edge(434603,424530,(3,9223372036854775807))
Edge(434695,121886,(1,3))
Edge(434916,361110,(3,9223372036854775807))
Edge(435018,192770,(1,3))
Edge(435092,462436,(3,9223372036854775807))
Edge(435120,88961,(3,9223372036854775807))
Edge(435626,138087,(3,9223372036854775807))
Edge(435863,308616,(3,9223372036854775807))
Edge(435888,295878,(1,9223372036854775807))
Edge(436485,404454,(3,9223372036854775807))
Edge(436640,263630,(3,9223372036854775807))
Edge(436740,49477,(1,3))
Edge(436870,473371,(1,9223372036854775807))
Edge(436888,78569,(3,9223372036854775807))
Edge(437096,111695,(3,9223372036854775807))
Edge(437110,362674,(4,9223372036854775807))
Edge(437688,231297,(3,9223372036854775807))
Edge(437851,315835,(3,9223372036854775807))
Edge(437869,150058,(1,9223372036854775807))
Edge(437975,458917,(3,9223372036854775807))
Edge(438013,477866,(1,3))
Edge(438413,292480,(3,9223372036854775807))
Edge(438712,109517,(3,9223372036854775807))
Edge(439115,257215,(3,9223372036854775807))
Edge(440021,24303,(3,9223372036854775807))
Edge(440108,213474,(3,9223372036854775807))
Edge(441149,37479,(3,9223372036854775807))
Edge(442197,371589,(3,9223372036854775807))
Edge(442234,471775,(1,9223372036854775807))
Edge(442293,6015,(3,9223372036854775807))
Edge(442549,76351,(3,9223372036854775807))
Edge(442570,200578,(3,9223372036854775807))
Edge(442577,148335,(1,9223372036854775807))
Edge(442635,26844,(3,9223372036854775807))
Edge(442855,334829,(3,9223372036854775807))
Edge(442944,34343,(1,9223372036854775807))
Edge(443021,404924,(3,9223372036854775807))
Edge(444245,79476,(3,9223372036854775807))
Edge(444270,360371,(3,9223372036854775807))
Edge(444438,445783,(1,9223372036854775807))
Edge(444443,181771,(3,9223372036854775807))
Edge(444599,203969,(1,9223372036854775807))
Edge(444703,137108,(3,9223372036854775807))
Edge(445337,342011,(3,9223372036854775807))
Edge(445716,81671,(1,9223372036854775807))
Edge(445989,487680,(3,9223372036854775807))
Edge(446229,485502,(3,9223372036854775807))
Edge(446770,217853,(3,9223372036854775807))
Edge(447287,187642,(1,9223372036854775807))
Edge(447860,159176,(1,9223372036854775807))
Edge(448021,223431,(3,9223372036854775807))
Edge(448034,156235,(3,9223372036854775807))
Edge(448283,216394,(3,9223372036854775807))
Edge(448307,480459,(3,9223372036854775807))
Edge(448602,30406,(3,9223372036854775807))
Edge(448629,229228,(3,9223372036854775807))
Edge(448813,217600,(3,9223372036854775807))
Edge(449331,297838,(1,9223372036854775807))
Edge(449381,93179,(3,9223372036854775807))
Edge(449397,401184,(3,9223372036854775807))
Edge(449521,407411,(1,9223372036854775807))
Edge(449742,15902,(3,9223372036854775807))
Edge(449855,226978,(3,9223372036854775807))
Edge(450206,327256,(3,9223372036854775807))
Edge(450284,6447,(3,9223372036854775807))
Edge(450339,448852,(3,9223372036854775807))
Edge(450368,191742,(3,9223372036854775807))
Edge(450697,381836,(3,9223372036854775807))
Edge(451346,464292,(3,9223372036854775807))
Edge(451459,162789,(1,3))
Edge(451928,81584,(3,9223372036854775807))
Edge(452464,459875,(3,9223372036854775807))
Edge(453298,277163,(3,9223372036854775807))
Edge(453571,472453,(3,9223372036854775807))
Edge(453764,409239,(3,9223372036854775807))
Edge(454174,488778,(1,9223372036854775807))
Edge(454292,400602,(3,9223372036854775807))
Edge(454639,334128,(1,3))
Edge(454944,19197,(1,9223372036854775807))
Edge(456244,144739,(3,9223372036854775807))
Edge(456473,7068,(3,9223372036854775807))
Edge(456838,344591,(3,9223372036854775807))
Edge(456882,353163,(3,9223372036854775807))
Edge(457171,278768,(3,9223372036854775807))
Edge(457189,94995,(1,9223372036854775807))
Edge(457783,114124,(3,9223372036854775807))
Edge(458251,213889,(3,9223372036854775807))
Edge(458470,66136,(3,9223372036854775807))
Edge(458771,272640,(3,9223372036854775807))
Edge(459089,133752,(1,9223372036854775807))
Edge(459368,147725,(1,9223372036854775807))
Edge(459527,128457,(1,9223372036854775807))
Edge(459649,411015,(1,9223372036854775807))
Edge(460092,461744,(3,9223372036854775807))
Edge(460276,15643,(1,3))
Edge(460376,347663,(3,9223372036854775807))
Edge(460389,205409,(3,9223372036854775807))
Edge(460418,196914,(1,9223372036854775807))
Edge(460590,150400,(3,9223372036854775807))
Edge(460669,89278,(1,3))
Edge(461131,429109,(3,9223372036854775807))
Edge(461132,235196,(3,9223372036854775807))
Edge(461430,84855,(3,9223372036854775807))
Edge(461566,184420,(1,3))
Edge(462133,150270,(3,9223372036854775807))
Edge(462194,4579,(3,9223372036854775807))
Edge(462207,473584,(3,9223372036854775807))
Edge(462365,401351,(1,9223372036854775807))
Edge(462540,272079,(3,9223372036854775807))
Edge(462556,379425,(1,9223372036854775807))
Edge(462963,429228,(3,9223372036854775807))
Edge(463325,44759,(1,9223372036854775807))
Edge(463505,33674,(3,9223372036854775807))
Edge(463631,154923,(3,9223372036854775807))
Edge(463750,170291,(3,9223372036854775807))
Edge(464694,213235,(3,9223372036854775807))
Edge(465284,63645,(3,9223372036854775807))
Edge(465574,455259,(3,9223372036854775807))
Edge(465755,237765,(3,9223372036854775807))
Edge(465755,246279,(1,3))
Edge(466205,387426,(1,9223372036854775807))
Edge(466663,284093,(3,9223372036854775807))
Edge(466700,455074,(1,3))
Edge(466785,440386,(1,3))
Edge(466859,189688,(3,9223372036854775807))
Edge(467333,403400,(3,9223372036854775807))
Edge(467370,411349,(1,3))
Edge(467457,60745,(3,9223372036854775807))
Edge(467530,53767,(3,9223372036854775807))
Edge(467637,184179,(1,3))
Edge(467785,418689,(1,9223372036854775807))
Edge(467882,462457,(1,9223372036854775807))
Edge(468203,68971,(3,9223372036854775807))
Edge(468812,148299,(3,9223372036854775807))
Edge(468824,434298,(1,3))
Edge(469325,326660,(3,9223372036854775807))
Edge(469360,140063,(3,9223372036854775807))
Edge(469744,436173,(3,9223372036854775807))
Edge(469927,469106,(3,9223372036854775807))
Edge(470248,8250,(3,9223372036854775807))
Edge(470447,305559,(1,9223372036854775807))
Edge(470861,229423,(3,9223372036854775807))
Edge(471125,214323,(3,9223372036854775807))
Edge(471161,275740,(1,9223372036854775807))
Edge(471190,224441,(3,9223372036854775807))
Edge(471237,210716,(3,9223372036854775807))
Edge(471486,33916,(3,9223372036854775807))
Edge(471623,214933,(1,9223372036854775807))
Edge(471878,428046,(3,9223372036854775807))
Edge(471939,167656,(3,9223372036854775807))
Edge(472549,45425,(3,9223372036854775807))
Edge(472705,325856,(1,9223372036854775807))
Edge(472985,421564,(3,9223372036854775807))
Edge(473241,455307,(3,9223372036854775807))
Edge(473274,161971,(3,9223372036854775807))
Edge(473973,393001,(3,9223372036854775807))
Edge(474046,338777,(3,9223372036854775807))
Edge(474963,181271,(1,9223372036854775807))
Edge(475292,148896,(3,9223372036854775807))
Edge(475380,444365,(3,9223372036854775807))
Edge(475458,390720,(1,3))
Edge(475593,195079,(3,9223372036854775807))
Edge(475720,13786,(3,9223372036854775807))
Edge(475756,43478,(1,3))
Edge(475808,350584,(3,9223372036854775807))
Edge(475965,30897,(3,9223372036854775807))
Edge(476497,27913,(1,3))
Edge(476610,140348,(3,9223372036854775807))
Edge(476939,68823,(3,9223372036854775807))
Edge(477414,345641,(1,9223372036854775807))
Edge(477537,447051,(3,9223372036854775807))
Edge(478203,225650,(3,9223372036854775807))
Edge(478740,210795,(1,9223372036854775807))
Edge(479110,146170,(3,9223372036854775807))
Edge(479329,139567,(1,9223372036854775807))
Edge(479824,28995,(3,9223372036854775807))
Edge(480377,452396,(3,9223372036854775807))
Edge(480406,456640,(3,9223372036854775807))
Edge(480495,215125,(3,9223372036854775807))
Edge(480659,189784,(3,9223372036854775807))
Edge(480682,299659,(3,9223372036854775807))
Edge(480917,24350,(3,9223372036854775807))
Edge(480960,41688,(3,9223372036854775807))
Edge(481363,216352,(3,9223372036854775807))
Edge(481391,479507,(3,9223372036854775807))
Edge(481443,167351,(3,9223372036854775807))
Edge(481819,20808,(3,9223372036854775807))
Edge(482030,189234,(1,3))
Edge(482063,63786,(1,9223372036854775807))
Edge(482260,369780,(1,9223372036854775807))
Edge(482285,416465,(1,3))
Edge(482667,407612,(3,9223372036854775807))
Edge(482807,270690,(3,9223372036854775807))
Edge(483316,376085,(1,9223372036854775807))
Edge(483479,424832,(3,9223372036854775807))
Edge(483588,325938,(3,9223372036854775807))
Edge(483774,339759,(3,9223372036854775807))
Edge(484237,202887,(3,9223372036854775807))
Edge(484320,413323,(3,9223372036854775807))
Edge(484397,480466,(3,9223372036854775807))
Edge(484445,480022,(3,9223372036854775807))
Edge(484485,437429,(3,9223372036854775807))
Edge(484546,354532,(3,9223372036854775807))
Edge(484640,315819,(3,9223372036854775807))
Edge(484889,26629,(3,9223372036854775807))
Edge(485370,241183,(3,9223372036854775807))
Edge(485371,415682,(3,9223372036854775807))
Edge(485708,281181,(3,9223372036854775807))
Edge(486828,341120,(3,9223372036854775807))
Edge(487337,239252,(1,9223372036854775807))
Edge(487546,409161,(3,9223372036854775807))
Edge(487595,7362,(3,9223372036854775807))
Edge(487616,45889,(3,9223372036854775807))
Edge(488162,134967,(3,9223372036854775807))
Edge(488543,82344,(3,9223372036854775807))
Edge(488736,59624,(1,9223372036854775807))
Edge(488757,48552,(3,9223372036854775807))
Edge(489297,451573,(3,9223372036854775807))
Edge(489728,431318,(3,9223372036854775807))
Edge(489873,88165,(1,3))
Edge(490059,51905,(3,9223372036854775807))
Edge(490112,240146,(3,9223372036854775807))
Edge(490190,278111,(3,9223372036854775807))
Edge(490497,103159,(3,9223372036854775807))
Edge(490742,70691,(3,9223372036854775807))
Edge(490985,419325,(3,9223372036854775807))
Edge(491069,306475,(3,9223372036854775807))
Edge(491790,437533,(3,9223372036854775807))
Edge(491813,67502,(1,3))
Edge(491885,150720,(3,9223372036854775807))
Edge(492114,205751,(3,9223372036854775807))
Edge(492574,270732,(1,9223372036854775807))
Edge(493229,302492,(3,9223372036854775807))
Edge(493249,72397,(1,9223372036854775807))
Edge(493507,284900,(1,9223372036854775807))
Edge(493597,256875,(3,9223372036854775807))
Edge(494316,127678,(3,9223372036854775807))
Edge(494322,268928,(3,9223372036854775807))
Edge(494469,414341,(1,9223372036854775807))
Edge(495421,486660,(1,9223372036854775807))
Edge(495910,129444,(3,9223372036854775807))
Edge(496166,36115,(3,9223372036854775807))
Edge(496232,100172,(3,9223372036854775807))
Edge(496254,116876,(1,3))
Edge(496259,45757,(3,9223372036854775807))
Edge(496622,110260,(3,9223372036854775807))
Edge(496806,57518,(3,9223372036854775807))
Edge(497632,412537,(3,9223372036854775807))
Edge(498175,210547,(1,9223372036854775807))
Edge(498222,480628,(1,3))
Edge(498265,205848,(1,9223372036854775807))
Edge(498578,318730,(3,9223372036854775807))
Edge(498618,399389,(1,9223372036854775807))
Edge(499240,90774,(1,3))
Edge(499465,15021,(3,9223372036854775807))
Edge(499570,405312,(1,3))
Edge(499671,139015,(3,9223372036854775807))
Edge(499740,466505,(3,9223372036854775807))
Edge(499819,144342,(3,9223372036854775807))
