Edge(558,466672,(3,9223372036854775807))
Edge(809,265351,(3,9223372036854775807))
Edge(845,134804,(3,9223372036854775807))
Edge(952,457653,(3,9223372036854775807))
Edge(1653,28658,(3,9223372036854775807))
Edge(1859,363761,(3,9223372036854775807))
Edge(2388,15739,(3,9223372036854775807))
Edge(2478,350037,(3,9223372036854775807))
Edge(2492,422019,(3,9223372036854775807))
Edge(2539,257751,(3,9223372036854775807))
Edge(2720,322842,(3,9223372036854775807))
Edge(3532,475687,(3,9223372036854775807))
Edge(3893,102304,(3,9223372036854775807))
Edge(3977,376793,(3,9223372036854775807))
Edge(4000,172697,(4,9223372036854775807))
Edge(4141,247377,(3,9223372036854775807))
Edge(4373,76258,(1,9223372036854775807))
Edge(5428,482362,(3,9223372036854775807))
Edge(5526,33045,(3,9223372036854775807))
Edge(5750,8615,(3,9223372036854775807))
Edge(5917,499532,(3,9223372036854775807))
Edge(5953,432393,(1,9223372036854775807))
Edge(5984,26471,(3,9223372036854775807))
Edge(6794,134657,(3,9223372036854775807))
Edge(6804,48578,(3,9223372036854775807))
Edge(7269,8666,(3,9223372036854775807))
Edge(7594,327948,(3,9223372036854775807))
Edge(7650,302324,(3,9223372036854775807))
Edge(7835,28350,(1,3))
Edge(8035,390551,(1,9223372036854775807))
Edge(8104,80995,(1,9223372036854775807))
Edge(8179,249705,(4,9223372036854775807))
Edge(8974,498655,(3,9223372036854775807))
Edge(9671,184223,(3,9223372036854775807))
Edge(10298,486981,(3,9223372036854775807))
Edge(10494,115633,(1,9223372036854775807))
Edge(10800,262738,(3,9223372036854775807))
Edge(10801,486627,(3,9223372036854775807))
Edge(11034,173426,(3,9223372036854775807))
Edge(11195,57689,(3,9223372036854775807))
Edge(11204,44895,(3,9223372036854775807))
Edge(11226,304332,(1,9223372036854775807))
Edge(11384,159857,(3,9223372036854775807))
Edge(11561,402368,(1,9223372036854775807))
Edge(11613,491865,(3,9223372036854775807))
Edge(11627,482399,(3,9223372036854775807))
Edge(11813,432929,(3,9223372036854775807))
Edge(12108,41155,(3,9223372036854775807))
Edge(12210,423057,(3,9223372036854775807))
Edge(12679,403212,(1,9223372036854775807))
Edge(12716,50080,(3,9223372036854775807))
Edge(12911,238853,(3,9223372036854775807))
Edge(12982,82970,(1,9223372036854775807))
Edge(13234,204381,(3,9223372036854775807))
Edge(13561,3863,(3,9223372036854775807))
Edge(13664,171013,(3,9223372036854775807))
Edge(13720,45315,(1,9223372036854775807))
Edge(13926,367867,(1,9223372036854775807))
Edge(14226,234220,(3,9223372036854775807))
Edge(14343,290262,(3,9223372036854775807))
Edge(14613,124954,(3,9223372036854775807))
Edge(14716,4722,(4,9223372036854775807))
Edge(14769,73637,(3,9223372036854775807))
Edge(15104,25569,(3,9223372036854775807))
Edge(15440,223802,(3,9223372036854775807))
Edge(15603,314472,(3,9223372036854775807))
Edge(16938,231223,(3,9223372036854775807))
Edge(17897,278640,(1,3))
Edge(18142,57741,(3,9223372036854775807))
Edge(18255,316302,(3,9223372036854775807))
Edge(19059,9437,(3,9223372036854775807))
Edge(19218,133445,(3,9223372036854775807))
Edge(19468,410867,(3,9223372036854775807))
Edge(19560,53537,(3,9223372036854775807))
Edge(19856,41975,(1,9223372036854775807))
Edge(19946,355327,(3,9223372036854775807))
Edge(20261,291553,(3,9223372036854775807))
Edge(20407,179291,(1,9223372036854775807))
Edge(20876,481515,(3,9223372036854775807))
Edge(20984,266081,(3,9223372036854775807))
Edge(21287,231868,(1,3))
Edge(21623,287567,(3,9223372036854775807))
Edge(21897,95209,(3,9223372036854775807))
Edge(22016,73166,(3,9223372036854775807))
Edge(22267,45978,(3,9223372036854775807))
Edge(22299,290011,(3,9223372036854775807))
Edge(22472,296165,(1,9223372036854775807))
Edge(22677,31953,(3,9223372036854775807))
Edge(22710,147558,(1,3))
Edge(23310,235314,(3,9223372036854775807))
Edge(24199,68577,(3,9223372036854775807))
Edge(24813,124317,(1,9223372036854775807))
Edge(24999,190928,(3,9223372036854775807))
Edge(25018,244480,(3,9223372036854775807))
Edge(25425,414908,(1,9223372036854775807))
Edge(25729,441955,(3,9223372036854775807))
Edge(26010,471452,(1,9223372036854775807))
Edge(26293,12345,(3,9223372036854775807))
Edge(26347,248586,(3,9223372036854775807))
Edge(26639,43879,(3,9223372036854775807))
Edge(26725,76960,(3,9223372036854775807))
Edge(26788,194907,(3,9223372036854775807))
Edge(27051,232427,(3,9223372036854775807))
Edge(27279,184055,(3,9223372036854775807))
Edge(27880,419898,(1,3))
Edge(28072,475902,(3,9223372036854775807))
Edge(28104,419425,(3,9223372036854775807))
Edge(28249,378259,(3,9223372036854775807))
Edge(28408,326809,(1,9223372036854775807))
Edge(28793,398821,(1,3))
Edge(29380,195301,(3,9223372036854775807))
Edge(30318,80533,(1,9223372036854775807))
Edge(30363,220670,(3,9223372036854775807))
Edge(30692,166723,(1,3))
Edge(30810,418121,(3,9223372036854775807))
Edge(30956,489883,(1,9223372036854775807))
Edge(31988,181451,(3,9223372036854775807))
Edge(32066,163728,(3,9223372036854775807))
Edge(32199,141771,(3,9223372036854775807))
Edge(32544,82437,(3,9223372036854775807))
Edge(32780,460588,(4,9223372036854775807))
Edge(33673,181052,(3,9223372036854775807))
Edge(33687,67384,(1,9223372036854775807))
Edge(33739,143739,(3,9223372036854775807))
Edge(33937,58810,(3,9223372036854775807))
Edge(34070,339906,(1,3))
Edge(34478,411778,(3,9223372036854775807))
Edge(35099,444779,(3,9223372036854775807))
Edge(35225,413618,(3,9223372036854775807))
Edge(35577,88503,(3,9223372036854775807))
Edge(35602,92811,(3,9223372036854775807))
Edge(36037,399013,(3,9223372036854775807))
Edge(36084,180346,(3,9223372036854775807))
Edge(36325,393267,(3,9223372036854775807))
Edge(36736,467745,(3,9223372036854775807))
Edge(37038,395942,(3,9223372036854775807))
Edge(37121,120919,(3,9223372036854775807))
Edge(37721,406548,(3,9223372036854775807))
Edge(37785,250617,(3,9223372036854775807))
Edge(38153,356154,(3,9223372036854775807))
Edge(38374,238759,(1,9223372036854775807))
Edge(38961,7241,(3,9223372036854775807))
Edge(39726,387258,(3,9223372036854775807))
Edge(39884,442152,(1,9223372036854775807))
Edge(40069,396004,(3,9223372036854775807))
Edge(40126,449550,(1,9223372036854775807))
Edge(40511,218141,(1,9223372036854775807))
Edge(40569,401770,(3,9223372036854775807))
Edge(40680,496032,(1,3))
Edge(40691,246931,(3,9223372036854775807))
Edge(40841,485998,(3,9223372036854775807))
Edge(41278,367185,(1,9223372036854775807))
Edge(41354,54516,(3,9223372036854775807))
Edge(42165,216993,(3,9223372036854775807))
Edge(42322,283140,(3,9223372036854775807))
Edge(43033,75772,(3,9223372036854775807))
Edge(43069,129008,(1,9223372036854775807))
Edge(43112,39136,(3,9223372036854775807))
Edge(43469,19631,(1,9223372036854775807))
Edge(43959,274074,(3,9223372036854775807))
Edge(44159,129796,(3,9223372036854775807))
Edge(44168,321600,(3,9223372036854775807))
Edge(44443,200938,(1,9223372036854775807))
Edge(44797,450676,(3,9223372036854775807))
Edge(44862,46714,(1,3))
Edge(45251,364372,(3,9223372036854775807))
Edge(46078,419971,(1,3))
Edge(46112,476086,(3,9223372036854775807))
Edge(48018,429470,(3,9223372036854775807))
Edge(48308,454746,(3,9223372036854775807))
Edge(48310,17391,(3,9223372036854775807))
Edge(48424,249766,(3,9223372036854775807))
Edge(48483,329263,(1,3))
Edge(49056,488586,(3,9223372036854775807))
Edge(49142,264699,(3,9223372036854775807))
Edge(49433,201422,(3,9223372036854775807))
Edge(49498,145122,(3,9223372036854775807))
Edge(49705,162389,(3,9223372036854775807))
Edge(51170,101806,(3,9223372036854775807))
Edge(51192,396686,(1,3))
Edge(51269,37180,(3,9223372036854775807))
Edge(51638,477781,(3,9223372036854775807))
Edge(52051,439590,(3,9223372036854775807))
Edge(52392,215431,(3,9223372036854775807))
Edge(52858,9224,(1,3))
Edge(53057,238445,(3,9223372036854775807))
Edge(53467,423805,(1,3))
Edge(53705,323054,(3,9223372036854775807))
Edge(53740,171400,(3,9223372036854775807))
Edge(53946,383875,(3,9223372036854775807))
Edge(54505,283403,(1,9223372036854775807))
Edge(55023,429933,(3,9223372036854775807))
Edge(55516,161703,(3,9223372036854775807))
Edge(56267,13821,(3,9223372036854775807))
Edge(56373,238064,(1,9223372036854775807))
Edge(57107,235529,(3,9223372036854775807))
Edge(58249,465332,(3,9223372036854775807))
Edge(58775,266755,(3,9223372036854775807))
Edge(59146,399889,(3,9223372036854775807))
Edge(59161,438912,(3,9223372036854775807))
Edge(59162,183463,(3,9223372036854775807))
Edge(59247,190369,(3,9223372036854775807))
Edge(60081,57429,(3,9223372036854775807))
Edge(60094,403650,(3,9223372036854775807))
Edge(60244,128299,(3,9223372036854775807))
Edge(60421,216104,(3,9223372036854775807))
Edge(60906,358087,(3,9223372036854775807))
Edge(61100,91550,(3,9223372036854775807))
Edge(62429,420268,(3,9223372036854775807))
Edge(62807,280558,(3,9223372036854775807))
Edge(62905,473190,(3,9223372036854775807))
Edge(63368,188524,(3,9223372036854775807))
Edge(63551,107684,(3,9223372036854775807))
Edge(63671,275163,(3,9223372036854775807))
Edge(64360,453835,(3,9223372036854775807))
Edge(64813,195996,(1,3))
Edge(65248,269230,(3,9223372036854775807))
Edge(65552,149444,(3,9223372036854775807))
Edge(65631,406210,(1,3))
Edge(65850,141163,(3,9223372036854775807))
Edge(65946,8240,(3,9223372036854775807))
Edge(66048,121695,(3,9223372036854775807))
Edge(66757,70000,(1,3))
Edge(67129,83679,(3,9223372036854775807))
Edge(67263,57849,(1,9223372036854775807))
Edge(67951,156269,(3,9223372036854775807))
Edge(68143,498630,(3,9223372036854775807))
Edge(68354,332714,(1,9223372036854775807))
Edge(68550,352690,(3,9223372036854775807))
Edge(69077,61852,(3,9223372036854775807))
Edge(69192,291044,(3,9223372036854775807))
Edge(69809,164808,(1,3))
Edge(70094,347885,(3,9223372036854775807))
Edge(70322,399658,(3,9223372036854775807))
Edge(70569,152895,(3,9223372036854775807))
Edge(70633,466286,(3,9223372036854775807))
Edge(70851,255515,(3,9223372036854775807))
Edge(70996,462425,(3,9223372036854775807))
Edge(71530,159053,(3,9223372036854775807))
Edge(71666,296949,(3,9223372036854775807))
Edge(71983,279696,(3,9223372036854775807))
Edge(72203,102762,(1,9223372036854775807))
Edge(72556,206569,(3,9223372036854775807))
Edge(72746,98803,(3,9223372036854775807))
Edge(73202,455234,(3,9223372036854775807))
Edge(73412,112322,(3,9223372036854775807))
Edge(73468,112506,(3,9223372036854775807))
Edge(73704,184837,(3,9223372036854775807))
Edge(73774,47016,(3,9223372036854775807))
Edge(74451,14500,(3,9223372036854775807))
Edge(74475,211566,(3,9223372036854775807))
Edge(74764,434145,(3,9223372036854775807))
Edge(74781,135868,(3,9223372036854775807))
Edge(74932,145618,(3,9223372036854775807))
Edge(76165,185650,(3,9223372036854775807))
Edge(76449,217314,(3,9223372036854775807))
Edge(76645,437548,(3,9223372036854775807))
Edge(77097,54953,(3,9223372036854775807))
Edge(77653,463614,(3,9223372036854775807))
Edge(77735,190312,(3,9223372036854775807))
Edge(77959,323554,(3,9223372036854775807))
Edge(78068,356811,(3,9223372036854775807))
Edge(78241,87629,(3,9223372036854775807))
Edge(78314,287872,(1,9223372036854775807))
Edge(78790,467310,(1,9223372036854775807))
Edge(78803,416865,(1,9223372036854775807))
Edge(79266,418970,(3,9223372036854775807))
Edge(79365,448749,(3,9223372036854775807))
Edge(79596,352745,(1,9223372036854775807))
Edge(80182,218349,(3,9223372036854775807))
Edge(81246,217520,(3,9223372036854775807))
Edge(81319,179354,(3,9223372036854775807))
Edge(81329,459426,(3,9223372036854775807))
Edge(81466,76539,(3,9223372036854775807))
Edge(81554,21280,(3,9223372036854775807))
Edge(81644,478222,(3,9223372036854775807))
Edge(81811,7462,(3,9223372036854775807))
Edge(81896,351625,(3,9223372036854775807))
Edge(82233,25166,(3,9223372036854775807))
Edge(82604,285703,(3,9223372036854775807))
Edge(82628,253548,(3,9223372036854775807))
Edge(82840,114600,(3,9223372036854775807))
Edge(83670,53141,(1,9223372036854775807))
Edge(83800,490812,(3,9223372036854775807))
Edge(84152,237603,(1,9223372036854775807))
Edge(85001,156985,(1,3))
Edge(85072,320718,(3,9223372036854775807))
Edge(86237,169134,(3,9223372036854775807))
Edge(86454,395735,(3,9223372036854775807))
Edge(86543,96471,(3,9223372036854775807))
Edge(87376,333874,(1,3))
Edge(87571,401530,(3,9223372036854775807))
Edge(87737,445903,(3,9223372036854775807))
Edge(88189,223692,(3,9223372036854775807))
Edge(88371,124089,(3,9223372036854775807))
Edge(88678,348978,(1,9223372036854775807))
Edge(88802,251578,(1,9223372036854775807))
Edge(88934,69301,(3,9223372036854775807))
Edge(88971,140450,(1,9223372036854775807))
Edge(89163,220694,(3,9223372036854775807))
Edge(89255,186022,(3,9223372036854775807))
Edge(89424,323062,(3,9223372036854775807))
Edge(89706,397890,(3,9223372036854775807))
Edge(89737,260456,(3,9223372036854775807))
Edge(89777,345059,(1,3))
Edge(89903,201735,(3,9223372036854775807))
Edge(90058,201013,(3,9223372036854775807))
Edge(90718,359615,(1,3))
Edge(90782,178437,(3,9223372036854775807))
Edge(91035,262726,(3,9223372036854775807))
Edge(91218,227285,(3,9223372036854775807))
Edge(91322,381652,(3,9223372036854775807))
Edge(91407,245039,(1,3))
Edge(91581,190794,(3,9223372036854775807))
Edge(92073,206294,(3,9223372036854775807))
Edge(92413,171523,(3,9223372036854775807))
Edge(92463,179463,(1,9223372036854775807))
Edge(92607,63140,(1,9223372036854775807))
Edge(92614,481518,(3,9223372036854775807))
Edge(92688,204090,(3,9223372036854775807))
Edge(92700,311033,(1,9223372036854775807))
Edge(92729,248904,(3,9223372036854775807))
Edge(93272,201140,(3,9223372036854775807))
Edge(93433,100344,(3,9223372036854775807))
Edge(93518,386776,(1,9223372036854775807))
Edge(93673,82377,(3,9223372036854775807))
Edge(94181,156118,(1,9223372036854775807))
Edge(94319,62972,(3,9223372036854775807))
Edge(95260,317232,(3,9223372036854775807))
Edge(95510,172810,(3,9223372036854775807))
Edge(95538,268027,(1,3))
Edge(95825,117175,(3,9223372036854775807))
Edge(95903,374627,(3,9223372036854775807))
Edge(95968,355050,(3,9223372036854775807))
Edge(95979,100489,(3,9223372036854775807))
Edge(95979,362870,(3,9223372036854775807))
Edge(96181,294862,(1,9223372036854775807))
Edge(96283,178419,(1,9223372036854775807))
Edge(96501,158148,(3,9223372036854775807))
Edge(96512,255093,(3,9223372036854775807))
Edge(96773,192857,(3,9223372036854775807))
Edge(96967,275992,(3,9223372036854775807))
Edge(96979,367335,(3,9223372036854775807))
Edge(97005,479975,(3,9223372036854775807))
Edge(97212,114456,(1,9223372036854775807))
Edge(97540,115744,(3,9223372036854775807))
Edge(97609,26880,(3,9223372036854775807))
Edge(97671,126137,(3,9223372036854775807))
Edge(97992,241301,(1,9223372036854775807))
Edge(98097,250842,(3,9223372036854775807))
Edge(98749,335245,(3,9223372036854775807))
Edge(98907,366324,(1,9223372036854775807))
Edge(98920,244939,(3,9223372036854775807))
Edge(98986,233350,(3,9223372036854775807))
Edge(99092,254747,(3,9223372036854775807))
Edge(99188,192216,(3,9223372036854775807))
Edge(99232,302030,(1,9223372036854775807))
Edge(99319,406858,(3,9223372036854775807))
Edge(99553,377924,(3,9223372036854775807))
Edge(99587,442333,(3,9223372036854775807))
Edge(99787,47128,(3,9223372036854775807))
Edge(99809,144305,(1,3))
Edge(99887,427603,(3,9223372036854775807))
Edge(100043,125334,(1,9223372036854775807))
Edge(100161,139297,(1,3))
Edge(100364,487102,(3,9223372036854775807))
Edge(100453,391750,(3,9223372036854775807))
Edge(100582,453983,(3,9223372036854775807))
Edge(100909,273493,(3,9223372036854775807))
Edge(101025,459945,(3,9223372036854775807))
Edge(101814,185689,(3,9223372036854775807))
Edge(101961,2552,(3,9223372036854775807))
Edge(102384,74260,(3,9223372036854775807))
Edge(102777,306751,(1,9223372036854775807))
Edge(102890,18260,(3,9223372036854775807))
Edge(103195,291410,(3,9223372036854775807))
Edge(103358,21269,(3,9223372036854775807))
Edge(104206,252034,(3,9223372036854775807))
Edge(104870,411265,(3,9223372036854775807))
Edge(105276,271792,(3,9223372036854775807))
Edge(106178,193893,(3,9223372036854775807))
Edge(106545,479986,(3,9223372036854775807))
Edge(106729,290854,(3,9223372036854775807))
Edge(106921,29417,(1,9223372036854775807))
Edge(106974,131656,(1,9223372036854775807))
Edge(107320,321273,(1,3))
Edge(107590,64618,(3,9223372036854775807))
Edge(107988,482225,(3,9223372036854775807))
Edge(108001,423848,(3,9223372036854775807))
Edge(108156,378683,(3,9223372036854775807))
Edge(108322,217095,(1,9223372036854775807))
Edge(108544,37839,(3,9223372036854775807))
Edge(108730,296775,(3,9223372036854775807))
Edge(108974,392252,(3,9223372036854775807))
Edge(109054,15280,(3,9223372036854775807))
Edge(109144,360460,(3,9223372036854775807))
Edge(109226,302361,(3,9223372036854775807))
Edge(109984,162352,(1,9223372036854775807))
Edge(110083,1107,(3,9223372036854775807))
Edge(110281,446245,(3,9223372036854775807))
Edge(110528,252468,(1,9223372036854775807))
Edge(110993,85101,(1,9223372036854775807))
Edge(111595,343068,(3,9223372036854775807))
Edge(112118,230448,(3,9223372036854775807))
Edge(112534,236232,(3,9223372036854775807))
Edge(112798,224247,(3,9223372036854775807))
Edge(113221,391427,(1,3))
Edge(115131,399036,(3,9223372036854775807))
Edge(115157,324760,(3,9223372036854775807))
Edge(115507,171469,(3,9223372036854775807))
Edge(115832,177635,(3,9223372036854775807))
Edge(116807,333433,(3,9223372036854775807))
Edge(116856,15504,(3,9223372036854775807))
Edge(117083,214488,(3,9223372036854775807))
Edge(117132,340490,(3,9223372036854775807))
Edge(117508,273619,(3,9223372036854775807))
Edge(117515,346818,(1,9223372036854775807))
Edge(118265,328074,(3,9223372036854775807))
Edge(118747,427735,(3,9223372036854775807))
Edge(119106,249092,(3,9223372036854775807))
Edge(119254,456387,(3,9223372036854775807))
Edge(119588,301187,(3,9223372036854775807))
Edge(119928,14069,(3,9223372036854775807))
Edge(120353,154525,(1,3))
Edge(121082,41376,(3,9223372036854775807))
Edge(121359,290438,(3,9223372036854775807))
Edge(121836,196919,(3,9223372036854775807))
Edge(122059,243321,(1,9223372036854775807))
Edge(122161,13774,(3,9223372036854775807))
Edge(122507,277554,(1,9223372036854775807))
Edge(122971,466879,(3,9223372036854775807))
Edge(123132,24061,(1,3))
Edge(123142,151248,(3,9223372036854775807))
Edge(123221,179927,(3,9223372036854775807))
Edge(123845,166220,(3,9223372036854775807))
Edge(123892,496949,(3,9223372036854775807))
Edge(124088,446729,(1,3))
Edge(124269,363947,(1,9223372036854775807))
Edge(124543,475550,(3,9223372036854775807))
Edge(124621,72606,(1,9223372036854775807))
Edge(124728,189019,(3,9223372036854775807))
Edge(125590,495005,(3,9223372036854775807))
Edge(125648,320073,(3,9223372036854775807))
Edge(125706,18738,(3,9223372036854775807))
Edge(126037,15936,(3,9223372036854775807))
Edge(126089,43495,(3,9223372036854775807))
Edge(126777,316266,(1,3))
Edge(127275,12312,(1,9223372036854775807))
Edge(127936,367327,(3,9223372036854775807))
Edge(128113,80124,(3,9223372036854775807))
Edge(128145,30843,(3,9223372036854775807))
Edge(128252,284168,(3,9223372036854775807))
Edge(128669,180570,(3,9223372036854775807))
Edge(128781,237107,(3,9223372036854775807))
Edge(128959,452623,(3,9223372036854775807))
Edge(129009,151059,(1,3))
Edge(129317,242183,(3,9223372036854775807))
Edge(129460,2853,(3,9223372036854775807))
Edge(129824,47970,(3,9223372036854775807))
Edge(130066,308615,(3,9223372036854775807))
Edge(130214,87020,(3,9223372036854775807))
Edge(130335,489344,(3,9223372036854775807))
Edge(130338,312219,(3,9223372036854775807))
Edge(131541,369836,(3,9223372036854775807))
Edge(132309,434915,(3,9223372036854775807))
Edge(132429,406032,(3,9223372036854775807))
Edge(132888,68778,(3,9223372036854775807))
Edge(133167,191155,(1,9223372036854775807))
Edge(133331,45755,(1,9223372036854775807))
Edge(133395,45427,(3,9223372036854775807))
Edge(133781,259514,(3,9223372036854775807))
Edge(133891,355190,(3,9223372036854775807))
Edge(134311,80707,(3,9223372036854775807))
Edge(134456,413003,(1,9223372036854775807))
Edge(134684,186572,(3,9223372036854775807))
Edge(134998,389931,(3,9223372036854775807))
Edge(135096,456143,(3,9223372036854775807))
Edge(135235,115025,(3,9223372036854775807))
Edge(135379,158535,(3,9223372036854775807))
Edge(135807,443450,(1,3))
Edge(135839,43226,(3,9223372036854775807))
Edge(136000,183607,(3,9223372036854775807))
Edge(136090,99698,(3,9223372036854775807))
Edge(136800,352135,(3,9223372036854775807))
Edge(136961,417300,(3,9223372036854775807))
Edge(136981,99117,(3,9223372036854775807))
Edge(137171,118001,(3,9223372036854775807))
Edge(137255,202627,(3,9223372036854775807))
Edge(137381,14771,(3,9223372036854775807))
Edge(137990,177326,(3,9223372036854775807))
Edge(138038,194545,(3,9223372036854775807))
Edge(138404,10931,(1,9223372036854775807))
Edge(138837,74604,(3,9223372036854775807))
Edge(139018,452989,(3,9223372036854775807))
Edge(139428,248580,(3,9223372036854775807))
Edge(139869,126587,(1,9223372036854775807))
Edge(140464,383981,(3,9223372036854775807))
Edge(140604,463122,(3,9223372036854775807))
Edge(140674,279527,(3,9223372036854775807))
Edge(141222,366165,(3,9223372036854775807))
Edge(141597,128287,(3,9223372036854775807))
Edge(141740,68088,(3,9223372036854775807))
Edge(141833,30672,(3,9223372036854775807))
Edge(142103,181874,(3,9223372036854775807))
Edge(142631,462550,(3,9223372036854775807))
Edge(142672,444065,(3,9223372036854775807))
Edge(143162,125641,(1,3))
Edge(143526,97832,(3,9223372036854775807))
Edge(143577,37115,(3,9223372036854775807))
Edge(143628,352555,(3,9223372036854775807))
Edge(143799,156126,(3,9223372036854775807))
Edge(144070,407764,(1,3))
Edge(144334,393427,(3,9223372036854775807))
Edge(145052,320453,(3,9223372036854775807))
Edge(145370,112523,(3,9223372036854775807))
Edge(145878,490328,(3,9223372036854775807))
Edge(146032,438313,(3,9223372036854775807))
Edge(146567,456604,(3,9223372036854775807))
Edge(146832,25246,(3,9223372036854775807))
Edge(146833,8756,(3,9223372036854775807))
Edge(146882,334733,(3,9223372036854775807))
Edge(146903,54400,(3,9223372036854775807))
Edge(147100,100652,(1,9223372036854775807))
Edge(147337,415886,(3,9223372036854775807))
Edge(147353,76740,(3,9223372036854775807))
Edge(147369,80601,(3,9223372036854775807))
Edge(147534,63790,(3,9223372036854775807))
Edge(147949,295055,(1,9223372036854775807))
Edge(148021,265755,(3,9223372036854775807))
Edge(148399,154528,(3,9223372036854775807))
Edge(148516,274252,(3,9223372036854775807))
Edge(148685,67275,(1,9223372036854775807))
Edge(149272,116461,(1,3))
Edge(149553,165207,(3,9223372036854775807))
Edge(149584,451875,(3,9223372036854775807))
Edge(149623,176180,(3,9223372036854775807))
Edge(149658,495734,(3,9223372036854775807))
Edge(149842,116854,(3,9223372036854775807))
Edge(150775,323874,(3,9223372036854775807))
Edge(150971,51039,(3,9223372036854775807))
Edge(151101,34596,(3,9223372036854775807))
Edge(151194,53520,(3,9223372036854775807))
Edge(151492,206527,(3,9223372036854775807))
Edge(151952,70794,(3,9223372036854775807))
Edge(152603,269615,(3,9223372036854775807))
Edge(152862,18794,(3,9223372036854775807))
Edge(152873,182462,(1,9223372036854775807))
Edge(153599,81022,(3,9223372036854775807))
Edge(153964,427159,(3,9223372036854775807))
Edge(154160,487096,(3,9223372036854775807))
Edge(154175,100205,(3,9223372036854775807))
Edge(154470,30280,(3,9223372036854775807))
Edge(154500,148590,(3,9223372036854775807))
Edge(154642,88576,(3,9223372036854775807))
Edge(155406,177292,(1,9223372036854775807))
Edge(155449,77732,(1,9223372036854775807))
Edge(155450,78494,(3,9223372036854775807))
Edge(155837,261380,(3,9223372036854775807))
Edge(156615,303989,(3,9223372036854775807))
Edge(156770,465468,(1,9223372036854775807))
Edge(156775,377080,(3,9223372036854775807))
Edge(156903,277725,(3,9223372036854775807))
Edge(157392,114868,(1,9223372036854775807))
Edge(157504,115182,(3,9223372036854775807))
Edge(157821,470818,(3,9223372036854775807))
Edge(158007,86066,(3,9223372036854775807))
Edge(158123,81234,(3,9223372036854775807))
Edge(158603,259303,(3,9223372036854775807))
Edge(158957,246608,(3,9223372036854775807))
Edge(159436,218427,(1,3))
Edge(160043,312703,(3,9223372036854775807))
Edge(160642,241822,(3,9223372036854775807))
Edge(160807,260058,(3,9223372036854775807))
Edge(160869,141586,(3,9223372036854775807))
Edge(160924,355071,(3,9223372036854775807))
Edge(161080,228153,(3,9223372036854775807))
Edge(161147,428185,(3,9223372036854775807))
Edge(162341,122589,(1,9223372036854775807))
Edge(162884,135715,(3,9223372036854775807))
Edge(162894,450611,(1,9223372036854775807))
Edge(162961,49871,(3,9223372036854775807))
Edge(163141,453243,(3,9223372036854775807))
Edge(163250,257969,(3,9223372036854775807))
Edge(163291,476159,(3,9223372036854775807))
Edge(163497,197078,(3,9223372036854775807))
Edge(163631,232682,(3,9223372036854775807))
Edge(163966,301998,(1,3))
Edge(164058,15873,(3,9223372036854775807))
Edge(164159,45827,(3,9223372036854775807))
Edge(164328,198103,(3,9223372036854775807))
Edge(164959,310051,(1,9223372036854775807))
Edge(165318,113088,(3,9223372036854775807))
Edge(165480,311876,(3,9223372036854775807))
Edge(165621,198978,(1,9223372036854775807))
Edge(165927,214420,(3,9223372036854775807))
Edge(166589,391998,(3,9223372036854775807))
Edge(166862,208117,(1,9223372036854775807))
Edge(166941,132260,(3,9223372036854775807))
Edge(167200,363460,(3,9223372036854775807))
Edge(167344,74372,(1,3))
Edge(167982,81096,(3,9223372036854775807))
Edge(168101,371228,(3,9223372036854775807))
Edge(168120,212117,(3,9223372036854775807))
Edge(168302,161335,(3,9223372036854775807))
Edge(168628,22233,(3,9223372036854775807))
Edge(169014,322557,(3,9223372036854775807))
Edge(169027,27618,(3,9223372036854775807))
Edge(169085,96884,(3,9223372036854775807))
Edge(169198,260639,(1,3))
Edge(169459,351595,(1,9223372036854775807))
Edge(169463,54535,(3,9223372036854775807))
Edge(169527,418627,(3,9223372036854775807))
Edge(169893,168982,(3,9223372036854775807))
Edge(169923,435366,(3,9223372036854775807))
Edge(170651,27295,(3,9223372036854775807))
Edge(170727,132348,(1,9223372036854775807))
Edge(170777,461832,(3,9223372036854775807))
Edge(171142,125701,(3,9223372036854775807))
Edge(171206,161657,(3,9223372036854775807))
Edge(171426,142596,(1,3))
Edge(171932,382100,(1,3))
Edge(172128,215615,(3,9223372036854775807))
Edge(172163,341750,(3,9223372036854775807))
Edge(172744,258840,(3,9223372036854775807))
Edge(173100,271800,(3,9223372036854775807))
Edge(173595,195525,(3,9223372036854775807))
Edge(174099,112945,(3,9223372036854775807))
Edge(174407,370693,(3,9223372036854775807))
Edge(174654,172899,(3,9223372036854775807))
Edge(175081,145525,(1,9223372036854775807))
Edge(175407,348407,(3,9223372036854775807))
Edge(175469,159747,(3,9223372036854775807))
Edge(176186,218737,(3,9223372036854775807))
Edge(176565,85321,(3,9223372036854775807))
Edge(176649,141306,(1,9223372036854775807))
Edge(177043,392525,(3,9223372036854775807))
Edge(178260,164142,(3,9223372036854775807))
Edge(178403,97939,(3,9223372036854775807))
Edge(178480,233165,(3,9223372036854775807))
Edge(178805,158762,(3,9223372036854775807))
Edge(178840,303626,(3,9223372036854775807))
Edge(178841,106769,(3,9223372036854775807))
Edge(178980,406515,(3,9223372036854775807))
Edge(179290,481535,(3,9223372036854775807))
Edge(180374,197826,(3,9223372036854775807))
Edge(180895,368758,(3,9223372036854775807))
Edge(181070,410203,(4,9223372036854775807))
Edge(181516,32977,(3,9223372036854775807))
Edge(181590,72856,(3,9223372036854775807))
Edge(181668,105796,(3,9223372036854775807))
Edge(181772,353811,(3,9223372036854775807))
Edge(181776,243993,(3,9223372036854775807))
Edge(181782,342097,(3,9223372036854775807))
Edge(182146,151017,(1,9223372036854775807))
Edge(182522,249011,(3,4))
Edge(182679,361360,(3,9223372036854775807))
Edge(182905,451528,(3,9223372036854775807))
Edge(183375,40630,(3,9223372036854775807))
Edge(183703,492582,(3,9223372036854775807))
Edge(183920,4376,(3,9223372036854775807))
Edge(184032,125769,(3,9223372036854775807))
Edge(184163,66184,(3,9223372036854775807))
Edge(184547,115228,(3,9223372036854775807))
Edge(184675,63785,(3,9223372036854775807))
Edge(185221,473421,(3,9223372036854775807))
Edge(185283,81298,(3,9223372036854775807))
Edge(185776,213908,(3,9223372036854775807))
Edge(186536,327341,(3,9223372036854775807))
Edge(186925,457817,(1,9223372036854775807))
Edge(187316,298510,(3,9223372036854775807))
Edge(187410,383919,(1,3))
Edge(187424,176633,(3,9223372036854775807))
Edge(187733,292116,(3,9223372036854775807))
Edge(187975,255153,(3,9223372036854775807))
Edge(188137,265101,(3,9223372036854775807))
Edge(188143,64235,(1,9223372036854775807))
Edge(188252,221096,(3,9223372036854775807))
Edge(188258,423684,(3,9223372036854775807))
Edge(188395,219329,(3,9223372036854775807))
Edge(188565,34507,(1,9223372036854775807))
Edge(189638,180410,(3,9223372036854775807))
Edge(190024,226787,(3,9223372036854775807))
Edge(190124,113637,(3,9223372036854775807))
Edge(190135,254181,(3,9223372036854775807))
Edge(190307,394076,(3,9223372036854775807))
Edge(190461,395236,(3,9223372036854775807))
Edge(190808,307541,(3,9223372036854775807))
Edge(190936,94731,(3,9223372036854775807))
Edge(191751,447186,(3,9223372036854775807))
Edge(191999,466981,(3,9223372036854775807))
Edge(192371,290449,(3,9223372036854775807))
Edge(192526,269873,(1,9223372036854775807))
Edge(193212,161091,(3,9223372036854775807))
Edge(194009,68632,(3,9223372036854775807))
Edge(194084,331015,(3,9223372036854775807))
Edge(194401,58107,(3,9223372036854775807))
Edge(194614,301495,(3,9223372036854775807))
Edge(195152,109323,(3,9223372036854775807))
Edge(195453,346589,(3,9223372036854775807))
Edge(195623,181931,(1,9223372036854775807))
Edge(195935,375148,(3,9223372036854775807))
Edge(195991,226996,(3,9223372036854775807))
Edge(196256,434733,(1,9223372036854775807))
Edge(196918,224952,(3,9223372036854775807))
Edge(197224,315668,(3,9223372036854775807))
Edge(198023,27944,(3,9223372036854775807))
Edge(198123,68225,(3,9223372036854775807))
Edge(198156,228836,(3,9223372036854775807))
Edge(198224,451342,(3,9223372036854775807))
Edge(198265,145740,(3,9223372036854775807))
Edge(198922,158072,(3,9223372036854775807))
Edge(199061,199173,(3,9223372036854775807))
Edge(199091,11952,(3,9223372036854775807))
Edge(199555,237350,(3,9223372036854775807))
Edge(199788,314194,(3,9223372036854775807))
Edge(199987,400887,(3,9223372036854775807))
Edge(200114,132850,(1,3))
Edge(200157,98745,(3,9223372036854775807))
Edge(200209,442852,(3,9223372036854775807))
Edge(200386,121593,(1,3))
Edge(200675,212931,(3,9223372036854775807))
Edge(201021,325339,(1,3))
Edge(201700,371689,(3,9223372036854775807))
Edge(202168,482357,(1,9223372036854775807))
Edge(202767,439669,(3,9223372036854775807))
Edge(202840,199242,(3,9223372036854775807))
Edge(203207,213502,(1,3))
Edge(203319,480235,(3,9223372036854775807))
Edge(203564,224674,(3,9223372036854775807))
Edge(203685,335216,(1,9223372036854775807))
Edge(203714,464887,(3,9223372036854775807))
Edge(204483,73322,(3,9223372036854775807))
Edge(204563,363227,(3,9223372036854775807))
Edge(204649,439927,(3,9223372036854775807))
Edge(204743,459149,(3,9223372036854775807))
Edge(204841,490677,(3,9223372036854775807))
Edge(205253,102052,(3,9223372036854775807))
Edge(205758,13230,(3,9223372036854775807))
Edge(205826,493669,(3,9223372036854775807))
Edge(205988,388936,(3,9223372036854775807))
Edge(205999,396420,(1,9223372036854775807))
Edge(206304,351038,(3,9223372036854775807))
Edge(206514,162674,(3,9223372036854775807))
Edge(206530,235739,(3,9223372036854775807))
Edge(206711,60031,(1,3))
Edge(206740,415906,(3,9223372036854775807))
Edge(207824,402844,(3,9223372036854775807))
Edge(207905,454610,(3,9223372036854775807))
Edge(207965,473663,(3,9223372036854775807))
Edge(208403,61972,(3,9223372036854775807))
Edge(209113,448145,(1,9223372036854775807))
Edge(209272,141600,(3,9223372036854775807))
Edge(209530,431840,(3,9223372036854775807))
Edge(209568,354863,(3,9223372036854775807))
Edge(210188,62033,(3,9223372036854775807))
Edge(210484,348990,(3,9223372036854775807))
Edge(210873,304465,(3,9223372036854775807))
Edge(210976,279397,(3,9223372036854775807))
Edge(211495,49883,(3,9223372036854775807))
Edge(211569,39930,(1,9223372036854775807))
Edge(211614,201437,(3,9223372036854775807))
Edge(211655,269577,(1,3))
Edge(211956,296857,(3,9223372036854775807))
Edge(212457,36026,(1,3))
Edge(212485,174049,(3,9223372036854775807))
Edge(212864,207022,(3,9223372036854775807))
Edge(213469,16578,(1,9223372036854775807))
Edge(213724,404644,(3,9223372036854775807))
Edge(214556,206842,(3,9223372036854775807))
Edge(214637,217083,(1,9223372036854775807))
Edge(214792,78063,(3,9223372036854775807))
Edge(215084,10220,(1,9223372036854775807))
Edge(215194,112290,(3,9223372036854775807))
Edge(215674,272133,(3,9223372036854775807))
Edge(216381,478328,(3,9223372036854775807))
Edge(216384,229932,(3,9223372036854775807))
Edge(216457,330487,(3,9223372036854775807))
Edge(216532,286778,(3,9223372036854775807))
Edge(216906,441411,(1,3))
Edge(217285,266880,(3,9223372036854775807))
Edge(217819,296757,(3,9223372036854775807))
Edge(218904,219599,(1,9223372036854775807))
Edge(219149,339400,(3,9223372036854775807))
Edge(219476,401463,(3,9223372036854775807))
Edge(219514,357264,(3,9223372036854775807))
Edge(219657,319371,(3,9223372036854775807))
Edge(219710,40906,(3,9223372036854775807))
Edge(219935,472355,(3,9223372036854775807))
Edge(219956,4270,(1,9223372036854775807))
Edge(219982,467144,(3,9223372036854775807))
Edge(220424,294675,(3,9223372036854775807))
Edge(220437,372614,(1,9223372036854775807))
Edge(220675,397572,(3,9223372036854775807))
Edge(220709,449666,(3,9223372036854775807))
Edge(220943,396213,(3,9223372036854775807))
Edge(221080,384753,(1,9223372036854775807))
Edge(221334,139146,(3,9223372036854775807))
Edge(221381,65160,(3,9223372036854775807))
Edge(221488,65804,(1,9223372036854775807))
Edge(221661,497641,(1,9223372036854775807))
Edge(222111,400600,(3,9223372036854775807))
Edge(222271,310289,(3,9223372036854775807))
Edge(222715,286276,(3,9223372036854775807))
Edge(222764,121036,(3,9223372036854775807))
Edge(222830,119308,(3,9223372036854775807))
Edge(222933,245504,(1,9223372036854775807))
Edge(222970,425568,(1,9223372036854775807))
Edge(223951,237579,(3,9223372036854775807))
Edge(224357,289645,(3,9223372036854775807))
Edge(224571,320285,(3,9223372036854775807))
Edge(224593,357187,(3,9223372036854775807))
Edge(224845,226528,(1,9223372036854775807))
Edge(225042,287347,(1,9223372036854775807))
Edge(225369,414617,(3,9223372036854775807))
Edge(225478,471781,(3,9223372036854775807))
Edge(225592,118225,(3,9223372036854775807))
Edge(225672,131974,(1,3))
Edge(225786,448969,(3,9223372036854775807))
Edge(226008,43966,(3,9223372036854775807))
Edge(226008,391904,(3,9223372036854775807))
Edge(226467,67218,(3,9223372036854775807))
Edge(226927,137529,(1,9223372036854775807))
Edge(226930,371991,(3,9223372036854775807))
Edge(227380,357412,(3,9223372036854775807))
Edge(227765,240549,(3,9223372036854775807))
Edge(227819,147644,(1,3))
Edge(227858,479832,(3,9223372036854775807))
Edge(228540,179796,(3,9223372036854775807))
Edge(229351,454837,(1,9223372036854775807))
Edge(229436,221943,(1,9223372036854775807))
Edge(229641,459867,(3,9223372036854775807))
Edge(229783,349676,(3,9223372036854775807))
Edge(230355,100221,(3,9223372036854775807))
Edge(230559,127484,(1,9223372036854775807))
Edge(230681,246356,(3,9223372036854775807))
Edge(230894,175788,(3,9223372036854775807))
Edge(231279,11931,(3,9223372036854775807))
Edge(232542,240270,(3,9223372036854775807))
Edge(232844,3426,(3,9223372036854775807))
Edge(233167,223174,(3,9223372036854775807))
Edge(233644,9271,(3,9223372036854775807))
Edge(233800,239292,(3,9223372036854775807))
Edge(233905,160819,(3,9223372036854775807))
Edge(233958,353316,(1,3))
Edge(234754,39260,(3,9223372036854775807))
Edge(235239,32349,(3,9223372036854775807))
Edge(235934,63947,(3,9223372036854775807))
Edge(236031,239403,(3,9223372036854775807))
Edge(236416,106884,(1,3))
Edge(236547,56298,(3,9223372036854775807))
Edge(236665,308902,(3,9223372036854775807))
Edge(236771,411036,(3,9223372036854775807))
Edge(237226,364495,(3,9223372036854775807))
Edge(237434,192361,(1,3))
Edge(237662,478966,(3,9223372036854775807))
Edge(237745,227210,(1,3))
Edge(237757,441929,(3,9223372036854775807))
Edge(237944,208980,(3,9223372036854775807))
Edge(237995,257157,(3,9223372036854775807))
Edge(238030,43179,(1,9223372036854775807))
Edge(238289,496130,(1,9223372036854775807))
Edge(239511,450295,(3,9223372036854775807))
Edge(239623,18085,(3,9223372036854775807))
Edge(239643,173978,(3,9223372036854775807))
Edge(239713,316568,(3,9223372036854775807))
Edge(240014,195434,(3,9223372036854775807))
Edge(240026,391195,(3,9223372036854775807))
Edge(240138,454445,(3,9223372036854775807))
Edge(240297,204678,(4,9223372036854775807))
Edge(240310,472160,(3,9223372036854775807))
Edge(240845,356655,(3,9223372036854775807))
Edge(240954,434008,(3,9223372036854775807))
Edge(241601,31043,(1,9223372036854775807))
Edge(241698,364537,(1,3))
Edge(241725,345935,(1,3))
Edge(242375,497870,(1,9223372036854775807))
Edge(242472,245348,(3,9223372036854775807))
Edge(242759,365339,(1,9223372036854775807))
Edge(242967,282977,(1,3))
Edge(243147,362084,(3,9223372036854775807))
Edge(243336,163857,(1,9223372036854775807))
Edge(243540,420554,(3,9223372036854775807))
Edge(243714,150726,(1,9223372036854775807))
Edge(244069,75064,(1,9223372036854775807))
Edge(244220,397700,(3,9223372036854775807))
Edge(244757,310866,(3,9223372036854775807))
Edge(244970,255643,(3,9223372036854775807))
Edge(244983,340498,(3,9223372036854775807))
Edge(245169,74943,(3,9223372036854775807))
Edge(245526,277358,(3,9223372036854775807))
Edge(245857,204203,(3,9223372036854775807))
Edge(246267,59194,(1,3))
Edge(246444,214231,(3,9223372036854775807))
Edge(246461,104249,(1,9223372036854775807))
Edge(246699,487016,(3,9223372036854775807))
Edge(247085,272304,(1,3))
Edge(247445,341837,(3,9223372036854775807))
Edge(247605,340151,(3,9223372036854775807))
Edge(247874,173682,(3,9223372036854775807))
Edge(248095,228499,(1,9223372036854775807))
Edge(248208,85230,(3,9223372036854775807))
Edge(248610,96285,(1,9223372036854775807))
Edge(248672,320847,(3,9223372036854775807))
Edge(248684,404895,(3,9223372036854775807))
Edge(248849,58106,(3,9223372036854775807))
Edge(249305,148577,(3,9223372036854775807))
Edge(249427,368421,(3,9223372036854775807))
Edge(250041,96215,(3,9223372036854775807))
Edge(250446,134055,(3,9223372036854775807))
Edge(250465,368304,(3,9223372036854775807))
Edge(250544,149395,(3,9223372036854775807))
Edge(250622,102190,(3,9223372036854775807))
Edge(250802,164524,(3,9223372036854775807))
Edge(251280,160381,(3,9223372036854775807))
Edge(251280,268158,(3,9223372036854775807))
Edge(251313,162388,(3,9223372036854775807))
Edge(251443,44096,(3,9223372036854775807))
Edge(252083,478788,(3,9223372036854775807))
Edge(252129,31708,(3,9223372036854775807))
Edge(252206,274951,(1,9223372036854775807))
Edge(252358,489876,(3,9223372036854775807))
Edge(252383,307850,(3,9223372036854775807))
Edge(253260,242957,(3,9223372036854775807))
Edge(254144,288631,(3,9223372036854775807))
Edge(254161,459586,(1,3))
Edge(254921,73552,(3,9223372036854775807))
Edge(255456,371653,(1,9223372036854775807))
Edge(255833,139302,(3,9223372036854775807))
Edge(255861,219573,(3,9223372036854775807))
Edge(255957,337280,(3,9223372036854775807))
Edge(255969,232699,(3,9223372036854775807))
Edge(256202,325960,(3,9223372036854775807))
Edge(256514,243349,(1,3))
Edge(257220,452279,(1,9223372036854775807))
Edge(257993,286568,(3,9223372036854775807))
Edge(258057,347597,(3,9223372036854775807))
Edge(258944,182249,(3,9223372036854775807))
Edge(259286,407529,(3,9223372036854775807))
Edge(259457,75347,(3,9223372036854775807))
Edge(259916,493751,(3,9223372036854775807))
Edge(260126,56977,(3,9223372036854775807))
Edge(260447,296652,(3,9223372036854775807))
Edge(260634,466270,(3,9223372036854775807))
Edge(260937,100193,(3,9223372036854775807))
Edge(261331,461628,(3,9223372036854775807))
Edge(261685,273958,(3,9223372036854775807))
Edge(261789,234994,(3,9223372036854775807))
Edge(261802,427782,(3,9223372036854775807))
Edge(261852,236144,(1,9223372036854775807))
Edge(262227,277344,(3,9223372036854775807))
Edge(262294,169623,(3,9223372036854775807))
Edge(263165,154401,(1,9223372036854775807))
Edge(263349,398563,(3,9223372036854775807))
Edge(263560,143485,(3,9223372036854775807))
Edge(264136,208903,(1,9223372036854775807))
Edge(264338,238530,(3,9223372036854775807))
Edge(264383,2727,(3,9223372036854775807))
Edge(264415,455098,(3,9223372036854775807))
Edge(264516,210723,(1,9223372036854775807))
Edge(264617,6485,(1,9223372036854775807))
Edge(264730,141804,(3,9223372036854775807))
Edge(264866,248263,(3,9223372036854775807))
Edge(265442,69803,(3,9223372036854775807))
Edge(265666,224016,(3,9223372036854775807))
Edge(266359,229275,(3,9223372036854775807))
Edge(266535,405806,(3,9223372036854775807))
Edge(266539,178610,(1,3))
Edge(266802,464864,(1,9223372036854775807))
Edge(266827,366365,(3,9223372036854775807))
Edge(267104,107868,(1,3))
Edge(267557,124864,(3,9223372036854775807))
Edge(268010,164508,(3,9223372036854775807))
Edge(268167,807,(1,9223372036854775807))
Edge(268437,55076,(3,9223372036854775807))
Edge(268716,79603,(1,9223372036854775807))
Edge(269518,216379,(3,9223372036854775807))
Edge(269551,384320,(3,9223372036854775807))
Edge(269757,231452,(3,9223372036854775807))
Edge(270350,440451,(1,3))
Edge(270865,210548,(1,3))
Edge(270878,261657,(3,9223372036854775807))
Edge(270987,85282,(3,9223372036854775807))
Edge(271016,316187,(1,9223372036854775807))
Edge(271115,16807,(3,9223372036854775807))
Edge(271388,283166,(3,9223372036854775807))
Edge(271460,224884,(3,9223372036854775807))
Edge(271794,306844,(3,9223372036854775807))
Edge(271977,288753,(3,9223372036854775807))
Edge(271990,411536,(1,3))
Edge(272011,254353,(1,3))
Edge(272228,384624,(3,9223372036854775807))
Edge(272388,130904,(3,9223372036854775807))
Edge(272449,477411,(3,9223372036854775807))
Edge(272548,312443,(1,3))
Edge(272747,117270,(3,9223372036854775807))
Edge(272755,353942,(3,9223372036854775807))
Edge(273108,250922,(3,9223372036854775807))
Edge(273193,431383,(3,9223372036854775807))
Edge(273328,187134,(3,9223372036854775807))
Edge(273332,360359,(3,9223372036854775807))
Edge(274202,5467,(1,3))
Edge(274801,411571,(3,9223372036854775807))
Edge(275024,1249,(3,9223372036854775807))
Edge(275054,490058,(3,9223372036854775807))
Edge(275799,420925,(3,9223372036854775807))
Edge(275867,256569,(3,9223372036854775807))
Edge(276082,317554,(1,3))
Edge(276158,468260,(3,9223372036854775807))
Edge(276627,9497,(3,9223372036854775807))
Edge(276764,251778,(1,9223372036854775807))
Edge(277136,157019,(3,9223372036854775807))
Edge(277448,49509,(3,9223372036854775807))
Edge(277484,393717,(3,9223372036854775807))
Edge(278258,46388,(1,9223372036854775807))
Edge(278300,346797,(1,3))
Edge(279815,144510,(3,9223372036854775807))
Edge(280099,106305,(3,9223372036854775807))
Edge(280327,81790,(3,9223372036854775807))
Edge(280365,473571,(3,9223372036854775807))
Edge(280373,418163,(3,9223372036854775807))
Edge(280401,415763,(3,9223372036854775807))
Edge(280429,117765,(1,9223372036854775807))
Edge(280544,99520,(3,9223372036854775807))
Edge(280646,229312,(3,9223372036854775807))
Edge(280710,216326,(3,9223372036854775807))
Edge(280737,213418,(3,9223372036854775807))
Edge(281062,12230,(3,9223372036854775807))
Edge(281184,340983,(3,9223372036854775807))
Edge(281927,87303,(3,9223372036854775807))
Edge(282304,204370,(3,9223372036854775807))
Edge(282367,64621,(1,9223372036854775807))
Edge(282625,194982,(1,9223372036854775807))
Edge(282746,311524,(1,3))
Edge(283073,444700,(1,9223372036854775807))
Edge(283075,69205,(1,9223372036854775807))
Edge(283190,202781,(3,9223372036854775807))
Edge(283992,322570,(1,9223372036854775807))
Edge(284297,388158,(3,9223372036854775807))
Edge(284372,312221,(3,9223372036854775807))
Edge(284645,392561,(1,9223372036854775807))
Edge(284860,322691,(3,9223372036854775807))
Edge(285345,207701,(3,9223372036854775807))
Edge(286212,336695,(1,9223372036854775807))
Edge(286283,293182,(3,9223372036854775807))
Edge(286358,25661,(3,9223372036854775807))
Edge(286417,145922,(3,9223372036854775807))
Edge(286582,218402,(1,9223372036854775807))
Edge(286609,454264,(3,9223372036854775807))
Edge(286648,74117,(3,9223372036854775807))
Edge(287448,102216,(3,9223372036854775807))
Edge(287854,454604,(3,9223372036854775807))
Edge(287928,181667,(1,3))
Edge(288227,367144,(1,9223372036854775807))
Edge(288235,265373,(3,9223372036854775807))
Edge(288348,499620,(3,9223372036854775807))
Edge(288488,115725,(3,9223372036854775807))
Edge(289082,198333,(3,9223372036854775807))
Edge(289551,181800,(3,9223372036854775807))
Edge(289566,445784,(3,9223372036854775807))
Edge(290035,255474,(3,9223372036854775807))
Edge(290090,125727,(3,9223372036854775807))
Edge(290212,387875,(3,9223372036854775807))
Edge(290284,447634,(3,9223372036854775807))
Edge(290588,370464,(3,9223372036854775807))
Edge(290839,125008,(1,3))
Edge(290906,13034,(3,9223372036854775807))
Edge(290978,190227,(3,9223372036854775807))
Edge(291152,261588,(3,9223372036854775807))
Edge(291571,178050,(1,9223372036854775807))
Edge(291601,281930,(3,9223372036854775807))
Edge(291921,166350,(3,9223372036854775807))
Edge(292213,207414,(3,9223372036854775807))
Edge(292456,346608,(3,9223372036854775807))
Edge(292459,9077,(3,9223372036854775807))
Edge(292822,443366,(3,9223372036854775807))
Edge(292874,149228,(3,9223372036854775807))
Edge(293257,366105,(1,9223372036854775807))
Edge(293558,374359,(3,9223372036854775807))
Edge(293819,123989,(3,9223372036854775807))
Edge(293876,13846,(3,9223372036854775807))
Edge(293948,20618,(3,9223372036854775807))
Edge(294531,75681,(3,9223372036854775807))
Edge(294569,253809,(3,9223372036854775807))
Edge(295012,247043,(3,9223372036854775807))
Edge(295447,459415,(3,9223372036854775807))
Edge(295586,55346,(1,9223372036854775807))
Edge(295996,369177,(1,9223372036854775807))
Edge(296087,455670,(3,9223372036854775807))
Edge(296181,405704,(1,9223372036854775807))
Edge(296587,97822,(3,9223372036854775807))
Edge(296815,140724,(3,9223372036854775807))
Edge(296919,451212,(3,9223372036854775807))
Edge(297304,143446,(3,9223372036854775807))
Edge(297326,206707,(3,9223372036854775807))
Edge(297522,439955,(3,9223372036854775807))
Edge(297541,33584,(3,9223372036854775807))
Edge(297620,73900,(3,9223372036854775807))
Edge(298020,336631,(3,9223372036854775807))
Edge(298295,39855,(3,9223372036854775807))
Edge(298355,172134,(3,9223372036854775807))
Edge(298637,477970,(3,9223372036854775807))
Edge(298710,79001,(3,9223372036854775807))
Edge(299737,188069,(3,9223372036854775807))
Edge(299762,21719,(3,9223372036854775807))
Edge(299870,206818,(3,9223372036854775807))
Edge(299920,325,(3,9223372036854775807))
Edge(301211,246539,(3,9223372036854775807))
Edge(301444,375413,(1,9223372036854775807))
Edge(301903,68463,(3,9223372036854775807))
Edge(302535,481996,(3,9223372036854775807))
Edge(302577,360989,(3,9223372036854775807))
Edge(302735,386061,(3,9223372036854775807))
Edge(303013,82930,(3,9223372036854775807))
Edge(303026,471718,(3,9223372036854775807))
Edge(303116,70613,(3,9223372036854775807))
Edge(303749,382338,(3,9223372036854775807))
Edge(303766,59758,(3,9223372036854775807))
Edge(304110,478594,(1,9223372036854775807))
Edge(304472,58083,(3,9223372036854775807))
Edge(304634,371301,(3,9223372036854775807))
Edge(305037,277702,(1,3))
Edge(305444,12269,(3,9223372036854775807))
Edge(305480,339771,(3,9223372036854775807))
Edge(306408,350615,(3,9223372036854775807))
Edge(306627,394371,(1,3))
Edge(307158,247406,(3,9223372036854775807))
Edge(307794,277637,(3,9223372036854775807))
Edge(307870,428525,(3,9223372036854775807))
Edge(307894,102262,(3,9223372036854775807))
Edge(308018,149667,(1,9223372036854775807))
Edge(308227,76861,(1,9223372036854775807))
Edge(308230,178927,(3,9223372036854775807))
Edge(308642,121850,(1,9223372036854775807))
Edge(308784,458520,(1,3))
Edge(310542,67387,(3,9223372036854775807))
Edge(311212,454708,(3,9223372036854775807))
Edge(311237,226184,(3,9223372036854775807))
Edge(311343,236406,(1,9223372036854775807))
Edge(311346,497117,(3,9223372036854775807))
Edge(311394,212754,(3,9223372036854775807))
Edge(311514,255051,(1,9223372036854775807))
Edge(311611,254064,(1,9223372036854775807))
Edge(311697,129522,(1,3))
Edge(311924,184711,(3,9223372036854775807))
Edge(312455,401285,(3,9223372036854775807))
Edge(312724,117770,(3,9223372036854775807))
Edge(312787,234613,(3,9223372036854775807))
Edge(313083,173745,(3,9223372036854775807))
Edge(313342,348849,(3,9223372036854775807))
Edge(313775,167546,(1,9223372036854775807))
Edge(313780,15276,(1,9223372036854775807))
Edge(313808,173175,(3,9223372036854775807))
Edge(313826,249275,(3,9223372036854775807))
Edge(314202,143358,(3,9223372036854775807))
Edge(314271,51052,(3,9223372036854775807))
Edge(314359,92557,(3,9223372036854775807))
Edge(314746,378051,(3,9223372036854775807))
Edge(315096,154038,(1,9223372036854775807))
Edge(315490,16256,(3,9223372036854775807))
Edge(316030,77537,(1,9223372036854775807))
Edge(316201,2417,(1,9223372036854775807))
Edge(316595,386188,(1,3))
Edge(316829,473753,(3,9223372036854775807))
Edge(316869,50298,(3,9223372036854775807))
Edge(316993,148795,(3,9223372036854775807))
Edge(317186,46711,(3,9223372036854775807))
Edge(317210,152045,(1,3))
Edge(317625,262607,(3,9223372036854775807))
Edge(318067,146094,(1,9223372036854775807))
Edge(318153,192424,(3,9223372036854775807))
Edge(319421,283596,(3,9223372036854775807))
Edge(319698,163310,(3,9223372036854775807))
Edge(319757,338650,(3,9223372036854775807))
Edge(319919,154137,(3,9223372036854775807))
Edge(320805,31087,(3,9223372036854775807))
Edge(320924,1049,(3,9223372036854775807))
Edge(321051,264755,(3,9223372036854775807))
Edge(321299,80316,(3,9223372036854775807))
Edge(321457,344565,(3,9223372036854775807))
Edge(321518,48209,(3,9223372036854775807))
Edge(321526,490562,(3,9223372036854775807))
Edge(322025,47905,(1,9223372036854775807))
Edge(322470,118211,(3,9223372036854775807))
Edge(322597,371291,(1,3))
Edge(322872,5381,(3,9223372036854775807))
Edge(323055,258795,(3,9223372036854775807))
Edge(323110,336049,(3,9223372036854775807))
Edge(323165,1224,(3,9223372036854775807))
Edge(323423,487958,(1,9223372036854775807))
Edge(323519,152518,(1,9223372036854775807))
Edge(323814,57268,(3,9223372036854775807))
Edge(323821,322308,(3,9223372036854775807))
Edge(323969,224380,(3,9223372036854775807))
Edge(324118,179012,(3,9223372036854775807))
Edge(324141,177203,(3,9223372036854775807))
Edge(324361,404708,(3,9223372036854775807))
Edge(324782,246575,(3,9223372036854775807))
Edge(324825,144896,(3,9223372036854775807))
Edge(325574,359702,(1,9223372036854775807))
Edge(326397,209123,(3,9223372036854775807))
Edge(326497,295981,(1,3))
Edge(327355,381028,(3,9223372036854775807))
Edge(327409,70168,(1,9223372036854775807))
Edge(328913,333360,(1,9223372036854775807))
Edge(329004,286254,(3,9223372036854775807))
Edge(329163,66804,(1,9223372036854775807))
Edge(329421,257354,(3,9223372036854775807))
Edge(329507,321288,(3,9223372036854775807))
Edge(329718,229081,(3,9223372036854775807))
Edge(330364,450783,(1,9223372036854775807))
Edge(330566,361505,(3,9223372036854775807))
Edge(330670,94570,(3,9223372036854775807))
Edge(330724,83178,(3,9223372036854775807))
Edge(330756,227284,(3,9223372036854775807))
Edge(330957,362852,(3,9223372036854775807))
Edge(331140,254628,(1,9223372036854775807))
Edge(331156,247676,(3,9223372036854775807))
Edge(331503,216966,(3,9223372036854775807))
Edge(331847,393648,(3,9223372036854775807))
Edge(331990,402443,(3,9223372036854775807))
Edge(332280,56313,(3,9223372036854775807))
Edge(332295,489342,(3,9223372036854775807))
Edge(332525,498926,(3,9223372036854775807))
Edge(333103,236906,(3,9223372036854775807))
Edge(333246,100858,(1,9223372036854775807))
Edge(333793,327798,(3,9223372036854775807))
Edge(334574,311505,(3,9223372036854775807))
Edge(334869,175669,(3,9223372036854775807))
Edge(334929,228677,(3,9223372036854775807))
Edge(335122,463870,(1,9223372036854775807))
Edge(335277,475990,(3,9223372036854775807))
Edge(335369,159687,(1,3))
Edge(335776,253300,(3,9223372036854775807))
Edge(335906,287509,(3,9223372036854775807))
Edge(336555,132793,(3,9223372036854775807))
Edge(336660,469751,(3,9223372036854775807))
Edge(336754,21125,(3,9223372036854775807))
Edge(337963,253814,(1,9223372036854775807))
Edge(337991,256999,(1,3))
Edge(338746,381955,(3,9223372036854775807))
Edge(338798,496396,(3,9223372036854775807))
Edge(338895,288896,(3,9223372036854775807))
Edge(339046,146728,(3,9223372036854775807))
Edge(339225,403997,(3,9223372036854775807))
Edge(339535,176800,(3,9223372036854775807))
Edge(339719,277038,(3,9223372036854775807))
Edge(339866,447011,(3,9223372036854775807))
Edge(340005,129663,(3,9223372036854775807))
Edge(340026,193910,(1,9223372036854775807))
Edge(340146,150079,(3,9223372036854775807))
Edge(340352,292159,(1,9223372036854775807))
Edge(340606,238230,(3,9223372036854775807))
Edge(340658,1754,(3,9223372036854775807))
Edge(340810,74626,(1,9223372036854775807))
Edge(341269,319502,(1,3))
Edge(341892,239715,(3,9223372036854775807))
Edge(342050,264863,(3,9223372036854775807))
Edge(342280,48042,(3,9223372036854775807))
Edge(342888,124277,(3,9223372036854775807))
Edge(342985,426542,(1,9223372036854775807))
Edge(342998,262240,(3,9223372036854775807))
Edge(343102,182555,(3,9223372036854775807))
Edge(343270,226023,(3,9223372036854775807))
Edge(343390,499727,(3,9223372036854775807))
Edge(343631,304171,(3,9223372036854775807))
Edge(344382,318427,(1,3))
Edge(344705,160913,(3,9223372036854775807))
Edge(344710,199490,(3,9223372036854775807))
Edge(344758,477954,(3,9223372036854775807))
Edge(344815,492117,(3,9223372036854775807))
Edge(344837,226087,(1,9223372036854775807))
Edge(344844,241753,(3,9223372036854775807))
Edge(344883,345177,(3,9223372036854775807))
Edge(345011,303198,(3,9223372036854775807))
Edge(345354,67395,(3,9223372036854775807))
Edge(345720,83479,(1,9223372036854775807))
Edge(345932,377805,(3,9223372036854775807))
Edge(346684,435600,(3,9223372036854775807))
Edge(346807,240960,(1,3))
Edge(347155,246009,(1,9223372036854775807))
Edge(348146,268785,(3,9223372036854775807))
Edge(348458,30463,(3,9223372036854775807))
Edge(349122,434932,(3,9223372036854775807))
Edge(349309,360188,(3,9223372036854775807))
Edge(349377,319288,(1,9223372036854775807))
Edge(349383,115602,(1,9223372036854775807))
Edge(349764,320296,(3,9223372036854775807))
Edge(349803,184217,(1,9223372036854775807))
Edge(349977,130063,(1,9223372036854775807))
Edge(350106,472228,(3,9223372036854775807))
Edge(350294,115481,(3,9223372036854775807))
Edge(350322,148004,(3,9223372036854775807))
Edge(350677,440241,(3,9223372036854775807))
Edge(351410,491170,(3,9223372036854775807))
Edge(351432,10775,(3,9223372036854775807))
Edge(351677,205403,(3,9223372036854775807))
Edge(352172,149865,(3,9223372036854775807))
Edge(352543,356994,(3,9223372036854775807))
Edge(352680,106339,(3,9223372036854775807))
Edge(353332,315074,(1,3))
Edge(354017,45224,(3,9223372036854775807))
Edge(354307,332569,(1,3))
Edge(354658,408582,(3,9223372036854775807))
Edge(354973,498337,(3,9223372036854775807))
Edge(355009,192222,(3,9223372036854775807))
Edge(355077,107174,(3,9223372036854775807))
Edge(355122,391609,(3,9223372036854775807))
Edge(355517,285406,(3,9223372036854775807))
Edge(355565,499828,(3,9223372036854775807))
Edge(355677,486573,(3,9223372036854775807))
Edge(355770,411596,(1,9223372036854775807))
Edge(355906,469953,(3,9223372036854775807))
Edge(356083,194206,(1,3))
Edge(356115,498704,(1,9223372036854775807))
Edge(356214,224856,(3,9223372036854775807))
Edge(356447,394564,(1,9223372036854775807))
Edge(357154,85015,(3,9223372036854775807))
Edge(357265,436043,(3,9223372036854775807))
Edge(357467,94318,(3,9223372036854775807))
Edge(357748,192316,(3,9223372036854775807))
Edge(357919,40479,(1,9223372036854775807))
Edge(357961,466299,(3,9223372036854775807))
Edge(358015,191372,(3,9223372036854775807))
Edge(358390,495413,(3,9223372036854775807))
Edge(358930,308576,(1,9223372036854775807))
Edge(359005,147912,(3,9223372036854775807))
Edge(359129,367631,(3,9223372036854775807))
Edge(359458,436017,(1,9223372036854775807))
Edge(360428,79869,(1,9223372036854775807))
Edge(360741,392946,(3,9223372036854775807))
Edge(360963,473701,(3,9223372036854775807))
Edge(361677,258016,(1,9223372036854775807))
Edge(361723,430737,(3,9223372036854775807))
Edge(361735,248011,(3,9223372036854775807))
Edge(362117,214614,(2,9223372036854775807))
Edge(362137,120704,(1,9223372036854775807))
Edge(362461,355800,(3,9223372036854775807))
Edge(362505,379935,(3,9223372036854775807))
Edge(362725,367844,(3,9223372036854775807))
Edge(362879,76211,(1,9223372036854775807))
Edge(363014,335063,(3,9223372036854775807))
Edge(363461,425281,(3,9223372036854775807))
Edge(363502,55436,(3,9223372036854775807))
Edge(363589,130568,(3,9223372036854775807))
Edge(363656,131677,(3,9223372036854775807))
Edge(363737,446922,(3,9223372036854775807))
Edge(363898,112656,(3,9223372036854775807))
Edge(364011,440279,(3,9223372036854775807))
Edge(364024,278818,(3,9223372036854775807))
Edge(364333,124726,(3,9223372036854775807))
Edge(365061,410072,(3,9223372036854775807))
Edge(365236,90641,(3,9223372036854775807))
Edge(365449,192220,(3,9223372036854775807))
Edge(365680,382735,(3,9223372036854775807))
Edge(365824,264084,(3,9223372036854775807))
Edge(366105,430160,(3,9223372036854775807))
Edge(366259,333354,(3,9223372036854775807))
Edge(366279,313910,(3,9223372036854775807))
Edge(367054,211391,(3,9223372036854775807))
Edge(367066,75925,(3,9223372036854775807))
Edge(367707,261716,(3,9223372036854775807))
Edge(367854,297576,(3,9223372036854775807))
Edge(367898,402497,(3,9223372036854775807))
Edge(368229,491934,(3,9223372036854775807))
Edge(368342,132896,(3,9223372036854775807))
Edge(368456,302399,(3,9223372036854775807))
Edge(368919,160124,(3,9223372036854775807))
Edge(368995,13545,(3,9223372036854775807))
Edge(370112,212598,(1,3))
Edge(370135,210309,(3,9223372036854775807))
Edge(370406,39790,(3,9223372036854775807))
Edge(371144,14877,(3,9223372036854775807))
Edge(371210,240221,(1,9223372036854775807))
Edge(371243,52300,(3,9223372036854775807))
Edge(371712,210740,(3,9223372036854775807))
Edge(372669,387826,(3,9223372036854775807))
Edge(373132,164712,(1,3))
Edge(373786,225413,(3,9223372036854775807))
Edge(373802,378139,(1,3))
Edge(373994,21550,(3,9223372036854775807))
Edge(374060,471742,(1,9223372036854775807))
Edge(374281,34032,(3,9223372036854775807))
Edge(374588,302703,(3,9223372036854775807))
Edge(374990,278547,(3,9223372036854775807))
Edge(375430,94927,(3,9223372036854775807))
Edge(375845,260223,(3,9223372036854775807))
Edge(375942,10858,(1,9223372036854775807))
Edge(376273,237289,(3,9223372036854775807))
Edge(376607,257221,(3,9223372036854775807))
Edge(376684,54382,(3,9223372036854775807))
Edge(376959,322067,(1,3))
Edge(377278,65544,(3,9223372036854775807))
Edge(377977,192478,(3,9223372036854775807))
Edge(378649,103310,(1,9223372036854775807))
Edge(378670,163835,(1,9223372036854775807))
Edge(378682,370880,(3,9223372036854775807))
Edge(378875,96252,(3,9223372036854775807))
Edge(379294,486203,(3,9223372036854775807))
Edge(379953,431335,(3,9223372036854775807))
Edge(380355,354365,(3,9223372036854775807))
Edge(380755,466483,(3,9223372036854775807))
Edge(380917,357271,(1,9223372036854775807))
Edge(381176,329628,(3,9223372036854775807))
Edge(382020,480428,(3,9223372036854775807))
Edge(382470,96098,(3,9223372036854775807))
Edge(382637,25643,(3,9223372036854775807))
Edge(383177,154697,(3,9223372036854775807))
Edge(384007,17965,(3,9223372036854775807))
Edge(384064,468147,(3,9223372036854775807))
Edge(384250,118300,(3,9223372036854775807))
Edge(384637,100878,(1,9223372036854775807))
Edge(386236,65211,(1,9223372036854775807))
Edge(386259,240341,(3,9223372036854775807))
Edge(386403,261947,(3,9223372036854775807))
Edge(387126,395448,(3,9223372036854775807))
Edge(387474,342118,(3,9223372036854775807))
Edge(387845,441279,(3,9223372036854775807))
Edge(387869,68436,(3,9223372036854775807))
Edge(387898,381657,(3,9223372036854775807))
Edge(388026,233657,(1,3))
Edge(388046,62019,(3,9223372036854775807))
Edge(388103,388294,(3,9223372036854775807))
Edge(388351,489016,(3,9223372036854775807))
Edge(389195,77869,(3,9223372036854775807))
Edge(389206,120596,(3,9223372036854775807))
Edge(389728,168353,(1,9223372036854775807))
Edge(389838,236274,(3,9223372036854775807))
Edge(389857,431288,(1,9223372036854775807))
Edge(390085,82398,(3,9223372036854775807))
Edge(390122,16022,(3,9223372036854775807))
Edge(390262,440373,(3,9223372036854775807))
Edge(390378,324428,(3,9223372036854775807))
Edge(390719,433859,(3,9223372036854775807))
Edge(391177,387157,(1,9223372036854775807))
Edge(391436,8527,(1,9223372036854775807))
Edge(391468,477625,(3,9223372036854775807))
Edge(392229,405447,(3,9223372036854775807))
Edge(392988,25589,(3,9223372036854775807))
Edge(393388,306552,(3,9223372036854775807))
Edge(393612,343959,(3,9223372036854775807))
Edge(393898,328763,(3,9223372036854775807))
Edge(394458,96613,(3,9223372036854775807))
Edge(394528,129410,(3,9223372036854775807))
Edge(394599,43456,(3,9223372036854775807))
Edge(394792,24637,(3,9223372036854775807))
Edge(394907,108186,(3,9223372036854775807))
Edge(395344,121502,(3,9223372036854775807))
Edge(396189,254184,(3,9223372036854775807))
Edge(396251,119457,(1,3))
Edge(396474,12918,(3,9223372036854775807))
Edge(396498,392800,(1,9223372036854775807))
Edge(397223,100109,(1,3))
Edge(397633,31903,(1,3))
Edge(397979,417045,(3,9223372036854775807))
Edge(398446,293595,(1,9223372036854775807))
Edge(398729,262888,(1,9223372036854775807))
Edge(399025,390978,(3,9223372036854775807))
Edge(399447,370178,(3,9223372036854775807))
Edge(399707,191869,(3,9223372036854775807))
Edge(400017,102748,(3,9223372036854775807))
Edge(400122,181846,(3,9223372036854775807))
Edge(400142,300028,(3,9223372036854775807))
Edge(400742,370413,(3,9223372036854775807))
Edge(400824,223234,(3,9223372036854775807))
Edge(400969,427201,(3,9223372036854775807))
Edge(401813,326908,(3,9223372036854775807))
Edge(402071,379048,(3,9223372036854775807))
Edge(402222,46145,(3,9223372036854775807))
Edge(402377,489406,(3,9223372036854775807))
Edge(402814,70782,(3,9223372036854775807))
Edge(403518,115444,(1,9223372036854775807))
Edge(403522,465841,(1,9223372036854775807))
Edge(403659,6464,(4,9223372036854775807))
Edge(403691,209025,(1,9223372036854775807))
Edge(403852,436459,(3,9223372036854775807))
Edge(403860,82849,(1,9223372036854775807))
Edge(403966,461507,(3,9223372036854775807))
Edge(404766,249000,(3,9223372036854775807))
Edge(406047,30612,(3,9223372036854775807))
Edge(406109,54307,(1,9223372036854775807))
Edge(406398,197011,(3,9223372036854775807))
Edge(406466,491994,(3,9223372036854775807))
Edge(406542,339767,(3,9223372036854775807))
Edge(407026,132225,(3,9223372036854775807))
Edge(407097,149240,(3,9223372036854775807))
Edge(407109,405724,(1,9223372036854775807))
Edge(407181,397735,(3,9223372036854775807))
Edge(407509,34267,(1,9223372036854775807))
Edge(407687,187241,(1,9223372036854775807))
Edge(407733,66948,(3,9223372036854775807))
Edge(408019,96877,(3,9223372036854775807))
Edge(408172,163630,(3,9223372036854775807))
Edge(408316,350608,(3,9223372036854775807))
Edge(408650,284333,(3,9223372036854775807))
Edge(408716,458817,(3,9223372036854775807))
Edge(408884,113069,(3,9223372036854775807))
Edge(409211,315283,(3,9223372036854775807))
Edge(409325,153272,(3,9223372036854775807))
Edge(409420,134809,(1,9223372036854775807))
Edge(409847,33336,(3,9223372036854775807))
Edge(409901,76405,(3,9223372036854775807))
Edge(410049,499096,(3,9223372036854775807))
Edge(410370,315462,(1,9223372036854775807))
Edge(410516,322435,(3,9223372036854775807))
Edge(410597,292963,(3,9223372036854775807))
Edge(411442,112905,(3,9223372036854775807))
Edge(411899,6817,(3,9223372036854775807))
Edge(412324,231536,(3,9223372036854775807))
Edge(412437,391722,(1,9223372036854775807))
Edge(412458,429527,(3,9223372036854775807))
Edge(412831,138556,(3,9223372036854775807))
Edge(413002,299382,(3,9223372036854775807))
Edge(413179,252257,(3,9223372036854775807))
Edge(413340,455492,(1,3))
Edge(413834,487180,(3,9223372036854775807))
Edge(414122,401003,(1,9223372036854775807))
Edge(414221,434270,(3,9223372036854775807))
Edge(414773,289502,(4,9223372036854775807))
Edge(415189,236950,(3,9223372036854775807))
Edge(415312,65988,(3,9223372036854775807))
Edge(415501,321443,(3,9223372036854775807))
Edge(415619,352822,(3,9223372036854775807))
Edge(415659,28013,(1,3))
Edge(415895,336176,(3,9223372036854775807))
Edge(416693,485121,(3,9223372036854775807))
Edge(417008,286142,(1,9223372036854775807))
Edge(417278,375566,(1,3))
Edge(417416,52638,(3,9223372036854775807))
Edge(418085,158862,(3,9223372036854775807))
Edge(418885,328442,(3,9223372036854775807))
Edge(418993,432499,(3,9223372036854775807))
Edge(419135,84518,(3,9223372036854775807))
Edge(419274,237044,(1,9223372036854775807))
Edge(419543,145163,(3,9223372036854775807))
Edge(419651,117018,(3,9223372036854775807))
Edge(420055,421005,(3,9223372036854775807))
Edge(420934,181942,(3,9223372036854775807))
Edge(421014,496039,(1,3))
Edge(421168,5473,(3,9223372036854775807))
Edge(421498,369806,(3,9223372036854775807))
Edge(421542,497532,(1,9223372036854775807))
Edge(422479,125857,(3,9223372036854775807))
Edge(422681,147630,(3,9223372036854775807))
Edge(422698,115066,(3,9223372036854775807))
Edge(423521,490635,(3,9223372036854775807))
Edge(424903,22380,(3,9223372036854775807))
Edge(425124,110578,(3,9223372036854775807))
Edge(426245,255206,(3,9223372036854775807))
Edge(426298,242321,(3,9223372036854775807))
Edge(426499,413647,(3,9223372036854775807))
Edge(426731,393002,(3,9223372036854775807))
Edge(426754,92150,(1,9223372036854775807))
Edge(426829,127404,(3,9223372036854775807))
Edge(426995,104033,(3,9223372036854775807))
Edge(427304,187552,(3,9223372036854775807))
Edge(427811,332586,(3,9223372036854775807))
Edge(427866,307801,(3,9223372036854775807))
Edge(427969,60159,(1,9223372036854775807))
Edge(428438,242373,(3,9223372036854775807))
Edge(428929,181288,(1,9223372036854775807))
Edge(429062,248309,(3,9223372036854775807))
Edge(429194,56454,(3,9223372036854775807))
Edge(429488,465118,(3,9223372036854775807))
Edge(429519,234745,(3,9223372036854775807))
Edge(429776,343147,(3,9223372036854775807))
Edge(430456,2916,(3,9223372036854775807))
Edge(430755,383477,(1,9223372036854775807))
Edge(430827,117736,(3,9223372036854775807))
Edge(431377,460736,(3,9223372036854775807))
Edge(431471,490488,(3,9223372036854775807))
Edge(431791,277565,(3,9223372036854775807))
Edge(432380,308376,(3,9223372036854775807))
Edge(432614,309495,(1,9223372036854775807))
Edge(432725,182989,(3,9223372036854775807))
Edge(432766,320671,(3,9223372036854775807))
Edge(432905,313847,(3,9223372036854775807))
Edge(433049,132400,(3,9223372036854775807))
Edge(433201,288330,(3,9223372036854775807))
Edge(433250,344642,(3,9223372036854775807))
Edge(433333,498153,(3,9223372036854775807))
Edge(433403,399141,(3,9223372036854775807))
Edge(433549,196268,(3,9223372036854775807))
Edge(433732,113677,(3,9223372036854775807))
Edge(435601,96027,(3,9223372036854775807))
Edge(435770,456842,(1,9223372036854775807))
Edge(435965,359524,(1,9223372036854775807))
Edge(436015,245527,(3,9223372036854775807))
Edge(436084,72930,(3,9223372036854775807))
Edge(436476,423364,(3,9223372036854775807))
Edge(437069,379114,(3,9223372036854775807))
Edge(437217,33420,(3,9223372036854775807))
Edge(437383,202513,(3,9223372036854775807))
Edge(437397,441519,(1,9223372036854775807))
Edge(437528,15937,(3,9223372036854775807))
Edge(437919,369190,(3,9223372036854775807))
Edge(438008,469389,(1,3))
Edge(438052,395990,(3,9223372036854775807))
Edge(438108,7450,(3,9223372036854775807))
Edge(438187,113731,(3,9223372036854775807))
Edge(438239,112279,(3,9223372036854775807))
Edge(439183,131089,(3,9223372036854775807))
Edge(439496,38697,(3,9223372036854775807))
Edge(439789,265948,(3,9223372036854775807))
Edge(439894,194654,(3,9223372036854775807))
Edge(440038,11642,(3,9223372036854775807))
Edge(440813,326555,(3,9223372036854775807))
Edge(440905,58818,(3,9223372036854775807))
Edge(440938,24065,(1,3))
Edge(441013,81767,(3,9223372036854775807))
Edge(441322,369518,(3,9223372036854775807))
Edge(441446,360589,(1,3))
Edge(441619,204880,(3,9223372036854775807))
Edge(441833,116049,(3,9223372036854775807))
Edge(442162,476574,(3,9223372036854775807))
Edge(442192,27277,(3,9223372036854775807))
Edge(442326,52861,(3,9223372036854775807))
Edge(442414,252705,(3,9223372036854775807))
Edge(442447,405069,(1,9223372036854775807))
Edge(442581,408914,(1,9223372036854775807))
Edge(442614,346223,(3,9223372036854775807))
Edge(442628,255308,(3,9223372036854775807))
Edge(442805,449158,(3,9223372036854775807))
Edge(442891,404624,(1,9223372036854775807))
Edge(443446,222596,(3,9223372036854775807))
Edge(443489,255284,(3,9223372036854775807))
Edge(444108,354381,(1,9223372036854775807))
Edge(444174,431026,(1,3))
Edge(444499,408837,(3,9223372036854775807))
Edge(444601,474005,(3,9223372036854775807))
Edge(446246,309675,(3,9223372036854775807))
Edge(446372,363158,(3,9223372036854775807))
Edge(446433,81069,(3,9223372036854775807))
Edge(446445,370527,(3,9223372036854775807))
Edge(446488,297255,(4,9223372036854775807))
Edge(446590,330340,(3,9223372036854775807))
Edge(446993,134294,(3,9223372036854775807))
Edge(447000,54483,(1,9223372036854775807))
Edge(447206,484772,(3,9223372036854775807))
Edge(447285,70546,(3,9223372036854775807))
Edge(448196,336319,(3,9223372036854775807))
Edge(448500,56305,(3,9223372036854775807))
Edge(448669,216542,(3,9223372036854775807))
Edge(448709,80567,(4,9223372036854775807))
Edge(449183,451547,(3,9223372036854775807))
Edge(449279,41632,(3,9223372036854775807))
Edge(449467,393634,(3,9223372036854775807))
Edge(449961,107170,(3,9223372036854775807))
Edge(450312,371630,(3,9223372036854775807))
Edge(451099,229638,(3,9223372036854775807))
Edge(451486,415687,(1,9223372036854775807))
Edge(451546,156195,(3,9223372036854775807))
Edge(451978,17937,(3,9223372036854775807))
Edge(452057,345498,(3,9223372036854775807))
Edge(452231,242907,(3,9223372036854775807))
Edge(452298,256319,(3,9223372036854775807))
Edge(452415,25048,(3,9223372036854775807))
Edge(452553,184100,(1,3))
Edge(453160,298895,(3,9223372036854775807))
Edge(453166,254303,(3,9223372036854775807))
Edge(453590,126702,(1,9223372036854775807))
Edge(453998,193839,(3,9223372036854775807))
Edge(454225,480302,(1,3))
Edge(454467,182972,(3,9223372036854775807))
Edge(454976,491862,(3,9223372036854775807))
Edge(455489,100595,(3,9223372036854775807))
Edge(455496,397233,(3,9223372036854775807))
Edge(456345,351991,(3,9223372036854775807))
Edge(456460,367150,(3,9223372036854775807))
Edge(456645,168455,(3,9223372036854775807))
Edge(456903,211235,(3,9223372036854775807))
Edge(456970,150,(3,9223372036854775807))
Edge(457302,462020,(3,9223372036854775807))
Edge(457343,282178,(3,9223372036854775807))
Edge(457353,468537,(1,3))
Edge(457455,493111,(1,3))
Edge(457613,465937,(1,9223372036854775807))
Edge(457651,452177,(3,9223372036854775807))
Edge(457989,248049,(3,9223372036854775807))
Edge(458454,24852,(1,3))
Edge(458499,413214,(3,9223372036854775807))
Edge(458549,396476,(3,9223372036854775807))
Edge(458854,1241,(1,9223372036854775807))
Edge(458867,270747,(3,9223372036854775807))
Edge(458867,487957,(3,9223372036854775807))
Edge(459237,353042,(3,9223372036854775807))
Edge(459266,397355,(3,9223372036854775807))
Edge(459438,85868,(3,9223372036854775807))
Edge(459541,78738,(1,9223372036854775807))
Edge(459751,86651,(3,9223372036854775807))
Edge(460053,462010,(1,9223372036854775807))
Edge(460088,10982,(3,9223372036854775807))
Edge(460433,400120,(3,9223372036854775807))
Edge(460572,355395,(1,9223372036854775807))
Edge(460889,369451,(3,9223372036854775807))
Edge(461060,197966,(3,9223372036854775807))
Edge(461283,57231,(3,9223372036854775807))
Edge(461321,284092,(1,3))
Edge(461379,331608,(3,9223372036854775807))
Edge(461439,257037,(3,9223372036854775807))
Edge(461448,199655,(3,9223372036854775807))
Edge(461666,211167,(3,9223372036854775807))
Edge(461732,37650,(3,9223372036854775807))
Edge(461732,100352,(1,9223372036854775807))
Edge(461907,203277,(3,9223372036854775807))
Edge(462361,415837,(1,9223372036854775807))
Edge(462454,456710,(3,9223372036854775807))
Edge(462511,229453,(1,9223372036854775807))
Edge(462745,170515,(3,9223372036854775807))
Edge(462766,188085,(1,9223372036854775807))
Edge(462799,368773,(3,9223372036854775807))
Edge(462799,470125,(3,9223372036854775807))
Edge(462856,214098,(3,9223372036854775807))
Edge(463022,336942,(3,9223372036854775807))
Edge(463214,409079,(3,9223372036854775807))
Edge(463359,141158,(3,9223372036854775807))
Edge(463605,7648,(1,9223372036854775807))
Edge(464245,324056,(1,9223372036854775807))
Edge(464369,497180,(3,9223372036854775807))
Edge(464451,480560,(3,9223372036854775807))
Edge(464495,191719,(3,9223372036854775807))
Edge(464932,442989,(3,9223372036854775807))
Edge(464960,446249,(3,9223372036854775807))
Edge(465159,498266,(3,9223372036854775807))
Edge(465237,179726,(3,9223372036854775807))
Edge(465341,157809,(3,9223372036854775807))
Edge(465428,132489,(3,9223372036854775807))
Edge(465459,333680,(3,9223372036854775807))
Edge(465496,9575,(3,9223372036854775807))
Edge(465666,316308,(3,9223372036854775807))
Edge(465905,472093,(1,9223372036854775807))
Edge(466508,470126,(1,9223372036854775807))
Edge(466783,469409,(3,9223372036854775807))
Edge(467054,115068,(1,3))
Edge(467151,496468,(3,9223372036854775807))
Edge(467166,253092,(3,9223372036854775807))
Edge(467769,494359,(3,9223372036854775807))
Edge(467795,304461,(3,9223372036854775807))
Edge(468079,354136,(3,9223372036854775807))
Edge(468320,30889,(1,9223372036854775807))
Edge(468394,146661,(1,9223372036854775807))
Edge(468674,342424,(3,9223372036854775807))
Edge(469163,137823,(1,3))
Edge(469274,121015,(3,9223372036854775807))
Edge(469320,378230,(3,9223372036854775807))
Edge(469368,161045,(3,9223372036854775807))
Edge(469539,239329,(3,9223372036854775807))
Edge(469959,179691,(3,9223372036854775807))
Edge(471065,91956,(3,9223372036854775807))
Edge(471360,275834,(3,9223372036854775807))
Edge(471385,21325,(3,9223372036854775807))
Edge(471712,344300,(1,9223372036854775807))
Edge(472165,232276,(3,9223372036854775807))
Edge(472397,462640,(3,9223372036854775807))
Edge(472511,143162,(3,9223372036854775807))
Edge(472570,451504,(3,9223372036854775807))
Edge(472638,72059,(3,9223372036854775807))
Edge(473688,206267,(3,9223372036854775807))
Edge(474085,495797,(3,9223372036854775807))
Edge(474111,368333,(1,9223372036854775807))
Edge(474926,304530,(3,9223372036854775807))
Edge(475823,484828,(3,9223372036854775807))
Edge(475869,367269,(3,9223372036854775807))
Edge(476269,431125,(3,9223372036854775807))
Edge(476436,139993,(3,9223372036854775807))
Edge(476574,309011,(3,9223372036854775807))
Edge(476872,498227,(1,9223372036854775807))
Edge(477268,466320,(3,9223372036854775807))
Edge(477292,113969,(1,9223372036854775807))
Edge(477506,470318,(3,9223372036854775807))
Edge(478076,131726,(3,9223372036854775807))
Edge(478647,352669,(3,9223372036854775807))
Edge(478657,348433,(1,9223372036854775807))
Edge(478830,499100,(3,9223372036854775807))
Edge(479236,42293,(3,9223372036854775807))
Edge(479256,483349,(3,9223372036854775807))
Edge(479415,315782,(3,9223372036854775807))
Edge(479685,153198,(3,9223372036854775807))
Edge(480065,291971,(1,9223372036854775807))
Edge(480176,495849,(3,9223372036854775807))
Edge(480537,158443,(3,9223372036854775807))
Edge(480785,33659,(1,9223372036854775807))
Edge(480923,496861,(3,9223372036854775807))
Edge(480929,40698,(3,9223372036854775807))
Edge(481660,381296,(3,9223372036854775807))
Edge(481865,243221,(3,9223372036854775807))
Edge(482062,376157,(3,9223372036854775807))
Edge(482320,439896,(3,9223372036854775807))
Edge(482605,110495,(1,9223372036854775807))
Edge(482828,56906,(3,9223372036854775807))
Edge(482940,346677,(1,9223372036854775807))
Edge(483100,433346,(1,9223372036854775807))
Edge(483768,472756,(3,9223372036854775807))
Edge(483965,123573,(3,9223372036854775807))
Edge(484051,482287,(3,9223372036854775807))
Edge(484093,109113,(3,9223372036854775807))
Edge(485816,66958,(3,9223372036854775807))
Edge(485959,196522,(3,9223372036854775807))
Edge(486265,414103,(3,9223372036854775807))
Edge(486501,72501,(3,9223372036854775807))
Edge(486862,491484,(3,9223372036854775807))
Edge(487080,65404,(1,9223372036854775807))
Edge(487455,48906,(1,9223372036854775807))
Edge(487792,26515,(1,9223372036854775807))
Edge(488506,334552,(3,9223372036854775807))
Edge(488516,155678,(3,9223372036854775807))
Edge(488588,217307,(3,9223372036854775807))
Edge(488603,185191,(3,9223372036854775807))
Edge(489129,327495,(3,9223372036854775807))
Edge(489496,311382,(3,9223372036854775807))
Edge(489574,343412,(3,9223372036854775807))
Edge(489716,236179,(3,9223372036854775807))
Edge(490313,342219,(3,9223372036854775807))
Edge(490427,295079,(3,9223372036854775807))
Edge(490673,11099,(3,9223372036854775807))
Edge(490846,464539,(3,9223372036854775807))
Edge(491113,135615,(3,9223372036854775807))
Edge(491526,210656,(1,9223372036854775807))
Edge(492344,383285,(3,9223372036854775807))
Edge(492442,481474,(3,9223372036854775807))
Edge(492995,913,(3,9223372036854775807))
Edge(493515,316295,(3,9223372036854775807))
Edge(493543,196401,(1,9223372036854775807))
Edge(494223,370342,(3,9223372036854775807))
Edge(494330,412792,(3,9223372036854775807))
Edge(494450,333593,(3,9223372036854775807))
Edge(494522,423764,(3,9223372036854775807))
Edge(495129,267581,(3,9223372036854775807))
Edge(495425,302710,(3,9223372036854775807))
Edge(495541,7721,(3,9223372036854775807))
Edge(496578,494473,(3,9223372036854775807))
Edge(496590,478617,(1,3))
Edge(496621,443636,(3,9223372036854775807))
Edge(496728,297376,(3,9223372036854775807))
Edge(496769,478903,(3,9223372036854775807))
Edge(496875,101773,(3,9223372036854775807))
Edge(498162,415291,(3,9223372036854775807))
Edge(498401,433972,(3,9223372036854775807))
Edge(498427,169990,(3,9223372036854775807))
Edge(498457,120418,(3,9223372036854775807))
Edge(498555,318693,(1,9223372036854775807))
Edge(498840,171195,(3,9223372036854775807))
Edge(498881,473980,(3,9223372036854775807))
Edge(499139,446916,(3,9223372036854775807))
Edge(499321,140496,(4,9223372036854775807))
Edge(499609,9419,(3,9223372036854775807))
