Edge(4,454860,(3,9223372036854775807))
Edge(202,464424,(3,9223372036854775807))
Edge(216,435789,(3,9223372036854775807))
Edge(404,70408,(3,9223372036854775807))
Edge(828,246364,(3,9223372036854775807))
Edge(971,386911,(3,9223372036854775807))
Edge(1076,462137,(3,9223372036854775807))
Edge(1761,152015,(3,9223372036854775807))
Edge(2295,7197,(1,9223372036854775807))
Edge(2801,243418,(3,9223372036854775807))
Edge(3724,327905,(1,3))
Edge(3735,23662,(3,9223372036854775807))
Edge(4257,343049,(1,3))
Edge(4991,82589,(3,9223372036854775807))
Edge(5018,492306,(3,9223372036854775807))
Edge(5406,431773,(3,9223372036854775807))
Edge(5982,102677,(3,9223372036854775807))
Edge(6253,269766,(3,9223372036854775807))
Edge(7396,90810,(1,9223372036854775807))
Edge(7609,35112,(3,9223372036854775807))
Edge(7667,200367,(3,9223372036854775807))
Edge(7734,305827,(3,9223372036854775807))
Edge(8214,85248,(3,9223372036854775807))
Edge(8839,225955,(3,9223372036854775807))
Edge(8990,220626,(3,9223372036854775807))
Edge(9434,432836,(3,9223372036854775807))
Edge(9843,482907,(3,9223372036854775807))
Edge(10319,395564,(3,9223372036854775807))
Edge(10531,79000,(3,9223372036854775807))
Edge(10557,239905,(3,9223372036854775807))
Edge(10668,414810,(1,9223372036854775807))
Edge(10762,323690,(3,9223372036854775807))
Edge(10848,445083,(3,9223372036854775807))
Edge(10997,152928,(3,9223372036854775807))
Edge(11833,172144,(3,9223372036854775807))
Edge(11915,316669,(1,9223372036854775807))
Edge(12017,30530,(3,9223372036854775807))
Edge(12024,219119,(3,9223372036854775807))
Edge(12784,446706,(3,9223372036854775807))
Edge(13499,408234,(3,9223372036854775807))
Edge(13668,158705,(3,9223372036854775807))
Edge(13869,374251,(3,9223372036854775807))
Edge(13923,342111,(3,9223372036854775807))
Edge(14149,497,(3,9223372036854775807))
Edge(14315,193040,(3,9223372036854775807))
Edge(15077,269053,(3,9223372036854775807))
Edge(15181,412861,(3,9223372036854775807))
Edge(15409,300367,(3,9223372036854775807))
Edge(15423,68100,(3,9223372036854775807))
Edge(15784,75400,(1,9223372036854775807))
Edge(15808,182895,(3,9223372036854775807))
Edge(16032,383575,(3,9223372036854775807))
Edge(16563,57862,(3,9223372036854775807))
Edge(16612,492216,(3,9223372036854775807))
Edge(16732,226913,(1,9223372036854775807))
Edge(16876,73991,(1,3))
Edge(17065,10048,(3,9223372036854775807))
Edge(17733,309855,(3,9223372036854775807))
Edge(18171,276972,(3,9223372036854775807))
Edge(19270,188575,(3,9223372036854775807))
Edge(19560,289944,(3,9223372036854775807))
Edge(19564,81087,(3,9223372036854775807))
Edge(19599,335054,(1,9223372036854775807))
Edge(19605,226549,(1,9223372036854775807))
Edge(19711,16536,(3,9223372036854775807))
Edge(19797,198505,(1,3))
Edge(19852,24501,(1,9223372036854775807))
Edge(20043,364137,(3,9223372036854775807))
Edge(20436,245566,(3,9223372036854775807))
Edge(20728,236859,(3,9223372036854775807))
Edge(20770,381236,(3,9223372036854775807))
Edge(21274,51883,(3,9223372036854775807))
Edge(21487,281688,(3,9223372036854775807))
Edge(21633,306498,(3,9223372036854775807))
Edge(21707,211523,(3,9223372036854775807))
Edge(21963,167431,(1,9223372036854775807))
Edge(22382,367262,(3,9223372036854775807))
Edge(22586,159248,(3,9223372036854775807))
Edge(22640,52597,(3,9223372036854775807))
Edge(22995,268921,(3,9223372036854775807))
Edge(23462,233079,(3,9223372036854775807))
Edge(24348,268131,(3,9223372036854775807))
Edge(24598,302020,(3,9223372036854775807))
Edge(26590,439502,(3,9223372036854775807))
Edge(26651,436051,(3,9223372036854775807))
Edge(27876,123403,(3,9223372036854775807))
Edge(28031,272602,(3,9223372036854775807))
Edge(28269,72982,(3,9223372036854775807))
Edge(28493,429859,(3,9223372036854775807))
Edge(28891,495972,(3,9223372036854775807))
Edge(28926,487898,(1,9223372036854775807))
Edge(29144,327185,(3,9223372036854775807))
Edge(29172,477226,(3,9223372036854775807))
Edge(29357,65729,(3,9223372036854775807))
Edge(29553,393272,(3,9223372036854775807))
Edge(29740,153575,(3,9223372036854775807))
Edge(30367,442902,(4,9223372036854775807))
Edge(30738,145757,(3,9223372036854775807))
Edge(31429,154723,(3,9223372036854775807))
Edge(32021,76400,(1,9223372036854775807))
Edge(32523,72979,(3,9223372036854775807))
Edge(33373,232791,(3,9223372036854775807))
Edge(33557,187846,(1,9223372036854775807))
Edge(34022,14675,(1,3))
Edge(34576,126750,(3,9223372036854775807))
Edge(34625,328323,(3,9223372036854775807))
Edge(34851,483173,(3,9223372036854775807))
Edge(35072,441891,(3,9223372036854775807))
Edge(35147,388587,(1,9223372036854775807))
Edge(35224,7214,(3,9223372036854775807))
Edge(35318,173128,(3,9223372036854775807))
Edge(36234,361624,(3,9223372036854775807))
Edge(36612,53803,(1,9223372036854775807))
Edge(36664,8792,(3,9223372036854775807))
Edge(36936,446535,(3,9223372036854775807))
Edge(36971,499771,(3,9223372036854775807))
Edge(37209,207247,(3,9223372036854775807))
Edge(37536,267152,(1,9223372036854775807))
Edge(37813,256238,(3,9223372036854775807))
Edge(37937,292589,(3,9223372036854775807))
Edge(38044,366677,(3,9223372036854775807))
Edge(38351,68266,(3,9223372036854775807))
Edge(38449,27047,(3,9223372036854775807))
Edge(38465,345592,(3,9223372036854775807))
Edge(39004,203782,(1,9223372036854775807))
Edge(39339,41359,(3,9223372036854775807))
Edge(39367,97718,(1,3))
Edge(39838,31901,(3,9223372036854775807))
Edge(39948,417871,(1,9223372036854775807))
Edge(40050,255017,(3,9223372036854775807))
Edge(40060,344807,(3,9223372036854775807))
Edge(40195,112929,(1,9223372036854775807))
Edge(40433,310518,(1,9223372036854775807))
Edge(40614,215709,(3,9223372036854775807))
Edge(42020,68668,(3,9223372036854775807))
Edge(42068,34535,(3,9223372036854775807))
Edge(42136,216160,(3,9223372036854775807))
Edge(42520,73209,(1,9223372036854775807))
Edge(43263,267198,(3,9223372036854775807))
Edge(43562,497129,(3,9223372036854775807))
Edge(44071,47640,(3,9223372036854775807))
Edge(44256,392589,(3,9223372036854775807))
Edge(44547,77652,(3,9223372036854775807))
Edge(44761,397176,(3,9223372036854775807))
Edge(45045,109816,(3,9223372036854775807))
Edge(45046,311252,(1,9223372036854775807))
Edge(45086,199601,(3,9223372036854775807))
Edge(45364,273594,(3,9223372036854775807))
Edge(45922,126904,(3,9223372036854775807))
Edge(46178,54923,(3,9223372036854775807))
Edge(46780,305575,(3,9223372036854775807))
Edge(47021,358327,(3,9223372036854775807))
Edge(47387,24806,(3,9223372036854775807))
Edge(47663,475317,(1,3))
Edge(47790,185575,(3,9223372036854775807))
Edge(48451,334139,(3,9223372036854775807))
Edge(48730,162974,(3,9223372036854775807))
Edge(48772,246804,(3,9223372036854775807))
Edge(48828,464406,(3,9223372036854775807))
Edge(48845,11315,(3,9223372036854775807))
Edge(49147,96495,(1,9223372036854775807))
Edge(49151,371548,(3,9223372036854775807))
Edge(49464,125663,(3,9223372036854775807))
Edge(49543,137492,(1,3))
Edge(49616,60921,(3,9223372036854775807))
Edge(49833,433934,(3,9223372036854775807))
Edge(49917,243948,(3,9223372036854775807))
Edge(50248,237154,(1,9223372036854775807))
Edge(50583,411445,(3,9223372036854775807))
Edge(50671,345106,(3,9223372036854775807))
Edge(50920,84403,(3,9223372036854775807))
Edge(50929,193606,(1,9223372036854775807))
Edge(51634,104758,(3,9223372036854775807))
Edge(51754,415331,(1,9223372036854775807))
Edge(51875,100302,(3,9223372036854775807))
Edge(52099,413063,(3,9223372036854775807))
Edge(52741,316673,(3,9223372036854775807))
Edge(52788,184729,(3,9223372036854775807))
Edge(52788,331430,(3,9223372036854775807))
Edge(52889,393522,(3,9223372036854775807))
Edge(52941,349840,(3,9223372036854775807))
Edge(53189,164041,(3,9223372036854775807))
Edge(53201,311485,(3,9223372036854775807))
Edge(53267,292131,(1,3))
Edge(53435,281409,(3,9223372036854775807))
Edge(53749,65677,(3,9223372036854775807))
Edge(54040,353667,(3,9223372036854775807))
Edge(54287,247180,(3,9223372036854775807))
Edge(54852,274281,(3,9223372036854775807))
Edge(55187,53812,(1,3))
Edge(55580,46027,(3,9223372036854775807))
Edge(55823,46237,(3,9223372036854775807))
Edge(56016,493898,(3,9223372036854775807))
Edge(56114,216502,(3,9223372036854775807))
Edge(57541,282331,(1,3))
Edge(57675,388888,(3,9223372036854775807))
Edge(58008,235301,(3,9223372036854775807))
Edge(58361,478602,(3,9223372036854775807))
Edge(58434,302021,(3,9223372036854775807))
Edge(58581,423896,(3,9223372036854775807))
Edge(58603,333946,(1,9223372036854775807))
Edge(59056,433148,(3,9223372036854775807))
Edge(59199,104826,(3,9223372036854775807))
Edge(59841,376233,(1,9223372036854775807))
Edge(60664,298560,(3,9223372036854775807))
Edge(61076,2469,(3,9223372036854775807))
Edge(61661,340570,(3,9223372036854775807))
Edge(62409,424042,(3,9223372036854775807))
Edge(62712,100759,(3,9223372036854775807))
Edge(62972,419937,(1,9223372036854775807))
Edge(63023,480861,(3,9223372036854775807))
Edge(63094,80666,(3,9223372036854775807))
Edge(63211,339009,(3,9223372036854775807))
Edge(63384,98127,(3,9223372036854775807))
Edge(63814,359927,(3,9223372036854775807))
Edge(63942,236404,(3,9223372036854775807))
Edge(64144,323486,(3,9223372036854775807))
Edge(64331,223690,(3,9223372036854775807))
Edge(64474,99229,(3,9223372036854775807))
Edge(64514,179023,(3,9223372036854775807))
Edge(64736,78707,(3,9223372036854775807))
Edge(64755,266649,(1,9223372036854775807))
Edge(65104,11714,(3,9223372036854775807))
Edge(65202,457203,(1,9223372036854775807))
Edge(65742,293673,(3,9223372036854775807))
Edge(65838,63796,(3,9223372036854775807))
Edge(65839,289162,(3,9223372036854775807))
Edge(65921,115862,(1,9223372036854775807))
Edge(66475,318337,(3,9223372036854775807))
Edge(66704,459505,(3,9223372036854775807))
Edge(66758,250309,(3,9223372036854775807))
Edge(67444,237493,(3,9223372036854775807))
Edge(68053,224993,(3,9223372036854775807))
Edge(68083,466184,(3,9223372036854775807))
Edge(68310,372644,(3,9223372036854775807))
Edge(68821,31781,(1,9223372036854775807))
Edge(69022,146122,(3,9223372036854775807))
Edge(69416,213639,(3,9223372036854775807))
Edge(69565,269858,(3,9223372036854775807))
Edge(69773,379195,(3,9223372036854775807))
Edge(70086,316879,(3,9223372036854775807))
Edge(70941,224115,(3,9223372036854775807))
Edge(71178,388055,(3,9223372036854775807))
Edge(71284,164043,(3,9223372036854775807))
Edge(71496,231042,(3,9223372036854775807))
Edge(71651,251363,(3,9223372036854775807))
Edge(72124,77172,(1,9223372036854775807))
Edge(72227,201220,(3,9223372036854775807))
Edge(72723,409784,(3,9223372036854775807))
Edge(73226,40829,(3,9223372036854775807))
Edge(73586,227115,(3,9223372036854775807))
Edge(74741,320909,(1,3))
Edge(74764,310269,(3,9223372036854775807))
Edge(75083,186484,(3,9223372036854775807))
Edge(75144,172603,(3,9223372036854775807))
Edge(75268,463216,(1,9223372036854775807))
Edge(75690,240061,(1,3))
Edge(76011,319742,(1,9223372036854775807))
Edge(76105,390800,(3,9223372036854775807))
Edge(76480,41808,(3,9223372036854775807))
Edge(76633,287930,(3,9223372036854775807))
Edge(77318,195321,(3,9223372036854775807))
Edge(77423,20553,(1,9223372036854775807))
Edge(77667,231630,(3,9223372036854775807))
Edge(77732,284394,(1,9223372036854775807))
Edge(77898,375907,(3,9223372036854775807))
Edge(77915,188354,(3,9223372036854775807))
Edge(77923,353387,(3,9223372036854775807))
Edge(78291,409123,(3,9223372036854775807))
Edge(79170,17006,(3,9223372036854775807))
Edge(79411,337010,(1,9223372036854775807))
Edge(79624,101144,(3,9223372036854775807))
Edge(79683,311230,(3,9223372036854775807))
Edge(80547,34516,(1,9223372036854775807))
Edge(80568,272601,(3,9223372036854775807))
Edge(80685,233016,(3,9223372036854775807))
Edge(80902,404308,(3,9223372036854775807))
Edge(81134,310012,(3,9223372036854775807))
Edge(81436,468255,(3,9223372036854775807))
Edge(81455,364347,(3,9223372036854775807))
Edge(81896,344228,(3,9223372036854775807))
Edge(82028,218090,(3,9223372036854775807))
Edge(82264,109868,(3,9223372036854775807))
Edge(82798,120521,(1,3))
Edge(83058,136010,(1,9223372036854775807))
Edge(83224,300404,(1,3))
Edge(83375,472101,(1,3))
Edge(83589,491376,(3,9223372036854775807))
Edge(83943,124965,(3,9223372036854775807))
Edge(84193,460867,(3,9223372036854775807))
Edge(84431,93868,(3,9223372036854775807))
Edge(84673,312155,(3,9223372036854775807))
Edge(84742,370355,(3,9223372036854775807))
Edge(84752,142949,(3,9223372036854775807))
Edge(84831,146729,(3,9223372036854775807))
Edge(85120,74391,(3,9223372036854775807))
Edge(85292,271881,(3,9223372036854775807))
Edge(86183,459224,(3,9223372036854775807))
Edge(86192,138498,(1,9223372036854775807))
Edge(86754,289596,(3,9223372036854775807))
Edge(86961,37761,(3,9223372036854775807))
Edge(87179,131345,(1,9223372036854775807))
Edge(87549,42054,(3,9223372036854775807))
Edge(87693,115799,(1,9223372036854775807))
Edge(87960,397036,(3,9223372036854775807))
Edge(88088,80988,(3,9223372036854775807))
Edge(88103,72829,(1,9223372036854775807))
Edge(88473,333684,(3,9223372036854775807))
Edge(88595,336366,(3,9223372036854775807))
Edge(88708,163436,(1,3))
Edge(88870,329614,(3,9223372036854775807))
Edge(89151,32914,(3,9223372036854775807))
Edge(89161,235467,(3,9223372036854775807))
Edge(89285,178922,(3,9223372036854775807))
Edge(89371,430270,(3,9223372036854775807))
Edge(89628,32109,(3,9223372036854775807))
Edge(89656,437748,(3,9223372036854775807))
Edge(89896,214200,(3,9223372036854775807))
Edge(90025,90174,(3,9223372036854775807))
Edge(90455,150521,(3,9223372036854775807))
Edge(90573,493018,(3,9223372036854775807))
Edge(90621,292846,(3,9223372036854775807))
Edge(90634,95173,(3,9223372036854775807))
Edge(91068,281617,(3,9223372036854775807))
Edge(91722,182280,(1,9223372036854775807))
Edge(92501,354408,(3,9223372036854775807))
Edge(93239,414999,(3,9223372036854775807))
Edge(93270,369833,(3,9223372036854775807))
Edge(93312,481089,(3,9223372036854775807))
Edge(93377,201396,(3,9223372036854775807))
Edge(93552,348935,(3,9223372036854775807))
Edge(93668,406568,(1,3))
Edge(93678,358181,(3,9223372036854775807))
Edge(93788,167644,(3,9223372036854775807))
Edge(93925,277906,(3,9223372036854775807))
Edge(94256,2191,(1,3))
Edge(94857,88809,(1,9223372036854775807))
Edge(94955,2463,(3,9223372036854775807))
Edge(94997,199424,(3,9223372036854775807))
Edge(95085,477054,(3,9223372036854775807))
Edge(95271,91827,(1,9223372036854775807))
Edge(95415,370248,(3,9223372036854775807))
Edge(95659,472499,(3,9223372036854775807))
Edge(97115,378953,(3,9223372036854775807))
Edge(97162,298639,(3,9223372036854775807))
Edge(97492,202348,(3,9223372036854775807))
Edge(97492,206384,(3,9223372036854775807))
Edge(97557,56806,(3,9223372036854775807))
Edge(97870,177597,(3,9223372036854775807))
Edge(98112,391127,(3,9223372036854775807))
Edge(98171,451701,(3,9223372036854775807))
Edge(98309,132209,(3,9223372036854775807))
Edge(98437,91111,(3,9223372036854775807))
Edge(98550,93466,(3,9223372036854775807))
Edge(98716,255620,(3,9223372036854775807))
Edge(98982,231484,(3,9223372036854775807))
Edge(99295,114210,(3,9223372036854775807))
Edge(99312,411166,(3,9223372036854775807))
Edge(99420,282806,(1,9223372036854775807))
Edge(99514,88888,(1,9223372036854775807))
Edge(99798,33873,(1,9223372036854775807))
Edge(99809,149699,(3,9223372036854775807))
Edge(100214,308459,(3,9223372036854775807))
Edge(100847,348044,(3,9223372036854775807))
Edge(100868,410380,(3,9223372036854775807))
Edge(101052,433726,(3,9223372036854775807))
Edge(101128,317958,(3,9223372036854775807))
Edge(101567,4132,(3,9223372036854775807))
Edge(101816,479966,(3,9223372036854775807))
Edge(102178,50284,(1,9223372036854775807))
Edge(102376,90622,(3,9223372036854775807))
Edge(102412,236087,(3,9223372036854775807))
Edge(102622,210968,(3,9223372036854775807))
Edge(103533,479447,(3,9223372036854775807))
Edge(103576,93331,(3,9223372036854775807))
Edge(103602,266842,(3,9223372036854775807))
Edge(103730,139672,(3,9223372036854775807))
Edge(104164,8194,(3,9223372036854775807))
Edge(104455,169524,(3,9223372036854775807))
Edge(104814,54684,(3,9223372036854775807))
Edge(104958,116398,(1,3))
Edge(105165,139290,(3,9223372036854775807))
Edge(105658,321821,(1,9223372036854775807))
Edge(105680,171770,(3,9223372036854775807))
Edge(106090,167477,(3,9223372036854775807))
Edge(106184,333633,(3,9223372036854775807))
Edge(106262,436954,(3,9223372036854775807))
Edge(106275,380281,(3,9223372036854775807))
Edge(106396,242480,(3,9223372036854775807))
Edge(106559,392715,(3,9223372036854775807))
Edge(106672,40859,(3,9223372036854775807))
Edge(106702,342261,(3,9223372036854775807))
Edge(107031,449138,(3,9223372036854775807))
Edge(107226,221544,(3,9223372036854775807))
Edge(107296,157859,(1,9223372036854775807))
Edge(107449,239455,(3,9223372036854775807))
Edge(107607,343447,(3,9223372036854775807))
Edge(107909,127805,(3,9223372036854775807))
Edge(107989,480044,(3,9223372036854775807))
Edge(107990,40946,(3,9223372036854775807))
Edge(108187,46447,(3,9223372036854775807))
Edge(108424,233413,(3,9223372036854775807))
Edge(108464,431112,(1,9223372036854775807))
Edge(108544,62393,(3,9223372036854775807))
Edge(108552,459067,(1,9223372036854775807))
Edge(108809,469340,(3,9223372036854775807))
Edge(108842,357727,(1,9223372036854775807))
Edge(109599,308559,(3,9223372036854775807))
Edge(109802,406916,(3,9223372036854775807))
Edge(110156,380169,(3,9223372036854775807))
Edge(110595,386814,(3,9223372036854775807))
Edge(110631,72925,(3,9223372036854775807))
Edge(110713,164058,(3,9223372036854775807))
Edge(111340,207452,(3,9223372036854775807))
Edge(112189,440771,(3,9223372036854775807))
Edge(112269,124565,(1,3))
Edge(112434,86358,(1,9223372036854775807))
Edge(113482,369572,(3,9223372036854775807))
Edge(113494,400285,(1,9223372036854775807))
Edge(113503,57658,(3,9223372036854775807))
Edge(113623,74400,(3,9223372036854775807))
Edge(113818,144444,(3,9223372036854775807))
Edge(114878,391458,(3,9223372036854775807))
Edge(114880,315788,(3,9223372036854775807))
Edge(115152,485096,(3,9223372036854775807))
Edge(115156,73149,(3,9223372036854775807))
Edge(115301,387151,(1,9223372036854775807))
Edge(115570,182468,(3,9223372036854775807))
Edge(115717,103647,(3,9223372036854775807))
Edge(116242,246351,(1,9223372036854775807))
Edge(116647,386003,(1,3))
Edge(116830,209712,(3,9223372036854775807))
Edge(116910,211046,(3,9223372036854775807))
Edge(117134,260619,(3,9223372036854775807))
Edge(117403,470666,(3,9223372036854775807))
Edge(117741,438673,(1,9223372036854775807))
Edge(118265,458444,(1,9223372036854775807))
Edge(118337,398603,(1,3))
Edge(118921,369425,(3,9223372036854775807))
Edge(118971,71663,(3,9223372036854775807))
Edge(119091,327763,(1,3))
Edge(119096,378444,(1,9223372036854775807))
Edge(119098,370995,(3,9223372036854775807))
Edge(119261,89360,(3,9223372036854775807))
Edge(119273,289571,(3,9223372036854775807))
Edge(119442,318128,(1,9223372036854775807))
Edge(119450,437834,(3,9223372036854775807))
Edge(119933,340724,(3,9223372036854775807))
Edge(119967,195003,(3,9223372036854775807))
Edge(120128,333682,(3,9223372036854775807))
Edge(120582,23181,(3,9223372036854775807))
Edge(120779,236897,(3,9223372036854775807))
Edge(121164,41268,(3,9223372036854775807))
Edge(121380,96145,(1,3))
Edge(121397,131788,(1,9223372036854775807))
Edge(121516,18538,(1,9223372036854775807))
Edge(122046,247045,(3,9223372036854775807))
Edge(122286,393475,(3,9223372036854775807))
Edge(122675,260191,(3,9223372036854775807))
Edge(123019,22223,(3,9223372036854775807))
Edge(123232,383352,(3,9223372036854775807))
Edge(123293,218244,(3,9223372036854775807))
Edge(123414,327846,(3,9223372036854775807))
Edge(123502,27432,(1,3))
Edge(123572,334810,(1,9223372036854775807))
Edge(123733,473972,(3,9223372036854775807))
Edge(123873,437005,(3,9223372036854775807))
Edge(124304,43797,(3,9223372036854775807))
Edge(124496,384633,(1,3))
Edge(124526,467828,(1,3))
Edge(124632,405000,(3,9223372036854775807))
Edge(124651,235401,(3,9223372036854775807))
Edge(124992,386636,(3,9223372036854775807))
Edge(125046,211341,(3,9223372036854775807))
Edge(125060,276049,(3,9223372036854775807))
Edge(125268,326164,(3,9223372036854775807))
Edge(125966,95420,(3,9223372036854775807))
Edge(126281,49184,(4,9223372036854775807))
Edge(126621,463196,(3,9223372036854775807))
Edge(126833,411936,(3,9223372036854775807))
Edge(126965,191585,(3,9223372036854775807))
Edge(127568,182829,(1,9223372036854775807))
Edge(127644,182252,(3,9223372036854775807))
Edge(127886,321330,(3,9223372036854775807))
Edge(128004,345108,(3,9223372036854775807))
Edge(128095,12277,(3,9223372036854775807))
Edge(128161,86980,(3,9223372036854775807))
Edge(128272,112004,(3,9223372036854775807))
Edge(128418,162131,(3,9223372036854775807))
Edge(128873,277951,(3,9223372036854775807))
Edge(129550,75032,(1,3))
Edge(129644,390330,(1,9223372036854775807))
Edge(129732,319789,(1,3))
Edge(129748,298188,(3,9223372036854775807))
Edge(129799,419456,(1,3))
Edge(129829,250396,(3,9223372036854775807))
Edge(129974,206760,(3,9223372036854775807))
Edge(130162,154472,(3,9223372036854775807))
Edge(130329,7643,(1,9223372036854775807))
Edge(130542,81648,(3,9223372036854775807))
Edge(130814,237075,(1,9223372036854775807))
Edge(131332,205929,(3,9223372036854775807))
Edge(131668,67468,(3,9223372036854775807))
Edge(131781,221682,(3,9223372036854775807))
Edge(131837,419432,(3,9223372036854775807))
Edge(131847,463245,(1,3))
Edge(131886,445543,(3,9223372036854775807))
Edge(132341,263707,(3,9223372036854775807))
Edge(132452,359847,(3,9223372036854775807))
Edge(132821,103321,(3,9223372036854775807))
Edge(132884,172779,(3,9223372036854775807))
Edge(133005,165210,(3,9223372036854775807))
Edge(133222,93673,(1,3))
Edge(133422,268147,(3,9223372036854775807))
Edge(133444,387087,(3,9223372036854775807))
Edge(133495,376483,(3,9223372036854775807))
Edge(133567,413135,(3,9223372036854775807))
Edge(133681,94606,(3,9223372036854775807))
Edge(133792,150294,(3,9223372036854775807))
Edge(133878,27015,(3,9223372036854775807))
Edge(133963,105355,(3,9223372036854775807))
Edge(134423,285581,(1,9223372036854775807))
Edge(134512,186032,(1,3))
Edge(134704,189710,(3,9223372036854775807))
Edge(134944,345287,(1,9223372036854775807))
Edge(135359,177149,(3,9223372036854775807))
Edge(135378,188971,(3,9223372036854775807))
Edge(135379,208310,(3,9223372036854775807))
Edge(135771,88182,(1,9223372036854775807))
Edge(135949,147498,(3,9223372036854775807))
Edge(136481,499942,(1,9223372036854775807))
Edge(136547,318744,(3,9223372036854775807))
Edge(136763,314053,(3,9223372036854775807))
Edge(136998,430572,(3,9223372036854775807))
Edge(137078,103576,(3,9223372036854775807))
Edge(137207,136594,(3,9223372036854775807))
Edge(137911,50439,(3,9223372036854775807))
Edge(138094,493339,(3,9223372036854775807))
Edge(138157,409772,(3,9223372036854775807))
Edge(138374,151818,(3,9223372036854775807))
Edge(138382,370911,(3,9223372036854775807))
Edge(138453,96872,(3,9223372036854775807))
Edge(139075,19969,(3,9223372036854775807))
Edge(139611,99972,(1,9223372036854775807))
Edge(140263,192078,(3,9223372036854775807))
Edge(140482,184677,(3,9223372036854775807))
Edge(140999,445914,(3,9223372036854775807))
Edge(141786,194311,(1,9223372036854775807))
Edge(142153,461133,(3,9223372036854775807))
Edge(142185,57024,(3,9223372036854775807))
Edge(142233,31269,(3,9223372036854775807))
Edge(142789,440500,(3,9223372036854775807))
Edge(143223,498043,(3,9223372036854775807))
Edge(143815,107226,(3,9223372036854775807))
Edge(143892,328565,(1,3))
Edge(143931,265719,(3,9223372036854775807))
Edge(144364,427829,(3,9223372036854775807))
Edge(144369,160564,(3,9223372036854775807))
Edge(144370,371946,(3,9223372036854775807))
Edge(144396,14002,(3,9223372036854775807))
Edge(144721,134799,(3,9223372036854775807))
Edge(144752,167004,(1,9223372036854775807))
Edge(144949,285622,(3,9223372036854775807))
Edge(145189,212724,(3,9223372036854775807))
Edge(145341,453868,(3,9223372036854775807))
Edge(145728,262106,(3,9223372036854775807))
Edge(145760,42145,(1,3))
Edge(146845,67022,(1,9223372036854775807))
Edge(147251,147848,(3,9223372036854775807))
Edge(147258,75394,(3,9223372036854775807))
Edge(147431,365370,(1,3))
Edge(147506,118159,(3,9223372036854775807))
Edge(148197,37201,(3,9223372036854775807))
Edge(148330,96291,(3,9223372036854775807))
Edge(148687,498972,(3,9223372036854775807))
Edge(148750,182446,(3,9223372036854775807))
Edge(148768,119411,(3,9223372036854775807))
Edge(148836,344634,(1,3))
Edge(148919,359340,(3,9223372036854775807))
Edge(149269,172507,(3,9223372036854775807))
Edge(149568,54585,(3,9223372036854775807))
Edge(149860,270952,(3,9223372036854775807))
Edge(149912,211866,(1,3))
Edge(150114,447500,(3,9223372036854775807))
Edge(150205,313353,(3,9223372036854775807))
Edge(150372,79627,(3,9223372036854775807))
Edge(150551,137682,(3,9223372036854775807))
Edge(150691,336494,(3,9223372036854775807))
Edge(151106,304330,(3,9223372036854775807))
Edge(151319,375943,(3,9223372036854775807))
Edge(151530,77667,(3,9223372036854775807))
Edge(151639,316159,(3,9223372036854775807))
Edge(151869,264787,(3,9223372036854775807))
Edge(152290,201676,(3,9223372036854775807))
Edge(152388,198670,(3,9223372036854775807))
Edge(152526,339111,(3,9223372036854775807))
Edge(152615,245164,(1,9223372036854775807))
Edge(152621,276710,(3,9223372036854775807))
Edge(152869,433442,(3,9223372036854775807))
Edge(153076,330549,(1,9223372036854775807))
Edge(153415,298032,(3,9223372036854775807))
Edge(153724,338760,(1,9223372036854775807))
Edge(153993,153285,(3,9223372036854775807))
Edge(154030,289127,(1,9223372036854775807))
Edge(154400,323046,(3,9223372036854775807))
Edge(154418,143332,(3,9223372036854775807))
Edge(154697,341408,(3,9223372036854775807))
Edge(155076,93397,(3,9223372036854775807))
Edge(155361,482490,(3,9223372036854775807))
Edge(155374,477011,(3,9223372036854775807))
Edge(155721,27627,(3,9223372036854775807))
Edge(155747,82864,(3,9223372036854775807))
Edge(156115,172931,(3,9223372036854775807))
Edge(156138,374314,(3,9223372036854775807))
Edge(156353,381264,(3,9223372036854775807))
Edge(156417,78575,(3,9223372036854775807))
Edge(157146,56134,(3,9223372036854775807))
Edge(157152,138142,(1,9223372036854775807))
Edge(157387,440427,(3,9223372036854775807))
Edge(158355,303323,(3,9223372036854775807))
Edge(158665,260404,(3,9223372036854775807))
Edge(158667,300848,(3,9223372036854775807))
Edge(158774,202464,(3,9223372036854775807))
Edge(160157,256430,(1,3))
Edge(160358,410113,(3,9223372036854775807))
Edge(160420,45273,(3,9223372036854775807))
Edge(160552,419793,(3,9223372036854775807))
Edge(160725,374212,(3,9223372036854775807))
Edge(161061,403869,(1,9223372036854775807))
Edge(161371,408830,(3,9223372036854775807))
Edge(161491,409007,(3,9223372036854775807))
Edge(162193,414493,(3,9223372036854775807))
Edge(162332,363788,(3,9223372036854775807))
Edge(162551,282419,(1,9223372036854775807))
Edge(162621,99895,(3,9223372036854775807))
Edge(162909,211449,(3,9223372036854775807))
Edge(163116,175339,(1,9223372036854775807))
Edge(163155,354338,(3,9223372036854775807))
Edge(163393,364409,(1,9223372036854775807))
Edge(163441,246966,(3,9223372036854775807))
Edge(163614,389568,(3,9223372036854775807))
Edge(163969,78587,(3,9223372036854775807))
Edge(164044,359317,(3,9223372036854775807))
Edge(164117,270671,(1,9223372036854775807))
Edge(164378,273996,(1,3))
Edge(164535,281169,(3,9223372036854775807))
Edge(164888,48986,(3,9223372036854775807))
Edge(165179,298173,(3,9223372036854775807))
Edge(165265,425612,(3,9223372036854775807))
Edge(165289,226519,(3,9223372036854775807))
Edge(165649,19657,(1,9223372036854775807))
Edge(165933,122288,(3,9223372036854775807))
Edge(166379,484630,(3,9223372036854775807))
Edge(166539,488704,(3,9223372036854775807))
Edge(166757,333471,(3,9223372036854775807))
Edge(166770,381536,(3,9223372036854775807))
Edge(166855,245525,(1,9223372036854775807))
Edge(167054,265066,(3,9223372036854775807))
Edge(167399,206685,(1,9223372036854775807))
Edge(167425,246858,(3,9223372036854775807))
Edge(167533,294467,(3,9223372036854775807))
Edge(167661,94065,(3,9223372036854775807))
Edge(167896,167031,(3,9223372036854775807))
Edge(167941,43503,(3,9223372036854775807))
Edge(168067,492647,(3,9223372036854775807))
Edge(168247,498852,(3,9223372036854775807))
Edge(168595,221616,(3,9223372036854775807))
Edge(168599,132318,(1,3))
Edge(168759,13985,(1,3))
Edge(170212,241752,(3,9223372036854775807))
Edge(170431,167836,(3,9223372036854775807))
Edge(170987,141785,(3,9223372036854775807))
Edge(171196,475322,(3,9223372036854775807))
Edge(171325,350045,(1,9223372036854775807))
Edge(171491,485298,(3,9223372036854775807))
Edge(171627,374613,(3,9223372036854775807))
Edge(172596,175066,(3,9223372036854775807))
Edge(172670,45672,(3,9223372036854775807))
Edge(172913,477960,(3,9223372036854775807))
Edge(173122,115733,(3,9223372036854775807))
Edge(173357,57515,(3,9223372036854775807))
Edge(173807,16575,(3,9223372036854775807))
Edge(174087,156390,(3,9223372036854775807))
Edge(174219,75817,(3,9223372036854775807))
Edge(174398,65616,(3,9223372036854775807))
Edge(174651,32968,(3,9223372036854775807))
Edge(174787,313566,(3,9223372036854775807))
Edge(174848,407073,(3,9223372036854775807))
Edge(175003,64266,(3,9223372036854775807))
Edge(175169,428334,(1,9223372036854775807))
Edge(175708,282447,(3,9223372036854775807))
Edge(175824,66631,(3,9223372036854775807))
Edge(175825,435312,(3,9223372036854775807))
Edge(176047,190591,(3,9223372036854775807))
Edge(176298,391467,(3,9223372036854775807))
Edge(176463,277156,(3,9223372036854775807))
Edge(176808,23178,(3,9223372036854775807))
Edge(176979,1004,(3,9223372036854775807))
Edge(176990,305785,(3,9223372036854775807))
Edge(176995,292427,(1,3))
Edge(177222,382396,(1,3))
Edge(177390,65891,(3,9223372036854775807))
Edge(177597,250777,(3,9223372036854775807))
Edge(177843,347969,(3,9223372036854775807))
Edge(178137,357643,(3,9223372036854775807))
Edge(178171,172451,(3,9223372036854775807))
Edge(178280,490567,(3,9223372036854775807))
Edge(178291,303132,(3,9223372036854775807))
Edge(178404,474630,(3,9223372036854775807))
Edge(178564,129436,(3,9223372036854775807))
Edge(178609,119326,(1,9223372036854775807))
Edge(178685,271042,(3,9223372036854775807))
Edge(178721,12142,(3,9223372036854775807))
Edge(178730,365002,(3,9223372036854775807))
Edge(178826,278370,(3,9223372036854775807))
Edge(179153,489783,(3,9223372036854775807))
Edge(179868,165996,(3,9223372036854775807))
Edge(180065,46052,(1,3))
Edge(180168,31176,(3,9223372036854775807))
Edge(180211,464613,(3,9223372036854775807))
Edge(180419,174710,(1,3))
Edge(180452,464449,(3,9223372036854775807))
Edge(180852,335675,(3,9223372036854775807))
Edge(180866,3996,(1,9223372036854775807))
Edge(181340,452820,(3,9223372036854775807))
Edge(181431,380914,(3,9223372036854775807))
Edge(181434,331574,(1,9223372036854775807))
Edge(181446,286536,(3,9223372036854775807))
Edge(181805,150356,(1,9223372036854775807))
Edge(182490,318190,(3,9223372036854775807))
Edge(182770,19514,(1,9223372036854775807))
Edge(183028,338831,(1,9223372036854775807))
Edge(183268,86934,(3,9223372036854775807))
Edge(183816,181940,(3,9223372036854775807))
Edge(184200,21806,(3,9223372036854775807))
Edge(184381,200883,(3,9223372036854775807))
Edge(184664,382377,(3,9223372036854775807))
Edge(185074,426974,(3,9223372036854775807))
Edge(185129,426232,(3,9223372036854775807))
Edge(185349,32115,(3,9223372036854775807))
Edge(185411,316036,(1,9223372036854775807))
Edge(185434,14421,(3,9223372036854775807))
Edge(185517,381317,(3,9223372036854775807))
Edge(186433,87932,(3,9223372036854775807))
Edge(186511,398935,(3,9223372036854775807))
Edge(186681,438521,(3,9223372036854775807))
Edge(187392,52329,(3,9223372036854775807))
Edge(187485,56279,(3,9223372036854775807))
Edge(187711,44447,(1,9223372036854775807))
Edge(187932,367393,(3,9223372036854775807))
Edge(187991,162640,(3,9223372036854775807))
Edge(188130,411964,(3,9223372036854775807))
Edge(188385,497503,(3,9223372036854775807))
Edge(188484,389848,(1,3))
Edge(188763,209940,(3,9223372036854775807))
Edge(189015,21911,(1,9223372036854775807))
Edge(189018,258792,(1,9223372036854775807))
Edge(189636,142593,(1,3))
Edge(189650,376576,(3,9223372036854775807))
Edge(190646,110644,(3,9223372036854775807))
Edge(190752,96703,(3,9223372036854775807))
Edge(190765,289044,(3,9223372036854775807))
Edge(190912,132127,(1,9223372036854775807))
Edge(190939,76827,(3,9223372036854775807))
Edge(191158,394585,(3,9223372036854775807))
Edge(191197,498825,(3,9223372036854775807))
Edge(192928,190231,(1,3))
Edge(194108,269503,(3,9223372036854775807))
Edge(194209,86462,(4,9223372036854775807))
Edge(194213,477326,(3,9223372036854775807))
Edge(194978,209695,(3,9223372036854775807))
Edge(195122,434650,(3,9223372036854775807))
Edge(195378,1645,(3,9223372036854775807))
Edge(195411,82348,(3,9223372036854775807))
Edge(195847,322025,(4,9223372036854775807))
Edge(196091,452539,(3,9223372036854775807))
Edge(196384,446282,(3,9223372036854775807))
Edge(196431,260004,(3,9223372036854775807))
Edge(196459,382622,(1,9223372036854775807))
Edge(196616,312563,(3,9223372036854775807))
Edge(197164,445006,(3,9223372036854775807))
Edge(197822,395283,(1,3))
Edge(197968,8534,(3,9223372036854775807))
Edge(198154,405397,(1,9223372036854775807))
Edge(198227,126124,(1,9223372036854775807))
Edge(198526,401291,(3,9223372036854775807))
Edge(198997,100954,(3,9223372036854775807))
Edge(199502,325125,(1,9223372036854775807))
Edge(199918,440368,(3,9223372036854775807))
Edge(199964,180014,(3,9223372036854775807))
Edge(199966,364827,(3,9223372036854775807))
Edge(200146,265463,(1,9223372036854775807))
Edge(200406,93421,(3,9223372036854775807))
Edge(200428,452200,(3,9223372036854775807))
Edge(200474,68397,(3,9223372036854775807))
Edge(200819,493200,(3,9223372036854775807))
Edge(200847,301031,(3,9223372036854775807))
Edge(200861,436440,(3,9223372036854775807))
Edge(201059,147665,(3,9223372036854775807))
Edge(201406,447344,(3,9223372036854775807))
Edge(201740,376447,(3,9223372036854775807))
Edge(201849,299187,(3,9223372036854775807))
Edge(201941,249274,(3,9223372036854775807))
Edge(202475,222111,(3,9223372036854775807))
Edge(203011,314572,(3,9223372036854775807))
Edge(203335,256514,(1,9223372036854775807))
Edge(203627,3249,(3,9223372036854775807))
Edge(203690,433966,(3,9223372036854775807))
Edge(203819,305603,(3,9223372036854775807))
Edge(203909,107749,(3,9223372036854775807))
Edge(204377,260036,(1,9223372036854775807))
Edge(204829,110807,(3,9223372036854775807))
Edge(204973,32916,(3,9223372036854775807))
Edge(205135,299838,(3,9223372036854775807))
Edge(205387,207030,(1,9223372036854775807))
Edge(205419,452692,(1,9223372036854775807))
Edge(205636,135473,(3,9223372036854775807))
Edge(205852,188678,(3,9223372036854775807))
Edge(206407,401567,(3,9223372036854775807))
Edge(206731,375465,(1,3))
Edge(207014,83490,(1,3))
Edge(207089,381143,(3,9223372036854775807))
Edge(207172,146643,(3,9223372036854775807))
Edge(207194,377987,(3,9223372036854775807))
Edge(207648,254695,(3,9223372036854775807))
Edge(207813,35400,(3,9223372036854775807))
Edge(208435,11957,(3,9223372036854775807))
Edge(208970,87287,(3,9223372036854775807))
Edge(210104,277376,(3,9223372036854775807))
Edge(210403,355147,(3,9223372036854775807))
Edge(210407,461090,(3,9223372036854775807))
Edge(210413,100175,(3,9223372036854775807))
Edge(210776,142157,(3,9223372036854775807))
Edge(211267,134731,(3,9223372036854775807))
Edge(211293,177803,(1,3))
Edge(211297,419990,(1,3))
Edge(211489,420845,(3,9223372036854775807))
Edge(211889,115822,(3,9223372036854775807))
Edge(211893,446854,(3,9223372036854775807))
Edge(212298,115172,(1,3))
Edge(212946,293824,(3,9223372036854775807))
Edge(213112,470679,(3,9223372036854775807))
Edge(213153,392283,(3,9223372036854775807))
Edge(213204,291620,(3,9223372036854775807))
Edge(213533,110666,(3,9223372036854775807))
Edge(214315,188951,(3,9223372036854775807))
Edge(214772,170542,(3,9223372036854775807))
Edge(214926,499279,(3,9223372036854775807))
Edge(215249,69935,(1,3))
Edge(215265,125028,(3,9223372036854775807))
Edge(215266,441183,(3,9223372036854775807))
Edge(215377,91215,(3,9223372036854775807))
Edge(215868,424219,(1,9223372036854775807))
Edge(216296,314899,(3,9223372036854775807))
Edge(216357,298204,(1,9223372036854775807))
Edge(216538,322148,(3,9223372036854775807))
Edge(217251,234477,(1,9223372036854775807))
Edge(217824,127449,(3,9223372036854775807))
Edge(218244,395172,(3,9223372036854775807))
Edge(218456,399471,(3,9223372036854775807))
Edge(218485,359679,(3,9223372036854775807))
Edge(218717,162168,(3,9223372036854775807))
Edge(218982,386278,(3,9223372036854775807))
Edge(219061,297300,(3,9223372036854775807))
Edge(219143,389867,(1,3))
Edge(219206,497433,(3,9223372036854775807))
Edge(219575,179176,(3,9223372036854775807))
Edge(219721,370477,(3,9223372036854775807))
Edge(219928,268795,(3,9223372036854775807))
Edge(220002,396279,(3,9223372036854775807))
Edge(220041,436581,(3,9223372036854775807))
Edge(220407,432096,(3,9223372036854775807))
Edge(220525,247955,(3,9223372036854775807))
Edge(220693,197022,(3,9223372036854775807))
Edge(220929,394343,(1,9223372036854775807))
Edge(220966,386194,(3,9223372036854775807))
Edge(220997,415099,(1,3))
Edge(221311,282251,(1,3))
Edge(221994,185862,(3,9223372036854775807))
Edge(222792,246015,(3,9223372036854775807))
Edge(223446,495781,(3,9223372036854775807))
Edge(223542,322899,(3,9223372036854775807))
Edge(223555,452806,(3,9223372036854775807))
Edge(223714,92778,(1,3))
Edge(223864,458683,(1,9223372036854775807))
Edge(224023,201828,(3,9223372036854775807))
Edge(224090,381609,(3,9223372036854775807))
Edge(224568,292781,(3,9223372036854775807))
Edge(225898,398913,(3,9223372036854775807))
Edge(226565,194181,(3,9223372036854775807))
Edge(226570,329612,(1,3))
Edge(226788,65802,(1,3))
Edge(226841,173297,(3,9223372036854775807))
Edge(226881,485131,(3,9223372036854775807))
Edge(227309,179584,(3,9223372036854775807))
Edge(227527,178484,(1,3))
Edge(227597,421538,(3,9223372036854775807))
Edge(227893,126839,(3,9223372036854775807))
Edge(228466,264975,(3,9223372036854775807))
Edge(228704,132432,(1,9223372036854775807))
Edge(229127,463297,(3,9223372036854775807))
Edge(230291,77830,(3,9223372036854775807))
Edge(230789,77526,(3,9223372036854775807))
Edge(231189,257946,(3,9223372036854775807))
Edge(231422,315970,(3,9223372036854775807))
Edge(231517,266603,(3,9223372036854775807))
Edge(231669,286696,(3,9223372036854775807))
Edge(231687,324132,(1,9223372036854775807))
Edge(231811,252796,(3,9223372036854775807))
Edge(231883,72675,(3,9223372036854775807))
Edge(232163,59347,(3,9223372036854775807))
Edge(232176,131761,(3,9223372036854775807))
Edge(232540,69285,(3,9223372036854775807))
Edge(232571,397316,(3,9223372036854775807))
Edge(232767,126052,(3,9223372036854775807))
Edge(232784,7575,(1,9223372036854775807))
Edge(233180,389190,(3,9223372036854775807))
Edge(233231,441568,(3,9223372036854775807))
Edge(233320,176585,(3,9223372036854775807))
Edge(233325,218857,(3,9223372036854775807))
Edge(233944,61730,(1,3))
Edge(234077,492046,(1,9223372036854775807))
Edge(234578,85456,(1,3))
Edge(234842,310513,(1,3))
Edge(235358,461380,(3,9223372036854775807))
Edge(235860,482795,(3,9223372036854775807))
Edge(235925,251046,(1,9223372036854775807))
Edge(236170,376227,(3,9223372036854775807))
Edge(236966,340434,(1,3))
Edge(237123,338080,(1,9223372036854775807))
Edge(237131,414852,(3,9223372036854775807))
Edge(237602,162390,(3,9223372036854775807))
Edge(237602,469518,(3,9223372036854775807))
Edge(237788,162148,(3,9223372036854775807))
Edge(237914,8750,(3,9223372036854775807))
Edge(238464,367006,(4,9223372036854775807))
Edge(238569,309510,(1,9223372036854775807))
Edge(238592,307908,(1,3))
Edge(238801,112696,(3,9223372036854775807))
Edge(238861,456191,(3,9223372036854775807))
Edge(238996,468976,(3,9223372036854775807))
Edge(239301,159199,(3,9223372036854775807))
Edge(239443,204038,(3,9223372036854775807))
Edge(239811,31799,(3,9223372036854775807))
Edge(239976,183087,(3,9223372036854775807))
Edge(240029,457225,(3,9223372036854775807))
Edge(240310,471153,(3,9223372036854775807))
Edge(240702,465217,(3,9223372036854775807))
Edge(241046,364386,(1,9223372036854775807))
Edge(242285,400206,(3,9223372036854775807))
Edge(242898,142893,(1,9223372036854775807))
Edge(243042,421448,(3,9223372036854775807))
Edge(243551,174607,(1,9223372036854775807))
Edge(244833,48064,(3,9223372036854775807))
Edge(244842,441142,(3,9223372036854775807))
Edge(244945,101733,(1,9223372036854775807))
Edge(244966,355253,(3,9223372036854775807))
Edge(247176,413830,(3,9223372036854775807))
Edge(247605,476473,(1,9223372036854775807))
Edge(248193,170707,(3,9223372036854775807))
Edge(248236,31449,(3,9223372036854775807))
Edge(248319,432839,(3,9223372036854775807))
Edge(248389,295725,(3,9223372036854775807))
Edge(248655,374847,(3,9223372036854775807))
Edge(249255,3515,(3,9223372036854775807))
Edge(249600,215465,(3,9223372036854775807))
Edge(249703,97091,(3,9223372036854775807))
Edge(249862,40665,(3,9223372036854775807))
Edge(250280,435269,(1,3))
Edge(250369,29091,(3,9223372036854775807))
Edge(250552,173457,(3,9223372036854775807))
Edge(250617,66084,(3,9223372036854775807))
Edge(250727,399679,(1,9223372036854775807))
Edge(251002,118716,(3,9223372036854775807))
Edge(251263,83818,(3,9223372036854775807))
Edge(252535,94728,(1,3))
Edge(254471,59654,(1,9223372036854775807))
Edge(254585,415351,(1,9223372036854775807))
Edge(254903,245873,(1,9223372036854775807))
Edge(255609,27998,(1,9223372036854775807))
Edge(257134,370412,(3,9223372036854775807))
Edge(258521,281145,(3,9223372036854775807))
Edge(258659,278549,(3,9223372036854775807))
Edge(258763,75269,(1,9223372036854775807))
Edge(259180,379010,(3,9223372036854775807))
Edge(259197,230189,(3,9223372036854775807))
Edge(259220,272773,(3,9223372036854775807))
Edge(259567,494962,(3,9223372036854775807))
Edge(259746,71457,(3,9223372036854775807))
Edge(260059,84187,(3,9223372036854775807))
Edge(260279,298461,(3,9223372036854775807))
Edge(260332,395939,(3,9223372036854775807))
Edge(260451,213480,(3,9223372036854775807))
Edge(260702,243301,(3,9223372036854775807))
Edge(261514,346620,(3,9223372036854775807))
Edge(261711,89398,(3,9223372036854775807))
Edge(261878,123374,(1,3))
Edge(262151,332285,(3,9223372036854775807))
Edge(262184,159448,(3,9223372036854775807))
Edge(262469,22353,(3,9223372036854775807))
Edge(263007,204719,(3,9223372036854775807))
Edge(263188,136211,(1,9223372036854775807))
Edge(263452,295054,(3,9223372036854775807))
Edge(264120,229078,(3,9223372036854775807))
Edge(264408,310791,(1,9223372036854775807))
Edge(264531,10850,(3,9223372036854775807))
Edge(264650,178301,(3,9223372036854775807))
Edge(264740,188290,(3,9223372036854775807))
Edge(264837,123759,(3,9223372036854775807))
Edge(264936,318312,(3,9223372036854775807))
Edge(265241,82060,(3,9223372036854775807))
Edge(265946,207178,(3,9223372036854775807))
Edge(266575,323344,(3,9223372036854775807))
Edge(266885,454698,(3,9223372036854775807))
Edge(267159,382188,(1,9223372036854775807))
Edge(267177,455792,(3,9223372036854775807))
Edge(267404,27428,(3,9223372036854775807))
Edge(268434,388173,(3,9223372036854775807))
Edge(268511,261933,(3,9223372036854775807))
Edge(268556,377906,(1,3))
Edge(268692,456944,(1,9223372036854775807))
Edge(268883,43784,(3,9223372036854775807))
Edge(269139,133287,(1,9223372036854775807))
Edge(269333,253734,(1,9223372036854775807))
Edge(269634,66758,(3,9223372036854775807))
Edge(270278,140830,(1,3))
Edge(270563,262965,(3,9223372036854775807))
Edge(271052,130979,(3,9223372036854775807))
Edge(271180,111651,(1,9223372036854775807))
Edge(271242,496133,(3,9223372036854775807))
Edge(271389,141398,(3,9223372036854775807))
Edge(271633,232609,(3,9223372036854775807))
Edge(271755,320625,(3,9223372036854775807))
Edge(271829,106214,(3,9223372036854775807))
Edge(271959,197110,(3,9223372036854775807))
Edge(272089,144749,(3,9223372036854775807))
Edge(272163,336999,(3,9223372036854775807))
Edge(272165,168854,(4,9223372036854775807))
Edge(272590,148392,(3,9223372036854775807))
Edge(272676,395676,(1,9223372036854775807))
Edge(272946,63259,(1,9223372036854775807))
Edge(273376,494350,(3,9223372036854775807))
Edge(273476,484048,(3,9223372036854775807))
Edge(273701,50014,(1,9223372036854775807))
Edge(273764,336822,(3,9223372036854775807))
Edge(274470,56787,(3,9223372036854775807))
Edge(274875,301219,(1,9223372036854775807))
Edge(274971,480254,(3,9223372036854775807))
Edge(275544,143550,(3,9223372036854775807))
Edge(275683,53199,(3,9223372036854775807))
Edge(275818,308371,(3,9223372036854775807))
Edge(276092,47829,(1,3))
Edge(276708,418402,(1,9223372036854775807))
Edge(276737,14731,(1,3))
Edge(276819,101512,(3,9223372036854775807))
Edge(277440,324898,(3,9223372036854775807))
Edge(277482,273566,(1,9223372036854775807))
Edge(278057,27540,(1,9223372036854775807))
Edge(278663,413743,(1,3))
Edge(278788,340750,(3,9223372036854775807))
Edge(278829,182342,(3,9223372036854775807))
Edge(279332,421022,(3,9223372036854775807))
Edge(279921,437484,(1,9223372036854775807))
Edge(280050,460617,(3,9223372036854775807))
Edge(280418,24889,(3,9223372036854775807))
Edge(280418,391717,(3,9223372036854775807))
Edge(280491,207236,(3,9223372036854775807))
Edge(281301,329280,(3,9223372036854775807))
Edge(281590,381286,(3,9223372036854775807))
Edge(281640,306345,(1,9223372036854775807))
Edge(281881,165197,(3,9223372036854775807))
Edge(281913,255163,(3,9223372036854775807))
Edge(282346,214809,(3,9223372036854775807))
Edge(282738,158032,(3,9223372036854775807))
Edge(283325,478331,(3,9223372036854775807))
Edge(283402,404930,(3,9223372036854775807))
Edge(283446,356780,(1,3))
Edge(283499,407020,(1,9223372036854775807))
Edge(283619,341708,(3,9223372036854775807))
Edge(283663,275599,(1,9223372036854775807))
Edge(283692,475561,(3,9223372036854775807))
Edge(284139,290145,(3,9223372036854775807))
Edge(284544,12401,(3,9223372036854775807))
Edge(284655,125034,(3,9223372036854775807))
Edge(284722,203884,(3,9223372036854775807))
Edge(285493,440601,(1,3))
Edge(285587,203660,(3,9223372036854775807))
Edge(285650,471737,(3,9223372036854775807))
Edge(285709,317642,(3,9223372036854775807))
Edge(286654,97633,(1,9223372036854775807))
Edge(286686,404333,(3,9223372036854775807))
Edge(286898,149234,(3,9223372036854775807))
Edge(287131,8124,(3,9223372036854775807))
Edge(287252,242259,(3,9223372036854775807))
Edge(287364,418410,(3,9223372036854775807))
Edge(287847,499877,(3,9223372036854775807))
Edge(287893,209801,(3,9223372036854775807))
Edge(288135,150452,(3,9223372036854775807))
Edge(288167,355063,(3,9223372036854775807))
Edge(288349,402439,(3,9223372036854775807))
Edge(288983,296225,(3,9223372036854775807))
Edge(289224,337178,(3,9223372036854775807))
Edge(289939,161211,(3,9223372036854775807))
Edge(290034,337938,(3,9223372036854775807))
Edge(290132,464624,(3,9223372036854775807))
Edge(290169,23847,(3,9223372036854775807))
Edge(290201,436565,(3,9223372036854775807))
Edge(290463,184426,(1,3))
Edge(290470,187221,(1,9223372036854775807))
Edge(290805,391183,(3,9223372036854775807))
Edge(290913,441506,(3,9223372036854775807))
Edge(291133,285110,(1,9223372036854775807))
Edge(291359,132120,(1,9223372036854775807))
Edge(291778,126833,(1,9223372036854775807))
Edge(292584,243288,(3,9223372036854775807))
Edge(292619,455777,(3,9223372036854775807))
Edge(292806,12382,(1,9223372036854775807))
Edge(292875,72033,(3,9223372036854775807))
Edge(293033,362517,(3,9223372036854775807))
Edge(293246,296550,(1,3))
Edge(293706,396569,(1,3))
Edge(293884,19686,(3,9223372036854775807))
Edge(294095,90059,(3,9223372036854775807))
Edge(294100,150480,(1,9223372036854775807))
Edge(294208,314196,(3,9223372036854775807))
Edge(294703,208503,(1,3))
Edge(294779,409573,(1,9223372036854775807))
Edge(295027,101494,(1,3))
Edge(295165,329724,(3,9223372036854775807))
Edge(295428,130925,(3,9223372036854775807))
Edge(295832,96999,(3,9223372036854775807))
Edge(295891,263748,(3,9223372036854775807))
Edge(296093,158329,(3,9223372036854775807))
Edge(296458,444331,(3,9223372036854775807))
Edge(296668,373755,(3,9223372036854775807))
Edge(296852,272990,(3,9223372036854775807))
Edge(297344,411195,(3,9223372036854775807))
Edge(297353,159031,(3,9223372036854775807))
Edge(297796,94237,(3,9223372036854775807))
Edge(297833,347487,(3,9223372036854775807))
Edge(298220,106055,(3,9223372036854775807))
Edge(298471,203023,(3,9223372036854775807))
Edge(298600,65231,(3,9223372036854775807))
Edge(298893,130448,(3,9223372036854775807))
Edge(299904,134790,(3,9223372036854775807))
Edge(300043,107379,(3,9223372036854775807))
Edge(300958,173858,(3,9223372036854775807))
Edge(301294,173078,(3,9223372036854775807))
Edge(301427,323820,(3,9223372036854775807))
Edge(301548,393228,(3,9223372036854775807))
Edge(301701,345737,(3,9223372036854775807))
Edge(301768,416628,(3,9223372036854775807))
Edge(301922,235099,(1,9223372036854775807))
Edge(302044,360271,(1,3))
Edge(302218,31891,(3,9223372036854775807))
Edge(302704,315608,(1,9223372036854775807))
Edge(302809,73834,(1,3))
Edge(303373,244612,(1,3))
Edge(303379,336417,(3,9223372036854775807))
Edge(303444,236775,(3,9223372036854775807))
Edge(303605,412353,(3,9223372036854775807))
Edge(303795,144086,(3,9223372036854775807))
Edge(303938,248284,(3,9223372036854775807))
Edge(303991,496107,(1,9223372036854775807))
Edge(304196,417527,(3,9223372036854775807))
Edge(304600,234306,(1,3))
Edge(304693,247465,(3,9223372036854775807))
Edge(305816,327708,(1,9223372036854775807))
Edge(305842,418797,(3,9223372036854775807))
Edge(306122,167110,(3,9223372036854775807))
Edge(306197,367857,(1,3))
Edge(306608,486923,(3,9223372036854775807))
Edge(306666,282746,(3,9223372036854775807))
Edge(306817,273336,(1,9223372036854775807))
Edge(306968,133093,(3,9223372036854775807))
Edge(307362,4469,(3,9223372036854775807))
Edge(307443,187442,(3,9223372036854775807))
Edge(307722,460754,(3,9223372036854775807))
Edge(307767,27479,(3,9223372036854775807))
Edge(308383,444819,(3,9223372036854775807))
Edge(308665,415668,(3,9223372036854775807))
Edge(308738,491301,(3,9223372036854775807))
Edge(308985,230060,(1,9223372036854775807))
Edge(309019,274929,(3,9223372036854775807))
Edge(309239,429294,(3,9223372036854775807))
Edge(309523,345911,(3,9223372036854775807))
Edge(309531,206580,(3,9223372036854775807))
Edge(309772,470667,(3,9223372036854775807))
Edge(309791,306192,(3,9223372036854775807))
Edge(311034,220591,(3,9223372036854775807))
Edge(311098,120944,(3,9223372036854775807))
Edge(311458,333269,(3,9223372036854775807))
Edge(311591,362540,(1,9223372036854775807))
Edge(311758,33029,(3,9223372036854775807))
Edge(311800,177438,(3,9223372036854775807))
Edge(311899,299610,(3,9223372036854775807))
Edge(312237,215232,(3,9223372036854775807))
Edge(312458,257551,(1,3))
Edge(312681,248600,(3,9223372036854775807))
Edge(312936,434407,(3,9223372036854775807))
Edge(312954,406736,(3,9223372036854775807))
Edge(313059,218383,(3,9223372036854775807))
Edge(313069,428301,(3,9223372036854775807))
Edge(313614,338711,(3,9223372036854775807))
Edge(314093,123289,(1,9223372036854775807))
Edge(314135,347007,(3,9223372036854775807))
Edge(314336,9143,(3,9223372036854775807))
Edge(314370,189215,(3,9223372036854775807))
Edge(314532,367739,(3,9223372036854775807))
Edge(314549,264182,(1,9223372036854775807))
Edge(314559,111926,(3,9223372036854775807))
Edge(314645,329854,(3,9223372036854775807))
Edge(315393,129219,(3,9223372036854775807))
Edge(315424,66192,(3,9223372036854775807))
Edge(315580,24788,(3,9223372036854775807))
Edge(315928,410421,(3,9223372036854775807))
Edge(316162,353938,(3,9223372036854775807))
Edge(316165,414194,(3,9223372036854775807))
Edge(316943,352344,(3,9223372036854775807))
Edge(316982,353858,(1,9223372036854775807))
Edge(317727,71358,(3,9223372036854775807))
Edge(317804,196606,(3,9223372036854775807))
Edge(317949,254450,(1,9223372036854775807))
Edge(317983,276387,(1,9223372036854775807))
Edge(318070,452990,(3,9223372036854775807))
Edge(318256,352812,(3,9223372036854775807))
Edge(318316,479329,(1,9223372036854775807))
Edge(318726,397838,(3,9223372036854775807))
Edge(318961,342848,(3,9223372036854775807))
Edge(319566,251736,(3,9223372036854775807))
Edge(320102,354382,(3,9223372036854775807))
Edge(320135,161304,(1,3))
Edge(320589,28617,(3,9223372036854775807))
Edge(321227,110881,(3,9223372036854775807))
Edge(321276,317815,(3,9223372036854775807))
Edge(321649,154118,(1,9223372036854775807))
Edge(322051,432247,(1,3))
Edge(322489,475526,(3,9223372036854775807))
Edge(322719,47887,(1,3))
Edge(322988,484297,(3,9223372036854775807))
Edge(323439,336619,(3,9223372036854775807))
Edge(323599,278900,(3,9223372036854775807))
Edge(323942,187235,(3,9223372036854775807))
Edge(324058,469860,(3,9223372036854775807))
Edge(324416,16950,(3,9223372036854775807))
Edge(324656,491349,(1,3))
Edge(325406,464670,(3,9223372036854775807))
Edge(325958,137266,(3,9223372036854775807))
Edge(326116,465882,(3,9223372036854775807))
Edge(326215,397826,(3,9223372036854775807))
Edge(326462,361678,(3,9223372036854775807))
Edge(326648,308046,(3,9223372036854775807))
Edge(326872,327531,(3,9223372036854775807))
Edge(327912,64938,(1,3))
Edge(328075,337197,(3,9223372036854775807))
Edge(328448,487745,(3,9223372036854775807))
Edge(328898,242255,(3,9223372036854775807))
Edge(329413,94091,(1,9223372036854775807))
Edge(330113,193680,(3,9223372036854775807))
Edge(330370,78913,(3,9223372036854775807))
Edge(330517,312688,(3,9223372036854775807))
Edge(330559,172686,(1,9223372036854775807))
Edge(330588,460724,(3,9223372036854775807))
Edge(330663,350566,(3,9223372036854775807))
Edge(330824,417639,(3,9223372036854775807))
Edge(331143,312303,(3,9223372036854775807))
Edge(331476,369412,(3,9223372036854775807))
Edge(331698,1210,(3,9223372036854775807))
Edge(331846,322486,(3,9223372036854775807))
Edge(331861,479065,(1,9223372036854775807))
Edge(331990,30028,(3,9223372036854775807))
Edge(332193,305203,(3,9223372036854775807))
Edge(332513,42472,(3,9223372036854775807))
Edge(332522,25607,(1,9223372036854775807))
Edge(332534,350139,(3,9223372036854775807))
Edge(332755,261230,(3,9223372036854775807))
Edge(332874,376763,(3,9223372036854775807))
Edge(332913,57409,(3,9223372036854775807))
Edge(333124,82874,(1,9223372036854775807))
Edge(333486,271198,(3,9223372036854775807))
Edge(333551,24714,(1,9223372036854775807))
Edge(333582,132557,(3,9223372036854775807))
Edge(333605,176108,(3,9223372036854775807))
Edge(333703,51808,(3,9223372036854775807))
Edge(333926,112764,(3,9223372036854775807))
Edge(333926,266294,(3,9223372036854775807))
Edge(333998,279767,(1,9223372036854775807))
Edge(334209,258739,(1,9223372036854775807))
Edge(334431,136190,(3,9223372036854775807))
Edge(334439,86182,(1,3))
Edge(335157,420444,(3,9223372036854775807))
Edge(336403,185169,(3,9223372036854775807))
Edge(336499,331822,(3,9223372036854775807))
Edge(336613,408890,(1,3))
Edge(336648,208731,(3,9223372036854775807))
Edge(336650,367183,(3,9223372036854775807))
Edge(337054,397013,(1,9223372036854775807))
Edge(337122,186296,(3,9223372036854775807))
Edge(337251,99403,(3,9223372036854775807))
Edge(337775,427089,(3,9223372036854775807))
Edge(337907,157794,(3,9223372036854775807))
Edge(338393,459883,(3,9223372036854775807))
Edge(338455,426040,(3,9223372036854775807))
Edge(338846,478753,(3,9223372036854775807))
Edge(339297,376933,(3,9223372036854775807))
Edge(339671,149126,(3,9223372036854775807))
Edge(339822,192696,(3,9223372036854775807))
Edge(340185,166689,(1,9223372036854775807))
Edge(340396,115654,(3,9223372036854775807))
Edge(340570,494057,(1,9223372036854775807))
Edge(340829,494291,(3,9223372036854775807))
Edge(340872,392127,(3,9223372036854775807))
Edge(340972,154231,(3,9223372036854775807))
Edge(341175,109088,(3,9223372036854775807))
Edge(341815,195710,(3,9223372036854775807))
Edge(342099,58325,(3,9223372036854775807))
Edge(342198,37598,(3,9223372036854775807))
Edge(342246,432874,(3,9223372036854775807))
Edge(342250,415359,(3,9223372036854775807))
Edge(342507,216874,(3,9223372036854775807))
Edge(342578,125601,(3,9223372036854775807))
Edge(342784,497960,(3,9223372036854775807))
Edge(342924,422320,(3,9223372036854775807))
Edge(342941,224873,(1,9223372036854775807))
Edge(342942,339544,(3,9223372036854775807))
Edge(343004,113773,(3,9223372036854775807))
Edge(343077,138462,(3,9223372036854775807))
Edge(343185,206849,(3,9223372036854775807))
Edge(344100,256079,(3,9223372036854775807))
Edge(344198,187696,(3,9223372036854775807))
Edge(344402,220837,(1,9223372036854775807))
Edge(344423,200773,(3,9223372036854775807))
Edge(344427,269640,(3,9223372036854775807))
Edge(344726,304043,(3,9223372036854775807))
Edge(345042,251620,(3,9223372036854775807))
Edge(345093,77919,(1,3))
Edge(345188,304193,(3,9223372036854775807))
Edge(345207,18941,(3,9223372036854775807))
Edge(345243,21852,(3,9223372036854775807))
Edge(345273,479016,(3,9223372036854775807))
Edge(345305,499164,(3,9223372036854775807))
Edge(345388,426493,(3,9223372036854775807))
Edge(345589,190460,(3,9223372036854775807))
Edge(345613,90084,(1,3))
Edge(345858,490566,(3,9223372036854775807))
Edge(346260,131792,(1,9223372036854775807))
Edge(346373,202090,(3,9223372036854775807))
Edge(346487,180479,(1,9223372036854775807))
Edge(346533,251565,(3,9223372036854775807))
Edge(346610,242667,(3,9223372036854775807))
Edge(347155,26558,(3,9223372036854775807))
Edge(347268,248359,(3,9223372036854775807))
Edge(347398,320772,(3,9223372036854775807))
Edge(347982,109249,(1,3))
Edge(348150,220868,(3,9223372036854775807))
Edge(348594,349603,(3,9223372036854775807))
Edge(349241,196886,(3,9223372036854775807))
Edge(349709,74489,(1,9223372036854775807))
Edge(349972,496339,(3,9223372036854775807))
Edge(350331,189186,(3,9223372036854775807))
Edge(350365,233374,(3,9223372036854775807))
Edge(350703,391409,(1,3))
Edge(350742,39919,(3,9223372036854775807))
Edge(351268,489543,(1,9223372036854775807))
Edge(351348,109729,(3,9223372036854775807))
Edge(351480,417824,(1,9223372036854775807))
Edge(351588,350949,(1,3))
Edge(351645,165229,(3,9223372036854775807))
Edge(352155,351352,(3,9223372036854775807))
Edge(352626,271596,(1,9223372036854775807))
Edge(352808,202265,(3,9223372036854775807))
Edge(352978,311348,(3,9223372036854775807))
Edge(353437,309549,(3,9223372036854775807))
Edge(353984,259011,(3,9223372036854775807))
Edge(354397,430208,(3,9223372036854775807))
Edge(354701,76458,(3,9223372036854775807))
Edge(354938,467301,(3,9223372036854775807))
Edge(355122,460699,(3,9223372036854775807))
Edge(355242,440430,(3,9223372036854775807))
Edge(355796,65073,(3,9223372036854775807))
Edge(355877,226605,(3,9223372036854775807))
Edge(355926,383965,(1,9223372036854775807))
Edge(356228,430551,(3,9223372036854775807))
Edge(357251,391044,(3,9223372036854775807))
Edge(357394,374640,(3,9223372036854775807))
Edge(357613,34777,(3,9223372036854775807))
Edge(357755,86220,(3,9223372036854775807))
Edge(358153,161237,(3,9223372036854775807))
Edge(358654,191466,(3,9223372036854775807))
Edge(359811,309954,(3,9223372036854775807))
Edge(360224,477951,(1,3))
Edge(360243,299693,(3,9223372036854775807))
Edge(360261,182132,(3,9223372036854775807))
Edge(360566,235893,(3,9223372036854775807))
Edge(360662,374725,(3,9223372036854775807))
Edge(361031,259370,(1,3))
Edge(361740,432664,(3,9223372036854775807))
Edge(362111,65538,(1,3))
Edge(362538,364466,(3,9223372036854775807))
Edge(363029,343998,(1,9223372036854775807))
Edge(363141,482516,(1,3))
Edge(363153,33953,(3,9223372036854775807))
Edge(363153,410516,(3,9223372036854775807))
Edge(363386,486347,(3,9223372036854775807))
Edge(363688,404105,(3,9223372036854775807))
Edge(364240,61633,(3,9223372036854775807))
Edge(364792,490377,(1,9223372036854775807))
Edge(365051,424686,(3,9223372036854775807))
Edge(365534,142034,(3,9223372036854775807))
Edge(365599,154730,(3,9223372036854775807))
Edge(365954,317143,(3,9223372036854775807))
Edge(366069,216325,(3,9223372036854775807))
Edge(366172,34435,(3,9223372036854775807))
Edge(366196,48041,(1,9223372036854775807))
Edge(366799,379623,(3,9223372036854775807))
Edge(367108,263529,(1,9223372036854775807))
Edge(368040,201922,(3,9223372036854775807))
Edge(368114,427203,(3,9223372036854775807))
Edge(368856,353705,(3,9223372036854775807))
Edge(369125,73888,(3,9223372036854775807))
Edge(369237,389923,(3,9223372036854775807))
Edge(369798,7931,(1,9223372036854775807))
Edge(369910,289014,(1,9223372036854775807))
Edge(370122,10198,(1,9223372036854775807))
Edge(371127,490541,(1,9223372036854775807))
Edge(371614,486165,(3,9223372036854775807))
Edge(372050,97047,(3,9223372036854775807))
Edge(372061,465589,(3,9223372036854775807))
Edge(372066,237460,(3,9223372036854775807))
Edge(372260,82668,(1,9223372036854775807))
Edge(372797,483995,(3,9223372036854775807))
Edge(373266,14741,(3,9223372036854775807))
Edge(373524,293045,(3,9223372036854775807))
Edge(373906,40295,(3,9223372036854775807))
Edge(374008,110279,(3,9223372036854775807))
Edge(374050,352853,(3,9223372036854775807))
Edge(374122,166624,(3,9223372036854775807))
Edge(374358,490509,(3,9223372036854775807))
Edge(374515,75220,(1,9223372036854775807))
Edge(375253,463960,(3,9223372036854775807))
Edge(375658,155038,(3,9223372036854775807))
Edge(375824,30541,(3,9223372036854775807))
Edge(375867,273272,(3,9223372036854775807))
Edge(375913,429436,(1,9223372036854775807))
Edge(376424,255431,(3,9223372036854775807))
Edge(376478,489602,(3,9223372036854775807))
Edge(376527,392764,(3,9223372036854775807))
Edge(376759,34280,(3,9223372036854775807))
Edge(377016,236237,(1,3))
Edge(377059,49280,(3,9223372036854775807))
Edge(377217,185894,(3,9223372036854775807))
Edge(377392,288138,(3,9223372036854775807))
Edge(377399,276750,(3,9223372036854775807))
Edge(377551,424792,(3,9223372036854775807))
Edge(377770,174852,(3,9223372036854775807))
Edge(377974,279014,(3,9223372036854775807))
Edge(378200,373135,(1,3))
Edge(378281,229962,(3,9223372036854775807))
Edge(378296,255654,(1,9223372036854775807))
Edge(378315,279256,(3,9223372036854775807))
Edge(378453,402354,(3,9223372036854775807))
Edge(378829,374885,(3,9223372036854775807))
Edge(378848,186012,(3,9223372036854775807))
Edge(379380,72112,(3,9223372036854775807))
Edge(379735,385448,(3,9223372036854775807))
Edge(380032,373794,(3,9223372036854775807))
Edge(380208,154702,(1,9223372036854775807))
Edge(380290,354134,(1,9223372036854775807))
Edge(380467,295937,(3,9223372036854775807))
Edge(380528,362294,(3,9223372036854775807))
Edge(381236,79408,(3,9223372036854775807))
Edge(381552,390605,(3,9223372036854775807))
Edge(381764,255732,(3,9223372036854775807))
Edge(382151,38991,(3,9223372036854775807))
Edge(382316,51723,(3,9223372036854775807))
Edge(382557,21984,(3,9223372036854775807))
Edge(382561,66500,(3,9223372036854775807))
Edge(382561,162478,(1,3))
Edge(382665,238792,(3,9223372036854775807))
Edge(382947,414160,(1,9223372036854775807))
Edge(383080,6259,(3,9223372036854775807))
Edge(383138,286531,(1,9223372036854775807))
Edge(383337,180347,(3,9223372036854775807))
Edge(383391,60487,(3,9223372036854775807))
Edge(383791,276020,(3,9223372036854775807))
Edge(383849,287405,(3,9223372036854775807))
Edge(384110,39442,(3,9223372036854775807))
Edge(384137,429585,(3,9223372036854775807))
Edge(384605,406532,(3,9223372036854775807))
Edge(385471,156378,(3,9223372036854775807))
Edge(385494,288268,(3,9223372036854775807))
Edge(385646,119792,(3,9223372036854775807))
Edge(385685,248624,(3,9223372036854775807))
Edge(385743,19135,(1,9223372036854775807))
Edge(386045,349032,(3,9223372036854775807))
Edge(386105,73399,(1,9223372036854775807))
Edge(386183,217369,(3,9223372036854775807))
Edge(386471,156975,(4,9223372036854775807))
Edge(386491,208295,(3,9223372036854775807))
Edge(386538,426707,(3,9223372036854775807))
Edge(387086,114887,(3,9223372036854775807))
Edge(387243,498588,(3,9223372036854775807))
Edge(387371,480604,(3,9223372036854775807))
Edge(387638,203262,(3,9223372036854775807))
Edge(387753,55029,(3,9223372036854775807))
Edge(387772,68713,(3,9223372036854775807))
Edge(387772,420906,(3,9223372036854775807))
Edge(387873,363333,(1,9223372036854775807))
Edge(387909,354899,(3,9223372036854775807))
Edge(388986,374009,(3,9223372036854775807))
Edge(389391,378518,(3,9223372036854775807))
Edge(389443,50058,(3,9223372036854775807))
Edge(389958,16424,(3,9223372036854775807))
Edge(390477,63442,(3,9223372036854775807))
Edge(390715,108717,(3,9223372036854775807))
Edge(390939,499613,(3,9223372036854775807))
Edge(390958,74638,(3,9223372036854775807))
Edge(391365,146578,(1,3))
Edge(391824,244157,(3,9223372036854775807))
Edge(392439,408656,(3,9223372036854775807))
Edge(392512,258558,(3,9223372036854775807))
Edge(392579,464290,(3,9223372036854775807))
Edge(392581,371940,(3,9223372036854775807))
Edge(392823,174754,(1,9223372036854775807))
Edge(393550,466641,(3,9223372036854775807))
Edge(393851,341531,(1,3))
Edge(394165,25153,(3,9223372036854775807))
Edge(394170,208933,(1,9223372036854775807))
Edge(394200,191510,(3,9223372036854775807))
Edge(395495,329294,(3,9223372036854775807))
Edge(395738,249747,(3,9223372036854775807))
Edge(395845,20146,(1,3))
Edge(396552,150224,(3,9223372036854775807))
Edge(396688,130083,(1,9223372036854775807))
Edge(396891,143976,(3,9223372036854775807))
Edge(397456,293258,(3,9223372036854775807))
Edge(397530,245276,(3,9223372036854775807))
Edge(397670,380715,(1,9223372036854775807))
Edge(397999,123640,(3,9223372036854775807))
Edge(398238,102947,(3,9223372036854775807))
Edge(398321,321366,(1,9223372036854775807))
Edge(398374,379009,(3,9223372036854775807))
Edge(398456,130558,(3,9223372036854775807))
Edge(398811,121406,(3,9223372036854775807))
Edge(398872,420482,(3,9223372036854775807))
Edge(398948,362981,(1,3))
Edge(398955,431696,(3,9223372036854775807))
Edge(399380,261640,(3,9223372036854775807))
Edge(399998,423084,(1,9223372036854775807))
Edge(400037,41412,(3,9223372036854775807))
Edge(400049,112514,(3,9223372036854775807))
Edge(400599,139593,(1,9223372036854775807))
Edge(400629,24819,(1,3))
Edge(400834,209540,(3,9223372036854775807))
Edge(401572,294037,(3,9223372036854775807))
Edge(401710,440110,(3,9223372036854775807))
Edge(402194,271902,(3,9223372036854775807))
Edge(402217,383390,(3,9223372036854775807))
Edge(402811,283370,(3,9223372036854775807))
Edge(403545,56392,(3,9223372036854775807))
Edge(403586,252159,(3,9223372036854775807))
Edge(404219,129724,(3,9223372036854775807))
Edge(404327,91425,(1,3))
Edge(404911,207583,(3,9223372036854775807))
Edge(404965,447138,(3,9223372036854775807))
Edge(405211,172007,(3,9223372036854775807))
Edge(405639,382045,(3,9223372036854775807))
Edge(405871,133992,(3,9223372036854775807))
Edge(406789,206540,(3,9223372036854775807))
Edge(407200,421825,(3,9223372036854775807))
Edge(407979,199484,(3,9223372036854775807))
Edge(408170,449607,(3,9223372036854775807))
Edge(408512,188884,(3,9223372036854775807))
Edge(408934,306330,(1,3))
Edge(409005,2411,(3,9223372036854775807))
Edge(409140,107134,(3,9223372036854775807))
Edge(409290,121554,(3,9223372036854775807))
Edge(409363,400935,(3,9223372036854775807))
Edge(409368,302769,(3,9223372036854775807))
Edge(409956,443201,(3,9223372036854775807))
Edge(410052,452583,(3,9223372036854775807))
Edge(410325,21210,(1,3))
Edge(410617,362618,(3,9223372036854775807))
Edge(410804,360277,(3,9223372036854775807))
Edge(410942,390162,(3,9223372036854775807))
Edge(410987,332839,(1,9223372036854775807))
Edge(411475,115765,(3,9223372036854775807))
Edge(411607,112375,(3,9223372036854775807))
Edge(412064,428429,(1,9223372036854775807))
Edge(412133,444113,(3,9223372036854775807))
Edge(412283,416138,(3,9223372036854775807))
Edge(412955,262230,(3,9223372036854775807))
Edge(413025,343555,(3,9223372036854775807))
Edge(413246,463556,(3,9223372036854775807))
Edge(413377,251075,(3,9223372036854775807))
Edge(413489,91847,(3,9223372036854775807))
Edge(413543,461256,(3,9223372036854775807))
Edge(413552,193980,(1,9223372036854775807))
Edge(413773,220438,(3,9223372036854775807))
Edge(414791,339726,(3,9223372036854775807))
Edge(415032,55334,(3,9223372036854775807))
Edge(415863,334397,(1,9223372036854775807))
Edge(415922,147495,(3,9223372036854775807))
Edge(416036,233003,(3,9223372036854775807))
Edge(416253,48486,(1,3))
Edge(416606,118425,(3,9223372036854775807))
Edge(416665,77952,(3,9223372036854775807))
Edge(417288,387800,(1,9223372036854775807))
Edge(417653,202428,(3,9223372036854775807))
Edge(417845,57456,(3,9223372036854775807))
Edge(417909,252313,(3,9223372036854775807))
Edge(417988,136793,(3,9223372036854775807))
Edge(418067,491985,(3,9223372036854775807))
Edge(418136,101053,(3,9223372036854775807))
Edge(418887,29607,(3,9223372036854775807))
Edge(418905,385560,(3,9223372036854775807))
Edge(419446,333977,(3,9223372036854775807))
Edge(419590,347391,(1,9223372036854775807))
Edge(419647,148939,(3,9223372036854775807))
Edge(420505,416822,(3,9223372036854775807))
Edge(421550,46924,(3,9223372036854775807))
Edge(422029,439450,(3,9223372036854775807))
Edge(422986,403435,(1,3))
Edge(423314,317435,(3,9223372036854775807))
Edge(425316,254394,(3,9223372036854775807))
Edge(425873,408242,(3,9223372036854775807))
Edge(425906,416492,(3,9223372036854775807))
Edge(426006,176297,(3,9223372036854775807))
Edge(426166,256533,(3,9223372036854775807))
Edge(427028,273119,(3,9223372036854775807))
Edge(427218,430394,(3,9223372036854775807))
Edge(427607,61460,(3,9223372036854775807))
Edge(428132,15207,(3,9223372036854775807))
Edge(428139,256969,(3,9223372036854775807))
Edge(428492,181764,(3,9223372036854775807))
Edge(428631,213635,(1,9223372036854775807))
Edge(429531,233361,(3,9223372036854775807))
Edge(429890,64455,(3,9223372036854775807))
Edge(429946,334655,(1,3))
Edge(430313,318714,(3,9223372036854775807))
Edge(430338,333256,(3,9223372036854775807))
Edge(430761,149612,(3,9223372036854775807))
Edge(431058,304741,(3,9223372036854775807))
Edge(431108,111556,(3,9223372036854775807))
Edge(431287,388771,(3,9223372036854775807))
Edge(431569,304496,(3,9223372036854775807))
Edge(432678,423923,(3,9223372036854775807))
Edge(433157,277518,(3,9223372036854775807))
Edge(433347,316533,(1,9223372036854775807))
Edge(433692,109256,(3,9223372036854775807))
Edge(433726,233055,(3,9223372036854775807))
Edge(434211,396201,(3,9223372036854775807))
Edge(434401,156642,(3,9223372036854775807))
Edge(434448,277342,(3,9223372036854775807))
Edge(434448,436023,(3,9223372036854775807))
Edge(434702,234353,(3,9223372036854775807))
Edge(434720,161034,(3,9223372036854775807))
Edge(434911,171253,(3,9223372036854775807))
Edge(434963,218254,(1,3))
Edge(435044,232837,(3,9223372036854775807))
Edge(435221,475281,(3,9223372036854775807))
Edge(435782,296135,(3,9223372036854775807))
Edge(436184,237506,(3,9223372036854775807))
Edge(437327,14982,(3,9223372036854775807))
Edge(437590,385609,(3,9223372036854775807))
Edge(438451,97599,(3,9223372036854775807))
Edge(438461,433779,(1,9223372036854775807))
Edge(438544,373779,(3,9223372036854775807))
Edge(438920,80573,(3,9223372036854775807))
Edge(439252,109945,(1,9223372036854775807))
Edge(439360,271976,(1,9223372036854775807))
Edge(440025,324088,(3,9223372036854775807))
Edge(440107,260180,(3,9223372036854775807))
Edge(440467,200042,(1,3))
Edge(440544,416080,(3,9223372036854775807))
Edge(440631,479778,(3,9223372036854775807))
Edge(440863,31933,(3,9223372036854775807))
Edge(442169,401009,(3,9223372036854775807))
Edge(442421,432415,(1,9223372036854775807))
Edge(442467,69875,(3,9223372036854775807))
Edge(442588,248126,(3,9223372036854775807))
Edge(442807,201537,(3,9223372036854775807))
Edge(442993,38603,(1,9223372036854775807))
Edge(443186,63763,(1,9223372036854775807))
Edge(443617,426466,(1,9223372036854775807))
Edge(443996,225385,(3,9223372036854775807))
Edge(444028,151052,(3,9223372036854775807))
Edge(444112,225177,(3,9223372036854775807))
Edge(444946,269901,(3,9223372036854775807))
Edge(445443,307417,(3,9223372036854775807))
Edge(446106,467449,(1,9223372036854775807))
Edge(446110,220775,(1,3))
Edge(446428,114705,(3,9223372036854775807))
Edge(447311,4231,(3,9223372036854775807))
Edge(447580,467765,(3,9223372036854775807))
Edge(447840,205050,(3,9223372036854775807))
Edge(448346,482116,(1,9223372036854775807))
Edge(448465,400910,(3,9223372036854775807))
Edge(448567,255441,(1,9223372036854775807))
Edge(448776,142778,(3,9223372036854775807))
Edge(448893,247484,(3,9223372036854775807))
Edge(448916,151999,(3,9223372036854775807))
Edge(449024,41,(3,9223372036854775807))
Edge(449230,334609,(1,3))
Edge(449269,228353,(1,9223372036854775807))
Edge(449363,42136,(3,9223372036854775807))
Edge(449912,69914,(3,9223372036854775807))
Edge(450014,62526,(3,9223372036854775807))
Edge(450272,127569,(3,9223372036854775807))
Edge(450385,28458,(3,9223372036854775807))
Edge(450655,163722,(3,9223372036854775807))
Edge(450807,396549,(3,9223372036854775807))
Edge(450980,41752,(3,9223372036854775807))
Edge(452032,69752,(3,9223372036854775807))
Edge(452705,223579,(1,3))
Edge(454067,116770,(1,9223372036854775807))
Edge(454194,390842,(1,9223372036854775807))
Edge(454672,285130,(3,9223372036854775807))
Edge(455491,243931,(3,9223372036854775807))
Edge(455859,316933,(3,9223372036854775807))
Edge(455993,258809,(1,9223372036854775807))
Edge(456241,166278,(1,3))
Edge(456469,341350,(3,9223372036854775807))
Edge(456697,248786,(3,9223372036854775807))
Edge(456775,191885,(1,3))
Edge(457139,133810,(3,9223372036854775807))
Edge(457292,92820,(1,3))
Edge(457548,226339,(3,9223372036854775807))
Edge(457712,337068,(3,9223372036854775807))
Edge(458107,154352,(3,9223372036854775807))
Edge(458110,447521,(3,9223372036854775807))
Edge(458557,15457,(3,9223372036854775807))
Edge(458617,322967,(3,9223372036854775807))
Edge(458872,30417,(3,9223372036854775807))
Edge(459026,12984,(1,9223372036854775807))
Edge(459046,421599,(3,9223372036854775807))
Edge(459157,3459,(3,9223372036854775807))
Edge(459319,468575,(3,9223372036854775807))
Edge(459408,410126,(3,9223372036854775807))
Edge(459505,166107,(3,9223372036854775807))
Edge(459520,145961,(3,9223372036854775807))
Edge(459768,191643,(1,3))
Edge(459892,340191,(3,9223372036854775807))
Edge(460743,344616,(1,9223372036854775807))
Edge(461171,2619,(3,9223372036854775807))
Edge(461487,162604,(1,3))
Edge(461546,219377,(1,9223372036854775807))
Edge(462729,428322,(3,9223372036854775807))
Edge(462756,123449,(3,9223372036854775807))
Edge(462921,136085,(3,9223372036854775807))
Edge(463210,219651,(3,9223372036854775807))
Edge(463424,95757,(1,9223372036854775807))
Edge(463569,444026,(1,3))
Edge(463714,95164,(3,9223372036854775807))
Edge(463907,139154,(1,9223372036854775807))
Edge(464233,366280,(3,9223372036854775807))
Edge(464346,489015,(3,9223372036854775807))
Edge(464729,392137,(3,9223372036854775807))
Edge(465042,144145,(1,3))
Edge(465363,160466,(3,9223372036854775807))
Edge(465720,59092,(1,9223372036854775807))
Edge(465802,317631,(3,9223372036854775807))
Edge(465903,407278,(3,9223372036854775807))
Edge(466461,52871,(1,9223372036854775807))
Edge(466916,306680,(3,9223372036854775807))
Edge(467278,495761,(1,3))
Edge(467369,284066,(1,3))
Edge(467389,121567,(3,9223372036854775807))
Edge(467642,287637,(3,9223372036854775807))
Edge(467757,154364,(1,9223372036854775807))
Edge(467874,365290,(3,9223372036854775807))
Edge(467948,349176,(3,9223372036854775807))
Edge(467961,281334,(3,9223372036854775807))
Edge(468668,367298,(3,9223372036854775807))
Edge(468679,234503,(1,3))
Edge(468959,65696,(3,9223372036854775807))
Edge(469431,99462,(3,9223372036854775807))
Edge(469613,270419,(3,9223372036854775807))
Edge(469726,226190,(3,9223372036854775807))
Edge(469755,56531,(3,9223372036854775807))
Edge(469810,139074,(3,9223372036854775807))
Edge(469898,479562,(3,9223372036854775807))
Edge(470361,357128,(3,9223372036854775807))
Edge(470408,122378,(3,9223372036854775807))
Edge(470517,118078,(3,9223372036854775807))
Edge(470725,458373,(1,3))
Edge(470754,213263,(1,9223372036854775807))
Edge(470890,499960,(3,9223372036854775807))
Edge(471012,390201,(3,9223372036854775807))
Edge(471058,346860,(1,3))
Edge(471419,403849,(3,9223372036854775807))
Edge(471487,154808,(3,9223372036854775807))
Edge(471957,438663,(1,9223372036854775807))
Edge(472216,34896,(1,9223372036854775807))
Edge(472475,222021,(1,9223372036854775807))
Edge(472539,228773,(1,3))
Edge(472595,56219,(3,9223372036854775807))
Edge(472616,293881,(3,9223372036854775807))
Edge(472664,374309,(3,9223372036854775807))
Edge(473057,267299,(1,9223372036854775807))
Edge(473828,337372,(3,9223372036854775807))
Edge(474201,326790,(1,9223372036854775807))
Edge(474649,337385,(3,9223372036854775807))
Edge(474675,364314,(3,9223372036854775807))
Edge(475617,264270,(1,3))
Edge(475914,279607,(3,9223372036854775807))
Edge(476053,79596,(1,3))
Edge(476287,352166,(3,9223372036854775807))
Edge(476756,245441,(3,9223372036854775807))
Edge(477028,458547,(3,9223372036854775807))
Edge(477030,114794,(3,9223372036854775807))
Edge(477795,359662,(3,9223372036854775807))
Edge(477890,414001,(3,9223372036854775807))
Edge(477950,395933,(3,9223372036854775807))
Edge(478543,419751,(1,3))
Edge(478788,369327,(3,9223372036854775807))
Edge(479375,353260,(1,3))
Edge(479598,126047,(3,9223372036854775807))
Edge(479770,383800,(1,9223372036854775807))
Edge(479808,31039,(3,9223372036854775807))
Edge(479980,49666,(1,9223372036854775807))
Edge(481346,401876,(3,9223372036854775807))
Edge(481548,440367,(1,3))
Edge(481611,498675,(3,9223372036854775807))
Edge(481617,495975,(3,9223372036854775807))
Edge(482200,330911,(3,9223372036854775807))
Edge(482586,486935,(3,9223372036854775807))
Edge(482598,342229,(3,9223372036854775807))
Edge(482983,239625,(3,9223372036854775807))
Edge(483150,290575,(1,3))
Edge(483240,493244,(3,9223372036854775807))
Edge(483268,25985,(3,9223372036854775807))
Edge(483315,86713,(1,9223372036854775807))
Edge(483394,24919,(3,9223372036854775807))
Edge(483501,106299,(1,3))
Edge(483848,108860,(3,9223372036854775807))
Edge(483881,121360,(3,9223372036854775807))
Edge(483917,150981,(3,9223372036854775807))
Edge(484189,264634,(3,9223372036854775807))
Edge(484367,407015,(3,9223372036854775807))
Edge(484517,364266,(3,9223372036854775807))
Edge(484619,39829,(3,9223372036854775807))
Edge(485030,435929,(1,9223372036854775807))
Edge(485087,209285,(1,9223372036854775807))
Edge(485242,236066,(3,9223372036854775807))
Edge(485315,388741,(1,9223372036854775807))
Edge(485816,151324,(3,9223372036854775807))
Edge(485852,85018,(1,9223372036854775807))
Edge(485883,251420,(1,3))
Edge(486020,351997,(3,9223372036854775807))
Edge(486067,223731,(3,9223372036854775807))
Edge(486097,248649,(3,9223372036854775807))
Edge(486417,75346,(1,3))
Edge(486497,255033,(3,9223372036854775807))
Edge(486922,277209,(1,9223372036854775807))
Edge(486958,377307,(3,9223372036854775807))
Edge(486979,134912,(1,3))
Edge(487139,374610,(3,9223372036854775807))
Edge(487263,103363,(3,9223372036854775807))
Edge(487863,433512,(3,9223372036854775807))
Edge(488075,403363,(3,9223372036854775807))
Edge(488127,272064,(3,9223372036854775807))
Edge(488169,90461,(3,9223372036854775807))
Edge(488273,154242,(1,9223372036854775807))
Edge(488587,147494,(3,9223372036854775807))
Edge(488680,255880,(3,9223372036854775807))
Edge(489086,227770,(3,9223372036854775807))
Edge(489146,478266,(3,9223372036854775807))
Edge(489376,232962,(3,9223372036854775807))
Edge(489526,1248,(1,3))
Edge(490679,132836,(3,9223372036854775807))
Edge(490853,228076,(3,9223372036854775807))
Edge(491270,112802,(1,3))
Edge(491414,2309,(1,9223372036854775807))
Edge(491474,134503,(3,9223372036854775807))
Edge(491632,312178,(4,9223372036854775807))
Edge(491892,462133,(1,9223372036854775807))
Edge(492003,124230,(1,9223372036854775807))
Edge(493426,66880,(4,9223372036854775807))
Edge(493787,348628,(3,9223372036854775807))
Edge(494049,464274,(3,9223372036854775807))
Edge(494143,459106,(1,9223372036854775807))
Edge(495013,42760,(3,9223372036854775807))
Edge(495132,387433,(3,9223372036854775807))
Edge(495236,166627,(3,9223372036854775807))
Edge(495579,496850,(3,9223372036854775807))
Edge(496208,457716,(3,9223372036854775807))
Edge(496263,438433,(3,9223372036854775807))
Edge(496295,143263,(3,9223372036854775807))
Edge(496629,79059,(1,9223372036854775807))
Edge(496683,143177,(1,3))
Edge(496778,308709,(1,9223372036854775807))
Edge(496800,15421,(3,9223372036854775807))
Edge(497003,172406,(1,9223372036854775807))
Edge(497764,374475,(1,9223372036854775807))
Edge(497960,244669,(3,9223372036854775807))
Edge(498393,203415,(1,9223372036854775807))
Edge(498443,111869,(1,9223372036854775807))
Edge(498920,126767,(3,9223372036854775807))
Edge(499963,448804,(1,3))
