Edge(241,427963,(3,9223372036854775807))
Edge(859,499315,(3,9223372036854775807))
Edge(1176,320845,(3,9223372036854775807))
Edge(1196,369513,(3,9223372036854775807))
Edge(1329,305869,(3,9223372036854775807))
Edge(1437,56642,(3,9223372036854775807))
Edge(1618,194171,(1,3))
Edge(2729,452907,(3,9223372036854775807))
Edge(2735,253885,(3,9223372036854775807))
Edge(2816,318842,(3,9223372036854775807))
Edge(3474,351408,(3,9223372036854775807))
Edge(4070,242117,(3,9223372036854775807))
Edge(4210,476311,(3,9223372036854775807))
Edge(4422,284337,(3,9223372036854775807))
Edge(5031,94822,(3,9223372036854775807))
Edge(5065,203973,(1,9223372036854775807))
Edge(5109,284983,(3,9223372036854775807))
Edge(5315,234343,(3,9223372036854775807))
Edge(5863,158903,(3,9223372036854775807))
Edge(6065,379093,(3,9223372036854775807))
Edge(6314,119822,(3,9223372036854775807))
Edge(6654,174988,(3,9223372036854775807))
Edge(7109,388481,(3,9223372036854775807))
Edge(7190,75591,(3,9223372036854775807))
Edge(7412,385837,(3,9223372036854775807))
Edge(7997,473016,(3,9223372036854775807))
Edge(8185,298841,(3,9223372036854775807))
Edge(9006,155879,(3,9223372036854775807))
Edge(9223,17848,(1,9223372036854775807))
Edge(9740,299874,(3,9223372036854775807))
Edge(9797,257501,(4,9223372036854775807))
Edge(9837,328872,(3,9223372036854775807))
Edge(9946,271213,(3,9223372036854775807))
Edge(10994,366706,(3,9223372036854775807))
Edge(11320,118195,(3,9223372036854775807))
Edge(11380,365265,(1,9223372036854775807))
Edge(11911,38487,(3,9223372036854775807))
Edge(11986,161849,(1,9223372036854775807))
Edge(12438,110429,(3,9223372036854775807))
Edge(13099,356571,(1,9223372036854775807))
Edge(13182,272369,(3,9223372036854775807))
Edge(13334,123654,(3,9223372036854775807))
Edge(13905,202278,(3,9223372036854775807))
Edge(13979,468896,(3,9223372036854775807))
Edge(13986,228467,(3,9223372036854775807))
Edge(14023,330610,(3,9223372036854775807))
Edge(14147,87966,(3,9223372036854775807))
Edge(14925,402734,(3,9223372036854775807))
Edge(15126,67652,(3,9223372036854775807))
Edge(15187,135226,(3,9223372036854775807))
Edge(15545,404079,(3,9223372036854775807))
Edge(16296,66629,(3,9223372036854775807))
Edge(16731,317353,(3,9223372036854775807))
Edge(16733,382053,(1,3))
Edge(16739,47038,(3,9223372036854775807))
Edge(16785,381065,(3,9223372036854775807))
Edge(16858,211276,(3,9223372036854775807))
Edge(17124,21961,(3,9223372036854775807))
Edge(17356,285591,(3,9223372036854775807))
Edge(17500,180927,(1,9223372036854775807))
Edge(17706,416936,(3,9223372036854775807))
Edge(17848,40704,(3,9223372036854775807))
Edge(18000,460745,(3,9223372036854775807))
Edge(18325,415844,(3,9223372036854775807))
Edge(19005,139890,(3,9223372036854775807))
Edge(19150,23634,(3,9223372036854775807))
Edge(19627,22585,(3,9223372036854775807))
Edge(19843,368434,(3,9223372036854775807))
Edge(19952,264066,(3,9223372036854775807))
Edge(19967,414417,(1,3))
Edge(20601,244626,(3,9223372036854775807))
Edge(21318,13659,(3,9223372036854775807))
Edge(21419,256674,(3,9223372036854775807))
Edge(21527,245743,(3,9223372036854775807))
Edge(21582,93412,(3,9223372036854775807))
Edge(21602,430643,(3,9223372036854775807))
Edge(22276,269512,(3,9223372036854775807))
Edge(22362,362007,(3,9223372036854775807))
Edge(22823,240853,(3,9223372036854775807))
Edge(23456,316178,(3,9223372036854775807))
Edge(23621,165342,(3,9223372036854775807))
Edge(23735,328662,(1,9223372036854775807))
Edge(24021,397627,(1,9223372036854775807))
Edge(24704,448182,(1,3))
Edge(24850,94779,(1,3))
Edge(25113,451734,(3,9223372036854775807))
Edge(25310,186010,(3,9223372036854775807))
Edge(25364,455808,(3,9223372036854775807))
Edge(25610,245315,(3,9223372036854775807))
Edge(25745,493582,(1,3))
Edge(25790,235032,(3,9223372036854775807))
Edge(25901,258646,(3,9223372036854775807))
Edge(26310,302295,(3,9223372036854775807))
Edge(26509,155405,(3,9223372036854775807))
Edge(26659,106031,(3,9223372036854775807))
Edge(26965,254400,(3,9223372036854775807))
Edge(27057,30691,(3,9223372036854775807))
Edge(27283,411592,(3,9223372036854775807))
Edge(27307,371405,(3,9223372036854775807))
Edge(27367,21609,(3,9223372036854775807))
Edge(27864,413530,(3,9223372036854775807))
Edge(27886,403369,(3,9223372036854775807))
Edge(28207,166488,(3,9223372036854775807))
Edge(28371,265630,(3,9223372036854775807))
Edge(28797,211551,(3,9223372036854775807))
Edge(29050,453637,(3,9223372036854775807))
Edge(29671,271064,(3,9223372036854775807))
Edge(29828,377120,(3,9223372036854775807))
Edge(30328,415744,(3,9223372036854775807))
Edge(30349,429095,(3,9223372036854775807))
Edge(31228,37796,(3,9223372036854775807))
Edge(32280,41130,(3,9223372036854775807))
Edge(32473,434457,(3,9223372036854775807))
Edge(32733,449029,(3,9223372036854775807))
Edge(33097,126623,(1,9223372036854775807))
Edge(33179,120699,(3,9223372036854775807))
Edge(33320,258158,(3,9223372036854775807))
Edge(33546,134718,(1,9223372036854775807))
Edge(33865,394780,(1,9223372036854775807))
Edge(34046,106340,(3,9223372036854775807))
Edge(34196,405488,(1,9223372036854775807))
Edge(34693,148815,(1,9223372036854775807))
Edge(34825,314282,(1,3))
Edge(34942,482441,(3,9223372036854775807))
Edge(34963,324645,(3,9223372036854775807))
Edge(35293,400427,(3,9223372036854775807))
Edge(36664,16722,(3,9223372036854775807))
Edge(36702,496235,(3,9223372036854775807))
Edge(36746,311914,(3,9223372036854775807))
Edge(37052,229912,(3,9223372036854775807))
Edge(37471,194518,(3,9223372036854775807))
Edge(37800,198160,(1,3))
Edge(37969,302379,(3,9223372036854775807))
Edge(38056,375400,(3,9223372036854775807))
Edge(38205,179577,(3,9223372036854775807))
Edge(38447,424668,(3,9223372036854775807))
Edge(38549,259261,(3,9223372036854775807))
Edge(39034,71865,(3,9223372036854775807))
Edge(39328,200060,(3,9223372036854775807))
Edge(39556,58609,(3,9223372036854775807))
Edge(39842,416122,(3,9223372036854775807))
Edge(40156,363560,(1,9223372036854775807))
Edge(40590,442699,(1,9223372036854775807))
Edge(40718,447850,(3,9223372036854775807))
Edge(40781,290402,(3,9223372036854775807))
Edge(40869,349957,(3,9223372036854775807))
Edge(41180,436715,(3,9223372036854775807))
Edge(41430,72931,(3,9223372036854775807))
Edge(41618,164575,(1,3))
Edge(42038,36709,(3,9223372036854775807))
Edge(42200,194117,(3,9223372036854775807))
Edge(42310,275008,(3,9223372036854775807))
Edge(43327,439607,(1,9223372036854775807))
Edge(44093,42254,(3,9223372036854775807))
Edge(44157,487434,(3,9223372036854775807))
Edge(44241,291297,(3,9223372036854775807))
Edge(44435,224617,(3,9223372036854775807))
Edge(44601,357789,(3,9223372036854775807))
Edge(45217,306855,(3,9223372036854775807))
Edge(45300,329488,(3,9223372036854775807))
Edge(45463,14377,(4,9223372036854775807))
Edge(45574,464588,(1,3))
Edge(46171,212334,(3,9223372036854775807))
Edge(46283,31563,(3,9223372036854775807))
Edge(46455,252533,(1,9223372036854775807))
Edge(46491,51631,(3,9223372036854775807))
Edge(46517,226458,(3,9223372036854775807))
Edge(46527,251423,(3,9223372036854775807))
Edge(47745,435058,(3,9223372036854775807))
Edge(47936,82157,(3,9223372036854775807))
Edge(48060,193266,(1,9223372036854775807))
Edge(48270,205302,(3,9223372036854775807))
Edge(48487,227676,(3,9223372036854775807))
Edge(49360,469160,(3,9223372036854775807))
Edge(49543,469578,(3,9223372036854775807))
Edge(49710,461096,(3,9223372036854775807))
Edge(50281,38778,(3,9223372036854775807))
Edge(51335,63910,(3,9223372036854775807))
Edge(51481,144803,(3,9223372036854775807))
Edge(51604,396250,(3,9223372036854775807))
Edge(51644,203968,(3,9223372036854775807))
Edge(52095,126203,(3,9223372036854775807))
Edge(52166,8686,(3,9223372036854775807))
Edge(52185,17072,(3,9223372036854775807))
Edge(52371,372762,(3,9223372036854775807))
Edge(52520,154111,(3,9223372036854775807))
Edge(53371,177703,(3,9223372036854775807))
Edge(53487,193520,(3,9223372036854775807))
Edge(53672,244750,(3,9223372036854775807))
Edge(53839,425424,(1,3))
Edge(53902,441243,(3,9223372036854775807))
Edge(54166,259674,(3,9223372036854775807))
Edge(54288,224408,(3,9223372036854775807))
Edge(54815,473230,(3,9223372036854775807))
Edge(54875,16209,(3,9223372036854775807))
Edge(55040,85337,(3,9223372036854775807))
Edge(55123,369144,(1,9223372036854775807))
Edge(55205,278610,(3,9223372036854775807))
Edge(56260,105066,(3,9223372036854775807))
Edge(57443,355577,(1,9223372036854775807))
Edge(57837,191263,(3,9223372036854775807))
Edge(57946,42923,(3,9223372036854775807))
Edge(58393,485142,(1,3))
Edge(58425,364472,(1,9223372036854775807))
Edge(58672,283518,(3,9223372036854775807))
Edge(59374,415114,(1,9223372036854775807))
Edge(59694,495231,(3,9223372036854775807))
Edge(59833,244029,(3,9223372036854775807))
Edge(60304,395761,(3,9223372036854775807))
Edge(60631,348495,(3,9223372036854775807))
Edge(61055,56606,(1,9223372036854775807))
Edge(61339,242561,(1,3))
Edge(61380,9918,(3,9223372036854775807))
Edge(61479,133763,(3,9223372036854775807))
Edge(61520,15960,(3,9223372036854775807))
Edge(61639,43914,(3,9223372036854775807))
Edge(61899,11327,(4,9223372036854775807))
Edge(63566,128289,(3,9223372036854775807))
Edge(63775,270855,(3,9223372036854775807))
Edge(63983,339816,(3,9223372036854775807))
Edge(64071,404195,(3,9223372036854775807))
Edge(64156,253516,(3,9223372036854775807))
Edge(64185,426550,(3,9223372036854775807))
Edge(65307,105391,(3,9223372036854775807))
Edge(65981,394664,(3,9223372036854775807))
Edge(66384,493843,(1,9223372036854775807))
Edge(66434,144194,(3,9223372036854775807))
Edge(67564,147514,(3,9223372036854775807))
Edge(69027,157596,(1,3))
Edge(69831,483650,(3,9223372036854775807))
Edge(69976,380469,(3,9223372036854775807))
Edge(70575,254783,(3,9223372036854775807))
Edge(70612,303611,(3,9223372036854775807))
Edge(70638,158170,(3,9223372036854775807))
Edge(70672,354001,(3,9223372036854775807))
Edge(70870,428369,(3,9223372036854775807))
Edge(70914,136105,(3,9223372036854775807))
Edge(70980,426137,(3,9223372036854775807))
Edge(71015,286616,(3,9223372036854775807))
Edge(71222,46664,(3,9223372036854775807))
Edge(71674,171942,(3,9223372036854775807))
Edge(71800,371820,(1,9223372036854775807))
Edge(71863,363918,(3,9223372036854775807))
Edge(72224,369938,(1,3))
Edge(72255,416731,(3,9223372036854775807))
Edge(72364,117938,(1,3))
Edge(72555,61695,(3,9223372036854775807))
Edge(72782,324303,(3,9223372036854775807))
Edge(72917,443798,(3,9223372036854775807))
Edge(72958,402540,(3,9223372036854775807))
Edge(72998,275203,(3,9223372036854775807))
Edge(73016,393967,(3,9223372036854775807))
Edge(73228,151070,(3,9223372036854775807))
Edge(74800,413622,(1,9223372036854775807))
Edge(74911,126789,(3,9223372036854775807))
Edge(75345,33267,(3,9223372036854775807))
Edge(75968,369439,(3,9223372036854775807))
Edge(76268,28656,(3,9223372036854775807))
Edge(76321,365663,(3,9223372036854775807))
Edge(76493,457464,(3,9223372036854775807))
Edge(76895,312189,(1,9223372036854775807))
Edge(78128,448966,(3,9223372036854775807))
Edge(78194,286220,(3,9223372036854775807))
Edge(78551,434741,(3,9223372036854775807))
Edge(79067,326949,(3,9223372036854775807))
Edge(79187,393100,(3,9223372036854775807))
Edge(79493,261786,(3,9223372036854775807))
Edge(79645,344902,(1,9223372036854775807))
Edge(79661,308696,(1,3))
Edge(79832,12687,(3,9223372036854775807))
Edge(80170,422458,(3,9223372036854775807))
Edge(80187,298709,(1,9223372036854775807))
Edge(80280,446845,(3,9223372036854775807))
Edge(80387,468174,(3,9223372036854775807))
Edge(80422,42041,(3,9223372036854775807))
Edge(80546,8318,(3,9223372036854775807))
Edge(80605,393779,(3,9223372036854775807))
Edge(80709,436970,(1,3))
Edge(81222,1087,(3,9223372036854775807))
Edge(81338,60673,(3,9223372036854775807))
Edge(81707,121808,(3,9223372036854775807))
Edge(82131,199570,(1,3))
Edge(82626,210246,(1,3))
Edge(82736,414882,(3,9223372036854775807))
Edge(82934,490205,(3,9223372036854775807))
Edge(83694,421138,(3,9223372036854775807))
Edge(84245,269937,(3,9223372036854775807))
Edge(85298,130629,(3,9223372036854775807))
Edge(85460,329899,(3,9223372036854775807))
Edge(86444,368581,(3,9223372036854775807))
Edge(86510,365992,(3,9223372036854775807))
Edge(86673,161135,(1,9223372036854775807))
Edge(86903,422044,(3,9223372036854775807))
Edge(86971,130430,(3,9223372036854775807))
Edge(87141,32228,(3,9223372036854775807))
Edge(87281,27549,(3,9223372036854775807))
Edge(87297,266686,(3,9223372036854775807))
Edge(87521,173999,(3,9223372036854775807))
Edge(87603,337678,(3,9223372036854775807))
Edge(87967,384361,(3,9223372036854775807))
Edge(88533,366460,(3,9223372036854775807))
Edge(89155,130163,(3,9223372036854775807))
Edge(89239,388892,(1,9223372036854775807))
Edge(89881,24549,(3,9223372036854775807))
Edge(90097,339361,(3,9223372036854775807))
Edge(91013,339625,(3,9223372036854775807))
Edge(91782,388486,(3,9223372036854775807))
Edge(92616,324739,(3,9223372036854775807))
Edge(93210,167019,(3,9223372036854775807))
Edge(93758,449847,(1,9223372036854775807))
Edge(93868,446044,(1,9223372036854775807))
Edge(94223,403855,(3,9223372036854775807))
Edge(94533,56684,(3,9223372036854775807))
Edge(94556,293431,(3,9223372036854775807))
Edge(94569,462491,(4,9223372036854775807))
Edge(94688,223134,(3,9223372036854775807))
Edge(95304,187871,(3,9223372036854775807))
Edge(95693,139419,(3,9223372036854775807))
Edge(96106,321347,(3,9223372036854775807))
Edge(96375,92980,(3,9223372036854775807))
Edge(96653,496365,(3,9223372036854775807))
Edge(96659,448245,(3,9223372036854775807))
Edge(96699,86148,(3,9223372036854775807))
Edge(97364,164352,(1,3))
Edge(97422,3225,(3,9223372036854775807))
Edge(97646,425718,(3,9223372036854775807))
Edge(98012,310240,(3,9223372036854775807))
Edge(98032,309028,(3,9223372036854775807))
Edge(98111,280471,(1,9223372036854775807))
Edge(98115,76443,(1,9223372036854775807))
Edge(98774,42392,(3,9223372036854775807))
Edge(98879,81199,(3,9223372036854775807))
Edge(99007,280601,(3,9223372036854775807))
Edge(99630,372675,(3,9223372036854775807))
Edge(100121,252149,(3,9223372036854775807))
Edge(100125,345281,(3,9223372036854775807))
Edge(100656,74150,(3,9223372036854775807))
Edge(100871,245494,(3,9223372036854775807))
Edge(101059,297737,(3,9223372036854775807))
Edge(101134,386374,(3,9223372036854775807))
Edge(101412,145867,(3,9223372036854775807))
Edge(101693,277162,(3,9223372036854775807))
Edge(101895,227715,(3,9223372036854775807))
Edge(102301,313781,(3,9223372036854775807))
Edge(102505,27885,(3,9223372036854775807))
Edge(102635,140543,(3,9223372036854775807))
Edge(102749,200125,(3,9223372036854775807))
Edge(102846,448819,(3,9223372036854775807))
Edge(102905,391827,(3,9223372036854775807))
Edge(103261,259455,(3,9223372036854775807))
Edge(103452,433879,(3,9223372036854775807))
Edge(103463,356015,(3,9223372036854775807))
Edge(103800,388388,(3,9223372036854775807))
Edge(104191,277441,(3,9223372036854775807))
Edge(104365,154375,(3,9223372036854775807))
Edge(105095,110411,(3,9223372036854775807))
Edge(105339,446239,(3,9223372036854775807))
Edge(105452,46060,(3,9223372036854775807))
Edge(105944,79085,(3,9223372036854775807))
Edge(106000,248818,(3,9223372036854775807))
Edge(106114,259458,(3,9223372036854775807))
Edge(106121,318753,(3,9223372036854775807))
Edge(106143,241243,(3,9223372036854775807))
Edge(106197,118745,(3,9223372036854775807))
Edge(107034,69294,(3,9223372036854775807))
Edge(107098,189902,(3,9223372036854775807))
Edge(107758,404072,(3,9223372036854775807))
Edge(107935,31947,(3,9223372036854775807))
Edge(108053,47011,(3,9223372036854775807))
Edge(108392,396159,(1,9223372036854775807))
Edge(109246,229232,(3,9223372036854775807))
Edge(109683,437898,(3,9223372036854775807))
Edge(110251,387423,(1,3))
Edge(110283,229659,(3,9223372036854775807))
Edge(110539,30354,(3,9223372036854775807))
Edge(110585,6389,(3,9223372036854775807))
Edge(110674,194763,(3,9223372036854775807))
Edge(110725,424590,(3,9223372036854775807))
Edge(111117,411523,(3,9223372036854775807))
Edge(111500,286934,(3,9223372036854775807))
Edge(112294,164430,(3,9223372036854775807))
Edge(112694,53387,(3,9223372036854775807))
Edge(113014,79448,(3,9223372036854775807))
Edge(113158,6489,(3,9223372036854775807))
Edge(113399,36506,(3,9223372036854775807))
Edge(114152,10020,(3,9223372036854775807))
Edge(115535,122820,(3,9223372036854775807))
Edge(115592,207400,(3,9223372036854775807))
Edge(115726,371908,(3,9223372036854775807))
Edge(115969,130528,(3,9223372036854775807))
Edge(116034,155432,(1,9223372036854775807))
Edge(116454,160298,(3,9223372036854775807))
Edge(116623,197893,(1,9223372036854775807))
Edge(116924,108347,(3,9223372036854775807))
Edge(117034,209519,(3,9223372036854775807))
Edge(117403,401727,(3,9223372036854775807))
Edge(117719,462941,(3,9223372036854775807))
Edge(118141,203822,(3,9223372036854775807))
Edge(118142,339964,(1,9223372036854775807))
Edge(119179,43389,(3,9223372036854775807))
Edge(119312,471713,(3,9223372036854775807))
Edge(119749,275707,(3,9223372036854775807))
Edge(119756,429628,(3,9223372036854775807))
Edge(119839,62021,(3,9223372036854775807))
Edge(119968,411970,(3,9223372036854775807))
Edge(120108,139364,(3,9223372036854775807))
Edge(120443,245076,(3,9223372036854775807))
Edge(120454,429945,(1,9223372036854775807))
Edge(120531,441393,(3,9223372036854775807))
Edge(120946,459403,(3,9223372036854775807))
Edge(121144,405413,(3,9223372036854775807))
Edge(121276,299433,(3,9223372036854775807))
Edge(121474,438309,(3,9223372036854775807))
Edge(121521,190228,(3,9223372036854775807))
Edge(121981,360659,(3,9223372036854775807))
Edge(123727,72743,(3,9223372036854775807))
Edge(124046,33253,(3,9223372036854775807))
Edge(125441,187399,(3,9223372036854775807))
Edge(125917,380873,(3,9223372036854775807))
Edge(126196,60075,(3,9223372036854775807))
Edge(126461,233058,(3,9223372036854775807))
Edge(127450,159672,(3,9223372036854775807))
Edge(127815,167224,(3,9223372036854775807))
Edge(128109,315478,(1,3))
Edge(128667,472290,(3,9223372036854775807))
Edge(129286,176667,(1,3))
Edge(129329,266311,(3,9223372036854775807))
Edge(129703,486333,(3,9223372036854775807))
Edge(129815,299371,(3,9223372036854775807))
Edge(129893,380083,(3,9223372036854775807))
Edge(130443,492220,(1,9223372036854775807))
Edge(130484,289870,(3,9223372036854775807))
Edge(130545,159156,(3,9223372036854775807))
Edge(131329,382340,(3,9223372036854775807))
Edge(131377,466449,(3,9223372036854775807))
Edge(132675,155200,(3,9223372036854775807))
Edge(132795,198291,(3,9223372036854775807))
Edge(133341,130087,(3,9223372036854775807))
Edge(133575,73718,(3,9223372036854775807))
Edge(133760,343415,(3,9223372036854775807))
Edge(134250,220195,(3,9223372036854775807))
Edge(134544,264496,(1,9223372036854775807))
Edge(135522,233773,(1,9223372036854775807))
Edge(135786,5751,(3,9223372036854775807))
Edge(136249,90078,(3,9223372036854775807))
Edge(136777,493769,(1,9223372036854775807))
Edge(137273,365646,(3,9223372036854775807))
Edge(137793,452272,(3,9223372036854775807))
Edge(138182,498991,(3,9223372036854775807))
Edge(138348,277600,(1,3))
Edge(138903,75818,(3,9223372036854775807))
Edge(139162,428857,(1,3))
Edge(139658,43365,(1,9223372036854775807))
Edge(139709,401592,(3,9223372036854775807))
Edge(139763,138458,(3,9223372036854775807))
Edge(140041,312144,(3,9223372036854775807))
Edge(140046,19028,(3,9223372036854775807))
Edge(140293,441688,(3,9223372036854775807))
Edge(140534,90275,(1,9223372036854775807))
Edge(140861,358495,(1,9223372036854775807))
Edge(141015,225170,(3,9223372036854775807))
Edge(141242,306752,(3,9223372036854775807))
Edge(141413,467616,(3,9223372036854775807))
Edge(141538,336768,(3,9223372036854775807))
Edge(141552,274912,(3,9223372036854775807))
Edge(141793,397747,(3,9223372036854775807))
Edge(141929,329225,(3,9223372036854775807))
Edge(142121,301816,(3,9223372036854775807))
Edge(142165,92614,(3,9223372036854775807))
Edge(142184,77500,(3,9223372036854775807))
Edge(142399,189065,(3,9223372036854775807))
Edge(142627,475576,(3,9223372036854775807))
Edge(143107,312066,(3,9223372036854775807))
Edge(143248,451603,(1,3))
Edge(143691,462645,(3,9223372036854775807))
Edge(143721,151915,(1,9223372036854775807))
Edge(143854,374707,(3,9223372036854775807))
Edge(144712,421414,(3,9223372036854775807))
Edge(145154,46579,(1,9223372036854775807))
Edge(145161,304947,(3,9223372036854775807))
Edge(145195,273731,(3,9223372036854775807))
Edge(145944,23500,(3,9223372036854775807))
Edge(146191,128068,(3,9223372036854775807))
Edge(147042,390297,(3,9223372036854775807))
Edge(147590,161523,(3,9223372036854775807))
Edge(148051,157016,(3,9223372036854775807))
Edge(148309,159231,(3,9223372036854775807))
Edge(148509,291373,(3,9223372036854775807))
Edge(148566,260371,(3,9223372036854775807))
Edge(149335,328076,(1,9223372036854775807))
Edge(149810,440519,(3,9223372036854775807))
Edge(149877,81724,(3,9223372036854775807))
Edge(149884,319501,(3,9223372036854775807))
Edge(149910,118332,(3,9223372036854775807))
Edge(150675,404923,(1,9223372036854775807))
Edge(150936,252965,(1,3))
Edge(151032,283860,(3,9223372036854775807))
Edge(151155,375982,(3,9223372036854775807))
Edge(151569,279487,(3,9223372036854775807))
Edge(152159,141713,(1,9223372036854775807))
Edge(152801,490548,(3,9223372036854775807))
Edge(153271,252532,(3,9223372036854775807))
Edge(153564,356685,(1,3))
Edge(154072,495063,(3,9223372036854775807))
Edge(154078,291033,(3,9223372036854775807))
Edge(154333,335953,(3,9223372036854775807))
Edge(154533,497122,(3,9223372036854775807))
Edge(154862,26569,(3,9223372036854775807))
Edge(155184,390848,(1,9223372036854775807))
Edge(155395,386574,(1,9223372036854775807))
Edge(155665,399125,(3,9223372036854775807))
Edge(156238,371526,(3,9223372036854775807))
Edge(156428,94903,(3,9223372036854775807))
Edge(156432,473213,(3,9223372036854775807))
Edge(156552,369603,(3,9223372036854775807))
Edge(156773,264519,(3,9223372036854775807))
Edge(157417,332413,(3,9223372036854775807))
Edge(157489,355463,(3,9223372036854775807))
Edge(157735,479909,(1,3))
Edge(158289,26958,(3,9223372036854775807))
Edge(158353,350323,(3,9223372036854775807))
Edge(158558,238636,(1,3))
Edge(158593,178429,(3,9223372036854775807))
Edge(159049,102541,(1,3))
Edge(159056,472609,(3,9223372036854775807))
Edge(159505,313046,(1,3))
Edge(159952,465897,(3,9223372036854775807))
Edge(160217,299791,(3,9223372036854775807))
Edge(160957,449860,(3,9223372036854775807))
Edge(161206,370508,(3,9223372036854775807))
Edge(161791,220163,(1,3))
Edge(162471,346297,(1,9223372036854775807))
Edge(162664,366762,(3,9223372036854775807))
Edge(163058,34366,(1,9223372036854775807))
Edge(163132,186267,(3,9223372036854775807))
Edge(164040,103998,(3,9223372036854775807))
Edge(164106,425208,(3,9223372036854775807))
Edge(164488,314003,(3,9223372036854775807))
Edge(164691,363753,(3,9223372036854775807))
Edge(164875,145964,(3,9223372036854775807))
Edge(164996,222760,(3,9223372036854775807))
Edge(165285,47916,(3,9223372036854775807))
Edge(165306,9084,(3,9223372036854775807))
Edge(165704,205653,(3,9223372036854775807))
Edge(165777,435902,(3,9223372036854775807))
Edge(165794,70350,(1,3))
Edge(166196,401247,(1,9223372036854775807))
Edge(166592,451709,(3,9223372036854775807))
Edge(166960,247619,(3,9223372036854775807))
Edge(167057,220937,(1,3))
Edge(167064,403905,(3,9223372036854775807))
Edge(167114,470763,(3,9223372036854775807))
Edge(167359,271468,(3,9223372036854775807))
Edge(168146,33157,(1,3))
Edge(168440,288532,(3,9223372036854775807))
Edge(168532,70862,(3,9223372036854775807))
Edge(168818,285075,(3,9223372036854775807))
Edge(169169,415067,(3,9223372036854775807))
Edge(169270,298706,(3,9223372036854775807))
Edge(169360,439847,(1,9223372036854775807))
Edge(169653,250729,(3,9223372036854775807))
Edge(169997,401668,(3,9223372036854775807))
Edge(170349,365870,(1,9223372036854775807))
Edge(170381,222067,(3,9223372036854775807))
Edge(171060,154541,(3,9223372036854775807))
Edge(171066,326757,(3,9223372036854775807))
Edge(171156,219206,(1,9223372036854775807))
Edge(171241,212079,(1,9223372036854775807))
Edge(171324,440963,(3,9223372036854775807))
Edge(171349,234179,(3,9223372036854775807))
Edge(171540,407322,(3,9223372036854775807))
Edge(173024,372025,(3,9223372036854775807))
Edge(173127,359840,(1,3))
Edge(173308,209977,(3,9223372036854775807))
Edge(173627,462802,(3,9223372036854775807))
Edge(174348,478728,(1,9223372036854775807))
Edge(174589,177115,(3,9223372036854775807))
Edge(174750,452350,(3,9223372036854775807))
Edge(174928,395041,(3,9223372036854775807))
Edge(174977,385330,(3,9223372036854775807))
Edge(175518,453102,(3,9223372036854775807))
Edge(175571,316661,(3,9223372036854775807))
Edge(175601,222612,(3,9223372036854775807))
Edge(175614,171951,(3,9223372036854775807))
Edge(175768,58072,(3,9223372036854775807))
Edge(176070,23441,(3,9223372036854775807))
Edge(176483,173160,(3,9223372036854775807))
Edge(176771,230792,(3,9223372036854775807))
Edge(176930,210061,(3,9223372036854775807))
Edge(177156,70108,(3,9223372036854775807))
Edge(177199,187278,(3,9223372036854775807))
Edge(177310,493715,(1,3))
Edge(177572,422670,(3,9223372036854775807))
Edge(177625,61577,(3,9223372036854775807))
Edge(178417,137495,(3,9223372036854775807))
Edge(178783,387344,(1,9223372036854775807))
Edge(179258,444338,(1,3))
Edge(179558,120385,(1,9223372036854775807))
Edge(179679,465695,(3,9223372036854775807))
Edge(179987,487315,(3,9223372036854775807))
Edge(180010,398331,(3,9223372036854775807))
Edge(180360,140478,(3,9223372036854775807))
Edge(180561,328931,(3,9223372036854775807))
Edge(181843,331836,(3,9223372036854775807))
Edge(181978,439901,(3,9223372036854775807))
Edge(182405,63016,(3,9223372036854775807))
Edge(183616,109737,(3,9223372036854775807))
Edge(183697,242851,(1,3))
Edge(183713,278400,(3,9223372036854775807))
Edge(183841,140119,(3,9223372036854775807))
Edge(184173,381042,(3,9223372036854775807))
Edge(184534,342327,(3,9223372036854775807))
Edge(184566,227069,(1,9223372036854775807))
Edge(184853,168605,(3,9223372036854775807))
Edge(184898,64879,(3,9223372036854775807))
Edge(185253,328039,(3,9223372036854775807))
Edge(186463,138737,(3,9223372036854775807))
Edge(186636,151128,(3,9223372036854775807))
Edge(186754,14751,(3,9223372036854775807))
Edge(187523,343136,(3,9223372036854775807))
Edge(188319,141455,(3,9223372036854775807))
Edge(188470,475875,(3,9223372036854775807))
Edge(188784,276046,(1,9223372036854775807))
Edge(188828,62209,(1,9223372036854775807))
Edge(188929,139406,(3,9223372036854775807))
Edge(189242,31191,(1,9223372036854775807))
Edge(189484,159522,(3,9223372036854775807))
Edge(190189,994,(3,9223372036854775807))
Edge(191087,417888,(3,9223372036854775807))
Edge(191100,366550,(3,9223372036854775807))
Edge(191828,442134,(3,9223372036854775807))
Edge(191898,146482,(3,9223372036854775807))
Edge(191969,238398,(1,3))
Edge(192215,20379,(3,9223372036854775807))
Edge(192488,312523,(1,9223372036854775807))
Edge(192809,98817,(1,9223372036854775807))
Edge(192977,155096,(3,9223372036854775807))
Edge(193118,333114,(3,9223372036854775807))
Edge(193523,299406,(3,9223372036854775807))
Edge(193860,443350,(3,9223372036854775807))
Edge(194555,437539,(3,9223372036854775807))
Edge(194557,308422,(3,9223372036854775807))
Edge(194873,241140,(1,3))
Edge(195106,136311,(3,9223372036854775807))
Edge(195296,191819,(1,3))
Edge(195365,342430,(3,9223372036854775807))
Edge(195391,471297,(3,9223372036854775807))
Edge(195505,452564,(1,9223372036854775807))
Edge(195621,336317,(3,9223372036854775807))
Edge(195779,316359,(1,9223372036854775807))
Edge(196119,157078,(3,9223372036854775807))
Edge(196370,208123,(3,9223372036854775807))
Edge(196806,381275,(3,9223372036854775807))
Edge(197459,81418,(3,9223372036854775807))
Edge(197488,86034,(3,9223372036854775807))
Edge(197790,431171,(1,9223372036854775807))
Edge(197859,80684,(3,9223372036854775807))
Edge(197964,339250,(3,9223372036854775807))
Edge(198131,81100,(3,9223372036854775807))
Edge(198311,178682,(3,9223372036854775807))
Edge(198361,498671,(3,9223372036854775807))
Edge(198668,314649,(3,9223372036854775807))
Edge(199085,454681,(3,9223372036854775807))
Edge(199582,67514,(3,9223372036854775807))
Edge(199838,462794,(3,9223372036854775807))
Edge(200761,368349,(3,9223372036854775807))
Edge(200819,449329,(3,9223372036854775807))
Edge(200883,413663,(3,9223372036854775807))
Edge(200965,471601,(3,9223372036854775807))
Edge(201093,392184,(3,9223372036854775807))
Edge(201609,217837,(3,9223372036854775807))
Edge(201814,13330,(3,9223372036854775807))
Edge(202499,481006,(3,9223372036854775807))
Edge(203030,112931,(3,9223372036854775807))
Edge(203044,460162,(3,9223372036854775807))
Edge(203276,185402,(3,9223372036854775807))
Edge(204296,307174,(1,9223372036854775807))
Edge(204613,283610,(1,3))
Edge(204710,278270,(3,9223372036854775807))
Edge(204725,295191,(3,9223372036854775807))
Edge(204809,414816,(3,9223372036854775807))
Edge(205329,15755,(3,9223372036854775807))
Edge(205662,398143,(3,9223372036854775807))
Edge(205669,323724,(1,3))
Edge(205883,104638,(3,9223372036854775807))
Edge(206153,369399,(3,9223372036854775807))
Edge(206907,409510,(3,9223372036854775807))
Edge(207061,236102,(3,9223372036854775807))
Edge(207432,286108,(3,9223372036854775807))
Edge(207638,15583,(3,9223372036854775807))
Edge(207759,154448,(3,9223372036854775807))
Edge(207779,29802,(3,9223372036854775807))
Edge(207993,342236,(3,9223372036854775807))
Edge(208158,7437,(3,9223372036854775807))
Edge(208208,134089,(3,9223372036854775807))
Edge(208306,426445,(3,9223372036854775807))
Edge(209134,192646,(1,9223372036854775807))
Edge(209338,46059,(3,9223372036854775807))
Edge(209442,414629,(3,9223372036854775807))
Edge(210088,4271,(3,9223372036854775807))
Edge(210278,54717,(3,9223372036854775807))
Edge(210287,93530,(3,9223372036854775807))
Edge(210288,447314,(3,9223372036854775807))
Edge(210552,51636,(3,9223372036854775807))
Edge(210793,484754,(3,9223372036854775807))
Edge(210865,200636,(3,9223372036854775807))
Edge(211026,76224,(3,9223372036854775807))
Edge(211146,397941,(3,9223372036854775807))
Edge(211530,270056,(3,9223372036854775807))
Edge(212077,96627,(3,9223372036854775807))
Edge(212570,363559,(3,9223372036854775807))
Edge(212804,273762,(3,9223372036854775807))
Edge(213052,324050,(3,9223372036854775807))
Edge(213610,372982,(3,9223372036854775807))
Edge(213972,339436,(3,9223372036854775807))
Edge(214816,469992,(3,9223372036854775807))
Edge(215025,12909,(3,9223372036854775807))
Edge(215380,449020,(3,9223372036854775807))
Edge(216007,399111,(1,9223372036854775807))
Edge(216101,329544,(3,9223372036854775807))
Edge(216151,391014,(1,3))
Edge(216388,289454,(3,9223372036854775807))
Edge(216755,105945,(1,9223372036854775807))
Edge(216903,281257,(3,9223372036854775807))
Edge(217487,474766,(3,9223372036854775807))
Edge(217520,405842,(1,9223372036854775807))
Edge(217700,200810,(3,9223372036854775807))
Edge(217702,491676,(1,3))
Edge(217824,281289,(3,9223372036854775807))
Edge(217894,40053,(3,9223372036854775807))
Edge(218911,276533,(3,9223372036854775807))
Edge(219422,445164,(3,9223372036854775807))
Edge(220918,96113,(3,9223372036854775807))
Edge(220985,453987,(1,9223372036854775807))
Edge(221082,205780,(3,9223372036854775807))
Edge(221213,426852,(4,9223372036854775807))
Edge(221389,284928,(3,9223372036854775807))
Edge(221659,267342,(3,9223372036854775807))
Edge(222236,24573,(1,3))
Edge(222236,99186,(3,9223372036854775807))
Edge(222363,305689,(3,9223372036854775807))
Edge(222409,182083,(3,9223372036854775807))
Edge(222651,499340,(3,9223372036854775807))
Edge(222697,440369,(3,9223372036854775807))
Edge(223127,354465,(1,3))
Edge(223804,340396,(1,9223372036854775807))
Edge(224011,380924,(3,9223372036854775807))
Edge(224041,263163,(3,9223372036854775807))
Edge(224132,237067,(3,9223372036854775807))
Edge(224392,164266,(3,9223372036854775807))
Edge(224427,332354,(3,9223372036854775807))
Edge(225034,140691,(3,9223372036854775807))
Edge(225403,455165,(3,9223372036854775807))
Edge(225722,113691,(3,9223372036854775807))
Edge(226337,425698,(3,9223372036854775807))
Edge(226889,402847,(3,9223372036854775807))
Edge(226912,225205,(3,9223372036854775807))
Edge(227502,486381,(1,9223372036854775807))
Edge(227804,223013,(3,9223372036854775807))
Edge(227999,29055,(1,3))
Edge(228196,315217,(3,9223372036854775807))
Edge(228717,405506,(3,9223372036854775807))
Edge(229021,436831,(1,9223372036854775807))
Edge(229115,393623,(1,9223372036854775807))
Edge(229245,387400,(3,9223372036854775807))
Edge(229323,382807,(3,9223372036854775807))
Edge(229409,327063,(3,9223372036854775807))
Edge(229415,390739,(3,9223372036854775807))
Edge(229551,204993,(3,9223372036854775807))
Edge(230030,349396,(3,9223372036854775807))
Edge(230039,332443,(3,9223372036854775807))
Edge(230059,40496,(3,9223372036854775807))
Edge(230345,90886,(3,9223372036854775807))
Edge(230517,23970,(3,9223372036854775807))
Edge(230538,219949,(1,9223372036854775807))
Edge(230781,379364,(1,9223372036854775807))
Edge(230784,423756,(1,3))
Edge(231198,344480,(1,3))
Edge(232243,441332,(3,9223372036854775807))
Edge(232473,49567,(3,9223372036854775807))
Edge(232488,206577,(3,9223372036854775807))
Edge(232515,149586,(3,9223372036854775807))
Edge(232689,227194,(3,9223372036854775807))
Edge(232695,457113,(3,9223372036854775807))
Edge(232767,438524,(3,9223372036854775807))
Edge(232883,137744,(3,9223372036854775807))
Edge(233396,252367,(3,9223372036854775807))
Edge(233480,340925,(3,9223372036854775807))
Edge(233764,270769,(3,9223372036854775807))
Edge(234110,436688,(3,9223372036854775807))
Edge(234410,459230,(1,9223372036854775807))
Edge(234961,438167,(3,9223372036854775807))
Edge(234973,490212,(3,9223372036854775807))
Edge(235564,195940,(3,9223372036854775807))
Edge(235722,356279,(1,9223372036854775807))
Edge(236078,259846,(3,9223372036854775807))
Edge(236166,463721,(3,9223372036854775807))
Edge(236262,88911,(1,9223372036854775807))
Edge(236916,192154,(3,9223372036854775807))
Edge(237071,425844,(3,9223372036854775807))
Edge(237954,48855,(3,9223372036854775807))
Edge(238283,401613,(1,9223372036854775807))
Edge(238726,253535,(1,3))
Edge(238932,413241,(3,9223372036854775807))
Edge(238944,433577,(3,9223372036854775807))
Edge(239465,120270,(3,9223372036854775807))
Edge(239551,157666,(3,9223372036854775807))
Edge(239874,476198,(3,9223372036854775807))
Edge(240073,436884,(3,9223372036854775807))
Edge(240076,401290,(3,9223372036854775807))
Edge(240381,347604,(1,9223372036854775807))
Edge(240402,316922,(3,9223372036854775807))
Edge(241685,200622,(1,9223372036854775807))
Edge(242318,286611,(3,9223372036854775807))
Edge(242557,370410,(3,9223372036854775807))
Edge(242565,207710,(3,9223372036854775807))
Edge(242618,373191,(3,9223372036854775807))
Edge(242816,408086,(3,9223372036854775807))
Edge(243007,427571,(3,9223372036854775807))
Edge(243183,282463,(3,9223372036854775807))
Edge(243229,128915,(3,9223372036854775807))
Edge(243353,213668,(3,9223372036854775807))
Edge(243385,14004,(3,9223372036854775807))
Edge(243560,166262,(3,9223372036854775807))
Edge(243734,149565,(3,9223372036854775807))
Edge(243826,449527,(1,9223372036854775807))
Edge(244139,166863,(3,9223372036854775807))
Edge(244289,23827,(1,9223372036854775807))
Edge(244565,59688,(3,9223372036854775807))
Edge(244612,125590,(3,9223372036854775807))
Edge(245499,411285,(3,9223372036854775807))
Edge(245590,99891,(3,9223372036854775807))
Edge(246065,236912,(3,9223372036854775807))
Edge(246417,53612,(3,9223372036854775807))
Edge(246622,284272,(1,3))
Edge(246629,360205,(3,9223372036854775807))
Edge(246677,359077,(3,9223372036854775807))
Edge(247435,119043,(3,9223372036854775807))
Edge(247579,46834,(3,9223372036854775807))
Edge(247705,405805,(3,9223372036854775807))
Edge(247712,459090,(3,9223372036854775807))
Edge(247747,196197,(3,9223372036854775807))
Edge(248756,47260,(1,9223372036854775807))
Edge(249026,463117,(3,9223372036854775807))
Edge(249343,175472,(3,9223372036854775807))
Edge(249366,387984,(3,9223372036854775807))
Edge(249556,329783,(1,9223372036854775807))
Edge(249790,53645,(3,9223372036854775807))
Edge(250190,468069,(1,9223372036854775807))
Edge(250513,483065,(3,9223372036854775807))
Edge(251621,186554,(3,9223372036854775807))
Edge(251840,498445,(3,9223372036854775807))
Edge(251976,422006,(3,9223372036854775807))
Edge(252007,250763,(3,9223372036854775807))
Edge(252303,128486,(1,3))
Edge(252538,451584,(3,9223372036854775807))
Edge(252594,280012,(3,9223372036854775807))
Edge(252641,469167,(1,9223372036854775807))
Edge(252718,280624,(3,9223372036854775807))
Edge(252909,493796,(3,9223372036854775807))
Edge(252984,408262,(3,9223372036854775807))
Edge(253091,494986,(3,9223372036854775807))
Edge(253425,203139,(3,9223372036854775807))
Edge(253510,162688,(3,9223372036854775807))
Edge(253996,411111,(3,9223372036854775807))
Edge(254021,130451,(3,9223372036854775807))
Edge(254427,331298,(3,9223372036854775807))
Edge(254719,27097,(3,9223372036854775807))
Edge(254765,161551,(3,9223372036854775807))
Edge(254828,288492,(3,9223372036854775807))
Edge(255568,99482,(3,9223372036854775807))
Edge(255712,372528,(3,9223372036854775807))
Edge(255821,234128,(1,9223372036854775807))
Edge(256082,321923,(1,9223372036854775807))
Edge(257158,383330,(3,9223372036854775807))
Edge(257197,275464,(3,9223372036854775807))
Edge(257492,46670,(3,9223372036854775807))
Edge(257526,116707,(3,9223372036854775807))
Edge(257857,241074,(3,9223372036854775807))
Edge(257943,348858,(1,9223372036854775807))
Edge(258018,210959,(3,9223372036854775807))
Edge(259848,409641,(3,9223372036854775807))
Edge(260897,173913,(3,9223372036854775807))
Edge(260980,428348,(3,9223372036854775807))
Edge(261372,122042,(3,9223372036854775807))
Edge(261501,26972,(3,9223372036854775807))
Edge(261819,145826,(1,3))
Edge(261834,420744,(3,9223372036854775807))
Edge(262697,196169,(1,3))
Edge(262860,359681,(3,9223372036854775807))
Edge(262900,27294,(3,9223372036854775807))
Edge(262934,139549,(3,9223372036854775807))
Edge(263072,282870,(3,9223372036854775807))
Edge(263119,11622,(3,9223372036854775807))
Edge(263183,390122,(3,9223372036854775807))
Edge(263274,203524,(4,9223372036854775807))
Edge(263296,195344,(3,9223372036854775807))
Edge(263451,220960,(3,9223372036854775807))
Edge(263938,288771,(4,9223372036854775807))
Edge(264073,63625,(1,9223372036854775807))
Edge(264079,61796,(3,9223372036854775807))
Edge(265272,157578,(3,9223372036854775807))
Edge(265342,499349,(3,9223372036854775807))
Edge(266061,254576,(1,9223372036854775807))
Edge(266407,437479,(3,9223372036854775807))
Edge(266408,324860,(3,9223372036854775807))
Edge(266458,231786,(3,9223372036854775807))
Edge(266469,139507,(1,9223372036854775807))
Edge(266493,220562,(3,9223372036854775807))
Edge(267050,142221,(3,9223372036854775807))
Edge(267679,184155,(1,3))
Edge(267741,224463,(3,9223372036854775807))
Edge(267908,251742,(3,9223372036854775807))
Edge(267996,338423,(3,9223372036854775807))
Edge(268481,95693,(3,9223372036854775807))
Edge(268625,75969,(3,9223372036854775807))
Edge(269226,86952,(3,9223372036854775807))
Edge(269321,292418,(3,9223372036854775807))
Edge(269334,228948,(3,9223372036854775807))
Edge(269407,223865,(1,9223372036854775807))
Edge(269434,380857,(3,9223372036854775807))
Edge(270159,395033,(3,9223372036854775807))
Edge(270236,367767,(3,9223372036854775807))
Edge(270383,317081,(3,9223372036854775807))
Edge(270529,327912,(3,9223372036854775807))
Edge(270641,224805,(3,9223372036854775807))
Edge(270961,97244,(3,9223372036854775807))
Edge(270967,21605,(3,9223372036854775807))
Edge(271234,327125,(3,9223372036854775807))
Edge(271506,83031,(3,9223372036854775807))
Edge(272831,90241,(3,9223372036854775807))
Edge(273073,196571,(1,9223372036854775807))
Edge(273094,275174,(1,3))
Edge(273215,70657,(3,9223372036854775807))
Edge(273404,244516,(3,9223372036854775807))
Edge(273466,135975,(1,3))
Edge(273495,289865,(3,9223372036854775807))
Edge(274625,491543,(3,9223372036854775807))
Edge(275104,206253,(1,9223372036854775807))
Edge(275452,24321,(3,9223372036854775807))
Edge(275659,147167,(1,3))
Edge(275825,414323,(1,3))
Edge(275847,306098,(3,9223372036854775807))
Edge(276193,475135,(3,9223372036854775807))
Edge(276395,379873,(1,9223372036854775807))
Edge(276417,465440,(3,9223372036854775807))
Edge(276644,1546,(3,9223372036854775807))
Edge(276855,55243,(3,9223372036854775807))
Edge(276905,13507,(4,9223372036854775807))
Edge(278234,175100,(3,9223372036854775807))
Edge(278803,12058,(3,9223372036854775807))
Edge(279183,318258,(3,9223372036854775807))
Edge(279193,89794,(1,9223372036854775807))
Edge(279396,274484,(3,9223372036854775807))
Edge(279685,400636,(3,9223372036854775807))
Edge(279774,73739,(1,9223372036854775807))
Edge(279922,356886,(3,9223372036854775807))
Edge(280623,255328,(3,9223372036854775807))
Edge(280714,219577,(3,9223372036854775807))
Edge(281013,385046,(3,9223372036854775807))
Edge(281402,262773,(3,9223372036854775807))
Edge(281861,331581,(3,9223372036854775807))
Edge(282010,144366,(3,9223372036854775807))
Edge(282894,195037,(3,9223372036854775807))
Edge(282932,322221,(1,9223372036854775807))
Edge(283081,300387,(3,9223372036854775807))
Edge(283095,71075,(3,9223372036854775807))
Edge(283099,320205,(3,9223372036854775807))
Edge(283171,49568,(3,9223372036854775807))
Edge(283224,223827,(1,3))
Edge(283398,314210,(3,9223372036854775807))
Edge(283522,98800,(3,9223372036854775807))
Edge(283711,405089,(1,9223372036854775807))
Edge(283775,94489,(3,9223372036854775807))
Edge(283894,400069,(1,3))
Edge(284170,10320,(3,9223372036854775807))
Edge(284350,493026,(1,9223372036854775807))
Edge(285126,402205,(3,9223372036854775807))
Edge(285246,34979,(3,9223372036854775807))
Edge(285443,152170,(3,9223372036854775807))
Edge(285456,340093,(3,9223372036854775807))
Edge(285555,55057,(3,9223372036854775807))
Edge(285864,223196,(3,9223372036854775807))
Edge(285970,344516,(3,9223372036854775807))
Edge(286151,240243,(3,9223372036854775807))
Edge(286263,293620,(3,9223372036854775807))
Edge(286599,114881,(3,9223372036854775807))
Edge(287213,322855,(3,9223372036854775807))
Edge(287312,464740,(3,9223372036854775807))
Edge(287333,50843,(3,9223372036854775807))
Edge(287416,18108,(3,9223372036854775807))
Edge(287424,347825,(3,9223372036854775807))
Edge(287846,417710,(3,9223372036854775807))
Edge(287901,288188,(3,9223372036854775807))
Edge(288296,498988,(1,3))
Edge(288828,366760,(3,9223372036854775807))
Edge(288999,72906,(1,9223372036854775807))
Edge(289113,284343,(3,9223372036854775807))
Edge(289623,24339,(3,9223372036854775807))
Edge(289884,55827,(3,9223372036854775807))
Edge(290089,235402,(3,9223372036854775807))
Edge(290130,213892,(3,9223372036854775807))
Edge(291025,218347,(3,9223372036854775807))
Edge(291225,341209,(3,9223372036854775807))
Edge(291416,76273,(3,9223372036854775807))
Edge(291519,483072,(3,9223372036854775807))
Edge(291811,119966,(3,9223372036854775807))
Edge(292086,337555,(3,9223372036854775807))
Edge(292288,429867,(3,9223372036854775807))
Edge(292500,116978,(3,9223372036854775807))
Edge(292902,356504,(3,9223372036854775807))
Edge(292968,23143,(3,9223372036854775807))
Edge(293180,433393,(3,9223372036854775807))
Edge(293420,348039,(3,9223372036854775807))
Edge(293425,241800,(3,9223372036854775807))
Edge(293584,87844,(3,9223372036854775807))
Edge(293613,485948,(3,9223372036854775807))
Edge(293822,250598,(3,9223372036854775807))
Edge(293950,311323,(3,9223372036854775807))
Edge(293990,383728,(3,9223372036854775807))
Edge(294298,364503,(3,9223372036854775807))
Edge(294309,14812,(3,9223372036854775807))
Edge(294388,404239,(1,3))
Edge(295556,67590,(3,9223372036854775807))
Edge(295645,355816,(3,9223372036854775807))
Edge(295725,397326,(3,9223372036854775807))
Edge(295870,361018,(3,9223372036854775807))
Edge(296157,251313,(3,9223372036854775807))
Edge(296368,160259,(3,9223372036854775807))
Edge(296400,170120,(3,9223372036854775807))
Edge(296475,62621,(1,3))
Edge(296709,71690,(3,9223372036854775807))
Edge(296896,184525,(3,9223372036854775807))
Edge(296910,149981,(3,9223372036854775807))
Edge(296980,60938,(3,9223372036854775807))
Edge(297177,346779,(3,9223372036854775807))
Edge(297349,19729,(3,9223372036854775807))
Edge(297509,35224,(3,9223372036854775807))
Edge(298128,306968,(3,9223372036854775807))
Edge(298176,212976,(3,9223372036854775807))
Edge(298210,164973,(1,9223372036854775807))
Edge(298355,399970,(3,9223372036854775807))
Edge(298439,363519,(3,9223372036854775807))
Edge(298574,268736,(3,9223372036854775807))
Edge(298725,300033,(1,3))
Edge(298931,463815,(1,3))
Edge(299286,482128,(1,3))
Edge(299428,196214,(3,9223372036854775807))
Edge(299730,343934,(1,3))
Edge(300227,454218,(3,9223372036854775807))
Edge(300593,496939,(1,3))
Edge(301236,287471,(3,9223372036854775807))
Edge(301355,476688,(3,9223372036854775807))
Edge(301427,405944,(3,9223372036854775807))
Edge(301504,358155,(1,9223372036854775807))
Edge(302057,89712,(3,9223372036854775807))
Edge(302782,145768,(1,9223372036854775807))
Edge(303449,366583,(3,9223372036854775807))
Edge(303774,457757,(3,9223372036854775807))
Edge(303941,173536,(3,9223372036854775807))
Edge(304602,437595,(1,9223372036854775807))
Edge(304712,51234,(3,9223372036854775807))
Edge(305849,429671,(3,9223372036854775807))
Edge(306069,253689,(1,9223372036854775807))
Edge(306412,262661,(3,9223372036854775807))
Edge(306469,199093,(1,9223372036854775807))
Edge(307040,377859,(3,9223372036854775807))
Edge(307107,415834,(1,9223372036854775807))
Edge(307175,173816,(3,9223372036854775807))
Edge(307522,295023,(1,9223372036854775807))
Edge(307687,336243,(3,9223372036854775807))
Edge(307759,244399,(3,9223372036854775807))
Edge(308453,99780,(3,9223372036854775807))
Edge(308536,261213,(3,9223372036854775807))
Edge(309594,15672,(3,9223372036854775807))
Edge(309947,225694,(3,9223372036854775807))
Edge(310451,246059,(3,9223372036854775807))
Edge(310537,233653,(3,9223372036854775807))
Edge(310750,452225,(3,9223372036854775807))
Edge(311117,173385,(3,9223372036854775807))
Edge(311304,175275,(3,9223372036854775807))
Edge(311355,444571,(1,9223372036854775807))
Edge(311429,309874,(3,9223372036854775807))
Edge(311536,376228,(3,9223372036854775807))
Edge(311840,292632,(3,9223372036854775807))
Edge(312895,56571,(3,9223372036854775807))
Edge(312936,269385,(3,9223372036854775807))
Edge(312995,216321,(3,9223372036854775807))
Edge(313247,90967,(3,9223372036854775807))
Edge(313362,334672,(3,9223372036854775807))
Edge(313723,474533,(3,9223372036854775807))
Edge(314330,32282,(1,9223372036854775807))
Edge(314617,13778,(1,9223372036854775807))
Edge(314658,288740,(3,9223372036854775807))
Edge(314753,83115,(3,9223372036854775807))
Edge(315291,284513,(3,9223372036854775807))
Edge(315440,190885,(1,9223372036854775807))
Edge(315487,156055,(3,9223372036854775807))
Edge(315647,305432,(3,9223372036854775807))
Edge(316127,379303,(3,9223372036854775807))
Edge(316438,392213,(3,9223372036854775807))
Edge(316581,78513,(3,9223372036854775807))
Edge(316774,222048,(3,9223372036854775807))
Edge(317014,216546,(3,9223372036854775807))
Edge(317204,163688,(3,9223372036854775807))
Edge(317239,8847,(3,9223372036854775807))
Edge(317713,422104,(1,3))
Edge(317779,205318,(3,9223372036854775807))
Edge(317821,113214,(1,9223372036854775807))
Edge(318010,346679,(3,9223372036854775807))
Edge(318070,490862,(3,9223372036854775807))
Edge(319437,315810,(3,9223372036854775807))
Edge(320696,184603,(3,9223372036854775807))
Edge(321371,356105,(1,3))
Edge(321618,440258,(3,9223372036854775807))
Edge(321691,414184,(3,9223372036854775807))
Edge(321705,482285,(3,9223372036854775807))
Edge(321982,158406,(3,9223372036854775807))
Edge(322173,341109,(1,9223372036854775807))
Edge(322294,224464,(1,3))
Edge(322480,129176,(3,9223372036854775807))
Edge(322757,242897,(3,9223372036854775807))
Edge(322952,421475,(3,9223372036854775807))
Edge(322983,136744,(3,9223372036854775807))
Edge(323045,386117,(3,9223372036854775807))
Edge(323190,314108,(3,9223372036854775807))
Edge(323217,474873,(1,9223372036854775807))
Edge(323317,490120,(3,9223372036854775807))
Edge(323392,165490,(1,9223372036854775807))
Edge(323517,139961,(3,9223372036854775807))
Edge(323555,55779,(3,9223372036854775807))
Edge(323589,148201,(3,9223372036854775807))
Edge(323634,38134,(3,9223372036854775807))
Edge(324498,367832,(1,3))
Edge(324762,98527,(3,9223372036854775807))
Edge(324960,121625,(3,9223372036854775807))
Edge(325018,312198,(3,9223372036854775807))
Edge(325338,431401,(3,9223372036854775807))
Edge(325341,297237,(3,9223372036854775807))
Edge(325657,179731,(3,9223372036854775807))
Edge(325722,10161,(3,9223372036854775807))
Edge(325740,88498,(3,9223372036854775807))
Edge(325965,104304,(3,9223372036854775807))
Edge(326981,131613,(3,9223372036854775807))
Edge(327013,306463,(3,9223372036854775807))
Edge(327018,392767,(3,9223372036854775807))
Edge(327348,379592,(3,9223372036854775807))
Edge(327641,23404,(3,9223372036854775807))
Edge(327717,359838,(3,9223372036854775807))
Edge(327778,287441,(3,9223372036854775807))
Edge(327899,326172,(3,9223372036854775807))
Edge(328010,191789,(1,3))
Edge(328462,405907,(3,9223372036854775807))
Edge(328631,65184,(1,3))
Edge(329067,147767,(3,9223372036854775807))
Edge(329333,68692,(3,9223372036854775807))
Edge(329550,22263,(1,9223372036854775807))
Edge(329713,265035,(3,9223372036854775807))
Edge(330083,417812,(3,9223372036854775807))
Edge(330149,309370,(3,9223372036854775807))
Edge(330726,277746,(1,9223372036854775807))
Edge(331188,142351,(3,9223372036854775807))
Edge(331781,92011,(3,9223372036854775807))
Edge(331781,174756,(3,9223372036854775807))
Edge(332269,138359,(1,9223372036854775807))
Edge(332363,317982,(3,9223372036854775807))
Edge(332386,101653,(3,9223372036854775807))
Edge(332578,49571,(3,9223372036854775807))
Edge(332739,270098,(3,9223372036854775807))
Edge(332748,200222,(3,9223372036854775807))
Edge(332758,92114,(3,9223372036854775807))
Edge(332963,271930,(3,9223372036854775807))
Edge(336038,346674,(3,9223372036854775807))
Edge(336749,8656,(3,9223372036854775807))
Edge(337316,48412,(3,9223372036854775807))
Edge(337385,250658,(3,9223372036854775807))
Edge(337414,399798,(1,3))
Edge(337426,272455,(3,9223372036854775807))
Edge(337890,41499,(3,9223372036854775807))
Edge(338630,364773,(1,3))
Edge(338851,437660,(3,9223372036854775807))
Edge(338953,154823,(3,9223372036854775807))
Edge(339225,124972,(3,9223372036854775807))
Edge(339684,310871,(1,9223372036854775807))
Edge(339954,308166,(3,9223372036854775807))
Edge(340163,285352,(1,3))
Edge(340393,268460,(1,9223372036854775807))
Edge(340550,319261,(3,9223372036854775807))
Edge(341312,440922,(3,9223372036854775807))
Edge(341693,448717,(3,9223372036854775807))
Edge(341913,465524,(3,9223372036854775807))
Edge(341972,395222,(3,9223372036854775807))
Edge(342309,289876,(3,9223372036854775807))
Edge(342679,484443,(1,3))
Edge(343048,18095,(3,9223372036854775807))
Edge(343508,171603,(1,9223372036854775807))
Edge(343548,255906,(3,9223372036854775807))
Edge(343637,302478,(3,9223372036854775807))
Edge(343989,283796,(3,9223372036854775807))
Edge(344637,416734,(3,9223372036854775807))
Edge(344684,20577,(1,9223372036854775807))
Edge(344713,81988,(3,9223372036854775807))
Edge(344788,139768,(1,9223372036854775807))
Edge(344956,77042,(3,9223372036854775807))
Edge(345059,490640,(3,9223372036854775807))
Edge(345485,245645,(1,9223372036854775807))
Edge(345640,168243,(3,9223372036854775807))
Edge(346473,324396,(3,9223372036854775807))
Edge(346702,178269,(3,9223372036854775807))
Edge(346977,61893,(3,9223372036854775807))
Edge(347495,273552,(1,3))
Edge(348784,170805,(3,9223372036854775807))
Edge(348875,86221,(3,9223372036854775807))
Edge(349087,353755,(3,9223372036854775807))
Edge(349264,484851,(3,9223372036854775807))
Edge(349570,17718,(3,9223372036854775807))
Edge(349762,313623,(1,3))
Edge(349767,396846,(3,9223372036854775807))
Edge(349948,367737,(3,9223372036854775807))
Edge(350359,492732,(3,9223372036854775807))
Edge(350642,191605,(1,3))
Edge(351401,250428,(3,9223372036854775807))
Edge(351656,243353,(3,9223372036854775807))
Edge(352054,115693,(3,9223372036854775807))
Edge(352646,153815,(3,9223372036854775807))
Edge(353031,308111,(3,9223372036854775807))
Edge(353447,436391,(3,9223372036854775807))
Edge(353886,133608,(3,9223372036854775807))
Edge(354455,123151,(3,9223372036854775807))
Edge(354717,287128,(1,3))
Edge(354912,207839,(3,9223372036854775807))
Edge(355914,344608,(3,9223372036854775807))
Edge(355958,36652,(3,9223372036854775807))
Edge(356203,457873,(3,9223372036854775807))
Edge(357096,62884,(3,9223372036854775807))
Edge(357367,139808,(3,9223372036854775807))
Edge(358425,437899,(3,9223372036854775807))
Edge(358518,47709,(3,9223372036854775807))
Edge(358622,287121,(3,9223372036854775807))
Edge(359186,423964,(1,9223372036854775807))
Edge(359207,207268,(3,9223372036854775807))
Edge(359974,120104,(3,9223372036854775807))
Edge(360067,328987,(3,9223372036854775807))
Edge(360298,115093,(1,9223372036854775807))
Edge(360699,65925,(3,9223372036854775807))
Edge(360855,83123,(3,9223372036854775807))
Edge(360927,116665,(3,9223372036854775807))
Edge(360993,158521,(1,9223372036854775807))
Edge(361530,374115,(3,9223372036854775807))
Edge(361771,153486,(3,9223372036854775807))
Edge(362293,419656,(3,9223372036854775807))
Edge(362403,96226,(3,9223372036854775807))
Edge(362650,79176,(3,9223372036854775807))
Edge(362828,52148,(3,9223372036854775807))
Edge(362977,428981,(3,9223372036854775807))
Edge(363026,67925,(1,9223372036854775807))
Edge(363751,394735,(3,9223372036854775807))
Edge(363898,458516,(3,9223372036854775807))
Edge(363918,361811,(3,9223372036854775807))
Edge(364301,491632,(3,9223372036854775807))
Edge(365003,408881,(3,9223372036854775807))
Edge(365628,129537,(3,9223372036854775807))
Edge(365875,169086,(3,9223372036854775807))
Edge(366249,107757,(1,9223372036854775807))
Edge(366410,261654,(3,9223372036854775807))
Edge(366453,52662,(3,9223372036854775807))
Edge(366508,367166,(3,9223372036854775807))
Edge(366761,297435,(3,9223372036854775807))
Edge(367573,397585,(3,9223372036854775807))
Edge(367591,461982,(3,9223372036854775807))
Edge(367850,229595,(1,9223372036854775807))
Edge(368171,63535,(1,9223372036854775807))
Edge(368631,33094,(3,9223372036854775807))
Edge(368666,415450,(3,9223372036854775807))
Edge(369278,277,(3,9223372036854775807))
Edge(370301,205431,(3,9223372036854775807))
Edge(370349,323956,(3,9223372036854775807))
Edge(370726,203409,(3,9223372036854775807))
Edge(370840,459366,(1,9223372036854775807))
Edge(371069,248527,(3,9223372036854775807))
Edge(371146,272546,(1,3))
Edge(371292,136255,(3,9223372036854775807))
Edge(371342,478920,(3,9223372036854775807))
Edge(371357,241582,(1,9223372036854775807))
Edge(371400,347649,(3,9223372036854775807))
Edge(371502,11891,(3,9223372036854775807))
Edge(371594,145187,(3,9223372036854775807))
Edge(372172,81922,(1,9223372036854775807))
Edge(372404,59726,(3,9223372036854775807))
Edge(372668,441341,(3,9223372036854775807))
Edge(372692,302738,(3,9223372036854775807))
Edge(372947,73733,(3,9223372036854775807))
Edge(373162,339264,(3,9223372036854775807))
Edge(373195,389207,(3,9223372036854775807))
Edge(373382,67816,(3,9223372036854775807))
Edge(373577,496585,(3,9223372036854775807))
Edge(374349,419440,(3,9223372036854775807))
Edge(376083,432577,(3,9223372036854775807))
Edge(376449,68270,(3,9223372036854775807))
Edge(376465,63702,(1,9223372036854775807))
Edge(376602,354890,(3,9223372036854775807))
Edge(377179,51977,(3,9223372036854775807))
Edge(377430,25982,(3,9223372036854775807))
Edge(377509,215018,(3,9223372036854775807))
Edge(377600,426628,(3,9223372036854775807))
Edge(377644,283480,(1,9223372036854775807))
Edge(378798,225019,(3,9223372036854775807))
Edge(379483,356891,(3,9223372036854775807))
Edge(379874,465175,(3,9223372036854775807))
Edge(380020,416845,(3,9223372036854775807))
Edge(380175,257626,(1,9223372036854775807))
Edge(380263,241741,(3,9223372036854775807))
Edge(380871,297357,(3,9223372036854775807))
Edge(381318,243865,(1,9223372036854775807))
Edge(381408,313682,(3,9223372036854775807))
Edge(381966,464524,(3,9223372036854775807))
Edge(382391,364631,(3,9223372036854775807))
Edge(382503,408353,(3,9223372036854775807))
Edge(382535,465253,(3,9223372036854775807))
Edge(382698,69291,(3,9223372036854775807))
Edge(382811,113769,(3,9223372036854775807))
Edge(382873,191412,(3,9223372036854775807))
Edge(382936,166028,(3,9223372036854775807))
Edge(383338,255757,(3,9223372036854775807))
Edge(383760,276880,(3,9223372036854775807))
Edge(383992,78649,(3,9223372036854775807))
Edge(384061,137541,(1,9223372036854775807))
Edge(384191,297370,(3,9223372036854775807))
Edge(384216,311523,(3,9223372036854775807))
Edge(384276,100331,(3,9223372036854775807))
Edge(384412,423398,(3,9223372036854775807))
Edge(384511,392649,(3,9223372036854775807))
Edge(384670,212692,(3,9223372036854775807))
Edge(384700,104598,(3,9223372036854775807))
Edge(385148,129712,(1,9223372036854775807))
Edge(385184,385296,(1,9223372036854775807))
Edge(385246,422200,(3,9223372036854775807))
Edge(385736,381919,(3,9223372036854775807))
Edge(385806,271712,(3,9223372036854775807))
Edge(386285,15594,(3,9223372036854775807))
Edge(386854,74550,(3,9223372036854775807))
Edge(387151,187753,(3,9223372036854775807))
Edge(387294,416477,(3,9223372036854775807))
Edge(387347,31616,(1,9223372036854775807))
Edge(387623,23972,(3,9223372036854775807))
Edge(388085,20475,(3,9223372036854775807))
Edge(388321,193935,(3,9223372036854775807))
Edge(388534,235663,(3,9223372036854775807))
Edge(388543,55631,(3,9223372036854775807))
Edge(388791,347611,(1,3))
Edge(388832,199861,(4,9223372036854775807))
Edge(389506,311004,(3,9223372036854775807))
Edge(389585,223607,(3,9223372036854775807))
Edge(389712,467309,(3,9223372036854775807))
Edge(390507,252892,(3,9223372036854775807))
Edge(391059,486307,(1,9223372036854775807))
Edge(391068,280907,(3,9223372036854775807))
Edge(391652,160976,(3,9223372036854775807))
Edge(391664,124799,(1,3))
Edge(391822,217303,(3,9223372036854775807))
Edge(392682,137158,(3,9223372036854775807))
Edge(392684,215938,(3,9223372036854775807))
Edge(393055,85371,(3,9223372036854775807))
Edge(393105,28943,(3,9223372036854775807))
Edge(393324,267626,(3,9223372036854775807))
Edge(393627,52364,(3,9223372036854775807))
Edge(393736,17144,(3,9223372036854775807))
Edge(394360,184595,(3,9223372036854775807))
Edge(394504,113595,(3,9223372036854775807))
Edge(395441,343224,(3,9223372036854775807))
Edge(395845,153026,(3,9223372036854775807))
Edge(395914,375534,(3,9223372036854775807))
Edge(396050,36398,(3,9223372036854775807))
Edge(396526,464591,(1,9223372036854775807))
Edge(396746,477647,(1,3))
Edge(396919,394089,(1,3))
Edge(397059,313985,(3,9223372036854775807))
Edge(397130,264173,(3,9223372036854775807))
Edge(397180,139339,(3,9223372036854775807))
Edge(398233,51243,(3,9223372036854775807))
Edge(398869,243429,(3,9223372036854775807))
Edge(399081,226600,(3,9223372036854775807))
Edge(399760,135379,(3,9223372036854775807))
Edge(399901,264036,(3,9223372036854775807))
Edge(400267,362042,(3,9223372036854775807))
Edge(400407,159150,(3,9223372036854775807))
Edge(401245,70391,(1,9223372036854775807))
Edge(401280,286780,(3,9223372036854775807))
Edge(401358,176002,(1,3))
Edge(401365,274121,(3,9223372036854775807))
Edge(401577,290266,(3,9223372036854775807))
Edge(401605,111662,(3,9223372036854775807))
Edge(402003,226447,(3,9223372036854775807))
Edge(402757,295578,(3,9223372036854775807))
Edge(403177,191526,(3,9223372036854775807))
Edge(403357,356130,(3,9223372036854775807))
Edge(403700,211208,(3,9223372036854775807))
Edge(404112,43624,(1,3))
Edge(404201,97974,(3,9223372036854775807))
Edge(404278,425706,(1,9223372036854775807))
Edge(404326,366575,(3,9223372036854775807))
Edge(404394,414768,(3,9223372036854775807))
Edge(404505,230423,(3,9223372036854775807))
Edge(404556,258718,(1,3))
Edge(405591,219325,(3,9223372036854775807))
Edge(405644,244466,(3,9223372036854775807))
Edge(406157,274149,(3,9223372036854775807))
Edge(406211,484893,(3,9223372036854775807))
Edge(406604,46501,(3,9223372036854775807))
Edge(407102,452499,(3,9223372036854775807))
Edge(407653,338762,(3,9223372036854775807))
Edge(408743,379064,(3,9223372036854775807))
Edge(409066,158918,(3,9223372036854775807))
Edge(409067,394708,(3,9223372036854775807))
Edge(409637,433090,(3,9223372036854775807))
Edge(410223,435544,(3,9223372036854775807))
Edge(410662,310079,(1,9223372036854775807))
Edge(410969,142030,(3,9223372036854775807))
Edge(411059,385620,(3,9223372036854775807))
Edge(411316,185203,(3,9223372036854775807))
Edge(411581,166592,(3,9223372036854775807))
Edge(411668,263390,(1,9223372036854775807))
Edge(412303,348310,(3,9223372036854775807))
Edge(412606,134862,(3,9223372036854775807))
Edge(412737,243619,(3,9223372036854775807))
Edge(413457,400338,(4,9223372036854775807))
Edge(413472,356303,(3,9223372036854775807))
Edge(413567,94302,(3,9223372036854775807))
Edge(413603,350778,(3,9223372036854775807))
Edge(413971,317854,(3,9223372036854775807))
Edge(414111,368077,(3,9223372036854775807))
Edge(414141,141058,(3,9223372036854775807))
Edge(414429,344490,(3,9223372036854775807))
Edge(414653,151744,(3,9223372036854775807))
Edge(415081,210774,(3,9223372036854775807))
Edge(415443,10607,(3,9223372036854775807))
Edge(415650,456109,(3,9223372036854775807))
Edge(416949,45733,(1,9223372036854775807))
Edge(417368,288380,(3,9223372036854775807))
Edge(417834,199054,(3,9223372036854775807))
Edge(417841,274865,(1,9223372036854775807))
Edge(418243,249627,(1,3))
Edge(418475,297411,(3,9223372036854775807))
Edge(418582,324356,(3,9223372036854775807))
Edge(418760,202488,(3,9223372036854775807))
Edge(419998,316894,(3,9223372036854775807))
Edge(420051,309840,(3,9223372036854775807))
Edge(420187,242696,(1,9223372036854775807))
Edge(420604,440291,(3,9223372036854775807))
Edge(420852,460799,(1,9223372036854775807))
Edge(420908,155917,(3,9223372036854775807))
Edge(420956,407828,(3,9223372036854775807))
Edge(420977,45137,(1,9223372036854775807))
Edge(422001,39372,(3,9223372036854775807))
Edge(422320,142563,(1,3))
Edge(423069,407865,(1,9223372036854775807))
Edge(423257,35503,(3,9223372036854775807))
Edge(423739,473146,(3,9223372036854775807))
Edge(424001,285018,(3,9223372036854775807))
Edge(424240,349269,(3,9223372036854775807))
Edge(424278,447924,(3,9223372036854775807))
Edge(424487,449282,(1,3))
Edge(424578,260027,(3,9223372036854775807))
Edge(424807,407260,(3,9223372036854775807))
Edge(425422,327225,(3,9223372036854775807))
Edge(425890,158367,(3,9223372036854775807))
Edge(425906,96445,(3,9223372036854775807))
Edge(426099,60597,(1,9223372036854775807))
Edge(426460,488041,(3,9223372036854775807))
Edge(426529,31254,(3,9223372036854775807))
Edge(427394,262151,(3,9223372036854775807))
Edge(427412,230484,(3,9223372036854775807))
Edge(427749,78245,(3,9223372036854775807))
Edge(428001,492262,(3,9223372036854775807))
Edge(428185,435296,(3,9223372036854775807))
Edge(428194,41269,(1,9223372036854775807))
Edge(428452,185364,(1,9223372036854775807))
Edge(428555,391790,(3,9223372036854775807))
Edge(428655,453402,(3,9223372036854775807))
Edge(429176,451129,(3,9223372036854775807))
Edge(429661,203272,(3,9223372036854775807))
Edge(429725,409452,(3,9223372036854775807))
Edge(430029,184137,(3,9223372036854775807))
Edge(430328,117460,(3,9223372036854775807))
Edge(430559,82593,(1,9223372036854775807))
Edge(430563,478347,(3,9223372036854775807))
Edge(430692,359871,(3,9223372036854775807))
Edge(431555,459390,(3,9223372036854775807))
Edge(431863,395566,(3,9223372036854775807))
Edge(432947,371075,(3,9223372036854775807))
Edge(432970,250927,(3,9223372036854775807))
Edge(432983,241841,(3,9223372036854775807))
Edge(434415,374262,(3,9223372036854775807))
Edge(434643,357108,(3,9223372036854775807))
Edge(434863,44081,(3,9223372036854775807))
Edge(436117,444134,(1,9223372036854775807))
Edge(436437,306283,(3,9223372036854775807))
Edge(436945,20198,(3,9223372036854775807))
Edge(437200,121550,(3,9223372036854775807))
Edge(437385,366432,(3,9223372036854775807))
Edge(437649,388834,(3,9223372036854775807))
Edge(438030,385200,(3,9223372036854775807))
Edge(438600,175878,(3,9223372036854775807))
Edge(438663,292128,(3,9223372036854775807))
Edge(438786,155664,(3,9223372036854775807))
Edge(438912,114484,(1,9223372036854775807))
Edge(439440,441276,(3,9223372036854775807))
Edge(439540,230628,(1,3))
Edge(439608,63814,(3,9223372036854775807))
Edge(439640,492036,(3,9223372036854775807))
Edge(439773,56982,(3,9223372036854775807))
Edge(440011,170693,(3,9223372036854775807))
Edge(440314,336876,(3,9223372036854775807))
Edge(440563,307386,(3,9223372036854775807))
Edge(440587,46895,(3,9223372036854775807))
Edge(440727,350939,(3,9223372036854775807))
Edge(441111,160885,(3,9223372036854775807))
Edge(441114,37803,(3,9223372036854775807))
Edge(441408,451685,(3,9223372036854775807))
Edge(441792,256459,(3,9223372036854775807))
Edge(441848,87884,(3,9223372036854775807))
Edge(442031,411155,(3,9223372036854775807))
Edge(442238,499481,(3,9223372036854775807))
Edge(442322,195959,(3,9223372036854775807))
Edge(442350,383567,(3,9223372036854775807))
Edge(442527,483087,(1,9223372036854775807))
Edge(444129,69517,(1,9223372036854775807))
Edge(444205,470944,(3,9223372036854775807))
Edge(444739,48636,(3,9223372036854775807))
Edge(444795,54108,(1,9223372036854775807))
Edge(445322,102360,(3,9223372036854775807))
Edge(445659,204949,(3,9223372036854775807))
Edge(445765,17449,(3,9223372036854775807))
Edge(445970,278076,(3,9223372036854775807))
Edge(446157,179026,(3,9223372036854775807))
Edge(446512,482813,(3,9223372036854775807))
Edge(447627,328937,(3,9223372036854775807))
Edge(447677,195948,(3,9223372036854775807))
Edge(448215,382642,(1,9223372036854775807))
Edge(448290,81135,(3,9223372036854775807))
Edge(448403,475609,(3,9223372036854775807))
Edge(448654,262453,(1,9223372036854775807))
Edge(448673,299084,(1,9223372036854775807))
Edge(449164,468350,(3,9223372036854775807))
Edge(449549,239943,(1,3))
Edge(449933,333420,(3,9223372036854775807))
Edge(450166,445939,(3,9223372036854775807))
Edge(450340,311704,(3,9223372036854775807))
Edge(450650,280747,(3,9223372036854775807))
Edge(450783,220423,(3,9223372036854775807))
Edge(450802,446780,(3,9223372036854775807))
Edge(451013,85721,(3,9223372036854775807))
Edge(451050,331668,(3,9223372036854775807))
Edge(451200,226291,(3,9223372036854775807))
Edge(451339,455133,(3,9223372036854775807))
Edge(451459,352887,(3,9223372036854775807))
Edge(451675,193054,(1,9223372036854775807))
Edge(452602,9260,(3,9223372036854775807))
Edge(452993,405028,(3,9223372036854775807))
Edge(453045,14018,(3,9223372036854775807))
Edge(453540,290829,(3,9223372036854775807))
Edge(454026,307172,(3,9223372036854775807))
Edge(454421,59857,(3,9223372036854775807))
Edge(454450,72928,(3,9223372036854775807))
Edge(454546,479206,(3,9223372036854775807))
Edge(454829,117252,(3,9223372036854775807))
Edge(455110,157824,(3,9223372036854775807))
Edge(455165,34162,(3,9223372036854775807))
Edge(455406,90116,(3,9223372036854775807))
Edge(455642,213725,(3,9223372036854775807))
Edge(455855,459218,(3,9223372036854775807))
Edge(456183,35308,(3,9223372036854775807))
Edge(456266,159710,(3,9223372036854775807))
Edge(456567,152677,(1,9223372036854775807))
Edge(456570,168249,(3,9223372036854775807))
Edge(457113,420197,(3,9223372036854775807))
Edge(457243,11063,(3,9223372036854775807))
Edge(457577,430992,(1,9223372036854775807))
Edge(457726,69648,(3,9223372036854775807))
Edge(457867,390927,(3,9223372036854775807))
Edge(458172,150991,(3,9223372036854775807))
Edge(459183,479982,(3,9223372036854775807))
Edge(459210,241401,(3,9223372036854775807))
Edge(459642,242496,(3,9223372036854775807))
Edge(459816,300911,(3,9223372036854775807))
Edge(459978,493917,(3,9223372036854775807))
Edge(460022,483671,(3,9223372036854775807))
Edge(460245,393495,(1,3))
Edge(460318,425679,(3,9223372036854775807))
Edge(460413,454752,(3,9223372036854775807))
Edge(460596,111703,(1,3))
Edge(460616,407742,(1,3))
Edge(460687,368331,(3,9223372036854775807))
Edge(460898,44164,(3,9223372036854775807))
Edge(461547,185308,(3,9223372036854775807))
Edge(461569,138833,(4,9223372036854775807))
Edge(461587,262756,(3,9223372036854775807))
Edge(461770,200687,(3,9223372036854775807))
Edge(461802,202655,(3,9223372036854775807))
Edge(462015,301878,(3,9223372036854775807))
Edge(462275,314795,(3,9223372036854775807))
Edge(462809,167286,(3,9223372036854775807))
Edge(463310,53369,(3,9223372036854775807))
Edge(463412,407048,(3,9223372036854775807))
Edge(463467,440515,(3,9223372036854775807))
Edge(463908,206406,(3,9223372036854775807))
Edge(463945,454170,(3,9223372036854775807))
Edge(464222,379107,(1,9223372036854775807))
Edge(464260,15015,(3,9223372036854775807))
Edge(464544,101923,(3,9223372036854775807))
Edge(465108,257047,(3,9223372036854775807))
Edge(465111,255032,(3,9223372036854775807))
Edge(465350,281544,(3,9223372036854775807))
Edge(465408,460330,(3,9223372036854775807))
Edge(465518,406214,(3,9223372036854775807))
Edge(466359,180101,(3,9223372036854775807))
Edge(466443,1398,(3,9223372036854775807))
Edge(466949,350965,(3,9223372036854775807))
Edge(467162,272026,(3,9223372036854775807))
Edge(467325,284103,(1,9223372036854775807))
Edge(467388,449305,(3,9223372036854775807))
Edge(467767,62316,(3,9223372036854775807))
Edge(467979,436109,(3,9223372036854775807))
Edge(468036,292497,(3,9223372036854775807))
Edge(468247,261437,(1,9223372036854775807))
Edge(468261,339534,(1,3))
Edge(468447,255134,(3,9223372036854775807))
Edge(468878,79640,(3,9223372036854775807))
Edge(469313,290086,(3,9223372036854775807))
Edge(469509,293345,(1,9223372036854775807))
Edge(469510,359536,(3,9223372036854775807))
Edge(469550,112751,(3,9223372036854775807))
Edge(469553,139548,(3,9223372036854775807))
Edge(470847,414481,(1,9223372036854775807))
Edge(470864,332505,(3,9223372036854775807))
Edge(471065,300044,(1,9223372036854775807))
Edge(471150,55384,(1,9223372036854775807))
Edge(471894,234438,(3,9223372036854775807))
Edge(471966,132783,(3,9223372036854775807))
Edge(472322,401510,(3,9223372036854775807))
Edge(472393,390665,(3,9223372036854775807))
Edge(472686,440379,(3,9223372036854775807))
Edge(472778,268693,(3,9223372036854775807))
Edge(472810,376453,(3,9223372036854775807))
Edge(473088,382551,(3,9223372036854775807))
Edge(473246,107803,(3,9223372036854775807))
Edge(473847,12210,(3,9223372036854775807))
Edge(474021,15131,(3,9223372036854775807))
Edge(474756,193775,(3,9223372036854775807))
Edge(474906,432356,(3,9223372036854775807))
Edge(475019,292530,(3,9223372036854775807))
Edge(475181,256510,(3,9223372036854775807))
Edge(475185,303820,(3,9223372036854775807))
Edge(475250,356536,(3,9223372036854775807))
Edge(475663,159467,(1,3))
Edge(475813,219604,(3,9223372036854775807))
Edge(476041,292877,(3,9223372036854775807))
Edge(477678,250964,(3,9223372036854775807))
Edge(477678,309713,(1,9223372036854775807))
Edge(477795,150462,(3,9223372036854775807))
Edge(478062,127848,(3,9223372036854775807))
Edge(478261,27520,(3,9223372036854775807))
Edge(478717,213023,(3,9223372036854775807))
Edge(478928,60499,(1,3))
Edge(478996,249258,(3,9223372036854775807))
Edge(479274,376475,(3,9223372036854775807))
Edge(479628,124661,(3,9223372036854775807))
Edge(479641,414581,(1,9223372036854775807))
Edge(479694,186140,(3,9223372036854775807))
Edge(479844,214066,(1,9223372036854775807))
Edge(480026,275551,(3,9223372036854775807))
Edge(480078,443573,(3,9223372036854775807))
Edge(480129,472451,(1,9223372036854775807))
Edge(480455,447591,(3,9223372036854775807))
Edge(480720,219397,(3,9223372036854775807))
Edge(482248,140931,(3,9223372036854775807))
Edge(482769,465704,(3,9223372036854775807))
Edge(482981,371748,(1,3))
Edge(483114,491911,(3,9223372036854775807))
Edge(483139,406110,(3,9223372036854775807))
Edge(483181,299537,(3,9223372036854775807))
Edge(483424,443292,(3,9223372036854775807))
Edge(483547,387789,(1,3))
Edge(483759,315351,(3,9223372036854775807))
Edge(483851,461181,(3,9223372036854775807))
Edge(484099,476781,(3,9223372036854775807))
Edge(484155,128067,(3,9223372036854775807))
Edge(484160,126919,(3,9223372036854775807))
Edge(484289,405768,(1,3))
Edge(484673,19360,(3,9223372036854775807))
Edge(484760,355662,(3,9223372036854775807))
Edge(485177,303904,(3,9223372036854775807))
Edge(485293,345491,(3,9223372036854775807))
Edge(485564,154168,(1,9223372036854775807))
Edge(485590,447741,(1,3))
Edge(485928,480982,(3,9223372036854775807))
Edge(486006,472014,(3,9223372036854775807))
Edge(486189,277954,(3,9223372036854775807))
Edge(487100,411399,(3,9223372036854775807))
Edge(487385,60087,(3,9223372036854775807))
Edge(487552,105146,(3,9223372036854775807))
Edge(487877,210684,(3,9223372036854775807))
Edge(488122,436420,(3,9223372036854775807))
Edge(488165,426364,(3,9223372036854775807))
Edge(488644,97895,(3,9223372036854775807))
Edge(489223,86503,(1,9223372036854775807))
Edge(489751,232579,(3,9223372036854775807))
Edge(489842,107334,(3,9223372036854775807))
Edge(490154,198162,(3,9223372036854775807))
Edge(490282,375286,(3,9223372036854775807))
Edge(491132,138377,(3,9223372036854775807))
Edge(491393,29086,(3,9223372036854775807))
Edge(491399,130524,(1,9223372036854775807))
Edge(491458,53291,(3,9223372036854775807))
Edge(491527,395344,(3,9223372036854775807))
Edge(491543,199443,(3,9223372036854775807))
Edge(491748,223687,(3,9223372036854775807))
Edge(492164,10619,(3,9223372036854775807))
Edge(492224,365678,(3,9223372036854775807))
Edge(492249,39386,(3,9223372036854775807))
Edge(492254,383899,(1,3))
Edge(492347,87345,(1,9223372036854775807))
Edge(492607,343771,(3,9223372036854775807))
Edge(493386,36759,(3,9223372036854775807))
Edge(493404,332377,(3,9223372036854775807))
Edge(493635,363432,(3,9223372036854775807))
Edge(493992,61120,(3,9223372036854775807))
Edge(494016,188674,(3,9223372036854775807))
Edge(494337,169973,(4,9223372036854775807))
Edge(494451,219850,(1,3))
Edge(494597,270945,(1,9223372036854775807))
Edge(494644,200345,(3,9223372036854775807))
Edge(494851,38759,(3,9223372036854775807))
Edge(495025,400745,(3,9223372036854775807))
Edge(495318,51067,(4,9223372036854775807))
Edge(495457,124169,(3,9223372036854775807))
Edge(495789,400169,(3,9223372036854775807))
Edge(495858,377245,(1,3))
Edge(495881,158034,(1,3))
Edge(496049,193435,(3,9223372036854775807))
Edge(496226,393037,(1,9223372036854775807))
Edge(496608,172043,(3,9223372036854775807))
Edge(496623,79199,(3,9223372036854775807))
Edge(496675,1493,(1,9223372036854775807))
Edge(497066,166517,(3,9223372036854775807))
Edge(497151,225534,(3,9223372036854775807))
Edge(497433,321048,(3,9223372036854775807))
Edge(497721,8196,(3,9223372036854775807))
Edge(497771,296142,(3,9223372036854775807))
Edge(497904,256416,(3,9223372036854775807))
Edge(497984,189884,(3,9223372036854775807))
Edge(498018,439319,(3,9223372036854775807))
Edge(498090,150399,(3,9223372036854775807))
Edge(498107,117073,(3,9223372036854775807))
Edge(498143,420998,(3,9223372036854775807))
Edge(499066,15927,(3,9223372036854775807))
Edge(499078,185606,(3,9223372036854775807))
Edge(499284,87137,(3,9223372036854775807))
Edge(499310,139465,(3,9223372036854775807))
Edge(499703,400303,(1,9223372036854775807))
