Edge(450,119425,(3,9223372036854775807))
Edge(805,154093,(3,9223372036854775807))
Edge(845,397084,(3,9223372036854775807))
Edge(1150,47537,(1,9223372036854775807))
Edge(1359,228316,(3,9223372036854775807))
Edge(1513,47922,(3,9223372036854775807))
Edge(1515,299721,(3,9223372036854775807))
Edge(2032,101815,(1,3))
Edge(2111,388758,(3,9223372036854775807))
Edge(2622,221957,(3,9223372036854775807))
Edge(2728,253881,(3,9223372036854775807))
Edge(2745,433342,(3,9223372036854775807))
Edge(3000,86097,(3,9223372036854775807))
Edge(3036,239810,(3,9223372036854775807))
Edge(3973,239422,(1,9223372036854775807))
Edge(4027,414209,(3,9223372036854775807))
Edge(4123,392197,(3,9223372036854775807))
Edge(4323,58896,(1,9223372036854775807))
Edge(5000,492467,(3,9223372036854775807))
Edge(5545,245821,(3,9223372036854775807))
Edge(5640,249848,(3,9223372036854775807))
Edge(5712,203542,(3,9223372036854775807))
Edge(5960,71338,(1,9223372036854775807))
Edge(6129,311754,(3,9223372036854775807))
Edge(6313,372032,(3,9223372036854775807))
Edge(7536,262739,(3,9223372036854775807))
Edge(7630,113688,(3,9223372036854775807))
Edge(7704,197505,(3,9223372036854775807))
Edge(8696,416126,(3,9223372036854775807))
Edge(8781,360322,(1,9223372036854775807))
Edge(9490,306308,(3,9223372036854775807))
Edge(10165,125309,(3,9223372036854775807))
Edge(10769,471816,(3,9223372036854775807))
Edge(11291,133288,(1,9223372036854775807))
Edge(11509,171691,(3,9223372036854775807))
Edge(11635,16547,(3,9223372036854775807))
Edge(12469,379235,(3,9223372036854775807))
Edge(12471,382617,(3,9223372036854775807))
Edge(12822,87772,(3,9223372036854775807))
Edge(13151,420067,(3,9223372036854775807))
Edge(13235,21899,(3,9223372036854775807))
Edge(13320,277183,(1,9223372036854775807))
Edge(13357,370425,(3,9223372036854775807))
Edge(14109,431528,(3,9223372036854775807))
Edge(14116,32444,(3,9223372036854775807))
Edge(14192,202288,(3,9223372036854775807))
Edge(14268,121476,(3,9223372036854775807))
Edge(14553,214273,(3,9223372036854775807))
Edge(14569,381538,(3,9223372036854775807))
Edge(14889,489694,(1,9223372036854775807))
Edge(15612,70109,(3,9223372036854775807))
Edge(15719,34227,(3,9223372036854775807))
Edge(15935,30542,(3,9223372036854775807))
Edge(16333,29161,(3,9223372036854775807))
Edge(17703,409977,(3,9223372036854775807))
Edge(17779,378265,(3,9223372036854775807))
Edge(18166,113215,(3,9223372036854775807))
Edge(18407,142345,(3,9223372036854775807))
Edge(18447,382353,(1,3))
Edge(18591,65714,(3,9223372036854775807))
Edge(18885,177328,(1,9223372036854775807))
Edge(19666,261167,(3,9223372036854775807))
Edge(19860,82469,(3,9223372036854775807))
Edge(20597,356205,(3,9223372036854775807))
Edge(20719,201727,(3,9223372036854775807))
Edge(20838,357296,(1,9223372036854775807))
Edge(21124,411937,(3,9223372036854775807))
Edge(21285,170303,(1,9223372036854775807))
Edge(21609,425384,(3,9223372036854775807))
Edge(21645,363810,(3,9223372036854775807))
Edge(21754,116389,(3,9223372036854775807))
Edge(21953,387304,(3,9223372036854775807))
Edge(22006,125838,(3,9223372036854775807))
Edge(22187,369402,(1,9223372036854775807))
Edge(22220,330101,(3,9223372036854775807))
Edge(22378,377949,(1,9223372036854775807))
Edge(22653,240213,(3,9223372036854775807))
Edge(22677,494989,(3,9223372036854775807))
Edge(22979,232538,(1,3))
Edge(23312,125697,(1,3))
Edge(23565,119357,(3,9223372036854775807))
Edge(23653,230273,(1,3))
Edge(23940,159152,(1,9223372036854775807))
Edge(24106,395838,(3,9223372036854775807))
Edge(24182,132275,(3,9223372036854775807))
Edge(24454,363010,(3,9223372036854775807))
Edge(24566,323944,(3,9223372036854775807))
Edge(24807,198474,(3,9223372036854775807))
Edge(24909,409066,(4,9223372036854775807))
Edge(25262,342910,(3,9223372036854775807))
Edge(25627,373701,(3,9223372036854775807))
Edge(25805,61656,(1,9223372036854775807))
Edge(25858,414183,(3,9223372036854775807))
Edge(26031,93574,(3,9223372036854775807))
Edge(26435,353761,(3,9223372036854775807))
Edge(26658,401906,(3,9223372036854775807))
Edge(26950,183968,(3,9223372036854775807))
Edge(27053,203524,(3,9223372036854775807))
Edge(27150,480283,(3,9223372036854775807))
Edge(27222,35249,(1,9223372036854775807))
Edge(27371,328570,(3,9223372036854775807))
Edge(27638,315946,(3,9223372036854775807))
Edge(28276,236753,(3,9223372036854775807))
Edge(28545,44794,(3,9223372036854775807))
Edge(28825,377304,(3,9223372036854775807))
Edge(29236,369761,(1,9223372036854775807))
Edge(29238,377761,(3,9223372036854775807))
Edge(29790,101888,(1,9223372036854775807))
Edge(30385,405647,(3,9223372036854775807))
Edge(30789,107110,(1,9223372036854775807))
Edge(31132,207584,(3,9223372036854775807))
Edge(31192,495115,(3,9223372036854775807))
Edge(31507,15067,(3,9223372036854775807))
Edge(31589,67207,(1,9223372036854775807))
Edge(32112,127251,(3,9223372036854775807))
Edge(32306,386536,(1,3))
Edge(32495,10653,(3,9223372036854775807))
Edge(32526,151275,(3,9223372036854775807))
Edge(32733,194177,(3,9223372036854775807))
Edge(33400,469299,(3,9223372036854775807))
Edge(33786,195718,(3,9223372036854775807))
Edge(34282,317869,(3,9223372036854775807))
Edge(34510,309666,(3,9223372036854775807))
Edge(35490,441366,(3,9223372036854775807))
Edge(36202,418208,(3,9223372036854775807))
Edge(36335,189123,(1,9223372036854775807))
Edge(36803,117617,(3,9223372036854775807))
Edge(37273,268184,(3,9223372036854775807))
Edge(37339,257317,(3,9223372036854775807))
Edge(37350,463372,(3,9223372036854775807))
Edge(37375,341145,(3,9223372036854775807))
Edge(37717,169444,(3,9223372036854775807))
Edge(38379,279090,(3,9223372036854775807))
Edge(38480,283099,(3,9223372036854775807))
Edge(38496,206951,(3,9223372036854775807))
Edge(38836,190945,(3,9223372036854775807))
Edge(38896,407744,(3,9223372036854775807))
Edge(38919,77158,(3,9223372036854775807))
Edge(39161,485938,(3,9223372036854775807))
Edge(39174,71434,(3,9223372036854775807))
Edge(39359,231011,(1,9223372036854775807))
Edge(39467,175455,(1,3))
Edge(39505,57809,(1,9223372036854775807))
Edge(39525,467321,(3,9223372036854775807))
Edge(39862,418779,(3,9223372036854775807))
Edge(39972,2166,(3,9223372036854775807))
Edge(40262,79915,(3,9223372036854775807))
Edge(40432,254036,(1,9223372036854775807))
Edge(40883,11681,(1,2))
Edge(40914,243249,(3,9223372036854775807))
Edge(41281,329384,(3,9223372036854775807))
Edge(41352,15340,(3,9223372036854775807))
Edge(41428,452568,(3,9223372036854775807))
Edge(41725,374571,(3,9223372036854775807))
Edge(42155,412276,(3,9223372036854775807))
Edge(42207,7623,(3,9223372036854775807))
Edge(42255,75879,(3,9223372036854775807))
Edge(42365,287889,(3,9223372036854775807))
Edge(42738,198641,(1,9223372036854775807))
Edge(42837,206638,(1,9223372036854775807))
Edge(42966,142074,(3,9223372036854775807))
Edge(43761,218068,(1,9223372036854775807))
Edge(43957,109125,(3,9223372036854775807))
Edge(44003,364592,(3,9223372036854775807))
Edge(44538,474202,(3,9223372036854775807))
Edge(45044,364388,(3,9223372036854775807))
Edge(45266,202040,(3,9223372036854775807))
Edge(45293,70509,(3,9223372036854775807))
Edge(45530,418468,(3,9223372036854775807))
Edge(45750,300635,(3,9223372036854775807))
Edge(45875,251,(3,9223372036854775807))
Edge(45882,399223,(3,9223372036854775807))
Edge(47096,294028,(4,9223372036854775807))
Edge(47150,231621,(3,9223372036854775807))
Edge(47152,114591,(3,9223372036854775807))
Edge(47276,30785,(3,9223372036854775807))
Edge(47380,341506,(3,9223372036854775807))
Edge(47636,297901,(3,9223372036854775807))
Edge(47740,5882,(1,3))
Edge(48392,460716,(3,9223372036854775807))
Edge(48405,295427,(1,3))
Edge(48476,451583,(3,9223372036854775807))
Edge(48555,167289,(3,9223372036854775807))
Edge(48680,315921,(3,9223372036854775807))
Edge(48849,459017,(3,9223372036854775807))
Edge(49360,217862,(3,9223372036854775807))
Edge(49386,419601,(3,9223372036854775807))
Edge(50079,80793,(3,9223372036854775807))
Edge(50190,61071,(3,9223372036854775807))
Edge(50256,331685,(1,3))
Edge(50864,446674,(3,9223372036854775807))
Edge(51015,129204,(1,9223372036854775807))
Edge(51181,408727,(3,9223372036854775807))
Edge(51187,209444,(3,9223372036854775807))
Edge(51300,268339,(3,9223372036854775807))
Edge(51719,452230,(3,9223372036854775807))
Edge(51969,267096,(3,9223372036854775807))
Edge(51984,277479,(3,9223372036854775807))
Edge(52108,361878,(3,9223372036854775807))
Edge(52812,196414,(1,9223372036854775807))
Edge(53083,93873,(3,9223372036854775807))
Edge(53247,223294,(3,9223372036854775807))
Edge(53826,71989,(3,9223372036854775807))
Edge(54730,24311,(3,9223372036854775807))
Edge(55121,324336,(3,9223372036854775807))
Edge(55211,325422,(3,9223372036854775807))
Edge(55224,68043,(1,9223372036854775807))
Edge(55507,132443,(3,9223372036854775807))
Edge(55515,263660,(3,9223372036854775807))
Edge(55743,87829,(3,9223372036854775807))
Edge(56349,494940,(3,9223372036854775807))
Edge(56353,277530,(3,9223372036854775807))
Edge(56385,49334,(3,9223372036854775807))
Edge(56714,351525,(3,9223372036854775807))
Edge(57005,488977,(3,9223372036854775807))
Edge(57345,230389,(3,9223372036854775807))
Edge(57729,347951,(3,9223372036854775807))
Edge(57798,178715,(1,3))
Edge(57824,2329,(3,9223372036854775807))
Edge(58783,119487,(3,9223372036854775807))
Edge(58987,221302,(3,9223372036854775807))
Edge(59610,413806,(3,9223372036854775807))
Edge(60185,263560,(3,9223372036854775807))
Edge(60536,447737,(3,9223372036854775807))
Edge(60539,479101,(3,9223372036854775807))
Edge(60863,34757,(3,9223372036854775807))
Edge(61128,143073,(3,9223372036854775807))
Edge(61352,33516,(3,9223372036854775807))
Edge(61568,17650,(1,9223372036854775807))
Edge(61937,264609,(3,9223372036854775807))
Edge(62659,69113,(3,9223372036854775807))
Edge(62842,378906,(3,9223372036854775807))
Edge(63703,447053,(1,3))
Edge(63931,433533,(3,9223372036854775807))
Edge(64344,123673,(1,9223372036854775807))
Edge(65161,456637,(3,9223372036854775807))
Edge(65205,308173,(1,9223372036854775807))
Edge(65886,13606,(3,9223372036854775807))
Edge(66342,145714,(1,9223372036854775807))
Edge(66680,353926,(3,9223372036854775807))
Edge(66698,196151,(1,9223372036854775807))
Edge(67283,37563,(3,9223372036854775807))
Edge(67527,399637,(3,9223372036854775807))
Edge(67631,207571,(3,9223372036854775807))
Edge(67699,364343,(1,9223372036854775807))
Edge(68491,188628,(3,9223372036854775807))
Edge(68870,21941,(3,9223372036854775807))
Edge(69005,77997,(3,9223372036854775807))
Edge(69215,164417,(3,9223372036854775807))
Edge(70494,388671,(3,9223372036854775807))
Edge(70576,134614,(3,9223372036854775807))
Edge(70688,307150,(3,9223372036854775807))
Edge(70726,277319,(1,9223372036854775807))
Edge(70789,256204,(1,3))
Edge(70820,24479,(3,9223372036854775807))
Edge(71067,371432,(3,9223372036854775807))
Edge(71249,129857,(3,9223372036854775807))
Edge(71301,361132,(3,9223372036854775807))
Edge(71418,451172,(3,9223372036854775807))
Edge(71583,464444,(3,9223372036854775807))
Edge(71613,199754,(3,9223372036854775807))
Edge(71709,190223,(3,9223372036854775807))
Edge(71807,147094,(3,9223372036854775807))
Edge(72275,136990,(1,9223372036854775807))
Edge(72338,10200,(1,9223372036854775807))
Edge(72690,371377,(1,9223372036854775807))
Edge(73678,87688,(3,9223372036854775807))
Edge(73787,302382,(3,9223372036854775807))
Edge(73893,454607,(1,3))
Edge(74185,411752,(1,9223372036854775807))
Edge(74467,268506,(3,9223372036854775807))
Edge(74734,387005,(1,9223372036854775807))
Edge(74960,1596,(3,9223372036854775807))
Edge(74975,3758,(3,9223372036854775807))
Edge(75048,195803,(3,9223372036854775807))
Edge(75494,251222,(3,9223372036854775807))
Edge(75880,172532,(3,9223372036854775807))
Edge(76130,6176,(3,9223372036854775807))
Edge(76168,416969,(1,9223372036854775807))
Edge(76477,70311,(1,9223372036854775807))
Edge(76628,89244,(3,9223372036854775807))
Edge(76630,171760,(3,9223372036854775807))
Edge(78661,282369,(3,9223372036854775807))
Edge(78705,37238,(3,9223372036854775807))
Edge(78936,47942,(1,9223372036854775807))
Edge(79172,377778,(3,9223372036854775807))
Edge(79273,64242,(3,9223372036854775807))
Edge(79295,414117,(3,9223372036854775807))
Edge(79764,433743,(3,9223372036854775807))
Edge(79814,202789,(1,9223372036854775807))
Edge(80416,441501,(3,9223372036854775807))
Edge(80638,234803,(3,9223372036854775807))
Edge(81644,174466,(3,9223372036854775807))
Edge(81980,215711,(1,9223372036854775807))
Edge(82047,133223,(3,9223372036854775807))
Edge(82459,331578,(1,9223372036854775807))
Edge(82728,361144,(3,9223372036854775807))
Edge(83071,9647,(3,9223372036854775807))
Edge(83399,445539,(3,9223372036854775807))
Edge(83613,246843,(1,3))
Edge(83630,372561,(3,9223372036854775807))
Edge(84092,319486,(3,9223372036854775807))
Edge(84332,357078,(3,9223372036854775807))
Edge(84883,150321,(3,9223372036854775807))
Edge(85594,174775,(1,9223372036854775807))
Edge(85664,435165,(3,9223372036854775807))
Edge(85784,409563,(3,9223372036854775807))
Edge(86178,251987,(3,9223372036854775807))
Edge(86431,144796,(3,9223372036854775807))
Edge(86652,392026,(1,9223372036854775807))
Edge(86724,270818,(1,9223372036854775807))
Edge(86786,246063,(3,9223372036854775807))
Edge(86835,491990,(1,9223372036854775807))
Edge(87178,466891,(3,9223372036854775807))
Edge(87387,160292,(3,9223372036854775807))
Edge(87719,267491,(3,9223372036854775807))
Edge(88855,370107,(3,9223372036854775807))
Edge(88907,294118,(1,9223372036854775807))
Edge(89248,366390,(3,9223372036854775807))
Edge(89968,161768,(1,3))
Edge(90523,163062,(3,9223372036854775807))
Edge(90820,438708,(1,9223372036854775807))
Edge(91062,21175,(3,9223372036854775807))
Edge(91198,211459,(3,9223372036854775807))
Edge(91230,393874,(3,9223372036854775807))
Edge(91277,442522,(1,3))
Edge(91456,357779,(3,9223372036854775807))
Edge(91659,434359,(3,9223372036854775807))
Edge(91672,196475,(1,9223372036854775807))
Edge(92578,334560,(3,9223372036854775807))
Edge(94840,200274,(3,9223372036854775807))
Edge(95047,254296,(1,3))
Edge(95107,244712,(1,9223372036854775807))
Edge(95148,495518,(3,9223372036854775807))
Edge(95225,489219,(3,9223372036854775807))
Edge(95227,204359,(3,9223372036854775807))
Edge(95415,142845,(3,9223372036854775807))
Edge(95441,267974,(3,9223372036854775807))
Edge(95465,65901,(1,9223372036854775807))
Edge(96020,42715,(1,9223372036854775807))
Edge(96053,213372,(3,9223372036854775807))
Edge(96115,19850,(3,9223372036854775807))
Edge(96160,351759,(3,9223372036854775807))
Edge(96288,206301,(1,9223372036854775807))
Edge(96307,286392,(1,9223372036854775807))
Edge(96380,484096,(3,9223372036854775807))
Edge(96637,359051,(1,3))
Edge(96847,474247,(3,9223372036854775807))
Edge(97038,235078,(1,9223372036854775807))
Edge(97204,129870,(3,9223372036854775807))
Edge(97586,411110,(3,9223372036854775807))
Edge(97608,495246,(3,9223372036854775807))
Edge(97615,368788,(3,9223372036854775807))
Edge(97885,291049,(3,9223372036854775807))
Edge(98348,189753,(1,9223372036854775807))
Edge(99129,108400,(3,9223372036854775807))
Edge(99192,164184,(3,9223372036854775807))
Edge(99512,272909,(3,9223372036854775807))
Edge(99516,362395,(3,9223372036854775807))
Edge(99727,155504,(3,9223372036854775807))
Edge(100053,336097,(1,3))
Edge(100153,271887,(1,9223372036854775807))
Edge(100339,77540,(3,9223372036854775807))
Edge(100807,277715,(1,9223372036854775807))
Edge(100836,209687,(3,9223372036854775807))
Edge(101036,226275,(3,9223372036854775807))
Edge(101116,129833,(3,9223372036854775807))
Edge(101194,174587,(3,9223372036854775807))
Edge(101548,242134,(3,9223372036854775807))
Edge(101702,295630,(3,9223372036854775807))
Edge(101944,401258,(3,9223372036854775807))
Edge(102189,247428,(3,9223372036854775807))
Edge(102344,437968,(3,9223372036854775807))
Edge(102524,1559,(3,9223372036854775807))
Edge(103680,493531,(3,9223372036854775807))
Edge(103982,118587,(3,9223372036854775807))
Edge(104590,211679,(1,9223372036854775807))
Edge(104930,260820,(1,9223372036854775807))
Edge(105127,19719,(3,9223372036854775807))
Edge(105642,178008,(3,9223372036854775807))
Edge(105760,475289,(3,9223372036854775807))
Edge(105773,335337,(1,9223372036854775807))
Edge(105788,64270,(3,9223372036854775807))
Edge(105863,384585,(3,9223372036854775807))
Edge(106262,42294,(3,9223372036854775807))
Edge(107256,176663,(3,9223372036854775807))
Edge(107441,73450,(3,9223372036854775807))
Edge(107691,476859,(3,9223372036854775807))
Edge(107711,397258,(3,9223372036854775807))
Edge(107744,40539,(3,9223372036854775807))
Edge(107895,16087,(3,9223372036854775807))
Edge(107986,90349,(3,9223372036854775807))
Edge(108118,20988,(3,9223372036854775807))
Edge(108623,54425,(3,9223372036854775807))
Edge(108679,382905,(3,9223372036854775807))
Edge(108935,388576,(3,9223372036854775807))
Edge(109087,461387,(3,9223372036854775807))
Edge(109712,70277,(3,9223372036854775807))
Edge(109845,351767,(1,3))
Edge(109893,222772,(1,9223372036854775807))
Edge(110017,181590,(1,9223372036854775807))
Edge(110516,128094,(3,9223372036854775807))
Edge(110902,339168,(1,9223372036854775807))
Edge(110940,90851,(1,3))
Edge(111006,304284,(3,9223372036854775807))
Edge(111526,431194,(3,9223372036854775807))
Edge(111642,247183,(3,9223372036854775807))
Edge(111667,421133,(1,9223372036854775807))
Edge(111909,162041,(3,9223372036854775807))
Edge(112188,260101,(3,9223372036854775807))
Edge(112389,188552,(3,9223372036854775807))
Edge(112587,226470,(1,9223372036854775807))
Edge(113059,226972,(3,9223372036854775807))
Edge(113292,263895,(1,9223372036854775807))
Edge(113357,337052,(3,9223372036854775807))
Edge(113728,175569,(3,9223372036854775807))
Edge(114714,109086,(3,9223372036854775807))
Edge(115345,172359,(1,9223372036854775807))
Edge(115381,143123,(1,9223372036854775807))
Edge(115546,385115,(1,9223372036854775807))
Edge(115646,435402,(4,9223372036854775807))
Edge(116154,343658,(1,9223372036854775807))
Edge(116155,33005,(3,9223372036854775807))
Edge(116361,308277,(3,9223372036854775807))
Edge(117143,403334,(1,9223372036854775807))
Edge(117216,103563,(3,9223372036854775807))
Edge(117623,302318,(3,9223372036854775807))
Edge(118120,193742,(3,9223372036854775807))
Edge(118167,113989,(3,9223372036854775807))
Edge(118216,428011,(3,9223372036854775807))
Edge(118271,254404,(1,9223372036854775807))
Edge(118755,3685,(3,9223372036854775807))
Edge(119074,281931,(3,9223372036854775807))
Edge(119959,339382,(3,9223372036854775807))
Edge(120217,156950,(3,9223372036854775807))
Edge(120430,449642,(1,3))
Edge(120583,298321,(3,9223372036854775807))
Edge(121216,126684,(3,9223372036854775807))
Edge(122024,438833,(3,9223372036854775807))
Edge(122180,54224,(1,3))
Edge(122240,33104,(3,9223372036854775807))
Edge(122383,81914,(3,9223372036854775807))
Edge(122450,341252,(1,3))
Edge(122469,46023,(3,9223372036854775807))
Edge(122917,246755,(3,9223372036854775807))
Edge(123961,131087,(3,9223372036854775807))
Edge(124201,337605,(1,3))
Edge(124405,84489,(3,9223372036854775807))
Edge(124582,48720,(3,9223372036854775807))
Edge(124917,395629,(3,9223372036854775807))
Edge(125050,59837,(3,9223372036854775807))
Edge(125159,158152,(3,9223372036854775807))
Edge(125241,93051,(3,9223372036854775807))
Edge(125287,160474,(1,3))
Edge(125494,1603,(1,9223372036854775807))
Edge(126783,293783,(1,9223372036854775807))
Edge(127370,222797,(3,9223372036854775807))
Edge(127481,499333,(3,9223372036854775807))
Edge(128052,271208,(3,9223372036854775807))
Edge(128662,314604,(3,9223372036854775807))
Edge(128929,75327,(3,9223372036854775807))
Edge(128933,407663,(1,3))
Edge(129214,483015,(3,9223372036854775807))
Edge(129622,404699,(3,9223372036854775807))
Edge(129736,176171,(1,9223372036854775807))
Edge(129929,69250,(3,9223372036854775807))
Edge(130217,184694,(3,9223372036854775807))
Edge(130925,268515,(1,9223372036854775807))
Edge(130974,292054,(3,9223372036854775807))
Edge(132129,44526,(3,9223372036854775807))
Edge(132212,371111,(3,9223372036854775807))
Edge(132637,252672,(3,9223372036854775807))
Edge(132785,485910,(1,3))
Edge(132915,384114,(3,9223372036854775807))
Edge(133613,281630,(3,9223372036854775807))
Edge(134210,252714,(3,9223372036854775807))
Edge(134357,418153,(3,9223372036854775807))
Edge(134402,286851,(3,9223372036854775807))
Edge(134724,408775,(3,9223372036854775807))
Edge(135008,108322,(3,9223372036854775807))
Edge(135086,304684,(3,9223372036854775807))
Edge(135090,90497,(1,3))
Edge(135293,408083,(3,9223372036854775807))
Edge(135376,154382,(1,3))
Edge(135376,305330,(3,9223372036854775807))
Edge(135626,421775,(3,9223372036854775807))
Edge(136271,201455,(3,9223372036854775807))
Edge(136645,290296,(3,9223372036854775807))
Edge(137189,56771,(3,9223372036854775807))
Edge(137334,122097,(3,9223372036854775807))
Edge(138348,209306,(3,9223372036854775807))
Edge(138705,26390,(3,9223372036854775807))
Edge(138800,386280,(3,9223372036854775807))
Edge(138840,94266,(1,9223372036854775807))
Edge(138879,105846,(3,9223372036854775807))
Edge(138977,310953,(1,9223372036854775807))
Edge(139026,238238,(1,9223372036854775807))
Edge(139061,370383,(1,9223372036854775807))
Edge(139249,161934,(3,9223372036854775807))
Edge(140307,146053,(3,9223372036854775807))
Edge(140334,91663,(3,9223372036854775807))
Edge(140966,27858,(3,9223372036854775807))
Edge(141032,442678,(3,9223372036854775807))
Edge(141436,496819,(1,9223372036854775807))
Edge(141606,218350,(3,9223372036854775807))
Edge(141647,143695,(3,9223372036854775807))
Edge(141708,158495,(1,9223372036854775807))
Edge(142090,35216,(3,9223372036854775807))
Edge(142361,12216,(3,9223372036854775807))
Edge(142842,106452,(3,9223372036854775807))
Edge(142944,423362,(1,3))
Edge(143140,355707,(3,9223372036854775807))
Edge(143401,343310,(3,9223372036854775807))
Edge(143632,479012,(3,9223372036854775807))
Edge(143684,191921,(3,9223372036854775807))
Edge(143775,97625,(3,9223372036854775807))
Edge(143792,227751,(3,9223372036854775807))
Edge(143880,24992,(1,9223372036854775807))
Edge(143908,436668,(3,9223372036854775807))
Edge(144402,153844,(1,9223372036854775807))
Edge(144633,118582,(3,9223372036854775807))
Edge(144888,77712,(3,9223372036854775807))
Edge(145348,334775,(3,9223372036854775807))
Edge(145488,64172,(3,9223372036854775807))
Edge(145850,108796,(3,9223372036854775807))
Edge(145967,233345,(3,9223372036854775807))
Edge(145990,95629,(3,9223372036854775807))
Edge(147060,494816,(3,9223372036854775807))
Edge(147368,492122,(3,9223372036854775807))
Edge(147430,264491,(3,9223372036854775807))
Edge(147567,324468,(3,9223372036854775807))
Edge(148130,173537,(3,9223372036854775807))
Edge(148257,20215,(3,9223372036854775807))
Edge(148323,22850,(1,9223372036854775807))
Edge(148668,413030,(3,9223372036854775807))
Edge(149051,425497,(3,9223372036854775807))
Edge(149334,321708,(1,9223372036854775807))
Edge(149403,444661,(3,9223372036854775807))
Edge(149481,297266,(3,9223372036854775807))
Edge(149630,204189,(3,9223372036854775807))
Edge(149669,479278,(1,3))
Edge(149748,50994,(1,9223372036854775807))
Edge(149951,409969,(1,9223372036854775807))
Edge(150204,332899,(3,9223372036854775807))
Edge(150247,403564,(3,9223372036854775807))
Edge(150733,62810,(3,9223372036854775807))
Edge(150785,115285,(3,9223372036854775807))
Edge(150973,331005,(1,9223372036854775807))
Edge(151616,92045,(3,9223372036854775807))
Edge(151658,477433,(3,9223372036854775807))
Edge(151721,371237,(3,9223372036854775807))
Edge(151751,437400,(4,9223372036854775807))
Edge(152387,304751,(3,9223372036854775807))
Edge(152635,187327,(3,9223372036854775807))
Edge(153115,327677,(3,9223372036854775807))
Edge(153131,388312,(3,9223372036854775807))
Edge(153169,120259,(3,9223372036854775807))
Edge(153864,163473,(3,9223372036854775807))
Edge(153975,123369,(3,9223372036854775807))
Edge(154027,482076,(3,9223372036854775807))
Edge(154047,208280,(3,9223372036854775807))
Edge(154108,250358,(3,9223372036854775807))
Edge(154599,436221,(3,9223372036854775807))
Edge(155652,378272,(3,9223372036854775807))
Edge(155672,103117,(3,9223372036854775807))
Edge(157036,26666,(1,9223372036854775807))
Edge(157167,420942,(3,9223372036854775807))
Edge(157189,20140,(3,9223372036854775807))
Edge(157352,401706,(3,9223372036854775807))
Edge(157358,128315,(1,3))
Edge(158407,164643,(3,9223372036854775807))
Edge(158604,483819,(3,9223372036854775807))
Edge(158684,61748,(3,9223372036854775807))
Edge(158993,236008,(3,9223372036854775807))
Edge(159056,83253,(3,9223372036854775807))
Edge(159344,168153,(3,9223372036854775807))
Edge(159443,230544,(3,9223372036854775807))
Edge(159662,107560,(3,9223372036854775807))
Edge(160166,249301,(3,9223372036854775807))
Edge(160484,206380,(3,9223372036854775807))
Edge(160623,75162,(3,9223372036854775807))
Edge(161021,414022,(3,9223372036854775807))
Edge(161128,487622,(3,9223372036854775807))
Edge(161475,83781,(4,9223372036854775807))
Edge(161509,229374,(1,9223372036854775807))
Edge(161564,156592,(3,9223372036854775807))
Edge(161641,383749,(3,9223372036854775807))
Edge(161692,496737,(3,9223372036854775807))
Edge(162228,344115,(3,9223372036854775807))
Edge(162430,39231,(3,9223372036854775807))
Edge(162681,235863,(3,9223372036854775807))
Edge(162797,490774,(3,9223372036854775807))
Edge(163594,56027,(3,9223372036854775807))
Edge(163639,352421,(3,9223372036854775807))
Edge(164101,364420,(3,9223372036854775807))
Edge(164102,168591,(3,9223372036854775807))
Edge(164577,108522,(1,9223372036854775807))
Edge(165157,105203,(3,9223372036854775807))
Edge(165309,83641,(3,9223372036854775807))
Edge(165770,475362,(1,9223372036854775807))
Edge(165989,341518,(3,9223372036854775807))
Edge(166635,206595,(1,9223372036854775807))
Edge(166892,412952,(3,9223372036854775807))
Edge(166918,72686,(3,9223372036854775807))
Edge(167279,84216,(3,9223372036854775807))
Edge(167330,36437,(3,9223372036854775807))
Edge(167394,73200,(1,9223372036854775807))
Edge(167410,345333,(3,9223372036854775807))
Edge(167865,435401,(3,9223372036854775807))
Edge(168175,420592,(3,9223372036854775807))
Edge(168392,111335,(1,3))
Edge(168649,101532,(3,9223372036854775807))
Edge(168702,446175,(3,9223372036854775807))
Edge(168963,498930,(3,9223372036854775807))
Edge(169251,493507,(3,9223372036854775807))
Edge(169291,110776,(3,9223372036854775807))
Edge(169409,400328,(1,9223372036854775807))
Edge(169419,183058,(3,9223372036854775807))
Edge(169842,58567,(4,9223372036854775807))
Edge(170029,481419,(3,9223372036854775807))
Edge(170139,38816,(3,9223372036854775807))
Edge(170370,84316,(1,3))
Edge(170393,289700,(3,9223372036854775807))
Edge(170570,307457,(3,9223372036854775807))
Edge(170714,214789,(3,9223372036854775807))
Edge(170791,213718,(1,9223372036854775807))
Edge(170891,395524,(3,9223372036854775807))
Edge(171027,489918,(3,9223372036854775807))
Edge(171342,73231,(1,3))
Edge(171652,351342,(3,9223372036854775807))
Edge(171912,338533,(3,9223372036854775807))
Edge(172041,376354,(1,9223372036854775807))
Edge(172187,367353,(3,9223372036854775807))
Edge(172437,197687,(3,9223372036854775807))
Edge(172849,383806,(1,9223372036854775807))
Edge(173179,338823,(1,9223372036854775807))
Edge(173542,18940,(3,9223372036854775807))
Edge(173752,480800,(3,9223372036854775807))
Edge(173796,113851,(3,9223372036854775807))
Edge(173839,72809,(3,9223372036854775807))
Edge(173885,335440,(3,9223372036854775807))
Edge(174007,281070,(3,9223372036854775807))
Edge(174120,90716,(3,9223372036854775807))
Edge(174993,99920,(3,9223372036854775807))
Edge(175183,181822,(3,9223372036854775807))
Edge(175673,184708,(3,9223372036854775807))
Edge(175791,57813,(3,9223372036854775807))
Edge(175798,104413,(3,9223372036854775807))
Edge(175981,245475,(3,9223372036854775807))
Edge(176137,254276,(3,9223372036854775807))
Edge(176398,331794,(3,9223372036854775807))
Edge(176482,251957,(3,9223372036854775807))
Edge(176776,257827,(3,9223372036854775807))
Edge(176804,252374,(3,9223372036854775807))
Edge(177011,422592,(3,9223372036854775807))
Edge(177075,428689,(3,9223372036854775807))
Edge(177273,362491,(3,9223372036854775807))
Edge(177757,260281,(1,9223372036854775807))
Edge(177806,383354,(3,9223372036854775807))
Edge(177815,155967,(3,9223372036854775807))
Edge(178177,14026,(3,9223372036854775807))
Edge(178555,351740,(1,9223372036854775807))
Edge(178673,235079,(3,9223372036854775807))
Edge(178878,306991,(1,9223372036854775807))
Edge(178884,444475,(1,3))
Edge(179341,315060,(3,9223372036854775807))
Edge(179547,423858,(3,9223372036854775807))
Edge(179776,227682,(3,9223372036854775807))
Edge(179947,122067,(3,9223372036854775807))
Edge(180028,337712,(3,9223372036854775807))
Edge(180567,241283,(3,9223372036854775807))
Edge(180652,103519,(1,3))
Edge(180868,127206,(1,9223372036854775807))
Edge(181017,205092,(1,3))
Edge(181316,102688,(1,9223372036854775807))
Edge(181385,17370,(3,9223372036854775807))
Edge(181395,73300,(3,9223372036854775807))
Edge(181812,35386,(3,9223372036854775807))
Edge(181920,291218,(3,9223372036854775807))
Edge(182111,244967,(1,9223372036854775807))
Edge(182207,4953,(3,9223372036854775807))
Edge(182269,85438,(1,9223372036854775807))
Edge(182292,127652,(3,9223372036854775807))
Edge(182319,51446,(3,9223372036854775807))
Edge(182489,437829,(3,9223372036854775807))
Edge(182584,372926,(3,9223372036854775807))
Edge(183302,486820,(3,9223372036854775807))
Edge(183400,33610,(1,3))
Edge(184185,163070,(1,3))
Edge(184186,335952,(3,9223372036854775807))
Edge(184389,90290,(1,9223372036854775807))
Edge(184540,391105,(3,9223372036854775807))
Edge(184951,321753,(3,9223372036854775807))
Edge(185425,285538,(1,3))
Edge(186538,106164,(3,9223372036854775807))
Edge(187003,372243,(3,9223372036854775807))
Edge(187806,200981,(3,9223372036854775807))
Edge(188629,73373,(3,9223372036854775807))
Edge(189274,130046,(3,9223372036854775807))
Edge(189816,198170,(1,9223372036854775807))
Edge(189838,135986,(3,9223372036854775807))
Edge(190405,386321,(3,9223372036854775807))
Edge(190678,336573,(3,9223372036854775807))
Edge(190712,154215,(3,9223372036854775807))
Edge(190896,350364,(3,9223372036854775807))
Edge(191540,96389,(3,9223372036854775807))
Edge(191548,455089,(1,3))
Edge(191757,486571,(3,9223372036854775807))
Edge(192032,478639,(3,9223372036854775807))
Edge(192140,460155,(3,9223372036854775807))
Edge(193146,323371,(3,9223372036854775807))
Edge(193221,486406,(3,9223372036854775807))
Edge(193363,67817,(3,9223372036854775807))
Edge(193547,427398,(3,9223372036854775807))
Edge(193688,245872,(3,9223372036854775807))
Edge(193857,403660,(3,9223372036854775807))
Edge(193953,94791,(3,9223372036854775807))
Edge(194323,418866,(3,9223372036854775807))
Edge(194362,136223,(3,9223372036854775807))
Edge(194650,413597,(3,9223372036854775807))
Edge(194667,175388,(3,9223372036854775807))
Edge(194710,443103,(1,9223372036854775807))
Edge(194928,234327,(3,9223372036854775807))
Edge(194992,217915,(3,9223372036854775807))
Edge(195020,363334,(3,9223372036854775807))
Edge(195481,251282,(3,9223372036854775807))
Edge(195940,6777,(3,9223372036854775807))
Edge(196028,386958,(1,3))
Edge(196266,208355,(3,9223372036854775807))
Edge(196538,458460,(3,9223372036854775807))
Edge(196643,319963,(3,9223372036854775807))
Edge(196734,240457,(1,3))
Edge(196957,195988,(3,9223372036854775807))
Edge(197182,270636,(3,9223372036854775807))
Edge(197453,175107,(3,9223372036854775807))
Edge(198038,115440,(3,9223372036854775807))
Edge(198490,450914,(3,9223372036854775807))
Edge(198919,398171,(3,9223372036854775807))
Edge(199054,56824,(3,9223372036854775807))
Edge(199240,32735,(1,3))
Edge(199431,229355,(1,3))
Edge(199620,401310,(3,9223372036854775807))
Edge(199902,138954,(1,9223372036854775807))
Edge(200343,315690,(1,9223372036854775807))
Edge(200393,298266,(3,9223372036854775807))
Edge(200581,74434,(3,9223372036854775807))
Edge(201302,236038,(3,9223372036854775807))
Edge(201393,373795,(1,9223372036854775807))
Edge(201722,224965,(3,9223372036854775807))
Edge(202121,469978,(1,9223372036854775807))
Edge(202175,136903,(3,9223372036854775807))
Edge(202418,481870,(3,9223372036854775807))
Edge(202717,227653,(3,9223372036854775807))
Edge(202957,288396,(3,9223372036854775807))
Edge(203138,97719,(3,9223372036854775807))
Edge(203139,13395,(3,9223372036854775807))
Edge(203408,107126,(3,9223372036854775807))
Edge(204406,149890,(3,9223372036854775807))
Edge(204456,57870,(3,9223372036854775807))
Edge(204657,491513,(3,9223372036854775807))
Edge(204700,354003,(3,9223372036854775807))
Edge(204732,113391,(3,9223372036854775807))
Edge(205185,280710,(3,9223372036854775807))
Edge(205333,261965,(1,9223372036854775807))
Edge(205337,116372,(3,9223372036854775807))
Edge(205443,424353,(3,9223372036854775807))
Edge(205849,103958,(3,9223372036854775807))
Edge(206401,229828,(1,9223372036854775807))
Edge(206675,141775,(1,3))
Edge(206897,194325,(3,9223372036854775807))
Edge(206912,10150,(1,3))
Edge(206951,8054,(3,9223372036854775807))
Edge(207384,463830,(3,9223372036854775807))
Edge(207606,64600,(3,9223372036854775807))
Edge(207873,321499,(1,9223372036854775807))
Edge(207891,185529,(3,9223372036854775807))
Edge(208264,71249,(3,9223372036854775807))
Edge(208524,35606,(3,9223372036854775807))
Edge(208587,103137,(3,9223372036854775807))
Edge(208868,330815,(3,9223372036854775807))
Edge(209861,381938,(3,9223372036854775807))
Edge(210191,249909,(3,9223372036854775807))
Edge(210431,82032,(1,9223372036854775807))
Edge(210847,223583,(3,9223372036854775807))
Edge(210896,378929,(3,9223372036854775807))
Edge(211227,348955,(3,9223372036854775807))
Edge(211840,478002,(3,9223372036854775807))
Edge(212172,39746,(3,9223372036854775807))
Edge(212308,164943,(3,9223372036854775807))
Edge(212535,486152,(3,9223372036854775807))
Edge(212688,254183,(1,9223372036854775807))
Edge(213368,6903,(1,9223372036854775807))
Edge(213449,162205,(3,9223372036854775807))
Edge(214311,336992,(1,9223372036854775807))
Edge(214649,158256,(3,9223372036854775807))
Edge(214755,288989,(3,9223372036854775807))
Edge(214817,454754,(3,9223372036854775807))
Edge(214851,78302,(3,9223372036854775807))
Edge(214946,397519,(3,9223372036854775807))
Edge(215049,266001,(3,9223372036854775807))
Edge(215381,349511,(3,9223372036854775807))
Edge(215430,227583,(3,9223372036854775807))
Edge(215610,63362,(3,9223372036854775807))
Edge(215961,148926,(3,9223372036854775807))
Edge(216114,343970,(1,9223372036854775807))
Edge(216324,218826,(3,9223372036854775807))
Edge(216538,3631,(3,9223372036854775807))
Edge(216705,107527,(1,3))
Edge(217035,73473,(1,9223372036854775807))
Edge(217042,119073,(1,3))
Edge(217683,174502,(1,9223372036854775807))
Edge(217722,116270,(1,9223372036854775807))
Edge(217764,39402,(3,9223372036854775807))
Edge(218772,196993,(1,9223372036854775807))
Edge(219545,496776,(3,9223372036854775807))
Edge(219582,214876,(3,9223372036854775807))
Edge(220122,358639,(1,9223372036854775807))
Edge(220499,181853,(3,9223372036854775807))
Edge(220517,344448,(3,9223372036854775807))
Edge(220571,371294,(3,9223372036854775807))
Edge(220829,448622,(1,3))
Edge(221051,137867,(3,9223372036854775807))
Edge(221165,83834,(3,9223372036854775807))
Edge(221537,164694,(1,9223372036854775807))
Edge(221747,79615,(1,3))
Edge(221850,372114,(3,9223372036854775807))
Edge(222345,371994,(1,3))
Edge(222511,148832,(3,9223372036854775807))
Edge(222974,348389,(3,9223372036854775807))
Edge(223122,488039,(3,9223372036854775807))
Edge(223166,226534,(3,9223372036854775807))
Edge(223450,489636,(1,9223372036854775807))
Edge(223452,238607,(3,9223372036854775807))
Edge(223565,119074,(3,9223372036854775807))
Edge(223714,124174,(3,9223372036854775807))
Edge(223714,445376,(1,3))
Edge(224283,317986,(3,9223372036854775807))
Edge(224835,422436,(1,3))
Edge(225376,154719,(3,9223372036854775807))
Edge(225434,298125,(1,9223372036854775807))
Edge(225537,446183,(3,9223372036854775807))
Edge(225865,310969,(3,9223372036854775807))
Edge(225887,371357,(3,9223372036854775807))
Edge(226365,228632,(3,9223372036854775807))
Edge(226785,269323,(3,9223372036854775807))
Edge(226834,273486,(3,9223372036854775807))
Edge(226976,142282,(3,9223372036854775807))
Edge(227350,151982,(3,9223372036854775807))
Edge(227419,347284,(1,9223372036854775807))
Edge(227536,323751,(3,9223372036854775807))
Edge(227612,192486,(1,3))
Edge(228058,190521,(3,9223372036854775807))
Edge(228222,412186,(3,9223372036854775807))
Edge(228632,238337,(3,9223372036854775807))
Edge(229869,133709,(3,9223372036854775807))
Edge(230633,216570,(3,9223372036854775807))
Edge(230699,355016,(3,9223372036854775807))
Edge(230710,231545,(3,9223372036854775807))
Edge(230803,136472,(3,9223372036854775807))
Edge(230878,23939,(3,9223372036854775807))
Edge(230938,213101,(1,3))
Edge(230980,144023,(3,9223372036854775807))
Edge(231093,131872,(3,9223372036854775807))
Edge(231660,480287,(3,9223372036854775807))
Edge(231980,479179,(3,9223372036854775807))
Edge(232160,416644,(3,9223372036854775807))
Edge(232249,206033,(3,9223372036854775807))
Edge(232865,454866,(3,9223372036854775807))
Edge(233270,8108,(1,9223372036854775807))
Edge(233747,211620,(3,9223372036854775807))
Edge(233851,26255,(3,9223372036854775807))
Edge(234114,21854,(3,9223372036854775807))
Edge(234311,242632,(3,9223372036854775807))
Edge(234356,461862,(1,9223372036854775807))
Edge(234710,462471,(3,9223372036854775807))
Edge(234917,445969,(3,9223372036854775807))
Edge(235311,174868,(1,3))
Edge(235601,126859,(3,9223372036854775807))
Edge(235701,361987,(3,9223372036854775807))
Edge(235971,59141,(1,9223372036854775807))
Edge(236827,349658,(3,9223372036854775807))
Edge(236842,348235,(3,9223372036854775807))
Edge(237091,153377,(3,9223372036854775807))
Edge(237457,349850,(3,9223372036854775807))
Edge(237509,315590,(3,9223372036854775807))
Edge(238077,351724,(3,9223372036854775807))
Edge(238373,932,(3,9223372036854775807))
Edge(239130,363246,(1,9223372036854775807))
Edge(239169,346066,(3,9223372036854775807))
Edge(239191,330337,(3,9223372036854775807))
Edge(239534,205572,(1,9223372036854775807))
Edge(239683,331585,(3,9223372036854775807))
Edge(239733,457003,(3,9223372036854775807))
Edge(239969,4329,(3,9223372036854775807))
Edge(240307,254613,(3,9223372036854775807))
Edge(240676,224546,(3,9223372036854775807))
Edge(241210,237182,(1,9223372036854775807))
Edge(241327,386322,(3,9223372036854775807))
Edge(241376,336137,(3,9223372036854775807))
Edge(242026,387134,(3,9223372036854775807))
Edge(242273,109413,(3,9223372036854775807))
Edge(242428,484559,(3,9223372036854775807))
Edge(242933,250157,(3,9223372036854775807))
Edge(243296,324155,(3,9223372036854775807))
Edge(243310,130579,(3,9223372036854775807))
Edge(243478,298338,(3,9223372036854775807))
Edge(243585,244293,(3,9223372036854775807))
Edge(243800,161800,(3,9223372036854775807))
Edge(243869,444790,(1,3))
Edge(244349,59444,(1,9223372036854775807))
Edge(244489,50011,(3,9223372036854775807))
Edge(244699,194028,(3,9223372036854775807))
Edge(244805,410805,(3,9223372036854775807))
Edge(244844,237550,(1,9223372036854775807))
Edge(245446,64095,(3,9223372036854775807))
Edge(245752,478052,(3,9223372036854775807))
Edge(246441,470221,(3,9223372036854775807))
Edge(246451,400090,(3,9223372036854775807))
Edge(247117,473205,(3,9223372036854775807))
Edge(247268,120190,(3,9223372036854775807))
Edge(247270,414969,(3,9223372036854775807))
Edge(247524,80512,(3,9223372036854775807))
Edge(248216,188934,(3,9223372036854775807))
Edge(248234,183158,(3,9223372036854775807))
Edge(248446,372575,(3,9223372036854775807))
Edge(248464,381454,(3,9223372036854775807))
Edge(248839,166137,(3,9223372036854775807))
Edge(249069,148160,(3,9223372036854775807))
Edge(249227,89050,(3,9223372036854775807))
Edge(249427,443607,(3,9223372036854775807))
Edge(249482,96316,(3,9223372036854775807))
Edge(249758,76204,(3,9223372036854775807))
Edge(249922,328064,(3,9223372036854775807))
Edge(249954,322936,(3,9223372036854775807))
Edge(250313,448338,(1,9223372036854775807))
Edge(250968,374495,(1,3))
Edge(251363,461648,(3,9223372036854775807))
Edge(252108,85923,(3,9223372036854775807))
Edge(252583,301059,(3,9223372036854775807))
Edge(252585,73750,(3,9223372036854775807))
Edge(252894,270956,(3,9223372036854775807))
Edge(252955,284245,(3,9223372036854775807))
Edge(253109,79041,(3,9223372036854775807))
Edge(254283,404576,(3,9223372036854775807))
Edge(254592,270677,(3,9223372036854775807))
Edge(254949,199314,(1,3))
Edge(255812,400475,(3,9223372036854775807))
Edge(256130,322870,(1,9223372036854775807))
Edge(256427,176831,(3,9223372036854775807))
Edge(256837,232766,(1,3))
Edge(256858,488514,(3,9223372036854775807))
Edge(257318,230789,(3,9223372036854775807))
Edge(257533,10421,(1,9223372036854775807))
Edge(257683,34419,(1,3))
Edge(257684,275518,(3,9223372036854775807))
Edge(258199,203245,(3,9223372036854775807))
Edge(258766,72273,(1,3))
Edge(258920,35064,(3,9223372036854775807))
Edge(259653,42597,(3,9223372036854775807))
Edge(259735,99569,(3,9223372036854775807))
Edge(259788,315620,(3,9223372036854775807))
Edge(259894,238103,(3,9223372036854775807))
Edge(259978,485840,(1,9223372036854775807))
Edge(260009,264191,(3,9223372036854775807))
Edge(260273,435826,(3,9223372036854775807))
Edge(260278,417622,(1,3))
Edge(260315,468579,(3,9223372036854775807))
Edge(261354,194399,(1,9223372036854775807))
Edge(261509,313950,(1,9223372036854775807))
Edge(262218,147207,(3,9223372036854775807))
Edge(262243,69638,(3,9223372036854775807))
Edge(262682,421062,(3,9223372036854775807))
Edge(262986,216097,(3,9223372036854775807))
Edge(262995,362544,(3,9223372036854775807))
Edge(263463,349455,(3,9223372036854775807))
Edge(263729,461557,(3,9223372036854775807))
Edge(264218,261785,(3,9223372036854775807))
Edge(264361,439370,(3,9223372036854775807))
Edge(264834,284454,(3,9223372036854775807))
Edge(265398,31505,(3,9223372036854775807))
Edge(265576,236745,(3,9223372036854775807))
Edge(265710,119346,(3,9223372036854775807))
Edge(266169,355152,(3,9223372036854775807))
Edge(266461,204080,(3,9223372036854775807))
Edge(266700,473944,(3,9223372036854775807))
Edge(266763,478326,(1,9223372036854775807))
Edge(266800,478909,(3,9223372036854775807))
Edge(266816,494022,(3,9223372036854775807))
Edge(266872,153171,(3,9223372036854775807))
Edge(266968,272184,(3,9223372036854775807))
Edge(267070,200723,(3,9223372036854775807))
Edge(267837,221386,(1,9223372036854775807))
Edge(268072,394719,(3,9223372036854775807))
Edge(268356,28717,(3,9223372036854775807))
Edge(268637,318222,(3,9223372036854775807))
Edge(268989,38416,(3,9223372036854775807))
Edge(269059,341813,(1,9223372036854775807))
Edge(269311,389340,(1,3))
Edge(269718,431585,(3,9223372036854775807))
Edge(269879,333014,(3,9223372036854775807))
Edge(269901,316046,(3,9223372036854775807))
Edge(270435,24101,(3,9223372036854775807))
Edge(270482,441565,(3,9223372036854775807))
Edge(270929,465455,(1,3))
Edge(271500,56667,(3,9223372036854775807))
Edge(271864,280782,(1,9223372036854775807))
Edge(271974,320364,(1,3))
Edge(272177,284167,(3,9223372036854775807))
Edge(272224,402109,(3,9223372036854775807))
Edge(272251,87313,(3,9223372036854775807))
Edge(272343,233846,(3,9223372036854775807))
Edge(272511,222380,(3,9223372036854775807))
Edge(272728,468020,(1,9223372036854775807))
Edge(272736,36778,(3,9223372036854775807))
Edge(272844,80398,(1,9223372036854775807))
Edge(272990,227234,(1,9223372036854775807))
Edge(273108,267895,(3,9223372036854775807))
Edge(273257,173945,(3,9223372036854775807))
Edge(273675,85025,(3,9223372036854775807))
Edge(273686,110498,(3,9223372036854775807))
Edge(273819,332236,(3,9223372036854775807))
Edge(274663,128970,(3,9223372036854775807))
Edge(274955,493614,(1,9223372036854775807))
Edge(275174,225888,(1,3))
Edge(275362,104219,(1,9223372036854775807))
Edge(275676,355914,(3,9223372036854775807))
Edge(276004,155541,(3,9223372036854775807))
Edge(276047,73579,(3,9223372036854775807))
Edge(276426,59872,(3,9223372036854775807))
Edge(276585,8780,(3,9223372036854775807))
Edge(276632,318416,(1,9223372036854775807))
Edge(276655,119008,(3,9223372036854775807))
Edge(276918,159371,(3,9223372036854775807))
Edge(278218,107733,(3,9223372036854775807))
Edge(278535,107293,(3,9223372036854775807))
Edge(279260,26784,(3,9223372036854775807))
Edge(279346,52980,(3,9223372036854775807))
Edge(279437,251239,(1,9223372036854775807))
Edge(279733,417873,(1,3))
Edge(279857,118342,(3,9223372036854775807))
Edge(279876,496113,(1,3))
Edge(280053,411498,(1,9223372036854775807))
Edge(280194,152502,(3,9223372036854775807))
Edge(280210,133874,(3,9223372036854775807))
Edge(280670,266186,(3,9223372036854775807))
Edge(281164,222609,(3,9223372036854775807))
Edge(281651,291547,(3,9223372036854775807))
Edge(282235,187720,(1,3))
Edge(282276,334039,(3,9223372036854775807))
Edge(282424,51123,(3,9223372036854775807))
Edge(282438,197318,(3,9223372036854775807))
Edge(282488,221321,(1,9223372036854775807))
Edge(283036,496096,(3,9223372036854775807))
Edge(283229,76574,(3,9223372036854775807))
Edge(283294,273652,(3,9223372036854775807))
Edge(283804,278878,(3,9223372036854775807))
Edge(283813,89890,(1,9223372036854775807))
Edge(283943,38791,(3,9223372036854775807))
Edge(283976,143661,(3,9223372036854775807))
Edge(284080,230486,(3,9223372036854775807))
Edge(284144,188465,(1,9223372036854775807))
Edge(284148,98499,(3,9223372036854775807))
Edge(284221,418912,(3,9223372036854775807))
Edge(284311,217176,(3,9223372036854775807))
Edge(284350,384785,(3,9223372036854775807))
Edge(284353,127300,(1,9223372036854775807))
Edge(284579,242252,(3,9223372036854775807))
Edge(284736,348326,(3,9223372036854775807))
Edge(284944,230813,(3,9223372036854775807))
Edge(285285,229349,(3,9223372036854775807))
Edge(285335,223824,(3,9223372036854775807))
Edge(285518,48266,(3,9223372036854775807))
Edge(285762,218541,(3,9223372036854775807))
Edge(285774,3211,(3,9223372036854775807))
Edge(285981,167851,(3,9223372036854775807))
Edge(286468,473952,(1,3))
Edge(286840,449808,(3,9223372036854775807))
Edge(287091,141341,(3,9223372036854775807))
Edge(287611,16288,(3,9223372036854775807))
Edge(287670,307548,(3,9223372036854775807))
Edge(287800,81335,(3,9223372036854775807))
Edge(288471,158672,(1,9223372036854775807))
Edge(288635,6411,(3,9223372036854775807))
Edge(289446,28642,(3,9223372036854775807))
Edge(289529,392631,(1,9223372036854775807))
Edge(289898,72642,(3,9223372036854775807))
Edge(290121,38466,(3,9223372036854775807))
Edge(290121,138532,(3,9223372036854775807))
Edge(290263,262220,(3,9223372036854775807))
Edge(290887,28015,(3,9223372036854775807))
Edge(290993,85901,(3,9223372036854775807))
Edge(291415,212273,(3,9223372036854775807))
Edge(291639,240948,(3,9223372036854775807))
Edge(291760,153045,(3,9223372036854775807))
Edge(292292,335552,(3,9223372036854775807))
Edge(292321,239381,(1,9223372036854775807))
Edge(292813,454964,(3,9223372036854775807))
Edge(293014,436642,(3,9223372036854775807))
Edge(293576,387866,(3,9223372036854775807))
Edge(293869,175576,(3,9223372036854775807))
Edge(293979,218585,(1,3))
Edge(294078,190038,(3,9223372036854775807))
Edge(294135,431807,(3,9223372036854775807))
Edge(294300,212450,(3,9223372036854775807))
Edge(295013,125923,(1,9223372036854775807))
Edge(295343,297786,(3,9223372036854775807))
Edge(295347,191491,(3,9223372036854775807))
Edge(296085,110984,(3,9223372036854775807))
Edge(296238,217548,(3,9223372036854775807))
Edge(296279,6460,(3,9223372036854775807))
Edge(296695,10449,(1,3))
Edge(296805,172093,(3,9223372036854775807))
Edge(296851,370608,(3,9223372036854775807))
Edge(297175,349848,(3,9223372036854775807))
Edge(297264,354190,(3,9223372036854775807))
Edge(297295,287462,(3,9223372036854775807))
Edge(297306,208964,(3,9223372036854775807))
Edge(297376,6252,(3,9223372036854775807))
Edge(297610,490827,(3,9223372036854775807))
Edge(297709,373578,(3,9223372036854775807))
Edge(298141,452604,(3,9223372036854775807))
Edge(298503,446585,(3,9223372036854775807))
Edge(298596,50056,(1,3))
Edge(298620,120717,(3,9223372036854775807))
Edge(298710,72387,(3,9223372036854775807))
Edge(298993,365805,(3,9223372036854775807))
Edge(299000,418196,(3,9223372036854775807))
Edge(299602,311011,(4,9223372036854775807))
Edge(299625,499468,(3,9223372036854775807))
Edge(300460,64169,(3,9223372036854775807))
Edge(300616,133531,(3,9223372036854775807))
Edge(300762,302978,(3,9223372036854775807))
Edge(300862,148854,(3,9223372036854775807))
Edge(301244,285947,(3,9223372036854775807))
Edge(301479,343918,(1,9223372036854775807))
Edge(301602,384159,(3,9223372036854775807))
Edge(301724,468637,(3,9223372036854775807))
Edge(301994,427546,(3,9223372036854775807))
Edge(302460,379883,(3,9223372036854775807))
Edge(302946,242817,(3,9223372036854775807))
Edge(303359,182331,(3,9223372036854775807))
Edge(303597,13139,(3,9223372036854775807))
Edge(303986,31617,(3,9223372036854775807))
Edge(304494,124605,(3,9223372036854775807))
Edge(304591,58338,(3,9223372036854775807))
Edge(304641,119433,(1,3))
Edge(304852,225241,(3,9223372036854775807))
Edge(305315,387654,(3,9223372036854775807))
Edge(305348,206813,(3,9223372036854775807))
Edge(305693,215706,(3,9223372036854775807))
Edge(306070,201122,(3,9223372036854775807))
Edge(306151,183195,(3,9223372036854775807))
Edge(306487,66913,(3,9223372036854775807))
Edge(306677,247517,(3,9223372036854775807))
Edge(307021,79975,(3,9223372036854775807))
Edge(307127,308773,(1,9223372036854775807))
Edge(307169,432626,(1,9223372036854775807))
Edge(307177,155803,(3,9223372036854775807))
Edge(307548,416725,(1,9223372036854775807))
Edge(308541,104567,(3,9223372036854775807))
Edge(308580,362002,(3,9223372036854775807))
Edge(308978,283045,(3,9223372036854775807))
Edge(309090,393747,(3,9223372036854775807))
Edge(309314,458046,(1,9223372036854775807))
Edge(309478,373357,(3,9223372036854775807))
Edge(309629,162759,(3,9223372036854775807))
Edge(309658,326181,(3,9223372036854775807))
Edge(309869,340990,(3,9223372036854775807))
Edge(310389,292947,(3,9223372036854775807))
Edge(310681,370258,(3,9223372036854775807))
Edge(310835,314920,(1,9223372036854775807))
Edge(311234,107704,(3,9223372036854775807))
Edge(311713,3530,(3,9223372036854775807))
Edge(311824,239430,(3,9223372036854775807))
Edge(312172,166854,(3,9223372036854775807))
Edge(312207,236355,(3,9223372036854775807))
Edge(312347,492843,(3,9223372036854775807))
Edge(312564,271937,(3,9223372036854775807))
Edge(312568,33476,(3,9223372036854775807))
Edge(312746,211091,(3,9223372036854775807))
Edge(312768,418600,(3,9223372036854775807))
Edge(313255,383476,(1,9223372036854775807))
Edge(313578,436015,(3,9223372036854775807))
Edge(313689,454920,(3,9223372036854775807))
Edge(313761,275085,(3,9223372036854775807))
Edge(313862,236258,(3,9223372036854775807))
Edge(314175,98057,(3,9223372036854775807))
Edge(314852,217535,(3,9223372036854775807))
Edge(315027,426989,(3,9223372036854775807))
Edge(316073,210713,(3,9223372036854775807))
Edge(316075,207083,(3,9223372036854775807))
Edge(316134,161448,(3,9223372036854775807))
Edge(316453,432800,(3,9223372036854775807))
Edge(316580,426075,(3,9223372036854775807))
Edge(317161,452736,(1,3))
Edge(317297,452150,(3,9223372036854775807))
Edge(317805,250214,(3,9223372036854775807))
Edge(317945,254764,(1,3))
Edge(318021,329632,(3,9223372036854775807))
Edge(318232,74103,(3,9223372036854775807))
Edge(318314,58018,(1,9223372036854775807))
Edge(318413,494907,(3,9223372036854775807))
Edge(318793,187098,(3,9223372036854775807))
Edge(318932,323162,(1,9223372036854775807))
Edge(319074,409251,(3,9223372036854775807))
Edge(319082,162268,(3,9223372036854775807))
Edge(319206,44787,(3,9223372036854775807))
Edge(319459,182195,(3,9223372036854775807))
Edge(319629,464806,(3,9223372036854775807))
Edge(319886,45272,(3,9223372036854775807))
Edge(320437,398377,(3,9223372036854775807))
Edge(320489,27136,(3,9223372036854775807))
Edge(320538,65354,(3,9223372036854775807))
Edge(320553,199061,(3,9223372036854775807))
Edge(320748,477260,(3,9223372036854775807))
Edge(320783,261178,(1,9223372036854775807))
Edge(320804,44749,(3,9223372036854775807))
Edge(320849,251975,(3,9223372036854775807))
Edge(320934,418648,(3,9223372036854775807))
Edge(320964,95879,(1,9223372036854775807))
Edge(321071,122943,(3,9223372036854775807))
Edge(321609,416220,(3,9223372036854775807))
Edge(321636,387361,(3,9223372036854775807))
Edge(321727,482641,(3,9223372036854775807))
Edge(322276,363975,(1,9223372036854775807))
Edge(322329,469764,(3,9223372036854775807))
Edge(322406,88735,(3,9223372036854775807))
Edge(322586,65964,(1,9223372036854775807))
Edge(322717,92869,(3,9223372036854775807))
Edge(322936,473609,(3,9223372036854775807))
Edge(322946,435335,(1,9223372036854775807))
Edge(323305,224381,(1,9223372036854775807))
Edge(323647,117372,(3,9223372036854775807))
Edge(323891,342094,(3,9223372036854775807))
Edge(323988,140511,(1,9223372036854775807))
Edge(324817,489787,(1,3))
Edge(325194,130492,(3,9223372036854775807))
Edge(325480,71920,(1,9223372036854775807))
Edge(325648,251890,(1,9223372036854775807))
Edge(326118,210216,(3,9223372036854775807))
Edge(326355,123113,(3,9223372036854775807))
Edge(326420,308689,(1,9223372036854775807))
Edge(326559,230661,(3,9223372036854775807))
Edge(326632,382372,(3,9223372036854775807))
Edge(326824,113558,(3,9223372036854775807))
Edge(327170,34759,(3,9223372036854775807))
Edge(327475,76902,(3,9223372036854775807))
Edge(327739,460929,(3,9223372036854775807))
Edge(328410,386904,(3,9223372036854775807))
Edge(328503,418123,(1,9223372036854775807))
Edge(328797,28023,(3,9223372036854775807))
Edge(328808,392620,(3,9223372036854775807))
Edge(328855,461734,(3,9223372036854775807))
Edge(328897,314354,(3,9223372036854775807))
Edge(328956,348975,(3,9223372036854775807))
Edge(329147,103265,(3,9223372036854775807))
Edge(329268,3769,(1,9223372036854775807))
Edge(329336,60411,(3,9223372036854775807))
Edge(330506,17493,(3,9223372036854775807))
Edge(330968,215117,(3,9223372036854775807))
Edge(331094,34475,(3,9223372036854775807))
Edge(331197,269893,(3,9223372036854775807))
Edge(331304,222659,(1,3))
Edge(331629,350538,(1,9223372036854775807))
Edge(331906,4573,(3,9223372036854775807))
Edge(331944,247384,(3,9223372036854775807))
Edge(332527,44441,(3,9223372036854775807))
Edge(332583,373926,(3,9223372036854775807))
Edge(332620,417584,(3,9223372036854775807))
Edge(332757,187165,(1,3))
Edge(333082,168851,(3,9223372036854775807))
Edge(333314,492299,(1,9223372036854775807))
Edge(333748,67095,(3,9223372036854775807))
Edge(334225,26360,(3,9223372036854775807))
Edge(335081,35806,(3,9223372036854775807))
Edge(335287,645,(3,9223372036854775807))
Edge(335332,232129,(1,9223372036854775807))
Edge(335986,178378,(3,9223372036854775807))
Edge(336405,194061,(1,9223372036854775807))
Edge(336787,49619,(3,9223372036854775807))
Edge(336902,425406,(3,9223372036854775807))
Edge(337425,287828,(3,9223372036854775807))
Edge(337564,282003,(3,9223372036854775807))
Edge(338439,125110,(1,3))
Edge(338985,438512,(3,9223372036854775807))
Edge(339102,415287,(1,3))
Edge(339199,152628,(1,9223372036854775807))
Edge(339212,369912,(3,9223372036854775807))
Edge(339419,381744,(3,9223372036854775807))
Edge(339814,155938,(3,9223372036854775807))
Edge(339910,123278,(3,9223372036854775807))
Edge(340094,129827,(1,3))
Edge(340284,320208,(1,9223372036854775807))
Edge(340326,441321,(1,9223372036854775807))
Edge(340460,455796,(3,9223372036854775807))
Edge(340886,452906,(3,9223372036854775807))
Edge(341061,434657,(3,9223372036854775807))
Edge(341433,99873,(1,9223372036854775807))
Edge(341792,223138,(1,9223372036854775807))
Edge(341820,137377,(3,9223372036854775807))
Edge(341976,12530,(3,9223372036854775807))
Edge(342631,363455,(3,9223372036854775807))
Edge(343266,50182,(3,9223372036854775807))
Edge(343464,450850,(3,9223372036854775807))
Edge(343727,172942,(3,9223372036854775807))
Edge(344151,222179,(1,9223372036854775807))
Edge(344269,486349,(3,9223372036854775807))
Edge(344280,59152,(3,9223372036854775807))
Edge(344325,38790,(3,9223372036854775807))
Edge(344388,46254,(3,9223372036854775807))
Edge(344562,230193,(3,9223372036854775807))
Edge(344681,156389,(3,9223372036854775807))
Edge(345887,37271,(1,9223372036854775807))
Edge(346187,25035,(1,3))
Edge(346689,211162,(1,9223372036854775807))
Edge(347101,307848,(3,9223372036854775807))
Edge(347659,417908,(1,9223372036854775807))
Edge(347779,339604,(3,9223372036854775807))
Edge(347800,115850,(1,9223372036854775807))
Edge(347864,465443,(3,9223372036854775807))
Edge(347869,248814,(3,9223372036854775807))
Edge(348054,243143,(3,9223372036854775807))
Edge(348061,194774,(3,9223372036854775807))
Edge(348211,276120,(3,9223372036854775807))
Edge(348252,287219,(3,9223372036854775807))
Edge(348483,161085,(3,9223372036854775807))
Edge(348556,127328,(3,9223372036854775807))
Edge(348598,331864,(3,9223372036854775807))
Edge(348865,428127,(3,9223372036854775807))
Edge(348919,281743,(3,9223372036854775807))
Edge(349030,466361,(1,9223372036854775807))
Edge(349170,357303,(1,9223372036854775807))
Edge(349465,303161,(3,9223372036854775807))
Edge(349535,394423,(3,9223372036854775807))
Edge(349629,295685,(1,9223372036854775807))
Edge(349919,47388,(3,9223372036854775807))
Edge(350180,180554,(3,9223372036854775807))
Edge(350814,416860,(1,9223372036854775807))
Edge(351407,27552,(3,9223372036854775807))
Edge(351648,319039,(3,9223372036854775807))
Edge(351789,295308,(3,9223372036854775807))
Edge(351897,358225,(3,9223372036854775807))
Edge(352539,368878,(1,9223372036854775807))
Edge(353354,108984,(1,3))
Edge(353613,151057,(3,9223372036854775807))
Edge(353842,337525,(3,9223372036854775807))
Edge(353931,385341,(3,9223372036854775807))
Edge(354038,58884,(3,9223372036854775807))
Edge(354174,399072,(3,9223372036854775807))
Edge(354299,192029,(3,9223372036854775807))
Edge(354326,226069,(3,9223372036854775807))
Edge(355035,258967,(3,9223372036854775807))
Edge(355130,235358,(3,9223372036854775807))
Edge(355221,291195,(3,9223372036854775807))
Edge(355400,300345,(3,9223372036854775807))
Edge(355782,278982,(3,9223372036854775807))
Edge(355806,371278,(1,9223372036854775807))
Edge(355875,345391,(3,9223372036854775807))
Edge(355967,81512,(3,9223372036854775807))
Edge(356212,432106,(1,9223372036854775807))
Edge(356326,440938,(3,9223372036854775807))
Edge(356747,152762,(3,9223372036854775807))
Edge(356751,440442,(3,9223372036854775807))
Edge(357219,472405,(3,9223372036854775807))
Edge(357606,98015,(3,9223372036854775807))
Edge(357729,492084,(3,9223372036854775807))
Edge(357952,59630,(1,9223372036854775807))
Edge(358156,282786,(3,9223372036854775807))
Edge(358400,221614,(1,3))
Edge(358484,92469,(3,9223372036854775807))
Edge(358769,184490,(3,9223372036854775807))
Edge(359220,59296,(3,9223372036854775807))
Edge(359346,155082,(1,9223372036854775807))
Edge(359444,121951,(3,9223372036854775807))
Edge(359577,424463,(1,9223372036854775807))
Edge(359608,226395,(3,9223372036854775807))
Edge(360423,196295,(3,9223372036854775807))
Edge(361123,124236,(3,9223372036854775807))
Edge(361414,466164,(3,9223372036854775807))
Edge(361520,177773,(3,9223372036854775807))
Edge(361672,138478,(3,9223372036854775807))
Edge(362230,25848,(3,9223372036854775807))
Edge(362487,59318,(1,9223372036854775807))
Edge(362716,356166,(3,9223372036854775807))
Edge(363174,427388,(1,3))
Edge(363531,364909,(1,3))
Edge(364439,431499,(1,3))
Edge(364567,407136,(3,9223372036854775807))
Edge(364636,464886,(3,9223372036854775807))
Edge(364924,368636,(1,3))
Edge(365411,301132,(3,9223372036854775807))
Edge(365475,209956,(3,9223372036854775807))
Edge(365663,428615,(3,9223372036854775807))
Edge(365913,393381,(3,9223372036854775807))
Edge(366138,53267,(3,9223372036854775807))
Edge(366149,254320,(1,3))
Edge(366200,140817,(3,9223372036854775807))
Edge(366378,174943,(3,9223372036854775807))
Edge(366501,108510,(1,9223372036854775807))
Edge(366559,126691,(3,9223372036854775807))
Edge(366559,379178,(3,9223372036854775807))
Edge(367130,470559,(3,9223372036854775807))
Edge(367234,315249,(3,9223372036854775807))
Edge(367927,293246,(3,9223372036854775807))
Edge(368468,358153,(1,3))
Edge(368916,453505,(3,9223372036854775807))
Edge(369843,248980,(3,9223372036854775807))
Edge(370561,9819,(1,9223372036854775807))
Edge(370724,216691,(3,9223372036854775807))
Edge(370880,284509,(3,9223372036854775807))
Edge(371061,93841,(3,9223372036854775807))
Edge(371682,328981,(3,9223372036854775807))
Edge(372147,63917,(1,3))
Edge(372417,173582,(3,9223372036854775807))
Edge(372472,469561,(3,9223372036854775807))
Edge(373263,172053,(3,9223372036854775807))
Edge(373282,311006,(3,9223372036854775807))
Edge(373517,22526,(3,9223372036854775807))
Edge(373674,63640,(3,9223372036854775807))
Edge(373838,228662,(1,3))
Edge(373878,422456,(3,9223372036854775807))
Edge(373981,429016,(3,9223372036854775807))
Edge(374546,248219,(1,3))
Edge(374661,361881,(3,9223372036854775807))
Edge(374843,304326,(3,9223372036854775807))
Edge(375064,410022,(3,9223372036854775807))
Edge(375132,12471,(3,9223372036854775807))
Edge(375622,384137,(3,9223372036854775807))
Edge(375762,246956,(3,9223372036854775807))
Edge(375783,228380,(3,9223372036854775807))
Edge(376175,365325,(3,9223372036854775807))
Edge(376210,396387,(4,9223372036854775807))
Edge(376439,59591,(3,9223372036854775807))
Edge(376465,100237,(3,9223372036854775807))
Edge(376596,375743,(1,2))
Edge(376815,306985,(1,9223372036854775807))
Edge(377178,108843,(3,9223372036854775807))
Edge(377712,341927,(1,9223372036854775807))
Edge(377901,344252,(1,9223372036854775807))
Edge(378745,421961,(1,9223372036854775807))
Edge(378840,258598,(3,9223372036854775807))
Edge(378911,337306,(3,9223372036854775807))
Edge(378938,187832,(3,9223372036854775807))
Edge(379340,143727,(3,9223372036854775807))
Edge(379343,230884,(1,9223372036854775807))
Edge(379399,66467,(3,9223372036854775807))
Edge(379946,189950,(3,9223372036854775807))
Edge(380109,450521,(3,9223372036854775807))
Edge(380648,484003,(1,9223372036854775807))
Edge(380785,449362,(3,9223372036854775807))
Edge(381227,170684,(3,9223372036854775807))
Edge(381375,54821,(3,9223372036854775807))
Edge(381680,206853,(1,9223372036854775807))
Edge(382128,83768,(3,9223372036854775807))
Edge(382135,157061,(3,9223372036854775807))
Edge(382336,124527,(4,9223372036854775807))
Edge(382388,300757,(1,9223372036854775807))
Edge(382494,182713,(1,9223372036854775807))
Edge(382626,473541,(3,9223372036854775807))
Edge(382676,44605,(3,9223372036854775807))
Edge(382773,309576,(1,3))
Edge(382902,22915,(3,9223372036854775807))
Edge(382909,333168,(3,9223372036854775807))
Edge(383069,30924,(3,9223372036854775807))
Edge(383290,434995,(3,9223372036854775807))
Edge(383925,40896,(3,9223372036854775807))
Edge(384109,403325,(1,3))
Edge(384621,225497,(3,9223372036854775807))
Edge(384691,128982,(3,9223372036854775807))
Edge(384866,354368,(3,9223372036854775807))
Edge(385058,213813,(3,9223372036854775807))
Edge(385836,419962,(3,9223372036854775807))
Edge(385922,24618,(3,9223372036854775807))
Edge(386366,63321,(3,9223372036854775807))
Edge(386530,344499,(1,9223372036854775807))
Edge(386543,277087,(3,9223372036854775807))
Edge(386620,328535,(3,9223372036854775807))
Edge(387027,229541,(1,3))
Edge(387143,302381,(3,9223372036854775807))
Edge(387891,299952,(3,9223372036854775807))
Edge(388157,494445,(3,9223372036854775807))
Edge(388168,453128,(3,9223372036854775807))
Edge(388218,221057,(3,9223372036854775807))
Edge(388930,354427,(3,9223372036854775807))
Edge(388955,178398,(1,9223372036854775807))
Edge(389038,325613,(3,9223372036854775807))
Edge(389591,140767,(3,9223372036854775807))
Edge(389651,91141,(3,9223372036854775807))
Edge(389899,259362,(1,3))
Edge(391209,425963,(3,9223372036854775807))
Edge(391372,427727,(1,9223372036854775807))
Edge(391739,108658,(3,9223372036854775807))
Edge(392438,224220,(3,9223372036854775807))
Edge(392456,287098,(1,9223372036854775807))
Edge(392744,240523,(3,9223372036854775807))
Edge(392825,460120,(3,9223372036854775807))
Edge(392833,6757,(3,9223372036854775807))
Edge(392835,400463,(3,9223372036854775807))
Edge(393128,383277,(3,9223372036854775807))
Edge(393682,185178,(3,9223372036854775807))
Edge(393796,414867,(1,3))
Edge(393917,272902,(3,9223372036854775807))
Edge(394261,418136,(3,9223372036854775807))
Edge(395258,377733,(3,9223372036854775807))
Edge(395553,55544,(3,9223372036854775807))
Edge(395807,433525,(1,3))
Edge(395868,160205,(3,9223372036854775807))
Edge(395935,185359,(3,9223372036854775807))
Edge(396161,345658,(3,9223372036854775807))
Edge(396316,475993,(3,9223372036854775807))
Edge(396483,153624,(1,3))
Edge(396553,320216,(3,9223372036854775807))
Edge(396560,246380,(3,9223372036854775807))
Edge(396658,439327,(3,9223372036854775807))
Edge(396816,464034,(3,9223372036854775807))
Edge(396842,52290,(3,9223372036854775807))
Edge(396871,38852,(3,9223372036854775807))
Edge(397311,450086,(1,9223372036854775807))
Edge(397374,337033,(3,9223372036854775807))
Edge(397820,280959,(3,9223372036854775807))
Edge(397961,447286,(3,9223372036854775807))
Edge(398097,216982,(3,9223372036854775807))
Edge(398142,438854,(3,9223372036854775807))
Edge(398510,6052,(3,9223372036854775807))
Edge(398677,31484,(1,9223372036854775807))
Edge(399103,343132,(3,9223372036854775807))
Edge(399263,93821,(3,9223372036854775807))
Edge(399329,168934,(3,9223372036854775807))
Edge(399663,173996,(1,9223372036854775807))
Edge(399708,353920,(3,9223372036854775807))
Edge(399968,81536,(1,3))
Edge(400585,279705,(3,9223372036854775807))
Edge(400600,12723,(3,9223372036854775807))
Edge(400701,11271,(3,9223372036854775807))
Edge(400803,157897,(3,9223372036854775807))
Edge(400931,161269,(3,9223372036854775807))
Edge(401440,210561,(1,3))
Edge(401515,158924,(3,9223372036854775807))
Edge(401667,257715,(3,9223372036854775807))
Edge(401797,329667,(3,9223372036854775807))
Edge(401870,339961,(3,9223372036854775807))
Edge(402491,417742,(3,9223372036854775807))
Edge(402761,125624,(1,9223372036854775807))
Edge(402769,26691,(3,9223372036854775807))
Edge(403247,426071,(1,9223372036854775807))
Edge(403295,489570,(3,9223372036854775807))
Edge(404059,161965,(1,3))
Edge(404348,73407,(3,9223372036854775807))
Edge(404407,118612,(3,9223372036854775807))
Edge(404683,265534,(3,9223372036854775807))
Edge(405174,414285,(3,9223372036854775807))
Edge(405270,457396,(3,9223372036854775807))
Edge(405401,487779,(3,9223372036854775807))
Edge(405708,359867,(3,9223372036854775807))
Edge(406432,313263,(1,3))
Edge(406520,312311,(3,9223372036854775807))
Edge(406686,132259,(1,9223372036854775807))
Edge(406944,309128,(3,9223372036854775807))
Edge(407082,458146,(3,9223372036854775807))
Edge(407117,296373,(3,9223372036854775807))
Edge(407244,431856,(3,9223372036854775807))
Edge(407285,266228,(3,9223372036854775807))
Edge(407418,429618,(1,3))
Edge(407471,13747,(3,9223372036854775807))
Edge(407603,187001,(3,9223372036854775807))
Edge(407691,330418,(1,9223372036854775807))
Edge(408268,470015,(3,9223372036854775807))
Edge(408329,181636,(3,9223372036854775807))
Edge(408439,286907,(1,9223372036854775807))
Edge(408946,319325,(1,3))
Edge(409631,407213,(3,9223372036854775807))
Edge(410358,461428,(3,9223372036854775807))
Edge(410729,109922,(3,9223372036854775807))
Edge(411084,231647,(3,9223372036854775807))
Edge(411521,447531,(3,9223372036854775807))
Edge(411544,179338,(3,9223372036854775807))
Edge(411648,52763,(3,9223372036854775807))
Edge(412358,152213,(3,9223372036854775807))
Edge(412627,462274,(3,9223372036854775807))
Edge(412684,134173,(3,9223372036854775807))
Edge(412747,424263,(1,9223372036854775807))
Edge(412792,176541,(3,9223372036854775807))
Edge(413216,72015,(3,9223372036854775807))
Edge(413329,98123,(3,9223372036854775807))
Edge(413583,84671,(3,9223372036854775807))
Edge(413787,29554,(3,9223372036854775807))
Edge(414308,46274,(3,9223372036854775807))
Edge(414496,82164,(3,9223372036854775807))
Edge(415119,57298,(3,9223372036854775807))
Edge(415151,107039,(3,9223372036854775807))
Edge(415612,242896,(3,9223372036854775807))
Edge(415912,39766,(3,9223372036854775807))
Edge(416312,34449,(3,9223372036854775807))
Edge(416315,414008,(3,9223372036854775807))
Edge(416344,81139,(3,9223372036854775807))
Edge(416501,154015,(3,9223372036854775807))
Edge(416537,3135,(3,9223372036854775807))
Edge(416568,154884,(1,9223372036854775807))
Edge(416608,471525,(3,9223372036854775807))
Edge(417107,446384,(3,9223372036854775807))
Edge(417160,436105,(3,9223372036854775807))
Edge(417970,252416,(3,9223372036854775807))
Edge(418035,442004,(3,9223372036854775807))
Edge(418415,489607,(3,9223372036854775807))
Edge(418449,12015,(1,9223372036854775807))
Edge(418927,149092,(1,3))
Edge(419246,276274,(3,9223372036854775807))
Edge(419474,307206,(3,9223372036854775807))
Edge(419525,135126,(3,9223372036854775807))
Edge(419553,212545,(3,9223372036854775807))
Edge(419630,178931,(1,3))
Edge(420250,471185,(3,9223372036854775807))
Edge(420584,226965,(3,9223372036854775807))
Edge(420777,271542,(3,9223372036854775807))
Edge(420975,63302,(3,9223372036854775807))
Edge(421285,5800,(1,9223372036854775807))
Edge(422049,373056,(3,9223372036854775807))
Edge(422208,292368,(1,9223372036854775807))
Edge(422850,125683,(1,3))
Edge(422984,141902,(3,9223372036854775807))
Edge(423283,92548,(3,9223372036854775807))
Edge(423640,488999,(3,9223372036854775807))
Edge(423829,208059,(1,9223372036854775807))
Edge(423997,253567,(3,9223372036854775807))
Edge(424266,351138,(3,9223372036854775807))
Edge(424343,93369,(3,9223372036854775807))
Edge(424797,391273,(1,9223372036854775807))
Edge(424837,45561,(1,9223372036854775807))
Edge(425138,184650,(3,9223372036854775807))
Edge(425524,140413,(1,9223372036854775807))
Edge(425772,267929,(3,9223372036854775807))
Edge(425827,156163,(3,9223372036854775807))
Edge(426093,192204,(3,9223372036854775807))
Edge(426355,308448,(3,9223372036854775807))
Edge(426776,50831,(3,9223372036854775807))
Edge(426952,6291,(3,9223372036854775807))
Edge(427119,231531,(3,9223372036854775807))
Edge(427179,234987,(3,9223372036854775807))
Edge(427333,160774,(3,9223372036854775807))
Edge(427427,320921,(3,9223372036854775807))
Edge(427761,253170,(1,9223372036854775807))
Edge(428082,34408,(1,9223372036854775807))
Edge(428317,244232,(3,9223372036854775807))
Edge(428329,177013,(1,9223372036854775807))
Edge(428547,257238,(3,9223372036854775807))
Edge(428859,320396,(1,9223372036854775807))
Edge(428937,98862,(3,9223372036854775807))
Edge(429964,401610,(3,9223372036854775807))
Edge(430025,277611,(3,9223372036854775807))
Edge(430093,127499,(3,9223372036854775807))
Edge(430294,287020,(3,9223372036854775807))
Edge(430309,114338,(3,9223372036854775807))
Edge(430601,457857,(1,3))
Edge(430788,266716,(3,9223372036854775807))
Edge(430900,305530,(3,9223372036854775807))
Edge(431024,322766,(3,9223372036854775807))
Edge(431750,342894,(3,9223372036854775807))
Edge(431751,499654,(3,9223372036854775807))
Edge(431937,379517,(3,9223372036854775807))
Edge(432142,197573,(3,9223372036854775807))
Edge(432976,320260,(3,9223372036854775807))
Edge(433035,267377,(1,9223372036854775807))
Edge(433084,468509,(3,9223372036854775807))
Edge(433838,463885,(3,9223372036854775807))
Edge(434101,213655,(3,9223372036854775807))
Edge(434400,37624,(3,9223372036854775807))
Edge(434609,372222,(1,3))
Edge(434890,89896,(3,9223372036854775807))
Edge(435713,20232,(3,9223372036854775807))
Edge(436073,64730,(3,9223372036854775807))
Edge(436168,85887,(1,3))
Edge(436225,292789,(3,9223372036854775807))
Edge(436957,195658,(3,9223372036854775807))
Edge(437002,63355,(3,9223372036854775807))
Edge(437304,240361,(3,9223372036854775807))
Edge(437421,125421,(1,3))
Edge(437523,82246,(1,9223372036854775807))
Edge(437684,466479,(3,9223372036854775807))
Edge(437907,78871,(3,9223372036854775807))
Edge(438187,186396,(3,9223372036854775807))
Edge(438352,444731,(3,9223372036854775807))
Edge(438592,197416,(3,9223372036854775807))
Edge(438775,92594,(3,9223372036854775807))
Edge(438830,169008,(3,9223372036854775807))
Edge(438966,423671,(3,9223372036854775807))
Edge(439509,98824,(3,9223372036854775807))
Edge(440565,273869,(3,9223372036854775807))
Edge(440631,27489,(3,9223372036854775807))
Edge(440809,57695,(3,9223372036854775807))
Edge(440988,6270,(3,9223372036854775807))
Edge(441268,122644,(3,9223372036854775807))
Edge(441346,103689,(3,9223372036854775807))
Edge(441884,339221,(1,9223372036854775807))
Edge(441898,113644,(1,9223372036854775807))
Edge(442202,28272,(3,9223372036854775807))
Edge(442426,324994,(3,9223372036854775807))
Edge(442823,210878,(4,9223372036854775807))
Edge(442981,58608,(3,9223372036854775807))
Edge(443674,20204,(3,9223372036854775807))
Edge(443907,261573,(3,9223372036854775807))
Edge(444925,193118,(1,9223372036854775807))
Edge(445439,354491,(3,9223372036854775807))
Edge(445647,22124,(3,9223372036854775807))
Edge(446140,384829,(1,9223372036854775807))
Edge(446639,55770,(3,9223372036854775807))
Edge(446770,359965,(1,3))
Edge(447047,260417,(3,9223372036854775807))
Edge(447094,295618,(3,9223372036854775807))
Edge(447327,89315,(3,9223372036854775807))
Edge(447426,165024,(1,9223372036854775807))
Edge(447726,4687,(3,9223372036854775807))
Edge(447875,255454,(3,9223372036854775807))
Edge(448042,352390,(3,9223372036854775807))
Edge(448430,184198,(3,9223372036854775807))
Edge(448550,313084,(3,9223372036854775807))
Edge(448599,251671,(4,9223372036854775807))
Edge(448702,246780,(1,9223372036854775807))
Edge(448950,342298,(3,9223372036854775807))
Edge(448961,20429,(1,9223372036854775807))
Edge(449284,105086,(3,9223372036854775807))
Edge(449515,319020,(3,9223372036854775807))
Edge(449600,408642,(1,9223372036854775807))
Edge(449603,123519,(3,9223372036854775807))
Edge(449621,290665,(3,9223372036854775807))
Edge(450551,116500,(3,9223372036854775807))
Edge(450656,391217,(1,9223372036854775807))
Edge(450881,22061,(3,9223372036854775807))
Edge(450919,90492,(3,9223372036854775807))
Edge(451225,371201,(3,9223372036854775807))
Edge(451578,133927,(3,9223372036854775807))
Edge(451916,101558,(3,9223372036854775807))
Edge(452195,310617,(1,9223372036854775807))
Edge(452797,281835,(3,9223372036854775807))
Edge(453689,476422,(3,9223372036854775807))
Edge(453769,255816,(3,9223372036854775807))
Edge(454019,316690,(1,4))
Edge(454036,147252,(3,9223372036854775807))
Edge(454056,232312,(1,9223372036854775807))
Edge(454351,10907,(3,9223372036854775807))
Edge(454640,394180,(1,3))
Edge(454778,219227,(3,9223372036854775807))
Edge(455194,55111,(1,3))
Edge(455600,403228,(1,9223372036854775807))
Edge(455655,17497,(1,9223372036854775807))
Edge(455904,195725,(3,9223372036854775807))
Edge(456201,328818,(1,9223372036854775807))
Edge(457627,374304,(3,9223372036854775807))
Edge(457634,410641,(1,9223372036854775807))
Edge(458144,25368,(1,9223372036854775807))
Edge(458157,261599,(3,9223372036854775807))
Edge(458853,368535,(3,9223372036854775807))
Edge(458914,430743,(3,9223372036854775807))
Edge(458945,273427,(3,9223372036854775807))
Edge(459059,335437,(1,9223372036854775807))
Edge(459083,455940,(3,9223372036854775807))
Edge(459430,140434,(1,9223372036854775807))
Edge(460605,283121,(1,9223372036854775807))
Edge(461549,431140,(3,9223372036854775807))
Edge(461600,144137,(3,9223372036854775807))
Edge(461720,350181,(1,3))
Edge(461923,129611,(3,9223372036854775807))
Edge(462415,346439,(3,9223372036854775807))
Edge(462958,370563,(3,9223372036854775807))
Edge(463403,370837,(3,9223372036854775807))
Edge(463406,389722,(3,9223372036854775807))
Edge(463511,181549,(3,9223372036854775807))
Edge(463575,378868,(3,9223372036854775807))
Edge(463580,315356,(3,9223372036854775807))
Edge(463824,253421,(1,3))
Edge(464537,256792,(3,9223372036854775807))
Edge(464582,1933,(3,9223372036854775807))
Edge(464706,102579,(3,9223372036854775807))
Edge(464950,496298,(3,9223372036854775807))
Edge(464974,125897,(3,9223372036854775807))
Edge(465470,167920,(1,9223372036854775807))
Edge(465881,193421,(3,9223372036854775807))
Edge(465988,331132,(3,9223372036854775807))
Edge(466119,255595,(3,9223372036854775807))
Edge(466185,298326,(3,9223372036854775807))
Edge(466272,481501,(3,9223372036854775807))
Edge(466465,289879,(3,9223372036854775807))
Edge(466553,436357,(3,9223372036854775807))
Edge(466608,424547,(1,3))
Edge(466696,324979,(3,9223372036854775807))
Edge(466752,36632,(3,9223372036854775807))
Edge(466776,448161,(1,9223372036854775807))
Edge(466816,90728,(3,9223372036854775807))
Edge(466982,305592,(1,9223372036854775807))
Edge(467109,21338,(3,9223372036854775807))
Edge(467169,289379,(1,9223372036854775807))
Edge(467477,250950,(3,9223372036854775807))
Edge(467811,56230,(3,9223372036854775807))
Edge(467954,44398,(3,9223372036854775807))
Edge(468097,328800,(3,9223372036854775807))
Edge(468362,492712,(3,9223372036854775807))
Edge(468416,351487,(1,9223372036854775807))
Edge(468872,279814,(3,9223372036854775807))
Edge(469001,307247,(3,9223372036854775807))
Edge(469084,33481,(1,9223372036854775807))
Edge(469301,198794,(3,9223372036854775807))
Edge(469348,474972,(3,9223372036854775807))
Edge(469507,450738,(3,9223372036854775807))
Edge(469729,37601,(3,9223372036854775807))
Edge(470155,242567,(1,3))
Edge(470396,303934,(1,9223372036854775807))
Edge(470628,380654,(3,9223372036854775807))
Edge(470657,38242,(1,3))
Edge(471062,81270,(1,3))
Edge(471161,224894,(1,3))
Edge(471243,460775,(3,9223372036854775807))
Edge(471285,160471,(3,9223372036854775807))
Edge(471541,280621,(4,9223372036854775807))
Edge(471964,392500,(3,9223372036854775807))
Edge(472009,265650,(1,3))
Edge(472143,138779,(3,9223372036854775807))
Edge(472630,487607,(3,9223372036854775807))
Edge(472713,255381,(1,3))
Edge(472768,454903,(3,9223372036854775807))
Edge(473081,268226,(3,9223372036854775807))
Edge(473214,470936,(3,9223372036854775807))
Edge(473334,91930,(3,9223372036854775807))
Edge(473581,253075,(1,9223372036854775807))
Edge(473697,33471,(3,9223372036854775807))
Edge(473848,253029,(1,3))
Edge(474037,122807,(1,9223372036854775807))
Edge(474560,311526,(3,9223372036854775807))
Edge(474973,117911,(3,9223372036854775807))
Edge(475074,26925,(3,9223372036854775807))
Edge(475363,304687,(3,9223372036854775807))
Edge(475597,43003,(1,9223372036854775807))
Edge(475686,319566,(3,9223372036854775807))
Edge(476045,193423,(3,9223372036854775807))
Edge(476127,16714,(3,9223372036854775807))
Edge(476363,170595,(3,9223372036854775807))
Edge(477047,247038,(3,9223372036854775807))
Edge(477203,291488,(1,9223372036854775807))
Edge(477256,82114,(3,9223372036854775807))
Edge(477375,443731,(1,9223372036854775807))
Edge(477501,172216,(1,9223372036854775807))
Edge(477865,458615,(3,9223372036854775807))
Edge(477905,126281,(1,3))
Edge(478011,355260,(3,9223372036854775807))
Edge(478233,211111,(3,9223372036854775807))
Edge(478492,16608,(3,9223372036854775807))
Edge(478526,120156,(3,9223372036854775807))
Edge(478621,178277,(3,9223372036854775807))
Edge(478863,28794,(1,9223372036854775807))
Edge(478863,238219,(3,9223372036854775807))
Edge(478972,234348,(3,9223372036854775807))
Edge(479392,49901,(3,9223372036854775807))
Edge(479469,415219,(3,9223372036854775807))
Edge(480112,136917,(3,9223372036854775807))
Edge(480120,413953,(3,9223372036854775807))
Edge(480131,431095,(3,9223372036854775807))
Edge(480663,438561,(1,3))
Edge(480975,185585,(3,9223372036854775807))
Edge(481065,321701,(1,9223372036854775807))
Edge(481347,401294,(3,9223372036854775807))
Edge(481638,432595,(3,9223372036854775807))
Edge(481763,388156,(3,9223372036854775807))
Edge(482052,61966,(3,9223372036854775807))
Edge(482821,60771,(1,9223372036854775807))
Edge(482842,338052,(1,9223372036854775807))
Edge(483076,428797,(1,9223372036854775807))
Edge(483714,339860,(1,9223372036854775807))
Edge(484033,302428,(3,9223372036854775807))
Edge(484327,38673,(3,9223372036854775807))
Edge(485246,19098,(3,9223372036854775807))
Edge(485481,477043,(3,9223372036854775807))
Edge(485610,271159,(3,9223372036854775807))
Edge(485709,446668,(3,9223372036854775807))
Edge(485852,419504,(1,3))
Edge(485975,410106,(1,9223372036854775807))
Edge(486083,166209,(3,9223372036854775807))
Edge(486097,265110,(3,9223372036854775807))
Edge(486249,59468,(3,9223372036854775807))
Edge(486404,467686,(3,9223372036854775807))
Edge(486553,394869,(1,3))
Edge(486573,47555,(3,9223372036854775807))
Edge(486809,298949,(3,9223372036854775807))
Edge(487428,60945,(1,9223372036854775807))
Edge(487963,378797,(1,9223372036854775807))
Edge(488220,64440,(1,3))
Edge(488369,91505,(1,9223372036854775807))
Edge(488383,81689,(3,9223372036854775807))
Edge(488924,465896,(1,9223372036854775807))
Edge(489194,353336,(1,3))
Edge(489512,299914,(1,9223372036854775807))
Edge(489972,63005,(3,9223372036854775807))
Edge(490064,289399,(3,9223372036854775807))
Edge(490430,345898,(3,9223372036854775807))
Edge(491054,427152,(3,9223372036854775807))
Edge(491179,399136,(3,9223372036854775807))
Edge(491473,207472,(1,9223372036854775807))
Edge(491609,228531,(3,9223372036854775807))
Edge(491725,246669,(1,9223372036854775807))
Edge(492176,399893,(1,9223372036854775807))
Edge(492230,259039,(3,9223372036854775807))
Edge(492245,121467,(1,9223372036854775807))
Edge(492346,445349,(3,9223372036854775807))
Edge(492476,223124,(1,3))
Edge(492482,478560,(3,9223372036854775807))
Edge(492853,471578,(3,9223372036854775807))
Edge(493026,225965,(3,9223372036854775807))
Edge(493201,358973,(3,9223372036854775807))
Edge(493628,195189,(3,9223372036854775807))
Edge(493925,38263,(3,9223372036854775807))
Edge(494329,251568,(1,9223372036854775807))
Edge(494605,449136,(3,9223372036854775807))
Edge(494727,354323,(1,9223372036854775807))
Edge(495073,482182,(3,9223372036854775807))
Edge(495075,89323,(3,9223372036854775807))
Edge(495265,259843,(1,3))
Edge(495288,456408,(3,9223372036854775807))
Edge(495514,340275,(3,9223372036854775807))
Edge(495624,433796,(3,9223372036854775807))
Edge(495628,209013,(3,9223372036854775807))
Edge(495642,78332,(3,9223372036854775807))
Edge(495692,103048,(3,9223372036854775807))
Edge(495720,476212,(3,9223372036854775807))
Edge(495943,176935,(3,9223372036854775807))
Edge(496323,143969,(3,9223372036854775807))
Edge(496617,206208,(3,9223372036854775807))
Edge(496997,275670,(3,9223372036854775807))
Edge(497172,54103,(1,9223372036854775807))
Edge(497327,150887,(3,9223372036854775807))
Edge(497754,201931,(3,9223372036854775807))
Edge(497840,99348,(3,9223372036854775807))
Edge(498026,450145,(3,9223372036854775807))
Edge(498405,414656,(3,9223372036854775807))
Edge(498609,113450,(1,3))
Edge(498840,34912,(3,9223372036854775807))
Edge(499248,463478,(3,9223372036854775807))
Edge(499382,136702,(3,9223372036854775807))
Edge(499882,13188,(3,9223372036854775807))
