Edge(106,25591,(3,9223372036854775807))
Edge(199,333634,(3,9223372036854775807))
Edge(749,224177,(3,9223372036854775807))
Edge(916,174958,(3,9223372036854775807))
Edge(1282,385272,(3,9223372036854775807))
Edge(1584,271549,(3,9223372036854775807))
Edge(1607,64661,(3,9223372036854775807))
Edge(1697,310902,(3,9223372036854775807))
Edge(1711,136070,(3,9223372036854775807))
Edge(1822,97666,(1,9223372036854775807))
Edge(1959,478522,(1,3))
Edge(1981,302901,(3,9223372036854775807))
Edge(2123,212212,(3,9223372036854775807))
Edge(2184,327651,(3,9223372036854775807))
Edge(2373,254233,(3,9223372036854775807))
Edge(2492,295869,(3,9223372036854775807))
Edge(2587,65780,(3,9223372036854775807))
Edge(2728,344677,(3,9223372036854775807))
Edge(3670,368549,(3,9223372036854775807))
Edge(4285,323183,(1,9223372036854775807))
Edge(4300,328499,(3,9223372036854775807))
Edge(4758,489847,(3,9223372036854775807))
Edge(4788,8696,(1,3))
Edge(4834,103191,(3,9223372036854775807))
Edge(5122,239297,(3,9223372036854775807))
Edge(5703,476137,(3,9223372036854775807))
Edge(5802,99967,(3,9223372036854775807))
Edge(6012,332801,(1,9223372036854775807))
Edge(6015,256268,(3,9223372036854775807))
Edge(6032,364255,(1,9223372036854775807))
Edge(6464,401522,(3,9223372036854775807))
Edge(6814,48991,(3,9223372036854775807))
Edge(7140,63950,(1,9223372036854775807))
Edge(7314,250666,(1,9223372036854775807))
Edge(7395,176336,(3,9223372036854775807))
Edge(7699,326,(3,9223372036854775807))
Edge(8182,111730,(3,9223372036854775807))
Edge(8210,158771,(3,9223372036854775807))
Edge(8338,73108,(3,9223372036854775807))
Edge(8881,454254,(3,9223372036854775807))
Edge(9043,217015,(3,9223372036854775807))
Edge(9278,64295,(3,9223372036854775807))
Edge(9449,455193,(3,9223372036854775807))
Edge(9863,210183,(1,9223372036854775807))
Edge(9880,344820,(1,3))
Edge(10378,125953,(3,9223372036854775807))
Edge(10424,147736,(3,9223372036854775807))
Edge(10526,79992,(3,9223372036854775807))
Edge(10733,117168,(3,9223372036854775807))
Edge(10737,301628,(3,9223372036854775807))
Edge(10924,439251,(3,9223372036854775807))
Edge(11212,70490,(3,9223372036854775807))
Edge(11312,149198,(3,9223372036854775807))
Edge(11898,360490,(3,9223372036854775807))
Edge(11920,386088,(3,9223372036854775807))
Edge(12515,200142,(3,9223372036854775807))
Edge(12820,345042,(3,9223372036854775807))
Edge(12856,6081,(1,3))
Edge(13156,298482,(3,9223372036854775807))
Edge(13224,307105,(1,9223372036854775807))
Edge(13961,434071,(3,9223372036854775807))
Edge(14028,308706,(3,9223372036854775807))
Edge(14036,494316,(1,9223372036854775807))
Edge(14210,358955,(3,9223372036854775807))
Edge(15138,281609,(1,9223372036854775807))
Edge(15323,354457,(3,9223372036854775807))
Edge(15706,81453,(1,9223372036854775807))
Edge(16209,329814,(3,9223372036854775807))
Edge(16808,25199,(3,9223372036854775807))
Edge(17342,435519,(3,9223372036854775807))
Edge(18067,251541,(3,9223372036854775807))
Edge(18533,497700,(3,9223372036854775807))
Edge(18574,166541,(3,9223372036854775807))
Edge(20469,223532,(3,9223372036854775807))
Edge(20828,160988,(3,9223372036854775807))
Edge(20861,125031,(3,9223372036854775807))
Edge(21154,153751,(3,9223372036854775807))
Edge(21419,336753,(3,9223372036854775807))
Edge(21498,113676,(1,9223372036854775807))
Edge(22576,102068,(3,9223372036854775807))
Edge(22653,225740,(3,9223372036854775807))
Edge(22991,37654,(1,9223372036854775807))
Edge(23470,373265,(3,9223372036854775807))
Edge(23933,258479,(3,9223372036854775807))
Edge(24523,199908,(1,9223372036854775807))
Edge(24677,195837,(3,9223372036854775807))
Edge(25624,300515,(3,9223372036854775807))
Edge(26556,183709,(1,9223372036854775807))
Edge(26802,98784,(1,9223372036854775807))
Edge(27568,142256,(3,9223372036854775807))
Edge(27748,23374,(1,3))
Edge(27766,281173,(1,3))
Edge(28261,148419,(3,9223372036854775807))
Edge(28918,131280,(3,9223372036854775807))
Edge(29758,54645,(1,9223372036854775807))
Edge(30110,437046,(3,9223372036854775807))
Edge(30460,142598,(1,9223372036854775807))
Edge(30512,40935,(3,9223372036854775807))
Edge(30691,31238,(3,9223372036854775807))
Edge(30699,141007,(1,9223372036854775807))
Edge(31117,367457,(3,9223372036854775807))
Edge(31245,397403,(1,9223372036854775807))
Edge(31281,284025,(3,9223372036854775807))
Edge(31577,42241,(3,9223372036854775807))
Edge(32229,317851,(3,9223372036854775807))
Edge(32250,132595,(3,9223372036854775807))
Edge(33615,176055,(3,9223372036854775807))
Edge(34176,196103,(3,9223372036854775807))
Edge(34202,81219,(3,9223372036854775807))
Edge(34362,200887,(3,9223372036854775807))
Edge(35062,408507,(3,9223372036854775807))
Edge(35623,138194,(3,9223372036854775807))
Edge(36404,25828,(3,9223372036854775807))
Edge(36545,156725,(3,9223372036854775807))
Edge(36554,259550,(3,9223372036854775807))
Edge(36768,454651,(3,9223372036854775807))
Edge(36768,491241,(3,9223372036854775807))
Edge(36778,52377,(1,9223372036854775807))
Edge(36837,295478,(3,9223372036854775807))
Edge(37060,157771,(3,9223372036854775807))
Edge(37067,12862,(1,3))
Edge(37447,18726,(1,3))
Edge(38811,224241,(1,3))
Edge(38850,383712,(3,9223372036854775807))
Edge(39193,162137,(3,9223372036854775807))
Edge(39683,438469,(3,9223372036854775807))
Edge(39745,479340,(3,9223372036854775807))
Edge(39833,51161,(3,9223372036854775807))
Edge(39932,439314,(3,9223372036854775807))
Edge(40426,84576,(3,9223372036854775807))
Edge(40501,104235,(3,9223372036854775807))
Edge(40603,452393,(3,9223372036854775807))
Edge(40661,203921,(3,9223372036854775807))
Edge(40663,289800,(1,9223372036854775807))
Edge(40891,155375,(3,9223372036854775807))
Edge(40989,163844,(3,9223372036854775807))
Edge(41118,80897,(3,9223372036854775807))
Edge(41128,305077,(3,9223372036854775807))
Edge(41325,70966,(3,9223372036854775807))
Edge(41561,313423,(3,9223372036854775807))
Edge(41610,285138,(3,9223372036854775807))
Edge(42210,123958,(3,9223372036854775807))
Edge(42393,303631,(1,9223372036854775807))
Edge(43171,259711,(3,9223372036854775807))
Edge(43371,167135,(3,9223372036854775807))
Edge(43436,442202,(3,9223372036854775807))
Edge(43697,191894,(3,9223372036854775807))
Edge(43917,460658,(1,3))
Edge(44092,421744,(3,9223372036854775807))
Edge(44113,300077,(3,9223372036854775807))
Edge(44253,388777,(1,9223372036854775807))
Edge(44689,201060,(3,9223372036854775807))
Edge(44699,240459,(3,9223372036854775807))
Edge(44848,288270,(3,9223372036854775807))
Edge(45178,32814,(1,9223372036854775807))
Edge(45193,400172,(3,9223372036854775807))
Edge(45483,179623,(3,9223372036854775807))
Edge(45819,475707,(3,9223372036854775807))
Edge(46255,217049,(3,9223372036854775807))
Edge(46551,214047,(3,9223372036854775807))
Edge(46561,328369,(3,9223372036854775807))
Edge(46934,42946,(1,9223372036854775807))
Edge(46965,428691,(1,9223372036854775807))
Edge(47419,296417,(3,9223372036854775807))
Edge(47488,463168,(3,9223372036854775807))
Edge(47499,282193,(3,9223372036854775807))
Edge(47529,339020,(3,9223372036854775807))
Edge(47587,435806,(1,9223372036854775807))
Edge(48117,259287,(3,9223372036854775807))
Edge(48290,332194,(3,9223372036854775807))
Edge(49055,397077,(1,9223372036854775807))
Edge(49073,341648,(3,9223372036854775807))
Edge(49080,236079,(1,3))
Edge(49535,498430,(3,9223372036854775807))
Edge(50849,10112,(3,9223372036854775807))
Edge(50892,192750,(3,9223372036854775807))
Edge(51320,454046,(3,9223372036854775807))
Edge(51342,95754,(1,9223372036854775807))
Edge(52667,372170,(4,9223372036854775807))
Edge(52930,47007,(3,9223372036854775807))
Edge(53303,220369,(3,9223372036854775807))
Edge(53391,394082,(3,9223372036854775807))
Edge(53550,151890,(3,9223372036854775807))
Edge(53954,70070,(3,9223372036854775807))
Edge(54096,51286,(3,9223372036854775807))
Edge(54151,37660,(3,9223372036854775807))
Edge(54195,408605,(3,9223372036854775807))
Edge(54223,196402,(1,9223372036854775807))
Edge(54299,148803,(1,9223372036854775807))
Edge(54647,479794,(3,9223372036854775807))
Edge(54810,143862,(3,9223372036854775807))
Edge(54866,304869,(3,9223372036854775807))
Edge(55109,216717,(3,9223372036854775807))
Edge(55555,22296,(3,9223372036854775807))
Edge(55572,172877,(3,9223372036854775807))
Edge(55727,317682,(3,9223372036854775807))
Edge(55752,256747,(1,9223372036854775807))
Edge(56576,85581,(3,9223372036854775807))
Edge(56833,451835,(3,9223372036854775807))
Edge(57137,327780,(3,9223372036854775807))
Edge(57479,85197,(3,9223372036854775807))
Edge(57751,402779,(3,9223372036854775807))
Edge(57968,67540,(3,9223372036854775807))
Edge(58619,31329,(3,9223372036854775807))
Edge(58658,421142,(3,9223372036854775807))
Edge(60072,219534,(3,9223372036854775807))
Edge(60297,232254,(1,9223372036854775807))
Edge(60344,148099,(3,9223372036854775807))
Edge(60562,333960,(3,9223372036854775807))
Edge(60853,429206,(3,9223372036854775807))
Edge(60872,127796,(3,9223372036854775807))
Edge(61342,330018,(3,9223372036854775807))
Edge(61479,189132,(3,9223372036854775807))
Edge(61811,220305,(3,9223372036854775807))
Edge(61952,149746,(1,3))
Edge(62068,243248,(1,9223372036854775807))
Edge(62114,313492,(3,9223372036854775807))
Edge(62267,167359,(3,9223372036854775807))
Edge(63259,91557,(3,9223372036854775807))
Edge(63932,255182,(3,9223372036854775807))
Edge(64103,81994,(1,9223372036854775807))
Edge(64415,68618,(4,9223372036854775807))
Edge(64701,143126,(3,9223372036854775807))
Edge(64744,201416,(3,9223372036854775807))
Edge(64901,494077,(3,9223372036854775807))
Edge(65028,72691,(3,9223372036854775807))
Edge(65855,362283,(3,9223372036854775807))
Edge(66148,82220,(3,9223372036854775807))
Edge(66274,200144,(3,9223372036854775807))
Edge(66408,116963,(1,3))
Edge(67378,421483,(1,3))
Edge(67637,14021,(3,9223372036854775807))
Edge(67796,378451,(3,9223372036854775807))
Edge(67879,460865,(1,9223372036854775807))
Edge(67893,224502,(3,9223372036854775807))
Edge(67919,227241,(1,9223372036854775807))
Edge(68428,218949,(3,9223372036854775807))
Edge(68581,492042,(3,9223372036854775807))
Edge(68616,91155,(1,9223372036854775807))
Edge(68627,364165,(3,9223372036854775807))
Edge(69724,475272,(3,9223372036854775807))
Edge(70688,413311,(3,9223372036854775807))
Edge(70920,374228,(3,9223372036854775807))
Edge(71024,116674,(3,9223372036854775807))
Edge(71757,31302,(3,9223372036854775807))
Edge(71965,55047,(3,9223372036854775807))
Edge(72413,487498,(3,9223372036854775807))
Edge(73168,438359,(1,9223372036854775807))
Edge(73461,487249,(3,9223372036854775807))
Edge(73976,271338,(3,9223372036854775807))
Edge(74411,494848,(3,9223372036854775807))
Edge(74447,328018,(1,9223372036854775807))
Edge(74509,7310,(3,9223372036854775807))
Edge(74524,192281,(3,9223372036854775807))
Edge(74597,492914,(3,9223372036854775807))
Edge(74799,97736,(3,9223372036854775807))
Edge(74806,129951,(1,3))
Edge(74855,184678,(3,9223372036854775807))
Edge(74858,301563,(3,9223372036854775807))
Edge(74935,8593,(3,9223372036854775807))
Edge(74963,395163,(3,9223372036854775807))
Edge(75073,70410,(3,9223372036854775807))
Edge(75323,281983,(4,9223372036854775807))
Edge(75535,243556,(3,9223372036854775807))
Edge(75544,437915,(3,9223372036854775807))
Edge(75907,88677,(3,9223372036854775807))
Edge(77018,38365,(3,9223372036854775807))
Edge(77157,260562,(3,9223372036854775807))
Edge(77724,468473,(3,9223372036854775807))
Edge(77767,379147,(1,9223372036854775807))
Edge(78084,207653,(3,9223372036854775807))
Edge(78551,444029,(3,9223372036854775807))
Edge(78755,392303,(3,9223372036854775807))
Edge(79486,420387,(3,9223372036854775807))
Edge(79982,496348,(3,9223372036854775807))
Edge(80090,360504,(3,9223372036854775807))
Edge(80745,78889,(3,9223372036854775807))
Edge(80986,305835,(1,9223372036854775807))
Edge(81528,306360,(3,9223372036854775807))
Edge(82144,158240,(1,3))
Edge(82335,3580,(3,9223372036854775807))
Edge(82608,18930,(1,9223372036854775807))
Edge(82791,360078,(3,9223372036854775807))
Edge(82843,31153,(3,9223372036854775807))
Edge(83041,429226,(3,9223372036854775807))
Edge(83292,70451,(3,9223372036854775807))
Edge(83321,467648,(3,9223372036854775807))
Edge(83764,72817,(3,9223372036854775807))
Edge(83849,269270,(1,9223372036854775807))
Edge(83878,111717,(3,9223372036854775807))
Edge(84853,149562,(3,9223372036854775807))
Edge(85031,449123,(3,9223372036854775807))
Edge(85107,351461,(3,9223372036854775807))
Edge(85214,77950,(3,9223372036854775807))
Edge(85339,486489,(3,9223372036854775807))
Edge(86185,405799,(3,9223372036854775807))
Edge(86583,9461,(1,3))
Edge(87002,194120,(1,9223372036854775807))
Edge(87086,315188,(3,9223372036854775807))
Edge(87190,302569,(3,9223372036854775807))
Edge(87239,221721,(3,9223372036854775807))
Edge(87323,424123,(3,9223372036854775807))
Edge(87815,418200,(3,9223372036854775807))
Edge(88094,378894,(3,9223372036854775807))
Edge(88238,213485,(3,9223372036854775807))
Edge(88644,42010,(3,9223372036854775807))
Edge(88692,83454,(3,9223372036854775807))
Edge(88728,189410,(3,9223372036854775807))
Edge(89528,214458,(3,9223372036854775807))
Edge(89867,467776,(3,9223372036854775807))
Edge(89991,450512,(3,9223372036854775807))
Edge(90155,169643,(3,9223372036854775807))
Edge(90522,213413,(3,9223372036854775807))
Edge(91184,432125,(3,9223372036854775807))
Edge(91259,428050,(3,9223372036854775807))
Edge(91960,345807,(3,9223372036854775807))
Edge(92229,298545,(3,9223372036854775807))
Edge(92244,135140,(3,9223372036854775807))
Edge(92264,490840,(3,9223372036854775807))
Edge(92617,125792,(3,9223372036854775807))
Edge(93166,483850,(3,9223372036854775807))
Edge(93654,138565,(3,9223372036854775807))
Edge(93860,160795,(3,9223372036854775807))
Edge(93911,39207,(3,9223372036854775807))
Edge(94381,122527,(3,9223372036854775807))
Edge(94511,35684,(3,9223372036854775807))
Edge(94581,486031,(3,9223372036854775807))
Edge(95541,354448,(3,9223372036854775807))
Edge(95619,477171,(3,9223372036854775807))
Edge(95738,305808,(1,3))
Edge(95832,133283,(3,9223372036854775807))
Edge(96429,97725,(3,9223372036854775807))
Edge(96600,100633,(3,9223372036854775807))
Edge(97197,79053,(3,9223372036854775807))
Edge(97394,27800,(3,9223372036854775807))
Edge(97414,370843,(3,9223372036854775807))
Edge(97421,484280,(3,9223372036854775807))
Edge(97657,242806,(3,9223372036854775807))
Edge(98008,100917,(3,9223372036854775807))
Edge(98136,435524,(3,9223372036854775807))
Edge(98361,369601,(1,9223372036854775807))
Edge(98504,295094,(1,9223372036854775807))
Edge(98586,32870,(3,9223372036854775807))
Edge(98837,214278,(3,9223372036854775807))
Edge(98839,253479,(3,9223372036854775807))
Edge(99009,208436,(3,9223372036854775807))
Edge(99157,477188,(3,9223372036854775807))
Edge(99734,327344,(1,9223372036854775807))
Edge(99980,281301,(3,9223372036854775807))
Edge(100072,364269,(3,9223372036854775807))
Edge(100299,145551,(1,3))
Edge(100350,245334,(3,9223372036854775807))
Edge(100373,93268,(1,3))
Edge(100984,38432,(1,9223372036854775807))
Edge(101247,317937,(3,9223372036854775807))
Edge(101266,126478,(3,9223372036854775807))
Edge(101749,193846,(1,9223372036854775807))
Edge(101947,120061,(3,9223372036854775807))
Edge(102794,437018,(3,9223372036854775807))
Edge(102833,491552,(3,9223372036854775807))
Edge(103906,118080,(1,9223372036854775807))
Edge(104050,364569,(3,9223372036854775807))
Edge(104137,7093,(1,9223372036854775807))
Edge(104485,40403,(3,9223372036854775807))
Edge(104698,427598,(3,9223372036854775807))
Edge(104844,215176,(3,9223372036854775807))
Edge(104891,459853,(1,9223372036854775807))
Edge(104954,179575,(3,9223372036854775807))
Edge(105029,391428,(3,9223372036854775807))
Edge(105396,400538,(3,9223372036854775807))
Edge(105416,121735,(1,9223372036854775807))
Edge(105833,1256,(3,9223372036854775807))
Edge(106439,383422,(3,9223372036854775807))
Edge(106569,69296,(1,9223372036854775807))
Edge(106569,132844,(3,9223372036854775807))
Edge(106898,165185,(1,9223372036854775807))
Edge(107074,277273,(1,3))
Edge(107446,219228,(3,9223372036854775807))
Edge(107522,96279,(3,9223372036854775807))
Edge(107542,457281,(1,9223372036854775807))
Edge(107712,126958,(3,9223372036854775807))
Edge(108227,314097,(3,9223372036854775807))
Edge(108248,177156,(3,9223372036854775807))
Edge(108348,11662,(3,9223372036854775807))
Edge(108402,304361,(3,9223372036854775807))
Edge(108753,188615,(3,9223372036854775807))
Edge(108973,276821,(1,9223372036854775807))
Edge(110253,103491,(1,3))
Edge(110562,156695,(3,9223372036854775807))
Edge(111611,319873,(1,3))
Edge(112034,498176,(1,3))
Edge(112371,369151,(1,9223372036854775807))
Edge(112462,311550,(1,3))
Edge(112495,182240,(3,9223372036854775807))
Edge(112574,64562,(3,9223372036854775807))
Edge(113117,421429,(3,9223372036854775807))
Edge(113196,336091,(3,9223372036854775807))
Edge(113976,75345,(3,9223372036854775807))
Edge(113992,415197,(1,9223372036854775807))
Edge(114525,374659,(3,9223372036854775807))
Edge(115304,140515,(1,9223372036854775807))
Edge(115357,112705,(3,9223372036854775807))
Edge(116391,243444,(3,9223372036854775807))
Edge(116985,245314,(3,9223372036854775807))
Edge(117035,63826,(3,9223372036854775807))
Edge(117147,20642,(3,9223372036854775807))
Edge(117377,48418,(3,9223372036854775807))
Edge(117825,312630,(3,9223372036854775807))
Edge(117835,352617,(3,9223372036854775807))
Edge(118134,392422,(3,9223372036854775807))
Edge(118199,497832,(3,9223372036854775807))
Edge(118201,95485,(3,9223372036854775807))
Edge(118224,291486,(3,9223372036854775807))
Edge(118281,427699,(1,9223372036854775807))
Edge(118526,82334,(3,9223372036854775807))
Edge(118983,297678,(3,9223372036854775807))
Edge(119215,241079,(3,9223372036854775807))
Edge(119292,332888,(3,9223372036854775807))
Edge(119453,199965,(1,3))
Edge(119967,348979,(3,9223372036854775807))
Edge(121078,227144,(3,9223372036854775807))
Edge(121221,334399,(3,9223372036854775807))
Edge(121231,92724,(3,9223372036854775807))
Edge(121326,180608,(3,9223372036854775807))
Edge(121331,20077,(3,9223372036854775807))
Edge(121647,348100,(3,9223372036854775807))
Edge(122529,67493,(1,9223372036854775807))
Edge(122593,144173,(3,9223372036854775807))
Edge(122720,386212,(3,9223372036854775807))
Edge(122831,260242,(1,3))
Edge(123477,408143,(3,9223372036854775807))
Edge(123657,150573,(3,9223372036854775807))
Edge(123827,4210,(3,9223372036854775807))
Edge(123853,350461,(3,9223372036854775807))
Edge(124249,490505,(3,9223372036854775807))
Edge(125065,181969,(3,9223372036854775807))
Edge(125823,33657,(3,9223372036854775807))
Edge(125964,57662,(3,9223372036854775807))
Edge(126035,367717,(3,9223372036854775807))
Edge(126266,442513,(3,9223372036854775807))
Edge(126339,75329,(3,9223372036854775807))
Edge(126539,283614,(3,9223372036854775807))
Edge(126864,264867,(3,9223372036854775807))
Edge(126999,208738,(3,9223372036854775807))
Edge(127263,62407,(1,9223372036854775807))
Edge(127353,230433,(3,9223372036854775807))
Edge(127397,386718,(1,9223372036854775807))
Edge(127531,431113,(3,9223372036854775807))
Edge(127690,249006,(3,9223372036854775807))
Edge(128083,235832,(3,9223372036854775807))
Edge(128707,27689,(3,9223372036854775807))
Edge(129035,356875,(3,9223372036854775807))
Edge(129207,268812,(3,9223372036854775807))
Edge(129416,171406,(3,9223372036854775807))
Edge(130117,98288,(1,9223372036854775807))
Edge(130192,401425,(3,9223372036854775807))
Edge(130474,87876,(3,9223372036854775807))
Edge(130495,5758,(3,9223372036854775807))
Edge(130839,334131,(1,9223372036854775807))
Edge(131053,146679,(3,9223372036854775807))
Edge(131136,416496,(3,9223372036854775807))
Edge(132090,294054,(1,3))
Edge(132739,91989,(3,9223372036854775807))
Edge(132918,269139,(3,9223372036854775807))
Edge(133192,220804,(3,9223372036854775807))
Edge(133520,206695,(3,9223372036854775807))
Edge(133812,292424,(1,3))
Edge(133966,251982,(3,9223372036854775807))
Edge(135108,456622,(3,9223372036854775807))
Edge(135231,408000,(3,9223372036854775807))
Edge(135361,43601,(3,9223372036854775807))
Edge(135834,270976,(3,9223372036854775807))
Edge(136554,427766,(3,9223372036854775807))
Edge(136612,243569,(1,9223372036854775807))
Edge(136644,159982,(3,9223372036854775807))
Edge(136962,224174,(3,9223372036854775807))
Edge(137149,480119,(3,9223372036854775807))
Edge(138072,294470,(1,9223372036854775807))
Edge(138250,64664,(1,9223372036854775807))
Edge(139525,456280,(3,9223372036854775807))
Edge(139735,304126,(3,9223372036854775807))
Edge(139841,92029,(3,9223372036854775807))
Edge(140085,192634,(3,9223372036854775807))
Edge(140111,277198,(3,9223372036854775807))
Edge(140163,245751,(3,9223372036854775807))
Edge(140259,114068,(3,9223372036854775807))
Edge(140366,93127,(3,9223372036854775807))
Edge(141471,128975,(3,9223372036854775807))
Edge(141568,206871,(3,9223372036854775807))
Edge(141667,296963,(3,9223372036854775807))
Edge(141898,372892,(3,9223372036854775807))
Edge(142496,318012,(3,9223372036854775807))
Edge(142744,29523,(3,9223372036854775807))
Edge(142832,267525,(3,9223372036854775807))
Edge(142837,228611,(3,9223372036854775807))
Edge(143038,22934,(3,9223372036854775807))
Edge(143178,180200,(3,9223372036854775807))
Edge(143377,7069,(3,9223372036854775807))
Edge(143406,450462,(1,9223372036854775807))
Edge(143645,4133,(3,9223372036854775807))
Edge(143733,168734,(3,9223372036854775807))
Edge(143923,16464,(3,9223372036854775807))
Edge(144722,209567,(3,9223372036854775807))
Edge(144979,134659,(3,9223372036854775807))
Edge(145251,281258,(1,9223372036854775807))
Edge(145470,63841,(3,9223372036854775807))
Edge(146276,283373,(1,9223372036854775807))
Edge(146884,368022,(3,9223372036854775807))
Edge(146913,79113,(3,9223372036854775807))
Edge(147580,432824,(3,9223372036854775807))
Edge(147658,389216,(3,9223372036854775807))
Edge(147817,125824,(3,9223372036854775807))
Edge(148426,225212,(3,9223372036854775807))
Edge(148441,16002,(1,3))
Edge(148594,130640,(1,3))
Edge(149451,162553,(1,3))
Edge(149466,14766,(3,9223372036854775807))
Edge(149587,332187,(3,9223372036854775807))
Edge(150814,211014,(3,9223372036854775807))
Edge(151051,115438,(3,9223372036854775807))
Edge(151266,70199,(3,9223372036854775807))
Edge(151869,139550,(3,9223372036854775807))
Edge(152175,360014,(3,9223372036854775807))
Edge(152364,218975,(3,9223372036854775807))
Edge(152463,222755,(3,9223372036854775807))
Edge(152727,286711,(3,9223372036854775807))
Edge(153003,448344,(1,9223372036854775807))
Edge(153008,267678,(3,9223372036854775807))
Edge(153084,166166,(3,9223372036854775807))
Edge(153254,314305,(1,9223372036854775807))
Edge(153463,395840,(3,9223372036854775807))
Edge(153733,98478,(3,9223372036854775807))
Edge(154006,463371,(3,9223372036854775807))
Edge(154147,56316,(1,3))
Edge(155327,294218,(3,9223372036854775807))
Edge(155537,270673,(3,9223372036854775807))
Edge(155558,231562,(3,9223372036854775807))
Edge(155695,220446,(3,9223372036854775807))
Edge(155868,277175,(4,9223372036854775807))
Edge(155919,45200,(1,9223372036854775807))
Edge(156151,343600,(3,9223372036854775807))
Edge(157206,359745,(3,9223372036854775807))
Edge(157232,476602,(3,9223372036854775807))
Edge(157399,206529,(3,9223372036854775807))
Edge(157713,223032,(3,9223372036854775807))
Edge(157768,289208,(1,3))
Edge(157966,60796,(3,9223372036854775807))
Edge(158233,419658,(1,9223372036854775807))
Edge(158314,411583,(3,9223372036854775807))
Edge(158890,37569,(3,9223372036854775807))
Edge(159935,25361,(3,9223372036854775807))
Edge(159954,193240,(1,9223372036854775807))
Edge(160057,487124,(3,9223372036854775807))
Edge(160410,342720,(3,9223372036854775807))
Edge(160558,298653,(1,9223372036854775807))
Edge(160573,216878,(3,9223372036854775807))
Edge(160778,228381,(3,9223372036854775807))
Edge(161171,47482,(3,9223372036854775807))
Edge(161505,335678,(3,9223372036854775807))
Edge(161711,47957,(1,9223372036854775807))
Edge(163516,202089,(3,9223372036854775807))
Edge(163739,191095,(4,9223372036854775807))
Edge(163972,56662,(1,9223372036854775807))
Edge(164665,349232,(3,9223372036854775807))
Edge(164700,24817,(3,9223372036854775807))
Edge(165348,476817,(3,9223372036854775807))
Edge(165468,203520,(3,9223372036854775807))
Edge(165564,105489,(1,9223372036854775807))
Edge(166475,364893,(3,9223372036854775807))
Edge(166579,410575,(3,9223372036854775807))
Edge(166709,315587,(1,9223372036854775807))
Edge(166902,51003,(1,9223372036854775807))
Edge(167078,34010,(3,9223372036854775807))
Edge(167487,184458,(3,9223372036854775807))
Edge(167857,232420,(3,9223372036854775807))
Edge(168011,495804,(1,3))
Edge(169113,25984,(1,3))
Edge(169405,328915,(1,9223372036854775807))
Edge(169555,96658,(3,9223372036854775807))
Edge(169798,352593,(3,9223372036854775807))
Edge(170270,112043,(3,9223372036854775807))
Edge(170326,275359,(1,9223372036854775807))
Edge(170391,358423,(3,9223372036854775807))
Edge(170674,409860,(1,3))
Edge(170713,158715,(3,9223372036854775807))
Edge(170827,374321,(1,3))
Edge(170877,122559,(3,9223372036854775807))
Edge(171434,285390,(1,3))
Edge(172000,179329,(3,9223372036854775807))
Edge(172116,50835,(1,3))
Edge(172774,357285,(3,9223372036854775807))
Edge(173164,168678,(3,9223372036854775807))
Edge(173589,248236,(3,9223372036854775807))
Edge(173666,406449,(3,9223372036854775807))
Edge(173791,471999,(3,9223372036854775807))
Edge(174010,65764,(3,9223372036854775807))
Edge(174524,9566,(3,9223372036854775807))
Edge(174877,292053,(3,9223372036854775807))
Edge(175075,273964,(1,9223372036854775807))
Edge(175209,18943,(3,9223372036854775807))
Edge(175363,246390,(3,9223372036854775807))
Edge(175432,178747,(3,9223372036854775807))
Edge(176640,349130,(3,9223372036854775807))
Edge(176722,312982,(3,9223372036854775807))
Edge(176797,312317,(3,9223372036854775807))
Edge(177029,176776,(3,9223372036854775807))
Edge(177227,431843,(3,9223372036854775807))
Edge(177270,45143,(3,9223372036854775807))
Edge(177894,446763,(3,9223372036854775807))
Edge(178137,225787,(3,9223372036854775807))
Edge(178354,348937,(3,9223372036854775807))
Edge(178369,386233,(3,9223372036854775807))
Edge(178432,412048,(3,9223372036854775807))
Edge(178927,185564,(3,9223372036854775807))
Edge(179296,445308,(3,9223372036854775807))
Edge(179564,219351,(3,9223372036854775807))
Edge(179738,300962,(1,9223372036854775807))
Edge(180205,443011,(3,9223372036854775807))
Edge(180373,214684,(3,9223372036854775807))
Edge(180441,130433,(1,9223372036854775807))
Edge(180478,282731,(1,9223372036854775807))
Edge(180494,419193,(3,9223372036854775807))
Edge(180638,61965,(3,9223372036854775807))
Edge(180731,316699,(3,9223372036854775807))
Edge(180800,342688,(3,9223372036854775807))
Edge(181460,54201,(3,9223372036854775807))
Edge(181599,149967,(3,9223372036854775807))
Edge(181922,344657,(3,9223372036854775807))
Edge(182195,9421,(3,9223372036854775807))
Edge(182197,309271,(3,9223372036854775807))
Edge(182374,449439,(3,9223372036854775807))
Edge(182484,248418,(3,9223372036854775807))
Edge(182914,496960,(3,9223372036854775807))
Edge(183006,424935,(3,9223372036854775807))
Edge(183360,29828,(1,3))
Edge(183567,264064,(3,9223372036854775807))
Edge(183605,133333,(1,9223372036854775807))
Edge(183879,279218,(3,9223372036854775807))
Edge(183937,331555,(3,9223372036854775807))
Edge(184071,489673,(3,9223372036854775807))
Edge(184116,247631,(3,9223372036854775807))
Edge(184214,288220,(3,9223372036854775807))
Edge(184241,53895,(3,9223372036854775807))
Edge(185709,396057,(3,9223372036854775807))
Edge(185742,149007,(3,9223372036854775807))
Edge(186839,24541,(3,9223372036854775807))
Edge(187105,17417,(3,9223372036854775807))
Edge(187273,106205,(1,9223372036854775807))
Edge(187709,399391,(1,9223372036854775807))
Edge(187710,137456,(1,9223372036854775807))
Edge(188025,269497,(1,9223372036854775807))
Edge(188086,114824,(3,9223372036854775807))
Edge(188201,427798,(3,9223372036854775807))
Edge(188347,329244,(3,9223372036854775807))
Edge(189260,472197,(1,9223372036854775807))
Edge(189361,236124,(3,9223372036854775807))
Edge(190266,292837,(1,9223372036854775807))
Edge(190553,305277,(3,9223372036854775807))
Edge(190603,153197,(3,9223372036854775807))
Edge(191447,458142,(3,9223372036854775807))
Edge(191597,419007,(3,9223372036854775807))
Edge(191632,313204,(3,9223372036854775807))
Edge(192030,474697,(1,9223372036854775807))
Edge(193726,313063,(1,9223372036854775807))
Edge(194840,117099,(3,9223372036854775807))
Edge(195129,382454,(3,9223372036854775807))
Edge(195905,299542,(1,9223372036854775807))
Edge(196113,469519,(3,9223372036854775807))
Edge(196351,488303,(3,9223372036854775807))
Edge(196449,432620,(3,9223372036854775807))
Edge(196755,322025,(3,9223372036854775807))
Edge(196861,488680,(3,9223372036854775807))
Edge(197069,197968,(1,9223372036854775807))
Edge(197461,373204,(3,9223372036854775807))
Edge(197648,215874,(3,9223372036854775807))
Edge(197777,222656,(3,9223372036854775807))
Edge(197897,89131,(3,9223372036854775807))
Edge(197987,267288,(3,9223372036854775807))
Edge(198041,428653,(3,9223372036854775807))
Edge(198291,161439,(3,9223372036854775807))
Edge(198543,114445,(3,9223372036854775807))
Edge(198601,97401,(1,9223372036854775807))
Edge(199223,275752,(3,9223372036854775807))
Edge(199319,452389,(3,9223372036854775807))
Edge(199480,268341,(3,9223372036854775807))
Edge(199891,128751,(3,9223372036854775807))
Edge(199927,247710,(3,9223372036854775807))
Edge(200192,300089,(1,3))
Edge(200407,347050,(3,9223372036854775807))
Edge(201073,216310,(3,9223372036854775807))
Edge(201360,264464,(3,9223372036854775807))
Edge(201455,38997,(1,9223372036854775807))
Edge(201917,499028,(3,9223372036854775807))
Edge(202062,286705,(3,9223372036854775807))
Edge(202213,400869,(3,9223372036854775807))
Edge(202774,220505,(3,9223372036854775807))
Edge(203084,359409,(3,9223372036854775807))
Edge(203221,254776,(3,9223372036854775807))
Edge(203387,197365,(3,9223372036854775807))
Edge(203525,131131,(1,9223372036854775807))
Edge(203943,232612,(3,9223372036854775807))
Edge(203985,298851,(3,9223372036854775807))
Edge(204416,468133,(3,9223372036854775807))
Edge(204479,19128,(3,9223372036854775807))
Edge(204895,166024,(3,9223372036854775807))
Edge(205419,237203,(1,3))
Edge(205684,490540,(3,9223372036854775807))
Edge(205744,147853,(1,3))
Edge(205972,319130,(3,9223372036854775807))
Edge(206094,48538,(3,9223372036854775807))
Edge(206904,475808,(3,9223372036854775807))
Edge(207687,335605,(3,9223372036854775807))
Edge(207699,119171,(3,9223372036854775807))
Edge(208103,418427,(3,9223372036854775807))
Edge(208835,217395,(3,9223372036854775807))
Edge(208972,183299,(3,9223372036854775807))
Edge(209660,35077,(3,9223372036854775807))
Edge(209994,274813,(1,3))
Edge(210053,191569,(3,9223372036854775807))
Edge(210317,359105,(3,9223372036854775807))
Edge(210594,372736,(1,3))
Edge(211642,237622,(3,9223372036854775807))
Edge(211891,305031,(3,9223372036854775807))
Edge(212351,269721,(3,9223372036854775807))
Edge(212743,450054,(3,9223372036854775807))
Edge(212784,349184,(3,9223372036854775807))
Edge(212800,113587,(1,3))
Edge(213682,363390,(3,9223372036854775807))
Edge(214052,42359,(3,9223372036854775807))
Edge(214788,86971,(3,9223372036854775807))
Edge(214817,52218,(3,9223372036854775807))
Edge(214996,226169,(3,9223372036854775807))
Edge(215130,216222,(3,9223372036854775807))
Edge(215587,15888,(3,9223372036854775807))
Edge(216440,350924,(1,3))
Edge(216456,177168,(3,9223372036854775807))
Edge(216463,451300,(3,9223372036854775807))
Edge(216568,16366,(3,9223372036854775807))
Edge(216864,195340,(3,9223372036854775807))
Edge(218416,175008,(1,3))
Edge(218923,396237,(3,9223372036854775807))
Edge(218958,449581,(3,9223372036854775807))
Edge(219480,277448,(3,9223372036854775807))
Edge(219666,51510,(3,9223372036854775807))
Edge(220036,445899,(3,9223372036854775807))
Edge(220209,77629,(1,3))
Edge(221163,270015,(3,9223372036854775807))
Edge(221209,2318,(3,9223372036854775807))
Edge(221231,200095,(1,3))
Edge(221723,6027,(1,9223372036854775807))
Edge(221790,200391,(3,9223372036854775807))
Edge(222138,96116,(3,9223372036854775807))
Edge(222267,318440,(3,9223372036854775807))
Edge(222734,476702,(3,9223372036854775807))
Edge(223099,375188,(1,3))
Edge(223158,435898,(1,9223372036854775807))
Edge(223166,417864,(3,9223372036854775807))
Edge(223185,316260,(1,9223372036854775807))
Edge(223289,130313,(3,9223372036854775807))
Edge(223862,274777,(3,9223372036854775807))
Edge(223946,42635,(3,9223372036854775807))
Edge(223955,11427,(1,9223372036854775807))
Edge(224030,395621,(3,9223372036854775807))
Edge(224156,425119,(3,9223372036854775807))
Edge(224774,1475,(3,9223372036854775807))
Edge(224904,404555,(3,9223372036854775807))
Edge(226036,169334,(1,9223372036854775807))
Edge(226703,78919,(3,9223372036854775807))
Edge(226722,455998,(3,9223372036854775807))
Edge(227395,77612,(3,9223372036854775807))
Edge(227628,342764,(3,9223372036854775807))
Edge(227841,26485,(3,9223372036854775807))
Edge(227995,400979,(3,9223372036854775807))
Edge(228591,232340,(3,9223372036854775807))
Edge(228902,7941,(1,9223372036854775807))
Edge(228978,446391,(3,9223372036854775807))
Edge(228983,51523,(3,9223372036854775807))
Edge(229892,237441,(3,9223372036854775807))
Edge(229902,350341,(3,9223372036854775807))
Edge(230095,181116,(3,9223372036854775807))
Edge(230518,149637,(3,9223372036854775807))
Edge(230631,410576,(3,9223372036854775807))
Edge(231693,99525,(3,9223372036854775807))
Edge(232051,4720,(3,9223372036854775807))
Edge(232352,197892,(3,9223372036854775807))
Edge(232784,361196,(3,9223372036854775807))
Edge(232799,102524,(1,9223372036854775807))
Edge(234459,229386,(3,9223372036854775807))
Edge(234485,409052,(3,9223372036854775807))
Edge(234502,322242,(3,9223372036854775807))
Edge(234797,193874,(3,9223372036854775807))
Edge(235135,177458,(3,9223372036854775807))
Edge(235182,157751,(1,3))
Edge(235499,157848,(3,9223372036854775807))
Edge(235521,475819,(3,9223372036854775807))
Edge(236499,413797,(3,9223372036854775807))
Edge(237079,256335,(3,9223372036854775807))
Edge(237493,264722,(3,9223372036854775807))
Edge(237636,19825,(1,9223372036854775807))
Edge(238537,313979,(3,9223372036854775807))
Edge(238699,174673,(3,9223372036854775807))
Edge(238835,61204,(3,9223372036854775807))
Edge(239047,443767,(3,9223372036854775807))
Edge(239213,489170,(3,9223372036854775807))
Edge(239250,465397,(3,9223372036854775807))
Edge(239692,422379,(3,9223372036854775807))
Edge(239741,181769,(3,9223372036854775807))
Edge(240791,355877,(3,9223372036854775807))
Edge(241096,297996,(3,9223372036854775807))
Edge(241685,262329,(3,9223372036854775807))
Edge(242139,495944,(3,9223372036854775807))
Edge(242142,318194,(1,9223372036854775807))
Edge(242461,446536,(3,9223372036854775807))
Edge(242775,49148,(3,9223372036854775807))
Edge(242827,429818,(3,9223372036854775807))
Edge(243003,99147,(3,9223372036854775807))
Edge(243165,75476,(3,9223372036854775807))
Edge(243419,242426,(1,9223372036854775807))
Edge(243611,353051,(3,9223372036854775807))
Edge(243660,411359,(3,9223372036854775807))
Edge(243782,318299,(1,9223372036854775807))
Edge(244579,54773,(3,9223372036854775807))
Edge(244624,424501,(3,9223372036854775807))
Edge(244893,223721,(3,9223372036854775807))
Edge(245628,305266,(3,9223372036854775807))
Edge(246368,277428,(3,9223372036854775807))
Edge(246753,418350,(1,9223372036854775807))
Edge(247071,171651,(3,9223372036854775807))
Edge(247309,66848,(3,9223372036854775807))
Edge(247625,82279,(3,9223372036854775807))
Edge(247825,439023,(3,9223372036854775807))
Edge(247844,398872,(3,9223372036854775807))
Edge(247914,32930,(3,9223372036854775807))
Edge(248025,45386,(3,9223372036854775807))
Edge(248057,165384,(1,9223372036854775807))
Edge(248165,314913,(3,9223372036854775807))
Edge(248257,97569,(3,9223372036854775807))
Edge(248656,81721,(1,9223372036854775807))
Edge(248687,296573,(3,9223372036854775807))
Edge(249123,389421,(4,9223372036854775807))
Edge(249315,315329,(3,9223372036854775807))
Edge(249347,165054,(3,9223372036854775807))
Edge(249440,149715,(3,9223372036854775807))
Edge(249556,315407,(3,9223372036854775807))
Edge(249724,292644,(3,9223372036854775807))
Edge(249990,370422,(3,9223372036854775807))
Edge(250160,230279,(3,9223372036854775807))
Edge(250390,216405,(1,9223372036854775807))
Edge(250472,377839,(3,9223372036854775807))
Edge(250792,127744,(3,9223372036854775807))
Edge(251318,259939,(3,9223372036854775807))
Edge(251429,113772,(3,9223372036854775807))
Edge(252411,85006,(3,9223372036854775807))
Edge(252459,169993,(3,9223372036854775807))
Edge(252468,412026,(3,9223372036854775807))
Edge(252480,149526,(4,9223372036854775807))
Edge(252679,172922,(3,9223372036854775807))
Edge(252767,85412,(3,9223372036854775807))
Edge(254391,179100,(3,9223372036854775807))
Edge(254669,145995,(1,3))
Edge(254917,400195,(3,9223372036854775807))
Edge(254953,154183,(3,9223372036854775807))
Edge(255278,8301,(3,9223372036854775807))
Edge(255448,117975,(1,9223372036854775807))
Edge(256132,162206,(3,9223372036854775807))
Edge(256245,419152,(3,9223372036854775807))
Edge(256394,59126,(3,9223372036854775807))
Edge(256411,107200,(3,9223372036854775807))
Edge(256840,432538,(3,9223372036854775807))
Edge(257091,258383,(3,9223372036854775807))
Edge(257115,286087,(3,9223372036854775807))
Edge(257282,449276,(3,9223372036854775807))
Edge(257769,468092,(3,9223372036854775807))
Edge(257984,41147,(1,9223372036854775807))
Edge(258456,342814,(3,9223372036854775807))
Edge(258719,134611,(3,9223372036854775807))
Edge(258833,431311,(3,9223372036854775807))
Edge(259149,197417,(3,9223372036854775807))
Edge(259470,12743,(3,9223372036854775807))
Edge(259504,175217,(3,9223372036854775807))
Edge(259537,67945,(3,9223372036854775807))
Edge(259801,326152,(3,9223372036854775807))
Edge(260099,99222,(3,9223372036854775807))
Edge(260288,499242,(1,9223372036854775807))
Edge(260301,124816,(1,9223372036854775807))
Edge(260312,359618,(3,9223372036854775807))
Edge(260525,435846,(3,9223372036854775807))
Edge(260990,19946,(3,9223372036854775807))
Edge(261447,2978,(3,9223372036854775807))
Edge(261867,359133,(3,9223372036854775807))
Edge(262107,487197,(3,9223372036854775807))
Edge(262484,418122,(3,9223372036854775807))
Edge(262615,334247,(3,9223372036854775807))
Edge(262906,321732,(3,9223372036854775807))
Edge(263270,371981,(3,9223372036854775807))
Edge(263298,16884,(3,9223372036854775807))
Edge(263574,343128,(3,9223372036854775807))
Edge(263756,191260,(3,9223372036854775807))
Edge(264688,396002,(1,9223372036854775807))
Edge(265202,154003,(1,9223372036854775807))
Edge(265908,430406,(3,9223372036854775807))
Edge(266143,71135,(3,9223372036854775807))
Edge(266245,445976,(1,9223372036854775807))
Edge(266743,111446,(3,9223372036854775807))
Edge(266759,436872,(1,9223372036854775807))
Edge(266899,468630,(3,9223372036854775807))
Edge(266916,280007,(3,9223372036854775807))
Edge(266999,373649,(3,9223372036854775807))
Edge(267173,321362,(3,9223372036854775807))
Edge(267675,316802,(3,9223372036854775807))
Edge(267796,348352,(3,9223372036854775807))
Edge(268392,315929,(3,9223372036854775807))
Edge(269352,262164,(3,9223372036854775807))
Edge(269369,309481,(3,9223372036854775807))
Edge(269379,364658,(3,9223372036854775807))
Edge(269443,303483,(3,9223372036854775807))
Edge(269682,18223,(3,9223372036854775807))
Edge(269897,186542,(1,9223372036854775807))
Edge(269964,233189,(1,3))
Edge(270473,138822,(3,9223372036854775807))
Edge(270837,60737,(3,9223372036854775807))
Edge(271547,440593,(3,9223372036854775807))
Edge(271594,190653,(3,9223372036854775807))
Edge(271937,355841,(1,3))
Edge(272185,105694,(3,9223372036854775807))
Edge(272405,213855,(3,9223372036854775807))
Edge(272669,266455,(3,9223372036854775807))
Edge(273385,43538,(3,9223372036854775807))
Edge(274105,470159,(3,9223372036854775807))
Edge(274468,409989,(1,9223372036854775807))
Edge(274558,462464,(3,9223372036854775807))
Edge(274680,106191,(3,9223372036854775807))
Edge(274815,177054,(3,9223372036854775807))
Edge(274815,367881,(3,9223372036854775807))
Edge(274867,143759,(3,9223372036854775807))
Edge(275248,397680,(3,9223372036854775807))
Edge(275318,455269,(3,9223372036854775807))
Edge(276165,404471,(3,9223372036854775807))
Edge(276284,38624,(3,9223372036854775807))
Edge(276305,388877,(3,9223372036854775807))
Edge(276545,97705,(3,9223372036854775807))
Edge(276723,31169,(3,9223372036854775807))
Edge(276814,58041,(3,9223372036854775807))
Edge(277130,339747,(3,9223372036854775807))
Edge(277282,72602,(1,3))
Edge(277334,432439,(3,9223372036854775807))
Edge(277591,405023,(3,9223372036854775807))
Edge(277933,6413,(1,9223372036854775807))
Edge(279247,344814,(3,9223372036854775807))
Edge(279401,276407,(3,9223372036854775807))
Edge(279538,58431,(3,9223372036854775807))
Edge(279546,310490,(3,9223372036854775807))
Edge(280038,376396,(3,9223372036854775807))
Edge(280102,30267,(3,9223372036854775807))
Edge(280665,293074,(3,9223372036854775807))
Edge(280721,311121,(3,9223372036854775807))
Edge(281457,452021,(1,9223372036854775807))
Edge(281565,239327,(3,9223372036854775807))
Edge(282257,301788,(3,9223372036854775807))
Edge(282580,426452,(3,9223372036854775807))
Edge(282923,295170,(3,9223372036854775807))
Edge(283441,340559,(1,9223372036854775807))
Edge(284015,216485,(3,9223372036854775807))
Edge(284228,69440,(3,9223372036854775807))
Edge(285101,359234,(3,9223372036854775807))
Edge(285161,206205,(3,9223372036854775807))
Edge(285202,139827,(3,9223372036854775807))
Edge(285311,417358,(3,9223372036854775807))
Edge(285571,487345,(3,9223372036854775807))
Edge(286458,236457,(3,9223372036854775807))
Edge(286666,198114,(3,9223372036854775807))
Edge(286729,56529,(1,3))
Edge(286750,366569,(3,9223372036854775807))
Edge(287479,473552,(3,9223372036854775807))
Edge(287484,393679,(3,9223372036854775807))
Edge(287643,98319,(3,9223372036854775807))
Edge(287707,70881,(3,9223372036854775807))
Edge(287872,160388,(3,9223372036854775807))
Edge(288791,429902,(3,9223372036854775807))
Edge(289117,353230,(3,9223372036854775807))
Edge(289389,405367,(3,9223372036854775807))
Edge(289437,269884,(3,9223372036854775807))
Edge(289637,188251,(1,3))
Edge(290571,395,(3,9223372036854775807))
Edge(290759,412656,(3,9223372036854775807))
Edge(290828,53814,(1,3))
Edge(292798,289900,(3,9223372036854775807))
Edge(293059,231533,(3,9223372036854775807))
Edge(293342,182554,(3,9223372036854775807))
Edge(293412,4182,(3,9223372036854775807))
Edge(293565,376244,(3,9223372036854775807))
Edge(293804,107305,(3,9223372036854775807))
Edge(293967,115913,(3,9223372036854775807))
Edge(294319,152957,(3,9223372036854775807))
Edge(294357,31461,(1,9223372036854775807))
Edge(294610,92506,(1,3))
Edge(294675,132508,(3,9223372036854775807))
Edge(294781,326278,(1,9223372036854775807))
Edge(295158,359004,(3,9223372036854775807))
Edge(295759,213539,(3,9223372036854775807))
Edge(295925,218753,(3,9223372036854775807))
Edge(296046,299379,(3,9223372036854775807))
Edge(296135,283353,(1,9223372036854775807))
Edge(296361,487990,(3,9223372036854775807))
Edge(296994,95924,(3,9223372036854775807))
Edge(297281,497303,(1,9223372036854775807))
Edge(297286,233139,(1,9223372036854775807))
Edge(297539,454237,(3,9223372036854775807))
Edge(297636,450382,(3,9223372036854775807))
Edge(297779,111835,(3,9223372036854775807))
Edge(297966,134444,(1,9223372036854775807))
Edge(297966,158484,(3,9223372036854775807))
Edge(298115,438783,(3,9223372036854775807))
Edge(298229,130129,(3,9223372036854775807))
Edge(298807,165516,(3,9223372036854775807))
Edge(298860,411009,(3,9223372036854775807))
Edge(299081,390061,(1,9223372036854775807))
Edge(299389,378342,(3,9223372036854775807))
Edge(299640,321675,(3,9223372036854775807))
Edge(299974,200018,(1,9223372036854775807))
Edge(300650,323900,(3,9223372036854775807))
Edge(300732,401393,(1,9223372036854775807))
Edge(300761,99854,(3,9223372036854775807))
Edge(301077,377406,(1,3))
Edge(301235,42940,(3,9223372036854775807))
Edge(301420,420461,(3,9223372036854775807))
Edge(301948,30640,(3,9223372036854775807))
Edge(302397,226202,(3,9223372036854775807))
Edge(302674,8464,(1,9223372036854775807))
Edge(302857,331486,(1,9223372036854775807))
Edge(303550,172575,(3,9223372036854775807))
Edge(303961,345045,(3,9223372036854775807))
Edge(304020,449084,(3,9223372036854775807))
Edge(304628,24536,(1,9223372036854775807))
Edge(305201,459482,(1,3))
Edge(305543,433853,(3,9223372036854775807))
Edge(305610,18744,(1,9223372036854775807))
Edge(306016,315449,(3,9223372036854775807))
Edge(306223,388130,(3,9223372036854775807))
Edge(306313,222299,(1,9223372036854775807))
Edge(306361,295778,(1,9223372036854775807))
Edge(306616,233766,(3,9223372036854775807))
Edge(306893,73150,(3,9223372036854775807))
Edge(307121,61805,(3,9223372036854775807))
Edge(307140,477131,(3,9223372036854775807))
Edge(307615,468376,(3,9223372036854775807))
Edge(307936,405478,(3,9223372036854775807))
Edge(308612,359247,(3,9223372036854775807))
Edge(309178,388589,(3,9223372036854775807))
Edge(309711,8663,(3,9223372036854775807))
Edge(309903,16139,(1,9223372036854775807))
Edge(309974,345012,(3,9223372036854775807))
Edge(310079,22796,(1,3))
Edge(310171,168278,(1,3))
Edge(310800,256956,(3,9223372036854775807))
Edge(310986,116022,(3,9223372036854775807))
Edge(311086,197453,(3,9223372036854775807))
Edge(311449,394917,(3,9223372036854775807))
Edge(311452,97995,(3,9223372036854775807))
Edge(311549,75314,(3,9223372036854775807))
Edge(312087,66210,(3,9223372036854775807))
Edge(312857,472772,(3,9223372036854775807))
Edge(313105,357793,(3,9223372036854775807))
Edge(313117,221698,(3,9223372036854775807))
Edge(313276,357281,(3,9223372036854775807))
Edge(313491,458085,(1,9223372036854775807))
Edge(314310,321945,(3,9223372036854775807))
Edge(314474,76025,(3,9223372036854775807))
Edge(314783,445542,(3,9223372036854775807))
Edge(314934,310658,(3,9223372036854775807))
Edge(315024,255878,(3,9223372036854775807))
Edge(315093,431127,(3,9223372036854775807))
Edge(315118,57671,(3,9223372036854775807))
Edge(315327,155206,(3,9223372036854775807))
Edge(315346,15098,(3,9223372036854775807))
Edge(315534,416298,(1,3))
Edge(315592,256445,(3,9223372036854775807))
Edge(315769,276855,(3,9223372036854775807))
Edge(316739,205843,(3,9223372036854775807))
Edge(316755,275485,(1,9223372036854775807))
Edge(317361,137500,(3,9223372036854775807))
Edge(317570,183485,(4,9223372036854775807))
Edge(317602,328786,(3,9223372036854775807))
Edge(317888,367008,(3,9223372036854775807))
Edge(317915,51444,(3,9223372036854775807))
Edge(317962,411388,(3,9223372036854775807))
Edge(318051,4416,(3,9223372036854775807))
Edge(318249,185344,(3,9223372036854775807))
Edge(318999,210571,(1,9223372036854775807))
Edge(319066,60684,(3,9223372036854775807))
Edge(319666,400627,(3,9223372036854775807))
Edge(321126,355955,(1,9223372036854775807))
Edge(321345,119999,(3,9223372036854775807))
Edge(321364,207987,(3,9223372036854775807))
Edge(321805,306319,(3,9223372036854775807))
Edge(321917,253229,(3,9223372036854775807))
Edge(322079,142579,(1,3))
Edge(322172,12563,(1,9223372036854775807))
Edge(322183,482082,(3,9223372036854775807))
Edge(322446,91632,(3,9223372036854775807))
Edge(322513,328340,(1,3))
Edge(322618,22235,(3,9223372036854775807))
Edge(322896,427904,(3,9223372036854775807))
Edge(323500,397639,(3,9223372036854775807))
Edge(323705,46521,(3,9223372036854775807))
Edge(325328,359860,(3,9223372036854775807))
Edge(325450,333451,(3,9223372036854775807))
Edge(325637,331432,(3,9223372036854775807))
Edge(325730,178885,(3,9223372036854775807))
Edge(326346,304094,(3,9223372036854775807))
Edge(327020,277692,(1,3))
Edge(327263,394754,(3,9223372036854775807))
Edge(328006,497053,(3,9223372036854775807))
Edge(328580,88656,(3,9223372036854775807))
Edge(328633,480141,(3,9223372036854775807))
Edge(328677,315671,(3,9223372036854775807))
Edge(328840,360700,(3,9223372036854775807))
Edge(329192,85611,(3,9223372036854775807))
Edge(329281,434814,(3,9223372036854775807))
Edge(329467,98540,(3,9223372036854775807))
Edge(329581,72609,(1,9223372036854775807))
Edge(329587,408375,(3,9223372036854775807))
Edge(330259,178494,(3,9223372036854775807))
Edge(330268,318774,(3,9223372036854775807))
Edge(330532,394758,(3,9223372036854775807))
Edge(330587,158372,(3,9223372036854775807))
Edge(331703,143139,(3,9223372036854775807))
Edge(332459,43214,(3,9223372036854775807))
Edge(332563,26642,(3,9223372036854775807))
Edge(332985,336254,(3,9223372036854775807))
Edge(333107,26613,(1,9223372036854775807))
Edge(333260,227762,(3,9223372036854775807))
Edge(333456,82373,(3,9223372036854775807))
Edge(333852,195377,(3,9223372036854775807))
Edge(334067,340103,(3,9223372036854775807))
Edge(334248,105850,(3,9223372036854775807))
Edge(334276,99477,(3,9223372036854775807))
Edge(335167,367313,(3,9223372036854775807))
Edge(335610,343090,(3,9223372036854775807))
Edge(335780,90854,(1,3))
Edge(335891,54223,(3,9223372036854775807))
Edge(336178,420813,(3,9223372036854775807))
Edge(336333,270933,(1,9223372036854775807))
Edge(336481,486622,(1,9223372036854775807))
Edge(336482,350979,(3,9223372036854775807))
Edge(336593,153968,(3,9223372036854775807))
Edge(336646,199028,(3,9223372036854775807))
Edge(336678,162783,(3,9223372036854775807))
Edge(336808,493696,(3,9223372036854775807))
Edge(336915,473970,(3,9223372036854775807))
Edge(337089,154323,(3,9223372036854775807))
Edge(337273,71392,(1,3))
Edge(338281,100567,(3,9223372036854775807))
Edge(338715,360259,(3,9223372036854775807))
Edge(339086,379776,(3,9223372036854775807))
Edge(339279,68456,(3,9223372036854775807))
Edge(339686,95490,(3,9223372036854775807))
Edge(339851,19685,(3,9223372036854775807))
Edge(340477,180023,(1,9223372036854775807))
Edge(340762,56460,(1,9223372036854775807))
Edge(340970,46578,(3,9223372036854775807))
Edge(341359,16837,(3,9223372036854775807))
Edge(341589,38128,(3,9223372036854775807))
Edge(341916,6746,(3,9223372036854775807))
Edge(342054,352376,(3,9223372036854775807))
Edge(342384,467175,(3,9223372036854775807))
Edge(342495,10811,(3,9223372036854775807))
Edge(342599,382683,(1,3))
Edge(342760,388019,(3,9223372036854775807))
Edge(342765,239423,(3,9223372036854775807))
Edge(344003,424872,(3,9223372036854775807))
Edge(344018,189000,(3,9223372036854775807))
Edge(344671,369042,(3,9223372036854775807))
Edge(345194,217434,(3,9223372036854775807))
Edge(346017,460665,(3,9223372036854775807))
Edge(346056,79880,(3,9223372036854775807))
Edge(346186,449727,(3,9223372036854775807))
Edge(346556,437369,(3,9223372036854775807))
Edge(346610,9621,(1,9223372036854775807))
Edge(346762,10893,(3,9223372036854775807))
Edge(346900,487301,(3,9223372036854775807))
Edge(347602,339659,(3,9223372036854775807))
Edge(347670,439856,(3,9223372036854775807))
Edge(348053,248202,(3,9223372036854775807))
Edge(348254,297722,(3,9223372036854775807))
Edge(349466,105064,(3,9223372036854775807))
Edge(349850,240464,(3,9223372036854775807))
Edge(349904,43619,(3,9223372036854775807))
Edge(350130,141691,(3,9223372036854775807))
Edge(350554,339913,(3,9223372036854775807))
Edge(350976,236123,(3,9223372036854775807))
Edge(350991,59639,(1,9223372036854775807))
Edge(351008,218067,(1,9223372036854775807))
Edge(351151,279714,(1,9223372036854775807))
Edge(351292,457663,(3,9223372036854775807))
Edge(351900,204383,(3,9223372036854775807))
Edge(351910,270502,(3,9223372036854775807))
Edge(351927,240399,(3,9223372036854775807))
Edge(351963,254694,(3,9223372036854775807))
Edge(352249,321723,(3,9223372036854775807))
Edge(352497,82349,(3,9223372036854775807))
Edge(352655,320740,(3,9223372036854775807))
Edge(353187,210036,(3,9223372036854775807))
Edge(353732,115032,(3,9223372036854775807))
Edge(353748,37307,(3,9223372036854775807))
Edge(353755,388275,(3,9223372036854775807))
Edge(354688,489401,(3,9223372036854775807))
Edge(354982,210266,(3,9223372036854775807))
Edge(355096,326298,(1,9223372036854775807))
Edge(355332,241200,(3,9223372036854775807))
Edge(355436,23912,(3,9223372036854775807))
Edge(355502,114863,(3,9223372036854775807))
Edge(356035,43705,(3,9223372036854775807))
Edge(356407,417342,(3,9223372036854775807))
Edge(356825,48384,(3,9223372036854775807))
Edge(356944,161598,(1,3))
Edge(357099,389202,(3,9223372036854775807))
Edge(357154,409535,(3,9223372036854775807))
Edge(357713,287210,(1,9223372036854775807))
Edge(357940,486915,(1,9223372036854775807))
Edge(358055,7396,(1,9223372036854775807))
Edge(358260,311959,(3,9223372036854775807))
Edge(358633,260514,(3,9223372036854775807))
Edge(358705,232168,(3,9223372036854775807))
Edge(359168,1326,(3,9223372036854775807))
Edge(359329,79886,(3,9223372036854775807))
Edge(359446,223035,(1,9223372036854775807))
Edge(359853,341189,(3,9223372036854775807))
Edge(360649,351633,(3,9223372036854775807))
Edge(361052,149569,(3,9223372036854775807))
Edge(361138,72209,(3,9223372036854775807))
Edge(361263,44450,(3,9223372036854775807))
Edge(361280,328009,(3,9223372036854775807))
Edge(361875,490379,(3,9223372036854775807))
Edge(362234,270540,(1,9223372036854775807))
Edge(362577,342060,(3,9223372036854775807))
Edge(362677,327482,(3,9223372036854775807))
Edge(362787,12418,(3,9223372036854775807))
Edge(363389,86817,(3,9223372036854775807))
Edge(363664,191768,(1,9223372036854775807))
Edge(363909,496380,(3,9223372036854775807))
Edge(364023,296182,(3,9223372036854775807))
Edge(364444,363830,(1,9223372036854775807))
Edge(364669,232617,(3,9223372036854775807))
Edge(364803,241148,(3,9223372036854775807))
Edge(365227,131009,(1,9223372036854775807))
Edge(366171,255761,(1,9223372036854775807))
Edge(366226,231931,(3,9223372036854775807))
Edge(366627,387048,(3,9223372036854775807))
Edge(367177,388865,(1,3))
Edge(367357,170719,(1,3))
Edge(367507,297283,(3,9223372036854775807))
Edge(368015,152143,(1,3))
Edge(368492,328028,(3,9223372036854775807))
Edge(368650,56299,(1,3))
Edge(368875,7511,(1,3))
Edge(368975,346031,(1,3))
Edge(369111,427948,(3,9223372036854775807))
Edge(369904,215147,(3,9223372036854775807))
Edge(370087,448976,(3,9223372036854775807))
Edge(370099,275954,(1,3))
Edge(370143,169989,(3,9223372036854775807))
Edge(370177,478384,(3,9223372036854775807))
Edge(370226,193789,(3,9223372036854775807))
Edge(370372,321581,(3,9223372036854775807))
Edge(370639,232440,(3,9223372036854775807))
Edge(370780,330544,(3,9223372036854775807))
Edge(371234,254221,(3,9223372036854775807))
Edge(371932,186642,(3,9223372036854775807))
Edge(372388,416363,(3,9223372036854775807))
Edge(372969,315961,(1,9223372036854775807))
Edge(373076,453308,(3,9223372036854775807))
Edge(373091,121007,(3,9223372036854775807))
Edge(374513,304798,(3,9223372036854775807))
Edge(374667,37468,(1,3))
Edge(374797,186847,(3,9223372036854775807))
Edge(375009,33137,(3,9223372036854775807))
Edge(375435,377642,(3,9223372036854775807))
Edge(376579,169536,(3,9223372036854775807))
Edge(376789,436122,(1,3))
Edge(377213,84237,(3,9223372036854775807))
Edge(377334,473072,(3,9223372036854775807))
Edge(379862,141783,(3,9223372036854775807))
Edge(379977,466032,(3,9223372036854775807))
Edge(380008,499579,(3,9223372036854775807))
Edge(380125,254093,(3,9223372036854775807))
Edge(380603,213083,(3,9223372036854775807))
Edge(381186,406822,(1,3))
Edge(381213,205704,(1,9223372036854775807))
Edge(382353,7535,(3,9223372036854775807))
Edge(382675,134678,(1,9223372036854775807))
Edge(382875,111336,(1,9223372036854775807))
Edge(382914,403537,(3,9223372036854775807))
Edge(383065,222110,(1,9223372036854775807))
Edge(383657,407140,(3,9223372036854775807))
Edge(383729,13593,(3,9223372036854775807))
Edge(384374,200,(3,9223372036854775807))
Edge(384683,50633,(1,9223372036854775807))
Edge(385035,431685,(3,9223372036854775807))
Edge(385086,273102,(3,9223372036854775807))
Edge(385158,457539,(3,9223372036854775807))
Edge(385394,87983,(3,9223372036854775807))
Edge(385755,466255,(3,9223372036854775807))
Edge(385764,313375,(3,9223372036854775807))
Edge(386330,387099,(3,9223372036854775807))
Edge(386451,97801,(3,9223372036854775807))
Edge(386645,369035,(4,9223372036854775807))
Edge(387126,106953,(1,3))
Edge(387321,112864,(3,9223372036854775807))
Edge(387764,204702,(3,9223372036854775807))
Edge(387968,224182,(3,9223372036854775807))
Edge(388460,127017,(3,9223372036854775807))
Edge(388557,182871,(3,9223372036854775807))
Edge(388705,237905,(1,9223372036854775807))
Edge(389151,232471,(3,9223372036854775807))
Edge(389507,408322,(4,9223372036854775807))
Edge(389691,234630,(3,9223372036854775807))
Edge(389827,449981,(1,9223372036854775807))
Edge(391628,149849,(3,9223372036854775807))
Edge(391659,32885,(3,9223372036854775807))
Edge(391679,489606,(3,9223372036854775807))
Edge(391878,230600,(1,9223372036854775807))
Edge(391983,270706,(3,9223372036854775807))
Edge(392217,109469,(3,9223372036854775807))
Edge(392377,416690,(3,9223372036854775807))
Edge(392432,357179,(1,9223372036854775807))
Edge(392557,348168,(3,9223372036854775807))
Edge(392805,331036,(3,9223372036854775807))
Edge(392900,270409,(3,9223372036854775807))
Edge(393409,454697,(1,3))
Edge(394321,213631,(3,9223372036854775807))
Edge(395303,411521,(1,3))
Edge(395592,429192,(3,9223372036854775807))
Edge(395887,315426,(3,9223372036854775807))
Edge(395974,220104,(3,9223372036854775807))
Edge(396115,87982,(1,9223372036854775807))
Edge(397430,79650,(3,9223372036854775807))
Edge(398829,14477,(3,9223372036854775807))
Edge(399462,245118,(1,9223372036854775807))
Edge(399844,205236,(1,9223372036854775807))
Edge(400506,357062,(3,9223372036854775807))
Edge(400635,4291,(3,9223372036854775807))
Edge(400703,296236,(3,9223372036854775807))
Edge(401440,455740,(3,9223372036854775807))
Edge(401476,174889,(3,9223372036854775807))
Edge(401716,24194,(3,9223372036854775807))
Edge(401757,402657,(1,9223372036854775807))
Edge(402057,445315,(3,9223372036854775807))
Edge(402267,360655,(3,9223372036854775807))
Edge(402308,331491,(3,9223372036854775807))
Edge(402817,229979,(3,9223372036854775807))
Edge(402954,483704,(3,9223372036854775807))
Edge(403473,491185,(3,9223372036854775807))
Edge(403599,218004,(3,9223372036854775807))
Edge(403804,144922,(1,3))
Edge(403891,96643,(3,9223372036854775807))
Edge(404299,150396,(1,9223372036854775807))
Edge(405305,22706,(1,3))
Edge(405868,28021,(3,9223372036854775807))
Edge(405889,405120,(3,9223372036854775807))
Edge(406043,466968,(3,9223372036854775807))
Edge(406052,136936,(3,9223372036854775807))
Edge(406352,195868,(3,9223372036854775807))
Edge(406547,392748,(3,9223372036854775807))
Edge(406588,35695,(3,9223372036854775807))
Edge(406597,141751,(3,9223372036854775807))
Edge(406854,285698,(3,9223372036854775807))
Edge(407183,371705,(3,9223372036854775807))
Edge(407351,233679,(3,9223372036854775807))
Edge(407469,254978,(3,9223372036854775807))
Edge(408156,53414,(1,9223372036854775807))
Edge(409008,440629,(3,9223372036854775807))
Edge(409080,252006,(3,9223372036854775807))
Edge(409111,295539,(1,3))
Edge(409555,364407,(3,9223372036854775807))
Edge(409701,173355,(3,9223372036854775807))
Edge(410005,223967,(3,9223372036854775807))
Edge(410642,39411,(3,9223372036854775807))
Edge(410779,387571,(1,3))
Edge(410973,276872,(1,9223372036854775807))
Edge(411266,45876,(1,9223372036854775807))
Edge(411392,237244,(1,9223372036854775807))
Edge(411875,121139,(3,9223372036854775807))
Edge(412173,457925,(4,9223372036854775807))
Edge(412487,172220,(3,9223372036854775807))
Edge(413064,221581,(3,9223372036854775807))
Edge(413218,179011,(3,9223372036854775807))
Edge(413382,257667,(3,9223372036854775807))
Edge(413423,61673,(3,9223372036854775807))
Edge(413434,135545,(3,9223372036854775807))
Edge(413982,374912,(3,9223372036854775807))
Edge(414418,167623,(3,9223372036854775807))
Edge(415073,447040,(3,9223372036854775807))
Edge(415128,459438,(3,9223372036854775807))
Edge(415207,155067,(3,9223372036854775807))
Edge(415207,460341,(3,9223372036854775807))
Edge(415263,298000,(1,3))
Edge(415267,312525,(3,9223372036854775807))
Edge(415304,251026,(3,9223372036854775807))
Edge(415890,352449,(3,9223372036854775807))
Edge(415993,25730,(3,9223372036854775807))
Edge(416183,495307,(3,9223372036854775807))
Edge(416654,1110,(1,3))
Edge(416700,433658,(3,9223372036854775807))
Edge(417112,196545,(3,9223372036854775807))
Edge(418501,425199,(3,9223372036854775807))
Edge(418692,15721,(3,9223372036854775807))
Edge(419007,260463,(3,9223372036854775807))
Edge(419486,429026,(3,9223372036854775807))
Edge(419499,242011,(3,9223372036854775807))
Edge(419912,228524,(3,9223372036854775807))
Edge(420321,467656,(3,9223372036854775807))
Edge(420371,479777,(3,9223372036854775807))
Edge(420622,80115,(1,9223372036854775807))
Edge(420652,200113,(3,9223372036854775807))
Edge(420818,83061,(3,9223372036854775807))
Edge(421609,404967,(3,9223372036854775807))
Edge(421670,16900,(3,9223372036854775807))
Edge(421770,138912,(3,9223372036854775807))
Edge(422278,484800,(1,9223372036854775807))
Edge(422930,216084,(3,9223372036854775807))
Edge(422985,464488,(3,9223372036854775807))
Edge(423087,432391,(3,9223372036854775807))
Edge(423616,425990,(3,9223372036854775807))
Edge(423874,25869,(3,9223372036854775807))
Edge(423882,48983,(3,9223372036854775807))
Edge(423955,175282,(3,9223372036854775807))
Edge(424265,271512,(3,9223372036854775807))
Edge(424917,53746,(1,9223372036854775807))
Edge(425518,272868,(3,9223372036854775807))
Edge(425657,79223,(3,9223372036854775807))
Edge(426115,389447,(3,9223372036854775807))
Edge(426126,271860,(3,9223372036854775807))
Edge(426649,121578,(3,9223372036854775807))
Edge(426852,66156,(3,9223372036854775807))
Edge(426931,19689,(3,9223372036854775807))
Edge(427245,481858,(3,9223372036854775807))
Edge(427656,217665,(1,9223372036854775807))
Edge(427996,347631,(3,9223372036854775807))
Edge(428255,270274,(3,9223372036854775807))
Edge(428290,211417,(3,9223372036854775807))
Edge(428465,284180,(3,9223372036854775807))
Edge(428704,236820,(3,9223372036854775807))
Edge(428778,473007,(3,9223372036854775807))
Edge(429049,18931,(3,9223372036854775807))
Edge(429428,392384,(3,9223372036854775807))
Edge(429642,350225,(3,9223372036854775807))
Edge(430129,429325,(3,9223372036854775807))
Edge(430425,203789,(3,9223372036854775807))
Edge(430495,419512,(1,9223372036854775807))
Edge(430598,213171,(3,9223372036854775807))
Edge(430916,6722,(3,9223372036854775807))
Edge(431484,443126,(3,9223372036854775807))
Edge(431506,329947,(3,9223372036854775807))
Edge(431759,319370,(3,9223372036854775807))
Edge(432207,205796,(3,9223372036854775807))
Edge(433142,186558,(3,9223372036854775807))
Edge(433388,156504,(3,9223372036854775807))
Edge(433782,160922,(3,9223372036854775807))
Edge(433990,74410,(1,3))
Edge(434461,74250,(1,9223372036854775807))
Edge(434715,55033,(3,9223372036854775807))
Edge(435177,424927,(3,9223372036854775807))
Edge(435296,3297,(3,9223372036854775807))
Edge(435462,28892,(3,9223372036854775807))
Edge(435599,45390,(3,9223372036854775807))
Edge(435633,279190,(1,9223372036854775807))
Edge(435797,347625,(1,3))
Edge(435992,246154,(3,9223372036854775807))
Edge(436150,230096,(3,9223372036854775807))
Edge(436390,241119,(3,9223372036854775807))
Edge(436432,468705,(3,9223372036854775807))
Edge(436587,450589,(3,9223372036854775807))
Edge(436652,39209,(1,3))
Edge(437000,462702,(3,9223372036854775807))
Edge(437721,148474,(3,9223372036854775807))
Edge(437835,245543,(3,9223372036854775807))
Edge(437889,452928,(3,9223372036854775807))
Edge(437925,222743,(3,9223372036854775807))
Edge(438175,291097,(3,9223372036854775807))
Edge(438293,426010,(3,9223372036854775807))
Edge(438346,78294,(3,9223372036854775807))
Edge(438564,147781,(1,3))
Edge(438697,345739,(3,9223372036854775807))
Edge(439302,185540,(1,9223372036854775807))
Edge(439660,421924,(3,9223372036854775807))
Edge(439842,481775,(3,9223372036854775807))
Edge(440084,169332,(3,9223372036854775807))
Edge(440527,409440,(1,9223372036854775807))
Edge(440930,125700,(1,9223372036854775807))
Edge(440971,163716,(1,9223372036854775807))
Edge(441330,324385,(1,3))
Edge(441511,330920,(1,9223372036854775807))
Edge(442372,74892,(3,9223372036854775807))
Edge(442458,188209,(3,9223372036854775807))
Edge(443025,17770,(3,9223372036854775807))
Edge(443089,208326,(3,9223372036854775807))
Edge(443529,365821,(3,9223372036854775807))
Edge(444139,37554,(3,9223372036854775807))
Edge(444393,143318,(3,9223372036854775807))
Edge(444507,94356,(3,9223372036854775807))
Edge(445402,290285,(3,9223372036854775807))
Edge(446023,412494,(3,9223372036854775807))
Edge(446250,177648,(3,9223372036854775807))
Edge(446844,11402,(3,9223372036854775807))
Edge(446925,432214,(3,9223372036854775807))
Edge(447010,317165,(3,9223372036854775807))
Edge(447063,389622,(3,9223372036854775807))
Edge(447889,276102,(4,9223372036854775807))
Edge(448355,234976,(3,9223372036854775807))
Edge(448508,283246,(3,9223372036854775807))
Edge(448627,443193,(3,9223372036854775807))
Edge(448879,170834,(3,9223372036854775807))
Edge(448989,271212,(3,9223372036854775807))
Edge(449306,156727,(3,9223372036854775807))
Edge(449564,381279,(3,9223372036854775807))
Edge(449587,364742,(3,9223372036854775807))
Edge(450015,82903,(4,9223372036854775807))
Edge(450273,220252,(3,9223372036854775807))
Edge(450389,2360,(3,9223372036854775807))
Edge(450579,341464,(3,9223372036854775807))
Edge(450592,400139,(3,9223372036854775807))
Edge(451294,16734,(3,9223372036854775807))
Edge(451612,265322,(1,9223372036854775807))
Edge(451776,379300,(1,9223372036854775807))
Edge(451953,15087,(3,9223372036854775807))
Edge(451981,314013,(3,9223372036854775807))
Edge(452459,492996,(1,3))
Edge(452529,198324,(3,9223372036854775807))
Edge(452799,268866,(3,9223372036854775807))
Edge(452969,130287,(3,9223372036854775807))
Edge(453511,128578,(3,9223372036854775807))
Edge(454223,51603,(3,9223372036854775807))
Edge(454330,489679,(3,9223372036854775807))
Edge(454598,174235,(3,9223372036854775807))
Edge(454856,405419,(3,9223372036854775807))
Edge(454892,820,(3,9223372036854775807))
Edge(454960,493594,(1,3))
Edge(454985,333585,(1,9223372036854775807))
Edge(455153,370887,(1,3))
Edge(455505,310335,(1,9223372036854775807))
Edge(456404,16890,(3,9223372036854775807))
Edge(456404,128151,(1,3))
Edge(456579,391315,(3,9223372036854775807))
Edge(456796,495035,(1,9223372036854775807))
Edge(456914,422069,(3,9223372036854775807))
Edge(456973,388028,(3,9223372036854775807))
Edge(457371,43249,(1,3))
Edge(457409,330823,(1,9223372036854775807))
Edge(457602,389166,(1,9223372036854775807))
Edge(457750,192419,(3,9223372036854775807))
Edge(457908,35701,(3,9223372036854775807))
Edge(457979,303467,(1,3))
Edge(458051,212694,(3,9223372036854775807))
Edge(458258,261130,(3,9223372036854775807))
Edge(458315,203049,(3,9223372036854775807))
Edge(458484,307236,(3,9223372036854775807))
Edge(458567,97930,(3,9223372036854775807))
Edge(458822,247913,(3,9223372036854775807))
Edge(459325,24774,(3,9223372036854775807))
Edge(459482,306428,(1,9223372036854775807))
Edge(459597,9896,(1,3))
Edge(459958,317835,(3,9223372036854775807))
Edge(460314,262892,(3,9223372036854775807))
Edge(460593,229307,(3,9223372036854775807))
Edge(460775,177514,(3,9223372036854775807))
Edge(461499,256641,(1,9223372036854775807))
Edge(461807,360638,(3,9223372036854775807))
Edge(462123,468814,(3,9223372036854775807))
Edge(462656,206513,(3,9223372036854775807))
Edge(462934,206648,(1,3))
Edge(463076,439996,(3,9223372036854775807))
Edge(463080,134252,(3,9223372036854775807))
Edge(463316,382909,(3,9223372036854775807))
Edge(463357,384608,(3,9223372036854775807))
Edge(463484,56722,(3,9223372036854775807))
Edge(463571,371494,(3,9223372036854775807))
Edge(463849,227974,(3,9223372036854775807))
Edge(464457,373929,(3,9223372036854775807))
Edge(464463,252124,(3,9223372036854775807))
Edge(464580,266017,(3,9223372036854775807))
Edge(464645,274193,(1,9223372036854775807))
Edge(465521,255394,(3,9223372036854775807))
Edge(465612,262217,(3,9223372036854775807))
Edge(465848,198885,(3,9223372036854775807))
Edge(466279,216357,(3,9223372036854775807))
Edge(467039,224293,(3,9223372036854775807))
Edge(467154,234780,(1,3))
Edge(467228,180791,(1,3))
Edge(467296,295763,(3,9223372036854775807))
Edge(467663,221993,(3,9223372036854775807))
Edge(467700,204878,(3,9223372036854775807))
Edge(467715,204141,(3,9223372036854775807))
Edge(467949,469906,(3,9223372036854775807))
Edge(467962,375688,(3,9223372036854775807))
Edge(468039,313098,(1,9223372036854775807))
Edge(468063,67661,(3,9223372036854775807))
Edge(468131,325197,(3,9223372036854775807))
Edge(468256,405873,(3,9223372036854775807))
Edge(468387,854,(3,9223372036854775807))
Edge(468513,367049,(1,3))
Edge(469451,430079,(3,9223372036854775807))
Edge(470012,492917,(3,9223372036854775807))
Edge(470103,43719,(3,9223372036854775807))
Edge(471353,300395,(3,9223372036854775807))
Edge(472205,277135,(1,9223372036854775807))
Edge(472744,87388,(3,9223372036854775807))
Edge(473037,47595,(3,9223372036854775807))
Edge(473073,499309,(3,9223372036854775807))
Edge(473754,192251,(3,9223372036854775807))
Edge(474204,477705,(3,9223372036854775807))
Edge(474836,253097,(3,9223372036854775807))
Edge(475388,189439,(3,9223372036854775807))
Edge(475584,195544,(3,9223372036854775807))
Edge(475600,75933,(3,9223372036854775807))
Edge(476053,94860,(3,9223372036854775807))
Edge(476136,414211,(3,9223372036854775807))
Edge(476278,132727,(3,9223372036854775807))
Edge(476911,65734,(3,9223372036854775807))
Edge(477008,496489,(3,9223372036854775807))
Edge(477368,147066,(3,9223372036854775807))
Edge(477625,473143,(3,9223372036854775807))
Edge(477636,9093,(3,9223372036854775807))
Edge(478804,355445,(1,9223372036854775807))
Edge(478810,216233,(1,9223372036854775807))
Edge(478814,323336,(3,9223372036854775807))
Edge(479090,179204,(3,9223372036854775807))
Edge(479329,38505,(3,9223372036854775807))
Edge(479831,10682,(3,9223372036854775807))
Edge(480052,452846,(3,9223372036854775807))
Edge(480157,198942,(3,9223372036854775807))
Edge(480630,92981,(3,9223372036854775807))
Edge(480677,64363,(1,9223372036854775807))
Edge(480756,230438,(3,9223372036854775807))
Edge(481193,423733,(3,9223372036854775807))
Edge(481307,87502,(3,9223372036854775807))
Edge(481386,86860,(3,9223372036854775807))
Edge(481721,339758,(3,9223372036854775807))
Edge(481922,413637,(3,9223372036854775807))
Edge(482141,54281,(3,9223372036854775807))
Edge(482300,234222,(3,9223372036854775807))
Edge(482404,294705,(3,9223372036854775807))
Edge(482681,214922,(3,9223372036854775807))
Edge(482827,110961,(1,9223372036854775807))
Edge(482923,350935,(3,9223372036854775807))
Edge(483384,247495,(3,9223372036854775807))
Edge(483532,276230,(3,9223372036854775807))
Edge(483957,304569,(3,9223372036854775807))
Edge(484112,441266,(3,9223372036854775807))
Edge(484126,467242,(3,9223372036854775807))
Edge(484195,342051,(3,9223372036854775807))
Edge(484202,135635,(1,3))
Edge(484247,338627,(1,9223372036854775807))
Edge(484426,311796,(3,9223372036854775807))
Edge(485530,387956,(3,9223372036854775807))
Edge(485566,307263,(3,9223372036854775807))
Edge(485878,255236,(1,3))
Edge(485889,135590,(3,9223372036854775807))
Edge(485923,4341,(3,9223372036854775807))
Edge(485952,2228,(3,9223372036854775807))
Edge(486415,194834,(1,9223372036854775807))
Edge(486497,7397,(3,9223372036854775807))
Edge(486695,344288,(3,9223372036854775807))
Edge(486789,404041,(3,9223372036854775807))
Edge(486881,243857,(3,9223372036854775807))
Edge(486965,160663,(1,9223372036854775807))
Edge(487488,197068,(3,9223372036854775807))
Edge(487760,14807,(1,9223372036854775807))
Edge(488183,286850,(3,9223372036854775807))
Edge(488351,86610,(3,9223372036854775807))
Edge(488405,87241,(3,9223372036854775807))
Edge(488992,63225,(3,9223372036854775807))
Edge(489435,48347,(3,9223372036854775807))
Edge(489557,390878,(3,9223372036854775807))
Edge(489561,453546,(3,9223372036854775807))
Edge(490234,43378,(3,9223372036854775807))
Edge(490477,283367,(3,9223372036854775807))
Edge(490552,265428,(3,9223372036854775807))
Edge(490569,325807,(3,9223372036854775807))
Edge(490857,92324,(3,9223372036854775807))
Edge(491691,115968,(3,9223372036854775807))
Edge(491712,143127,(3,9223372036854775807))
Edge(492417,444867,(3,9223372036854775807))
Edge(493533,499033,(3,9223372036854775807))
Edge(493751,413589,(1,3))
Edge(493799,54713,(3,9223372036854775807))
Edge(494026,469079,(3,9223372036854775807))
Edge(494225,237679,(3,9223372036854775807))
Edge(494228,470189,(3,9223372036854775807))
Edge(494513,306596,(3,9223372036854775807))
Edge(494608,175803,(3,9223372036854775807))
Edge(494685,444416,(1,3))
Edge(495422,462928,(3,9223372036854775807))
Edge(495466,56366,(3,9223372036854775807))
Edge(495519,108255,(3,9223372036854775807))
Edge(495746,379632,(1,9223372036854775807))
Edge(495835,421532,(3,9223372036854775807))
Edge(496387,333545,(3,9223372036854775807))
Edge(496522,442467,(3,9223372036854775807))
Edge(496904,428529,(3,9223372036854775807))
Edge(497188,288536,(3,9223372036854775807))
Edge(497984,245370,(3,9223372036854775807))
Edge(498568,224454,(4,9223372036854775807))
Edge(498581,487275,(3,9223372036854775807))
Edge(498762,493609,(1,9223372036854775807))
Edge(498977,436467,(3,9223372036854775807))
Edge(499126,177273,(1,9223372036854775807))
Edge(499282,338285,(3,9223372036854775807))
Edge(499366,305948,(3,9223372036854775807))
Edge(499649,277440,(3,9223372036854775807))
