Edge(68,35323,(1,9223372036854775807))
Edge(96,187799,(3,9223372036854775807))
Edge(143,266543,(1,9223372036854775807))
Edge(156,276405,(3,9223372036854775807))
Edge(228,71857,(3,9223372036854775807))
Edge(312,174626,(3,9223372036854775807))
Edge(391,67061,(3,9223372036854775807))
Edge(395,157631,(3,9223372036854775807))
Edge(808,399274,(3,9223372036854775807))
Edge(997,282432,(3,9223372036854775807))
Edge(1810,149093,(3,9223372036854775807))
Edge(2045,379459,(3,9223372036854775807))
Edge(2162,108383,(1,9223372036854775807))
Edge(2323,285537,(1,9223372036854775807))
Edge(2616,116145,(3,9223372036854775807))
Edge(2805,25391,(3,9223372036854775807))
Edge(2963,228296,(3,9223372036854775807))
Edge(3025,340370,(3,9223372036854775807))
Edge(3100,78011,(3,9223372036854775807))
Edge(3508,398829,(1,9223372036854775807))
Edge(3581,309508,(3,9223372036854775807))
Edge(3668,198515,(3,9223372036854775807))
Edge(4467,402792,(3,9223372036854775807))
Edge(4977,247134,(3,9223372036854775807))
Edge(4997,57541,(3,9223372036854775807))
Edge(6306,371926,(3,9223372036854775807))
Edge(7120,406967,(1,9223372036854775807))
Edge(7155,253368,(3,9223372036854775807))
Edge(7478,232448,(3,9223372036854775807))
Edge(7680,42544,(3,9223372036854775807))
Edge(8127,483986,(3,9223372036854775807))
Edge(8503,108306,(3,9223372036854775807))
Edge(8632,84069,(3,9223372036854775807))
Edge(8754,147273,(3,9223372036854775807))
Edge(9066,205059,(1,9223372036854775807))
Edge(9448,370251,(3,9223372036854775807))
Edge(9971,68913,(3,9223372036854775807))
Edge(10162,185037,(3,9223372036854775807))
Edge(10347,136620,(1,3))
Edge(10699,186147,(1,9223372036854775807))
Edge(10865,17922,(1,3))
Edge(10917,413197,(3,9223372036854775807))
Edge(11023,242070,(3,9223372036854775807))
Edge(11054,304754,(3,9223372036854775807))
Edge(12005,475643,(3,9223372036854775807))
Edge(12112,427160,(3,9223372036854775807))
Edge(12912,471063,(3,9223372036854775807))
Edge(13164,315972,(3,9223372036854775807))
Edge(15241,127904,(3,9223372036854775807))
Edge(15341,266634,(3,9223372036854775807))
Edge(15600,488328,(3,9223372036854775807))
Edge(16047,431002,(3,9223372036854775807))
Edge(17411,354311,(3,9223372036854775807))
Edge(17885,149721,(3,9223372036854775807))
Edge(17889,315268,(3,9223372036854775807))
Edge(18177,429805,(1,9223372036854775807))
Edge(18388,428527,(1,9223372036854775807))
Edge(18986,404626,(3,9223372036854775807))
Edge(19033,118265,(3,9223372036854775807))
Edge(19261,226116,(1,3))
Edge(19550,259119,(1,9223372036854775807))
Edge(19809,433904,(3,9223372036854775807))
Edge(20122,53056,(3,9223372036854775807))
Edge(20160,459384,(3,9223372036854775807))
Edge(20488,12531,(1,9223372036854775807))
Edge(20988,183022,(3,9223372036854775807))
Edge(21236,410298,(3,9223372036854775807))
Edge(21389,336183,(3,9223372036854775807))
Edge(21525,54463,(3,9223372036854775807))
Edge(21726,11738,(3,9223372036854775807))
Edge(21979,388795,(3,9223372036854775807))
Edge(23189,227861,(3,9223372036854775807))
Edge(23377,164469,(3,9223372036854775807))
Edge(23931,265302,(3,9223372036854775807))
Edge(24137,313886,(3,9223372036854775807))
Edge(24198,74882,(1,9223372036854775807))
Edge(24820,451991,(3,9223372036854775807))
Edge(24936,57777,(3,9223372036854775807))
Edge(24954,354361,(3,9223372036854775807))
Edge(25140,492273,(1,9223372036854775807))
Edge(25920,9958,(3,9223372036854775807))
Edge(26330,376068,(3,9223372036854775807))
Edge(27008,22937,(1,9223372036854775807))
Edge(27034,79971,(3,9223372036854775807))
Edge(27522,289452,(3,9223372036854775807))
Edge(27779,296261,(3,9223372036854775807))
Edge(27807,151252,(3,9223372036854775807))
Edge(27937,209221,(3,9223372036854775807))
Edge(28026,102208,(3,9223372036854775807))
Edge(28156,174194,(3,9223372036854775807))
Edge(29384,270626,(3,9223372036854775807))
Edge(29389,307689,(3,9223372036854775807))
Edge(29626,484433,(3,9223372036854775807))
Edge(30163,397624,(3,9223372036854775807))
Edge(30206,91339,(1,9223372036854775807))
Edge(30474,120834,(3,9223372036854775807))
Edge(30475,399144,(3,9223372036854775807))
Edge(31837,338474,(3,9223372036854775807))
Edge(32244,89314,(3,9223372036854775807))
Edge(32332,1284,(3,9223372036854775807))
Edge(32610,25,(3,9223372036854775807))
Edge(32677,497247,(1,9223372036854775807))
Edge(32908,277074,(1,3))
Edge(33187,288043,(1,9223372036854775807))
Edge(33188,431299,(3,9223372036854775807))
Edge(33405,411,(3,9223372036854775807))
Edge(33423,360616,(3,9223372036854775807))
Edge(33560,275439,(3,9223372036854775807))
Edge(33670,441475,(3,9223372036854775807))
Edge(33787,404894,(3,9223372036854775807))
Edge(34140,100114,(1,9223372036854775807))
Edge(34364,188141,(1,3))
Edge(34984,192054,(3,9223372036854775807))
Edge(35339,367167,(3,9223372036854775807))
Edge(35792,295887,(3,9223372036854775807))
Edge(35870,324724,(3,9223372036854775807))
Edge(36083,116232,(3,9223372036854775807))
Edge(36801,55590,(1,9223372036854775807))
Edge(37472,446998,(3,9223372036854775807))
Edge(37639,82179,(1,9223372036854775807))
Edge(37858,494900,(3,9223372036854775807))
Edge(39157,464909,(3,9223372036854775807))
Edge(39498,385024,(3,9223372036854775807))
Edge(39628,188521,(3,9223372036854775807))
Edge(39686,26771,(1,9223372036854775807))
Edge(40209,280510,(3,9223372036854775807))
Edge(40627,230876,(3,9223372036854775807))
Edge(41029,113686,(1,9223372036854775807))
Edge(41496,453225,(3,9223372036854775807))
Edge(41939,196072,(3,9223372036854775807))
Edge(41993,75637,(3,9223372036854775807))
Edge(42066,453158,(3,9223372036854775807))
Edge(43071,164044,(1,9223372036854775807))
Edge(43520,111307,(3,9223372036854775807))
Edge(43759,393282,(3,9223372036854775807))
Edge(44003,87193,(3,9223372036854775807))
Edge(44121,267728,(3,9223372036854775807))
Edge(44378,403902,(3,9223372036854775807))
Edge(44422,234273,(3,9223372036854775807))
Edge(44494,344283,(3,9223372036854775807))
Edge(45320,417352,(3,9223372036854775807))
Edge(45977,304559,(4,9223372036854775807))
Edge(46387,483827,(3,9223372036854775807))
Edge(46425,457108,(1,9223372036854775807))
Edge(46615,27469,(3,9223372036854775807))
Edge(46722,359144,(1,3))
Edge(47240,431842,(3,9223372036854775807))
Edge(47278,192188,(3,9223372036854775807))
Edge(47279,403717,(3,9223372036854775807))
Edge(47422,159456,(3,9223372036854775807))
Edge(47422,468434,(3,9223372036854775807))
Edge(47828,176716,(3,9223372036854775807))
Edge(47885,385112,(3,9223372036854775807))
Edge(47917,300783,(3,9223372036854775807))
Edge(48000,313371,(1,9223372036854775807))
Edge(48022,360749,(3,9223372036854775807))
Edge(48727,64077,(3,9223372036854775807))
Edge(48944,28008,(3,9223372036854775807))
Edge(49748,239172,(3,9223372036854775807))
Edge(50211,101286,(3,9223372036854775807))
Edge(50844,426376,(1,9223372036854775807))
Edge(51441,163981,(3,9223372036854775807))
Edge(51538,344322,(3,9223372036854775807))
Edge(51832,266982,(3,9223372036854775807))
Edge(52165,73567,(3,9223372036854775807))
Edge(52355,318357,(3,9223372036854775807))
Edge(52708,55294,(3,9223372036854775807))
Edge(52785,241296,(3,9223372036854775807))
Edge(53015,105686,(3,9223372036854775807))
Edge(53113,181073,(3,9223372036854775807))
Edge(53123,370782,(1,9223372036854775807))
Edge(53745,140579,(3,9223372036854775807))
Edge(53964,347655,(3,9223372036854775807))
Edge(54088,241604,(3,9223372036854775807))
Edge(54220,274943,(3,9223372036854775807))
Edge(54769,267507,(3,9223372036854775807))
Edge(54784,133479,(3,9223372036854775807))
Edge(54803,458964,(3,9223372036854775807))
Edge(55237,320824,(3,9223372036854775807))
Edge(55296,232091,(3,9223372036854775807))
Edge(55916,341467,(1,9223372036854775807))
Edge(56022,42095,(3,9223372036854775807))
Edge(56087,229153,(3,9223372036854775807))
Edge(56404,169932,(3,9223372036854775807))
Edge(56575,207893,(3,9223372036854775807))
Edge(56909,42426,(3,9223372036854775807))
Edge(57007,13867,(3,9223372036854775807))
Edge(57287,264333,(3,9223372036854775807))
Edge(57771,156241,(1,3))
Edge(58117,145209,(3,9223372036854775807))
Edge(58514,270830,(3,9223372036854775807))
Edge(58566,319545,(3,9223372036854775807))
Edge(58609,355248,(3,9223372036854775807))
Edge(59339,235794,(1,3))
Edge(60390,134274,(4,9223372036854775807))
Edge(60522,440885,(1,3))
Edge(61101,199304,(1,3))
Edge(61626,344243,(3,9223372036854775807))
Edge(61664,382195,(3,9223372036854775807))
Edge(61818,244230,(1,3))
Edge(61914,43091,(3,9223372036854775807))
Edge(62707,138783,(3,9223372036854775807))
Edge(62909,318089,(3,9223372036854775807))
Edge(63271,466116,(3,9223372036854775807))
Edge(63398,267381,(3,9223372036854775807))
Edge(63412,126298,(1,9223372036854775807))
Edge(63641,214794,(3,9223372036854775807))
Edge(63684,376322,(1,9223372036854775807))
Edge(64708,367062,(3,9223372036854775807))
Edge(65045,488073,(1,3))
Edge(65397,267430,(3,9223372036854775807))
Edge(65580,305381,(3,9223372036854775807))
Edge(66045,426122,(3,9223372036854775807))
Edge(66302,140080,(3,9223372036854775807))
Edge(66309,137134,(1,9223372036854775807))
Edge(66633,263565,(1,3))
Edge(66681,354130,(3,9223372036854775807))
Edge(67090,497885,(3,9223372036854775807))
Edge(67125,393292,(3,9223372036854775807))
Edge(67863,158145,(1,3))
Edge(67919,335030,(3,9223372036854775807))
Edge(67947,316020,(3,9223372036854775807))
Edge(68094,320483,(3,9223372036854775807))
Edge(68410,90216,(3,9223372036854775807))
Edge(69489,62117,(3,9223372036854775807))
Edge(69793,79075,(3,9223372036854775807))
Edge(70825,317792,(1,9223372036854775807))
Edge(70963,268782,(1,3))
Edge(71191,177715,(3,9223372036854775807))
Edge(71612,85384,(3,9223372036854775807))
Edge(71722,473978,(3,9223372036854775807))
Edge(72002,364164,(3,9223372036854775807))
Edge(72177,285047,(3,9223372036854775807))
Edge(72205,57350,(1,9223372036854775807))
Edge(73210,83436,(3,9223372036854775807))
Edge(73835,334000,(3,9223372036854775807))
Edge(73874,184473,(1,9223372036854775807))
Edge(74227,114318,(3,9223372036854775807))
Edge(74396,369909,(3,9223372036854775807))
Edge(74527,356912,(1,3))
Edge(74671,120589,(3,9223372036854775807))
Edge(75740,346844,(3,9223372036854775807))
Edge(76150,496061,(3,9223372036854775807))
Edge(76231,205909,(3,9223372036854775807))
Edge(76383,85560,(3,9223372036854775807))
Edge(76448,439216,(3,9223372036854775807))
Edge(76485,102182,(3,9223372036854775807))
Edge(76718,105776,(3,9223372036854775807))
Edge(77269,447601,(3,9223372036854775807))
Edge(77498,284884,(1,9223372036854775807))
Edge(77534,253162,(3,9223372036854775807))
Edge(77716,274018,(3,9223372036854775807))
Edge(78093,430445,(1,9223372036854775807))
Edge(78188,134514,(3,9223372036854775807))
Edge(78299,39988,(3,9223372036854775807))
Edge(78462,158450,(3,9223372036854775807))
Edge(78756,253919,(3,9223372036854775807))
Edge(78831,491942,(3,9223372036854775807))
Edge(81402,149971,(3,9223372036854775807))
Edge(81425,123093,(3,9223372036854775807))
Edge(81462,169886,(1,9223372036854775807))
Edge(81625,85847,(3,9223372036854775807))
Edge(81646,167643,(1,3))
Edge(81997,28886,(1,3))
Edge(82005,257117,(1,9223372036854775807))
Edge(82036,340633,(3,9223372036854775807))
Edge(82968,229762,(3,9223372036854775807))
Edge(83072,382424,(3,9223372036854775807))
Edge(83288,417836,(3,9223372036854775807))
Edge(83362,322574,(3,9223372036854775807))
Edge(83400,350545,(3,9223372036854775807))
Edge(83438,491820,(3,9223372036854775807))
Edge(83653,59505,(3,9223372036854775807))
Edge(84821,89000,(1,3))
Edge(84892,113229,(3,9223372036854775807))
Edge(84936,375224,(3,9223372036854775807))
Edge(85019,475733,(1,9223372036854775807))
Edge(85095,472658,(1,3))
Edge(85309,373070,(3,9223372036854775807))
Edge(85352,63049,(3,9223372036854775807))
Edge(85838,286770,(3,9223372036854775807))
Edge(86227,132012,(3,9223372036854775807))
Edge(86523,98436,(1,9223372036854775807))
Edge(86861,484791,(3,9223372036854775807))
Edge(87255,314549,(3,9223372036854775807))
Edge(87479,400743,(1,9223372036854775807))
Edge(87895,300060,(3,9223372036854775807))
Edge(88268,192548,(3,9223372036854775807))
Edge(88692,122164,(3,9223372036854775807))
Edge(88783,280219,(3,9223372036854775807))
Edge(88803,385647,(3,9223372036854775807))
Edge(88962,354507,(1,9223372036854775807))
Edge(88997,304609,(3,9223372036854775807))
Edge(89557,124352,(3,9223372036854775807))
Edge(89824,386867,(3,9223372036854775807))
Edge(90102,228898,(1,9223372036854775807))
Edge(90342,182881,(3,9223372036854775807))
Edge(90646,354126,(3,9223372036854775807))
Edge(91208,276459,(3,9223372036854775807))
Edge(91444,231354,(3,9223372036854775807))
Edge(91560,152466,(3,9223372036854775807))
Edge(91605,497718,(3,9223372036854775807))
Edge(92699,244870,(1,9223372036854775807))
Edge(92983,475361,(1,3))
Edge(92985,156564,(3,9223372036854775807))
Edge(93100,348162,(1,9223372036854775807))
Edge(93380,191544,(3,9223372036854775807))
Edge(93572,494732,(3,9223372036854775807))
Edge(94183,355301,(1,3))
Edge(94306,461153,(3,9223372036854775807))
Edge(94537,471373,(3,9223372036854775807))
Edge(94704,268001,(3,9223372036854775807))
Edge(95208,476687,(1,3))
Edge(95330,265150,(3,9223372036854775807))
Edge(95376,174376,(3,9223372036854775807))
Edge(96192,311194,(3,9223372036854775807))
Edge(96225,403731,(3,9223372036854775807))
Edge(96268,182471,(3,9223372036854775807))
Edge(96372,477477,(3,9223372036854775807))
Edge(96539,333395,(3,9223372036854775807))
Edge(96721,157362,(3,9223372036854775807))
Edge(96726,32567,(1,3))
Edge(96910,114535,(3,9223372036854775807))
Edge(97063,348554,(1,3))
Edge(97214,283425,(3,9223372036854775807))
Edge(97280,181223,(3,9223372036854775807))
Edge(97825,333013,(3,9223372036854775807))
Edge(97958,408521,(1,3))
Edge(97982,40191,(3,9223372036854775807))
Edge(98406,485354,(3,9223372036854775807))
Edge(98463,209840,(3,9223372036854775807))
Edge(99020,209143,(3,9223372036854775807))
Edge(99044,259800,(3,9223372036854775807))
Edge(99156,176554,(3,9223372036854775807))
Edge(99923,165629,(1,3))
Edge(100009,247309,(3,9223372036854775807))
Edge(100150,452438,(3,9223372036854775807))
Edge(100267,8148,(3,9223372036854775807))
Edge(100911,197219,(3,9223372036854775807))
Edge(100934,206002,(3,9223372036854775807))
Edge(101143,144748,(1,9223372036854775807))
Edge(101348,471693,(3,9223372036854775807))
Edge(101529,338136,(3,9223372036854775807))
Edge(101700,364453,(3,9223372036854775807))
Edge(101825,83337,(3,9223372036854775807))
Edge(102434,255185,(3,9223372036854775807))
Edge(102960,225729,(3,9223372036854775807))
Edge(103621,181681,(1,9223372036854775807))
Edge(103759,15531,(3,9223372036854775807))
Edge(104436,409067,(1,9223372036854775807))
Edge(104506,340701,(3,9223372036854775807))
Edge(104637,325581,(3,9223372036854775807))
Edge(104910,133714,(3,9223372036854775807))
Edge(105329,142001,(3,9223372036854775807))
Edge(105397,50180,(3,9223372036854775807))
Edge(105480,382542,(1,9223372036854775807))
Edge(105849,271651,(1,9223372036854775807))
Edge(106492,217574,(3,9223372036854775807))
Edge(106679,388939,(3,9223372036854775807))
Edge(106683,226453,(3,9223372036854775807))
Edge(106731,363508,(3,9223372036854775807))
Edge(107064,269579,(1,9223372036854775807))
Edge(107105,301229,(3,9223372036854775807))
Edge(108123,52433,(3,9223372036854775807))
Edge(108380,136949,(3,9223372036854775807))
Edge(108667,348965,(3,9223372036854775807))
Edge(109419,41805,(3,9223372036854775807))
Edge(109636,487296,(3,9223372036854775807))
Edge(109831,369114,(3,9223372036854775807))
Edge(109981,18147,(3,9223372036854775807))
Edge(110106,112876,(3,9223372036854775807))
Edge(110925,356336,(1,9223372036854775807))
Edge(111094,249613,(3,9223372036854775807))
Edge(111248,219318,(3,9223372036854775807))
Edge(111636,7683,(3,9223372036854775807))
Edge(111672,441174,(3,9223372036854775807))
Edge(112104,352153,(3,9223372036854775807))
Edge(112257,202373,(1,9223372036854775807))
Edge(112409,186939,(1,3))
Edge(113188,261884,(3,9223372036854775807))
Edge(113248,24820,(3,9223372036854775807))
Edge(113421,230069,(3,9223372036854775807))
Edge(113490,469243,(3,9223372036854775807))
Edge(113891,325325,(3,9223372036854775807))
Edge(114347,367937,(3,9223372036854775807))
Edge(114594,422212,(1,9223372036854775807))
Edge(115149,315999,(3,9223372036854775807))
Edge(115288,405356,(1,9223372036854775807))
Edge(115526,444116,(3,9223372036854775807))
Edge(115715,371117,(3,9223372036854775807))
Edge(115818,294444,(3,9223372036854775807))
Edge(115872,252857,(3,9223372036854775807))
Edge(115986,65417,(3,9223372036854775807))
Edge(116094,255748,(3,9223372036854775807))
Edge(116768,328766,(1,9223372036854775807))
Edge(116960,160073,(3,9223372036854775807))
Edge(117103,495552,(3,9223372036854775807))
Edge(117382,379403,(3,9223372036854775807))
Edge(117463,204151,(1,9223372036854775807))
Edge(118172,236370,(3,9223372036854775807))
Edge(118680,69059,(3,9223372036854775807))
Edge(118947,285048,(3,9223372036854775807))
Edge(120026,362355,(3,9223372036854775807))
Edge(120048,814,(1,9223372036854775807))
Edge(120407,346166,(1,9223372036854775807))
Edge(120596,490461,(3,9223372036854775807))
Edge(120626,467843,(3,9223372036854775807))
Edge(120724,481178,(1,9223372036854775807))
Edge(121548,45928,(3,9223372036854775807))
Edge(122040,46870,(3,9223372036854775807))
Edge(122130,280427,(1,9223372036854775807))
Edge(122152,154371,(3,9223372036854775807))
Edge(122288,333081,(3,9223372036854775807))
Edge(122488,419676,(1,3))
Edge(124458,117284,(3,9223372036854775807))
Edge(124630,90829,(3,9223372036854775807))
Edge(125001,484529,(1,9223372036854775807))
Edge(125344,127603,(3,9223372036854775807))
Edge(125528,187211,(3,9223372036854775807))
Edge(125631,292030,(1,9223372036854775807))
Edge(125811,107276,(1,9223372036854775807))
Edge(125935,110222,(1,9223372036854775807))
Edge(125967,36333,(3,9223372036854775807))
Edge(126252,315821,(3,9223372036854775807))
Edge(126458,418494,(3,9223372036854775807))
Edge(126526,481513,(3,9223372036854775807))
Edge(126559,227260,(1,3))
Edge(126602,392001,(3,9223372036854775807))
Edge(127284,380766,(3,9223372036854775807))
Edge(128382,453007,(3,9223372036854775807))
Edge(128903,36023,(3,9223372036854775807))
Edge(128903,220542,(1,3))
Edge(129156,124938,(3,9223372036854775807))
Edge(129274,141492,(3,9223372036854775807))
Edge(129304,267266,(3,9223372036854775807))
Edge(129582,431572,(3,9223372036854775807))
Edge(130273,392550,(3,9223372036854775807))
Edge(130537,275043,(3,9223372036854775807))
Edge(130992,165186,(3,9223372036854775807))
Edge(131884,124908,(3,9223372036854775807))
Edge(132560,172911,(3,9223372036854775807))
Edge(133334,83465,(1,9223372036854775807))
Edge(133579,49003,(3,9223372036854775807))
Edge(133622,368419,(3,9223372036854775807))
Edge(133627,451596,(3,9223372036854775807))
Edge(133747,366323,(3,9223372036854775807))
Edge(134387,15449,(3,9223372036854775807))
Edge(134437,101812,(3,9223372036854775807))
Edge(134783,150635,(1,9223372036854775807))
Edge(135264,260877,(1,9223372036854775807))
Edge(135338,76269,(1,3))
Edge(135878,485488,(3,9223372036854775807))
Edge(136666,69544,(3,9223372036854775807))
Edge(136826,141947,(3,9223372036854775807))
Edge(136842,446264,(1,9223372036854775807))
Edge(136924,96764,(3,9223372036854775807))
Edge(137416,159917,(3,9223372036854775807))
Edge(137484,88325,(3,9223372036854775807))
Edge(137580,266596,(3,9223372036854775807))
Edge(137660,383058,(3,9223372036854775807))
Edge(138594,302320,(3,9223372036854775807))
Edge(138675,459172,(3,9223372036854775807))
Edge(138714,133764,(3,9223372036854775807))
Edge(138943,24110,(1,9223372036854775807))
Edge(139905,139582,(3,9223372036854775807))
Edge(140169,37003,(3,9223372036854775807))
Edge(140279,94920,(3,9223372036854775807))
Edge(140506,82137,(3,9223372036854775807))
Edge(140558,270534,(3,9223372036854775807))
Edge(140810,10115,(3,9223372036854775807))
Edge(140921,304089,(3,9223372036854775807))
Edge(141612,480408,(3,9223372036854775807))
Edge(141799,472562,(1,3))
Edge(141824,467091,(3,9223372036854775807))
Edge(141840,212898,(3,9223372036854775807))
Edge(142071,17157,(3,9223372036854775807))
Edge(142325,239702,(3,9223372036854775807))
Edge(142766,160655,(3,9223372036854775807))
Edge(142970,175386,(3,9223372036854775807))
Edge(143158,226432,(3,9223372036854775807))
Edge(143208,488531,(1,9223372036854775807))
Edge(143364,114562,(3,9223372036854775807))
Edge(144015,229858,(3,9223372036854775807))
Edge(144320,437874,(3,9223372036854775807))
Edge(144429,487815,(1,3))
Edge(144455,218519,(3,9223372036854775807))
Edge(145444,50177,(3,9223372036854775807))
Edge(145460,381800,(3,9223372036854775807))
Edge(145474,234432,(3,9223372036854775807))
Edge(145615,476808,(3,9223372036854775807))
Edge(145806,212173,(3,9223372036854775807))
Edge(145878,93949,(3,9223372036854775807))
Edge(145883,418056,(3,9223372036854775807))
Edge(145898,294986,(3,9223372036854775807))
Edge(145990,291909,(3,9223372036854775807))
Edge(146034,137041,(3,9223372036854775807))
Edge(146250,73823,(3,9223372036854775807))
Edge(146638,116715,(3,9223372036854775807))
Edge(147029,140089,(3,9223372036854775807))
Edge(147133,308360,(3,9223372036854775807))
Edge(147135,237509,(3,9223372036854775807))
Edge(147617,393255,(1,3))
Edge(147742,241023,(3,9223372036854775807))
Edge(148359,176869,(3,9223372036854775807))
Edge(148946,78624,(3,9223372036854775807))
Edge(149558,195919,(3,9223372036854775807))
Edge(149718,93323,(3,9223372036854775807))
Edge(149719,283102,(3,9223372036854775807))
Edge(150021,107432,(3,9223372036854775807))
Edge(150100,191174,(1,3))
Edge(150295,437439,(3,9223372036854775807))
Edge(150484,84604,(3,9223372036854775807))
Edge(150802,202007,(3,9223372036854775807))
Edge(150920,318352,(3,9223372036854775807))
Edge(151138,251921,(3,9223372036854775807))
Edge(151601,54304,(1,3))
Edge(151610,5276,(3,9223372036854775807))
Edge(151681,498517,(3,9223372036854775807))
Edge(152628,111154,(3,9223372036854775807))
Edge(152703,243678,(1,3))
Edge(152754,443757,(3,9223372036854775807))
Edge(152950,194593,(1,3))
Edge(153249,398500,(3,9223372036854775807))
Edge(155058,418963,(3,9223372036854775807))
Edge(155297,237469,(3,9223372036854775807))
Edge(155840,431048,(3,9223372036854775807))
Edge(155853,64851,(3,9223372036854775807))
Edge(155914,290090,(1,3))
Edge(156623,294111,(3,9223372036854775807))
Edge(156774,484365,(1,9223372036854775807))
Edge(156829,171503,(3,9223372036854775807))
Edge(157035,109928,(3,9223372036854775807))
Edge(157049,253591,(3,9223372036854775807))
Edge(157225,423158,(3,9223372036854775807))
Edge(157620,123723,(3,9223372036854775807))
Edge(157659,70475,(3,9223372036854775807))
Edge(158540,276461,(3,9223372036854775807))
Edge(158554,162212,(3,9223372036854775807))
Edge(158893,200168,(3,9223372036854775807))
Edge(159001,328266,(3,9223372036854775807))
Edge(159146,302696,(1,9223372036854775807))
Edge(159158,67913,(1,9223372036854775807))
Edge(159390,419530,(3,9223372036854775807))
Edge(159520,416244,(3,9223372036854775807))
Edge(159699,277424,(1,9223372036854775807))
Edge(160015,286697,(3,9223372036854775807))
Edge(160018,16682,(3,9223372036854775807))
Edge(160074,483914,(3,9223372036854775807))
Edge(160254,171964,(3,9223372036854775807))
Edge(160436,230318,(1,9223372036854775807))
Edge(160748,408965,(3,9223372036854775807))
Edge(160819,50801,(3,9223372036854775807))
Edge(160945,481884,(3,9223372036854775807))
Edge(161085,364261,(3,9223372036854775807))
Edge(161468,34628,(3,9223372036854775807))
Edge(161514,377130,(3,9223372036854775807))
Edge(161960,134420,(3,9223372036854775807))
Edge(162087,256536,(3,9223372036854775807))
Edge(162331,129466,(3,9223372036854775807))
Edge(162781,7287,(3,9223372036854775807))
Edge(162962,258891,(1,9223372036854775807))
Edge(163859,239904,(3,9223372036854775807))
Edge(163981,377433,(3,9223372036854775807))
Edge(164853,344103,(1,3))
Edge(165035,142869,(3,9223372036854775807))
Edge(165234,95738,(3,9223372036854775807))
Edge(165465,140488,(3,9223372036854775807))
Edge(165779,91371,(3,9223372036854775807))
Edge(166065,155764,(3,9223372036854775807))
Edge(166139,492019,(3,9223372036854775807))
Edge(166555,304220,(3,9223372036854775807))
Edge(167210,294087,(3,9223372036854775807))
Edge(167434,9850,(3,9223372036854775807))
Edge(167958,267986,(1,3))
Edge(168135,251840,(3,9223372036854775807))
Edge(168692,206361,(3,9223372036854775807))
Edge(169065,192580,(3,9223372036854775807))
Edge(169388,58599,(3,9223372036854775807))
Edge(169771,249726,(3,9223372036854775807))
Edge(169955,5187,(3,9223372036854775807))
Edge(169976,436710,(3,9223372036854775807))
Edge(170191,478723,(3,9223372036854775807))
Edge(170517,416216,(3,9223372036854775807))
Edge(171116,477247,(1,3))
Edge(171302,181567,(3,9223372036854775807))
Edge(171731,330999,(1,3))
Edge(173294,184754,(1,9223372036854775807))
Edge(173642,173220,(3,9223372036854775807))
Edge(173766,106967,(3,9223372036854775807))
Edge(174196,332136,(3,9223372036854775807))
Edge(174941,129635,(3,9223372036854775807))
Edge(175002,185955,(3,9223372036854775807))
Edge(175041,442207,(3,9223372036854775807))
Edge(175384,157118,(1,9223372036854775807))
Edge(175712,120892,(3,9223372036854775807))
Edge(175878,483074,(1,9223372036854775807))
Edge(175972,215451,(3,9223372036854775807))
Edge(177058,181221,(1,9223372036854775807))
Edge(177078,330843,(3,9223372036854775807))
Edge(177536,268494,(1,3))
Edge(177826,198252,(3,9223372036854775807))
Edge(177833,482015,(1,3))
Edge(177858,73830,(3,9223372036854775807))
Edge(178174,23975,(3,9223372036854775807))
Edge(178730,312681,(1,3))
Edge(178769,431690,(3,9223372036854775807))
Edge(179053,8928,(4,9223372036854775807))
Edge(180198,265984,(3,9223372036854775807))
Edge(181492,449882,(1,3))
Edge(181496,246713,(3,9223372036854775807))
Edge(181776,370567,(3,9223372036854775807))
Edge(181829,404123,(3,9223372036854775807))
Edge(182357,130254,(3,9223372036854775807))
Edge(182426,285810,(1,9223372036854775807))
Edge(182878,340511,(3,9223372036854775807))
Edge(183212,102356,(3,9223372036854775807))
Edge(183320,216212,(3,9223372036854775807))
Edge(184151,111756,(1,9223372036854775807))
Edge(184749,297454,(3,9223372036854775807))
Edge(184955,450051,(3,9223372036854775807))
Edge(185388,31082,(1,9223372036854775807))
Edge(185903,144914,(3,9223372036854775807))
Edge(186121,150742,(3,9223372036854775807))
Edge(186126,389481,(3,9223372036854775807))
Edge(186145,439190,(4,9223372036854775807))
Edge(186589,202150,(3,9223372036854775807))
Edge(187015,307784,(3,9223372036854775807))
Edge(187082,272259,(3,9223372036854775807))
Edge(187103,66270,(3,9223372036854775807))
Edge(187192,472354,(3,9223372036854775807))
Edge(187705,199709,(3,9223372036854775807))
Edge(188427,163776,(1,3))
Edge(189879,297735,(3,9223372036854775807))
Edge(190525,432066,(3,9223372036854775807))
Edge(190591,105379,(3,9223372036854775807))
Edge(191385,438735,(3,9223372036854775807))
Edge(191469,280645,(3,9223372036854775807))
Edge(191543,40202,(3,9223372036854775807))
Edge(191961,216488,(3,9223372036854775807))
Edge(192856,212894,(3,9223372036854775807))
Edge(192895,338755,(3,9223372036854775807))
Edge(192918,85787,(1,3))
Edge(193004,314461,(1,3))
Edge(193679,72578,(1,9223372036854775807))
Edge(193780,38656,(1,9223372036854775807))
Edge(193881,337700,(3,9223372036854775807))
Edge(194277,432047,(1,9223372036854775807))
Edge(194514,247318,(1,3))
Edge(194784,356415,(3,9223372036854775807))
Edge(194989,220119,(3,9223372036854775807))
Edge(195019,444243,(1,9223372036854775807))
Edge(195156,241540,(1,3))
Edge(195852,187787,(3,9223372036854775807))
Edge(196688,244908,(3,9223372036854775807))
Edge(196887,331558,(3,9223372036854775807))
Edge(197003,345360,(1,9223372036854775807))
Edge(197490,124735,(1,3))
Edge(197551,206724,(3,9223372036854775807))
Edge(197680,351883,(3,9223372036854775807))
Edge(198112,255672,(1,9223372036854775807))
Edge(198404,3561,(1,9223372036854775807))
Edge(198805,35230,(3,9223372036854775807))
Edge(198805,187006,(3,9223372036854775807))
Edge(199095,8199,(3,9223372036854775807))
Edge(199104,195035,(3,9223372036854775807))
Edge(199188,11467,(1,9223372036854775807))
Edge(199239,174157,(3,9223372036854775807))
Edge(199292,8515,(3,9223372036854775807))
Edge(199661,466036,(3,9223372036854775807))
Edge(200001,176153,(3,9223372036854775807))
Edge(200017,146889,(3,9223372036854775807))
Edge(200033,63182,(1,9223372036854775807))
Edge(200344,113175,(3,9223372036854775807))
Edge(200799,404271,(3,9223372036854775807))
Edge(200807,163132,(3,9223372036854775807))
Edge(200898,455462,(3,9223372036854775807))
Edge(201100,27698,(3,9223372036854775807))
Edge(201482,359677,(3,9223372036854775807))
Edge(201738,358874,(3,9223372036854775807))
Edge(201867,165820,(1,9223372036854775807))
Edge(202064,323695,(1,9223372036854775807))
Edge(202100,415747,(3,9223372036854775807))
Edge(202160,356420,(3,9223372036854775807))
Edge(202280,462790,(3,9223372036854775807))
Edge(202609,121177,(3,9223372036854775807))
Edge(202845,148404,(3,9223372036854775807))
Edge(202934,104494,(3,9223372036854775807))
Edge(203100,120185,(3,9223372036854775807))
Edge(203254,230245,(1,9223372036854775807))
Edge(203324,233867,(3,9223372036854775807))
Edge(203493,155621,(1,9223372036854775807))
Edge(203597,92313,(3,9223372036854775807))
Edge(203813,25934,(3,9223372036854775807))
Edge(203931,474899,(3,9223372036854775807))
Edge(203951,145338,(3,9223372036854775807))
Edge(204018,382625,(1,3))
Edge(204355,384774,(3,9223372036854775807))
Edge(204368,406283,(3,9223372036854775807))
Edge(204599,475273,(3,9223372036854775807))
Edge(204685,441071,(3,9223372036854775807))
Edge(204912,87936,(3,9223372036854775807))
Edge(205143,68611,(1,9223372036854775807))
Edge(205292,60360,(3,9223372036854775807))
Edge(206261,188066,(3,9223372036854775807))
Edge(206973,126098,(3,9223372036854775807))
Edge(206985,92401,(3,9223372036854775807))
Edge(207365,19077,(3,9223372036854775807))
Edge(207499,387163,(3,9223372036854775807))
Edge(208156,267760,(1,9223372036854775807))
Edge(208266,495077,(3,9223372036854775807))
Edge(208372,307030,(3,9223372036854775807))
Edge(208751,218115,(3,9223372036854775807))
Edge(208791,182351,(3,9223372036854775807))
Edge(209049,144650,(1,9223372036854775807))
Edge(209130,291566,(3,9223372036854775807))
Edge(209251,153258,(3,9223372036854775807))
Edge(209281,471632,(3,9223372036854775807))
Edge(210810,76052,(3,9223372036854775807))
Edge(211135,245685,(3,9223372036854775807))
Edge(211206,124395,(3,9223372036854775807))
Edge(211669,421923,(3,9223372036854775807))
Edge(211762,48040,(3,9223372036854775807))
Edge(211860,340148,(3,9223372036854775807))
Edge(212526,428956,(3,9223372036854775807))
Edge(212685,446734,(1,9223372036854775807))
Edge(213009,277976,(3,9223372036854775807))
Edge(213509,496273,(3,9223372036854775807))
Edge(213564,348110,(3,9223372036854775807))
Edge(213814,71000,(3,9223372036854775807))
Edge(214802,235088,(1,3))
Edge(215333,314499,(3,9223372036854775807))
Edge(215448,349680,(3,9223372036854775807))
Edge(215983,184546,(3,9223372036854775807))
Edge(216182,258226,(1,9223372036854775807))
Edge(216441,458375,(3,9223372036854775807))
Edge(216609,498228,(3,9223372036854775807))
Edge(216875,412420,(1,9223372036854775807))
Edge(216992,482792,(3,9223372036854775807))
Edge(217414,176956,(3,9223372036854775807))
Edge(217643,248117,(3,9223372036854775807))
Edge(217924,133803,(3,9223372036854775807))
Edge(218581,411312,(3,9223372036854775807))
Edge(218593,427425,(3,9223372036854775807))
Edge(219000,185793,(3,9223372036854775807))
Edge(219086,375223,(3,9223372036854775807))
Edge(219615,229226,(3,9223372036854775807))
Edge(219627,301146,(3,9223372036854775807))
Edge(219763,330069,(1,9223372036854775807))
Edge(220101,237602,(3,9223372036854775807))
Edge(220218,147306,(3,9223372036854775807))
Edge(220564,202410,(3,9223372036854775807))
Edge(221068,351827,(3,9223372036854775807))
Edge(221169,160954,(3,9223372036854775807))
Edge(221522,151427,(3,9223372036854775807))
Edge(221608,392,(3,9223372036854775807))
Edge(222913,271215,(3,9223372036854775807))
Edge(223172,272405,(3,9223372036854775807))
Edge(223337,464088,(3,9223372036854775807))
Edge(223382,425195,(1,3))
Edge(223716,257155,(3,9223372036854775807))
Edge(224388,420962,(3,9223372036854775807))
Edge(224450,289309,(3,9223372036854775807))
Edge(224490,89291,(3,9223372036854775807))
Edge(224504,80905,(3,9223372036854775807))
Edge(224540,129324,(3,9223372036854775807))
Edge(225047,132267,(3,9223372036854775807))
Edge(225320,344481,(3,9223372036854775807))
Edge(226002,84476,(3,9223372036854775807))
Edge(226624,20102,(3,9223372036854775807))
Edge(226785,9923,(3,9223372036854775807))
Edge(226982,359377,(3,9223372036854775807))
Edge(227075,194046,(3,9223372036854775807))
Edge(227734,398467,(3,9223372036854775807))
Edge(228026,338092,(3,9223372036854775807))
Edge(228253,441869,(3,9223372036854775807))
Edge(228291,186093,(3,9223372036854775807))
Edge(228441,92217,(3,9223372036854775807))
Edge(229026,317016,(1,3))
Edge(229126,36394,(1,9223372036854775807))
Edge(229559,286012,(3,9223372036854775807))
Edge(230185,371631,(1,9223372036854775807))
Edge(230219,477805,(3,9223372036854775807))
Edge(230731,119941,(1,3))
Edge(231020,38820,(3,9223372036854775807))
Edge(231099,433657,(3,9223372036854775807))
Edge(231224,168238,(3,9223372036854775807))
Edge(231255,138721,(3,9223372036854775807))
Edge(231695,301971,(3,9223372036854775807))
Edge(231757,409498,(3,9223372036854775807))
Edge(232327,235249,(3,9223372036854775807))
Edge(233401,39070,(3,9223372036854775807))
Edge(233994,224007,(3,9223372036854775807))
Edge(234362,88291,(3,9223372036854775807))
Edge(234386,239495,(1,3))
Edge(234446,361545,(3,9223372036854775807))
Edge(234480,103082,(3,9223372036854775807))
Edge(234539,284146,(3,9223372036854775807))
Edge(235139,496434,(1,9223372036854775807))
Edge(235341,447839,(1,9223372036854775807))
Edge(235499,80146,(3,9223372036854775807))
Edge(235810,469508,(3,9223372036854775807))
Edge(235908,262094,(1,9223372036854775807))
Edge(236560,249574,(3,9223372036854775807))
Edge(237008,206447,(3,9223372036854775807))
Edge(237278,287369,(3,9223372036854775807))
Edge(237380,102247,(3,9223372036854775807))
Edge(237451,322760,(3,9223372036854775807))
Edge(238901,175739,(3,9223372036854775807))
Edge(239330,90201,(3,9223372036854775807))
Edge(239856,458899,(3,9223372036854775807))
Edge(239947,105617,(1,3))
Edge(240005,306233,(3,9223372036854775807))
Edge(240213,151148,(3,9223372036854775807))
Edge(240330,460504,(3,9223372036854775807))
Edge(240742,14357,(3,9223372036854775807))
Edge(241401,430774,(3,9223372036854775807))
Edge(242111,193944,(3,9223372036854775807))
Edge(242252,309805,(3,9223372036854775807))
Edge(242608,39779,(3,9223372036854775807))
Edge(242713,106721,(1,3))
Edge(242797,362730,(3,9223372036854775807))
Edge(242920,81812,(3,9223372036854775807))
Edge(243520,235039,(1,9223372036854775807))
Edge(243675,89336,(3,9223372036854775807))
Edge(243864,394658,(1,9223372036854775807))
Edge(244338,218232,(1,9223372036854775807))
Edge(244746,368978,(3,9223372036854775807))
Edge(244845,432097,(3,9223372036854775807))
Edge(244858,70932,(1,3))
Edge(245046,421096,(1,9223372036854775807))
Edge(245187,40805,(3,9223372036854775807))
Edge(245204,242729,(3,9223372036854775807))
Edge(245232,387638,(3,9223372036854775807))
Edge(245246,339349,(3,9223372036854775807))
Edge(246137,323807,(3,9223372036854775807))
Edge(246238,18373,(3,9223372036854775807))
Edge(246252,48436,(3,9223372036854775807))
Edge(246912,127809,(3,9223372036854775807))
Edge(246916,358987,(3,9223372036854775807))
Edge(247040,404096,(3,9223372036854775807))
Edge(247369,346318,(3,9223372036854775807))
Edge(247562,252682,(1,9223372036854775807))
Edge(247799,461123,(3,9223372036854775807))
Edge(248024,415491,(1,3))
Edge(248179,55249,(3,9223372036854775807))
Edge(248350,296714,(3,9223372036854775807))
Edge(248380,288673,(3,9223372036854775807))
Edge(248441,178750,(3,9223372036854775807))
Edge(248572,104071,(3,9223372036854775807))
Edge(248693,109930,(3,9223372036854775807))
Edge(248943,146168,(3,9223372036854775807))
Edge(249059,152739,(3,9223372036854775807))
Edge(249097,123804,(1,9223372036854775807))
Edge(249314,294902,(1,9223372036854775807))
Edge(249347,68633,(3,9223372036854775807))
Edge(249706,199236,(1,9223372036854775807))
Edge(250399,382556,(3,9223372036854775807))
Edge(250787,189248,(3,9223372036854775807))
Edge(250879,292549,(1,3))
Edge(251379,92487,(3,9223372036854775807))
Edge(251415,302462,(3,9223372036854775807))
Edge(251595,234422,(3,9223372036854775807))
Edge(251921,245122,(1,3))
Edge(251936,75323,(3,9223372036854775807))
Edge(251968,371960,(3,9223372036854775807))
Edge(252532,46905,(3,9223372036854775807))
Edge(252597,426204,(1,9223372036854775807))
Edge(252643,15362,(3,9223372036854775807))
Edge(252820,77033,(3,9223372036854775807))
Edge(252913,144068,(3,9223372036854775807))
Edge(253113,341472,(3,9223372036854775807))
Edge(253206,405879,(3,9223372036854775807))
Edge(253304,68727,(1,3))
Edge(253544,141845,(3,9223372036854775807))
Edge(253705,130937,(3,9223372036854775807))
Edge(254558,424526,(3,9223372036854775807))
Edge(254797,350840,(3,9223372036854775807))
Edge(255300,162762,(1,3))
Edge(255979,444639,(3,9223372036854775807))
Edge(256565,243466,(3,9223372036854775807))
Edge(256661,76072,(3,9223372036854775807))
Edge(256781,157452,(3,9223372036854775807))
Edge(257176,388096,(3,9223372036854775807))
Edge(257418,480877,(3,9223372036854775807))
Edge(257425,51215,(3,9223372036854775807))
Edge(257530,217415,(3,9223372036854775807))
Edge(257696,337903,(3,9223372036854775807))
Edge(257702,210088,(3,9223372036854775807))
Edge(257772,246852,(3,9223372036854775807))
Edge(258295,73067,(3,9223372036854775807))
Edge(258465,478198,(3,9223372036854775807))
Edge(258554,223024,(1,3))
Edge(258573,331026,(3,9223372036854775807))
Edge(258840,229732,(3,9223372036854775807))
Edge(259318,302523,(3,9223372036854775807))
Edge(259448,313096,(3,9223372036854775807))
Edge(259710,409309,(1,9223372036854775807))
Edge(260167,93973,(3,9223372036854775807))
Edge(260409,461740,(3,9223372036854775807))
Edge(260766,30600,(1,9223372036854775807))
Edge(260925,384731,(3,9223372036854775807))
Edge(262046,149259,(3,9223372036854775807))
Edge(262552,383204,(3,9223372036854775807))
Edge(262957,256902,(3,9223372036854775807))
Edge(262976,193209,(3,9223372036854775807))
Edge(263086,328157,(3,9223372036854775807))
Edge(263886,295868,(3,9223372036854775807))
Edge(264191,141540,(3,9223372036854775807))
Edge(264449,212030,(3,9223372036854775807))
Edge(265030,300313,(4,9223372036854775807))
Edge(265194,145889,(1,3))
Edge(265234,445342,(3,9223372036854775807))
Edge(265319,488020,(1,9223372036854775807))
Edge(265874,327073,(3,9223372036854775807))
Edge(265907,414653,(1,9223372036854775807))
Edge(266163,344055,(1,3))
Edge(266501,254321,(3,9223372036854775807))
Edge(266594,330254,(3,9223372036854775807))
Edge(266626,182943,(3,9223372036854775807))
Edge(266830,37963,(3,9223372036854775807))
Edge(267278,155659,(3,9223372036854775807))
Edge(267460,240222,(3,9223372036854775807))
Edge(267556,309158,(1,9223372036854775807))
Edge(268335,224491,(3,9223372036854775807))
Edge(268374,73127,(1,9223372036854775807))
Edge(268728,406882,(1,9223372036854775807))
Edge(268736,59897,(3,9223372036854775807))
Edge(268869,201874,(3,9223372036854775807))
Edge(268943,124266,(1,9223372036854775807))
Edge(269491,120083,(3,9223372036854775807))
Edge(269814,111360,(3,9223372036854775807))
Edge(270202,412110,(1,9223372036854775807))
Edge(270247,138100,(3,9223372036854775807))
Edge(270267,201217,(1,9223372036854775807))
Edge(270345,65,(3,9223372036854775807))
Edge(270519,152563,(3,9223372036854775807))
Edge(270529,79273,(1,9223372036854775807))
Edge(270950,451673,(3,9223372036854775807))
Edge(271565,23103,(3,9223372036854775807))
Edge(272374,352579,(3,9223372036854775807))
Edge(272386,474200,(3,9223372036854775807))
Edge(272470,48410,(3,9223372036854775807))
Edge(272647,97395,(1,3))
Edge(272713,235350,(3,9223372036854775807))
Edge(273425,445272,(3,9223372036854775807))
Edge(273754,84706,(3,9223372036854775807))
Edge(273840,30295,(1,9223372036854775807))
Edge(273997,24283,(3,9223372036854775807))
Edge(274236,154362,(3,9223372036854775807))
Edge(274467,495840,(3,9223372036854775807))
Edge(274844,406946,(3,9223372036854775807))
Edge(274856,458946,(3,9223372036854775807))
Edge(274879,154916,(3,9223372036854775807))
Edge(274998,458063,(3,9223372036854775807))
Edge(275097,199647,(1,9223372036854775807))
Edge(275312,24004,(3,9223372036854775807))
Edge(275380,119736,(3,9223372036854775807))
Edge(275701,15292,(3,9223372036854775807))
Edge(276116,72045,(3,9223372036854775807))
Edge(276663,364529,(3,9223372036854775807))
Edge(277407,237803,(3,9223372036854775807))
Edge(278184,41411,(3,9223372036854775807))
Edge(278593,438498,(3,9223372036854775807))
Edge(278606,238253,(3,9223372036854775807))
Edge(278820,406130,(3,9223372036854775807))
Edge(278949,111519,(3,9223372036854775807))
Edge(279165,478366,(3,9223372036854775807))
Edge(279512,488635,(4,9223372036854775807))
Edge(280171,294181,(3,9223372036854775807))
Edge(280837,336248,(3,9223372036854775807))
Edge(281854,72966,(3,9223372036854775807))
Edge(282133,228372,(1,9223372036854775807))
Edge(282191,415858,(1,9223372036854775807))
Edge(282865,147619,(1,3))
Edge(283182,178493,(3,9223372036854775807))
Edge(283937,364074,(3,9223372036854775807))
Edge(284020,71590,(1,9223372036854775807))
Edge(284237,209277,(3,9223372036854775807))
Edge(284346,185944,(3,9223372036854775807))
Edge(284942,90884,(3,9223372036854775807))
Edge(285244,258140,(3,9223372036854775807))
Edge(285345,12097,(3,9223372036854775807))
Edge(285667,72584,(3,9223372036854775807))
Edge(285829,38288,(3,9223372036854775807))
Edge(285840,88389,(3,9223372036854775807))
Edge(286857,136910,(3,9223372036854775807))
Edge(286925,454391,(3,9223372036854775807))
Edge(286973,443964,(3,9223372036854775807))
Edge(287558,271638,(1,9223372036854775807))
Edge(287922,208729,(3,9223372036854775807))
Edge(288330,277521,(3,9223372036854775807))
Edge(288700,29086,(4,9223372036854775807))
Edge(288727,455779,(3,9223372036854775807))
Edge(289409,63451,(3,9223372036854775807))
Edge(289584,354104,(1,9223372036854775807))
Edge(289675,494812,(3,9223372036854775807))
Edge(289709,86851,(3,9223372036854775807))
Edge(290002,263936,(3,9223372036854775807))
Edge(290313,171919,(3,9223372036854775807))
Edge(290528,239509,(3,9223372036854775807))
Edge(290558,451430,(3,9223372036854775807))
Edge(291454,156547,(3,9223372036854775807))
Edge(292027,133522,(1,9223372036854775807))
Edge(292853,394715,(3,9223372036854775807))
Edge(292917,459805,(3,9223372036854775807))
Edge(292998,4260,(3,9223372036854775807))
Edge(293157,80522,(1,9223372036854775807))
Edge(293360,330931,(1,9223372036854775807))
Edge(293373,197740,(3,9223372036854775807))
Edge(293746,101092,(3,9223372036854775807))
Edge(294431,335151,(1,9223372036854775807))
Edge(294513,451354,(1,3))
Edge(294624,121426,(3,9223372036854775807))
Edge(294985,493302,(3,9223372036854775807))
Edge(295027,145755,(3,9223372036854775807))
Edge(295352,22982,(1,9223372036854775807))
Edge(296319,347935,(3,9223372036854775807))
Edge(296496,85126,(3,9223372036854775807))
Edge(296644,352999,(3,9223372036854775807))
Edge(297008,192368,(3,9223372036854775807))
Edge(297101,225084,(3,9223372036854775807))
Edge(297165,181449,(3,9223372036854775807))
Edge(297260,395079,(3,9223372036854775807))
Edge(297686,77058,(3,9223372036854775807))
Edge(297700,438929,(3,9223372036854775807))
Edge(297733,324636,(3,9223372036854775807))
Edge(297800,353040,(3,9223372036854775807))
Edge(298009,430209,(3,9223372036854775807))
Edge(298372,310534,(3,9223372036854775807))
Edge(298631,211784,(3,9223372036854775807))
Edge(299231,419524,(3,9223372036854775807))
Edge(299439,140847,(3,9223372036854775807))
Edge(299481,372079,(3,9223372036854775807))
Edge(299780,313441,(3,9223372036854775807))
Edge(300250,85166,(1,9223372036854775807))
Edge(300453,140827,(1,3))
Edge(300581,25442,(3,9223372036854775807))
Edge(300826,248509,(1,9223372036854775807))
Edge(300921,454688,(3,9223372036854775807))
Edge(301438,313838,(3,9223372036854775807))
Edge(301442,496479,(3,9223372036854775807))
Edge(301497,401618,(1,3))
Edge(301742,234911,(3,9223372036854775807))
Edge(302321,282927,(3,9223372036854775807))
Edge(303394,335800,(3,9223372036854775807))
Edge(303597,439877,(3,9223372036854775807))
Edge(303707,106878,(1,9223372036854775807))
Edge(303799,298629,(1,3))
Edge(303977,184482,(1,9223372036854775807))
Edge(303978,161770,(3,9223372036854775807))
Edge(303993,240148,(3,9223372036854775807))
Edge(304146,260055,(1,9223372036854775807))
Edge(304183,297537,(1,9223372036854775807))
Edge(304310,129990,(3,9223372036854775807))
Edge(305515,474179,(1,9223372036854775807))
Edge(305631,489535,(3,9223372036854775807))
Edge(306147,113924,(1,3))
Edge(306858,70800,(1,3))
Edge(306861,441370,(3,9223372036854775807))
Edge(306921,232930,(1,9223372036854775807))
Edge(306986,475377,(3,9223372036854775807))
Edge(307407,270136,(1,3))
Edge(307550,158840,(3,9223372036854775807))
Edge(307992,23754,(3,9223372036854775807))
Edge(308063,45981,(1,9223372036854775807))
Edge(308676,67365,(3,9223372036854775807))
Edge(308959,905,(3,9223372036854775807))
Edge(308996,34533,(3,9223372036854775807))
Edge(309014,6633,(3,9223372036854775807))
Edge(309063,417013,(3,9223372036854775807))
Edge(309071,284406,(1,9223372036854775807))
Edge(309117,63908,(3,9223372036854775807))
Edge(309676,187564,(3,9223372036854775807))
Edge(309999,492715,(3,9223372036854775807))
Edge(310032,55310,(3,9223372036854775807))
Edge(310130,21538,(3,9223372036854775807))
Edge(310575,449821,(1,3))
Edge(310831,77393,(3,9223372036854775807))
Edge(311062,410989,(3,9223372036854775807))
Edge(311670,151072,(3,9223372036854775807))
Edge(312025,377601,(3,9223372036854775807))
Edge(312159,231195,(3,9223372036854775807))
Edge(312298,85256,(3,9223372036854775807))
Edge(312625,19921,(3,9223372036854775807))
Edge(312694,8926,(1,9223372036854775807))
Edge(313079,490252,(3,9223372036854775807))
Edge(313578,433017,(1,9223372036854775807))
Edge(313734,175310,(3,9223372036854775807))
Edge(313754,409233,(3,9223372036854775807))
Edge(314272,321700,(1,9223372036854775807))
Edge(314321,299885,(3,9223372036854775807))
Edge(314671,499415,(3,9223372036854775807))
Edge(315205,479967,(3,9223372036854775807))
Edge(315512,55437,(3,9223372036854775807))
Edge(315666,248569,(1,9223372036854775807))
Edge(315772,261652,(1,9223372036854775807))
Edge(315955,474825,(3,9223372036854775807))
Edge(316124,2989,(3,9223372036854775807))
Edge(316145,389865,(3,9223372036854775807))
Edge(316241,260519,(3,9223372036854775807))
Edge(316370,411335,(3,9223372036854775807))
Edge(316473,256048,(3,9223372036854775807))
Edge(316792,121997,(1,3))
Edge(316864,116151,(3,9223372036854775807))
Edge(316903,487605,(3,9223372036854775807))
Edge(317485,179763,(3,9223372036854775807))
Edge(317487,275761,(3,9223372036854775807))
Edge(318721,18978,(1,3))
Edge(319064,239136,(1,3))
Edge(319246,207807,(3,9223372036854775807))
Edge(319263,134489,(1,3))
Edge(319294,161018,(3,9223372036854775807))
Edge(319402,107143,(3,9223372036854775807))
Edge(319713,98726,(1,9223372036854775807))
Edge(319864,280092,(1,9223372036854775807))
Edge(320021,480768,(3,9223372036854775807))
Edge(320515,483406,(3,9223372036854775807))
Edge(320659,94566,(3,9223372036854775807))
Edge(320719,95296,(3,9223372036854775807))
Edge(320733,69483,(3,9223372036854775807))
Edge(320872,54782,(3,9223372036854775807))
Edge(321098,352181,(3,9223372036854775807))
Edge(321227,378626,(3,9223372036854775807))
Edge(321300,27875,(3,9223372036854775807))
Edge(321838,152299,(3,9223372036854775807))
Edge(322416,332949,(3,9223372036854775807))
Edge(322773,122365,(3,9223372036854775807))
Edge(322869,431238,(1,9223372036854775807))
Edge(323539,349927,(3,9223372036854775807))
Edge(323945,230057,(3,9223372036854775807))
Edge(324292,384073,(1,9223372036854775807))
Edge(324312,352328,(3,9223372036854775807))
Edge(324352,80126,(3,9223372036854775807))
Edge(325044,20696,(3,9223372036854775807))
Edge(325050,283336,(3,9223372036854775807))
Edge(325076,71759,(3,9223372036854775807))
Edge(325362,59782,(3,9223372036854775807))
Edge(325382,166815,(3,9223372036854775807))
Edge(326216,280171,(3,9223372036854775807))
Edge(326523,379239,(3,9223372036854775807))
Edge(326592,300082,(3,9223372036854775807))
Edge(326601,161073,(3,9223372036854775807))
Edge(326787,42249,(3,9223372036854775807))
Edge(327194,401920,(3,9223372036854775807))
Edge(327438,141090,(3,9223372036854775807))
Edge(327466,438082,(1,9223372036854775807))
Edge(327661,459639,(3,9223372036854775807))
Edge(327800,180632,(3,9223372036854775807))
Edge(327950,242593,(3,9223372036854775807))
Edge(328515,228660,(3,9223372036854775807))
Edge(328680,387907,(3,9223372036854775807))
Edge(329320,450309,(3,9223372036854775807))
Edge(329742,53423,(3,9223372036854775807))
Edge(329804,486865,(3,9223372036854775807))
Edge(329847,462647,(3,9223372036854775807))
Edge(329987,324678,(3,9223372036854775807))
Edge(330056,299086,(3,9223372036854775807))
Edge(331765,482414,(3,9223372036854775807))
Edge(331989,7357,(1,9223372036854775807))
Edge(332463,3408,(3,9223372036854775807))
Edge(332635,84302,(3,9223372036854775807))
Edge(332959,497484,(3,9223372036854775807))
Edge(333123,353034,(1,9223372036854775807))
Edge(333486,232712,(3,9223372036854775807))
Edge(333868,446950,(3,9223372036854775807))
Edge(333931,334841,(3,9223372036854775807))
Edge(334009,495567,(3,9223372036854775807))
Edge(334109,26399,(3,9223372036854775807))
Edge(334358,96081,(3,9223372036854775807))
Edge(334733,347368,(3,9223372036854775807))
Edge(334948,351121,(3,9223372036854775807))
Edge(335465,429432,(3,9223372036854775807))
Edge(336289,478367,(3,9223372036854775807))
Edge(336472,25454,(1,9223372036854775807))
Edge(336493,333271,(3,9223372036854775807))
Edge(336847,153398,(3,9223372036854775807))
Edge(337124,165650,(3,9223372036854775807))
Edge(337724,193721,(3,9223372036854775807))
Edge(337889,52914,(1,9223372036854775807))
Edge(337904,198405,(3,9223372036854775807))
Edge(338984,201000,(1,3))
Edge(339128,20540,(3,9223372036854775807))
Edge(339574,456275,(3,9223372036854775807))
Edge(340799,328383,(1,9223372036854775807))
Edge(340845,286771,(3,9223372036854775807))
Edge(340914,91984,(1,3))
Edge(340948,471635,(3,9223372036854775807))
Edge(341006,144219,(3,9223372036854775807))
Edge(341184,395408,(1,3))
Edge(341212,249697,(3,9223372036854775807))
Edge(341389,125849,(1,9223372036854775807))
Edge(341966,250167,(3,9223372036854775807))
Edge(342206,320920,(3,9223372036854775807))
Edge(342364,292333,(3,9223372036854775807))
Edge(342429,358056,(3,9223372036854775807))
Edge(342613,354405,(3,9223372036854775807))
Edge(342665,242629,(3,9223372036854775807))
Edge(342893,103993,(3,9223372036854775807))
Edge(343034,218448,(3,9223372036854775807))
Edge(343215,103964,(1,9223372036854775807))
Edge(343349,45487,(3,9223372036854775807))
Edge(343945,5945,(1,3))
Edge(344088,197965,(3,9223372036854775807))
Edge(344247,409649,(3,9223372036854775807))
Edge(344891,291554,(3,9223372036854775807))
Edge(345199,329638,(3,9223372036854775807))
Edge(345331,236816,(3,9223372036854775807))
Edge(345504,186639,(1,9223372036854775807))
Edge(345781,486661,(3,9223372036854775807))
Edge(345896,284636,(1,9223372036854775807))
Edge(346118,449942,(1,9223372036854775807))
Edge(346291,142574,(1,9223372036854775807))
Edge(346520,66027,(3,9223372036854775807))
Edge(346915,415552,(3,9223372036854775807))
Edge(347347,311243,(3,9223372036854775807))
Edge(347633,107820,(1,9223372036854775807))
Edge(347634,319445,(1,9223372036854775807))
Edge(347671,63549,(3,9223372036854775807))
Edge(348528,255549,(1,3))
Edge(348588,207649,(3,9223372036854775807))
Edge(348659,473720,(3,9223372036854775807))
Edge(350019,391325,(1,3))
Edge(350112,427144,(3,9223372036854775807))
Edge(350146,373147,(3,9223372036854775807))
Edge(350179,422878,(3,9223372036854775807))
Edge(350390,216012,(3,9223372036854775807))
Edge(350446,82707,(3,9223372036854775807))
Edge(350768,410474,(3,9223372036854775807))
Edge(350861,166219,(1,9223372036854775807))
Edge(351016,285312,(3,9223372036854775807))
Edge(351063,406387,(3,9223372036854775807))
Edge(351214,262359,(3,9223372036854775807))
Edge(351847,16434,(3,9223372036854775807))
Edge(351938,155709,(3,9223372036854775807))
Edge(352168,386506,(3,9223372036854775807))
Edge(352610,102012,(3,9223372036854775807))
Edge(353122,21407,(1,9223372036854775807))
Edge(353271,495536,(3,9223372036854775807))
Edge(353730,19504,(3,9223372036854775807))
Edge(353941,302230,(3,9223372036854775807))
Edge(354124,198779,(1,3))
Edge(355010,490421,(1,9223372036854775807))
Edge(355241,176947,(3,9223372036854775807))
Edge(355349,319442,(3,9223372036854775807))
Edge(355543,288522,(3,9223372036854775807))
Edge(356588,347071,(3,9223372036854775807))
Edge(356725,7345,(3,9223372036854775807))
Edge(357004,229369,(3,9223372036854775807))
Edge(357615,409783,(3,9223372036854775807))
Edge(357688,79360,(3,9223372036854775807))
Edge(357994,271948,(3,9223372036854775807))
Edge(358139,114912,(1,3))
Edge(358472,77409,(3,9223372036854775807))
Edge(358640,436204,(3,9223372036854775807))
Edge(358754,119744,(3,9223372036854775807))
Edge(358961,498237,(3,9223372036854775807))
Edge(359003,287659,(1,9223372036854775807))
Edge(359010,382968,(1,9223372036854775807))
Edge(359058,70083,(3,9223372036854775807))
Edge(359194,338549,(3,9223372036854775807))
Edge(359419,145439,(3,9223372036854775807))
Edge(359902,126317,(3,9223372036854775807))
Edge(360382,331619,(3,9223372036854775807))
Edge(360496,294159,(3,9223372036854775807))
Edge(360852,383191,(3,9223372036854775807))
Edge(360926,197831,(1,3))
Edge(361148,367871,(1,9223372036854775807))
Edge(361309,470568,(3,9223372036854775807))
Edge(361390,250213,(3,9223372036854775807))
Edge(361642,303224,(3,9223372036854775807))
Edge(361999,200695,(3,9223372036854775807))
Edge(362044,1543,(1,9223372036854775807))
Edge(362051,204903,(1,9223372036854775807))
Edge(362227,319657,(3,9223372036854775807))
Edge(362696,384488,(3,9223372036854775807))
Edge(362744,38799,(3,9223372036854775807))
Edge(363400,9808,(3,9223372036854775807))
Edge(364073,91750,(3,9223372036854775807))
Edge(364186,93452,(3,9223372036854775807))
Edge(364248,263487,(3,9223372036854775807))
Edge(365810,209209,(1,9223372036854775807))
Edge(365821,450826,(1,3))
Edge(366216,284336,(3,9223372036854775807))
Edge(366377,136753,(1,9223372036854775807))
Edge(366397,292989,(3,9223372036854775807))
Edge(366576,419472,(3,9223372036854775807))
Edge(366769,351161,(3,9223372036854775807))
Edge(367119,206028,(3,9223372036854775807))
Edge(367418,112282,(1,9223372036854775807))
Edge(368556,42411,(3,9223372036854775807))
Edge(368649,149935,(3,9223372036854775807))
Edge(369070,250012,(1,9223372036854775807))
Edge(369269,235144,(3,9223372036854775807))
Edge(369629,273737,(3,9223372036854775807))
Edge(369772,441934,(1,9223372036854775807))
Edge(369878,66988,(1,3))
Edge(370139,166433,(3,9223372036854775807))
Edge(370356,26061,(3,9223372036854775807))
Edge(370358,478515,(3,9223372036854775807))
Edge(370646,405151,(1,3))
Edge(370706,313603,(3,9223372036854775807))
Edge(370974,317884,(1,9223372036854775807))
Edge(371310,259231,(3,9223372036854775807))
Edge(371557,420622,(3,9223372036854775807))
Edge(371879,170741,(3,9223372036854775807))
Edge(371905,444230,(3,9223372036854775807))
Edge(371983,407294,(3,9223372036854775807))
Edge(372299,250866,(3,9223372036854775807))
Edge(372422,67271,(3,9223372036854775807))
Edge(373055,61356,(3,9223372036854775807))
Edge(373277,430339,(3,9223372036854775807))
Edge(373320,335431,(3,9223372036854775807))
Edge(373437,447,(3,9223372036854775807))
Edge(373803,155943,(3,9223372036854775807))
Edge(373964,366003,(1,3))
Edge(374408,201221,(1,9223372036854775807))
Edge(374561,396127,(1,9223372036854775807))
Edge(375049,338028,(3,9223372036854775807))
Edge(375601,216571,(1,9223372036854775807))
Edge(375871,339828,(3,9223372036854775807))
Edge(375899,199780,(3,9223372036854775807))
Edge(376040,233212,(3,9223372036854775807))
Edge(376125,341573,(3,9223372036854775807))
Edge(376368,108640,(3,9223372036854775807))
Edge(376555,112916,(3,9223372036854775807))
Edge(376602,271993,(3,9223372036854775807))
Edge(376714,386953,(3,9223372036854775807))
Edge(377206,79793,(1,9223372036854775807))
Edge(377263,52448,(3,9223372036854775807))
Edge(377358,363664,(1,9223372036854775807))
Edge(378333,360262,(3,9223372036854775807))
Edge(378551,40266,(3,9223372036854775807))
Edge(378641,250123,(3,9223372036854775807))
Edge(378768,175530,(1,3))
Edge(378777,73510,(1,9223372036854775807))
Edge(379321,360190,(3,9223372036854775807))
Edge(379723,262846,(1,3))
Edge(380202,290639,(3,9223372036854775807))
Edge(380305,57906,(3,9223372036854775807))
Edge(380409,254435,(3,9223372036854775807))
Edge(380441,41507,(3,9223372036854775807))
Edge(381537,423330,(3,9223372036854775807))
Edge(381683,297155,(3,9223372036854775807))
Edge(381796,496303,(3,9223372036854775807))
Edge(382124,404537,(3,9223372036854775807))
Edge(382324,367839,(1,9223372036854775807))
Edge(382409,156507,(1,3))
Edge(382926,378138,(3,9223372036854775807))
Edge(383879,455579,(3,9223372036854775807))
Edge(385812,173253,(3,9223372036854775807))
Edge(385949,438558,(3,9223372036854775807))
Edge(385957,480734,(3,9223372036854775807))
Edge(385973,149718,(3,9223372036854775807))
Edge(386779,231617,(1,3))
Edge(386971,46522,(3,9223372036854775807))
Edge(387330,226999,(3,9223372036854775807))
Edge(387341,95430,(3,9223372036854775807))
Edge(387666,380257,(3,9223372036854775807))
Edge(387899,392402,(3,9223372036854775807))
Edge(388180,39349,(3,9223372036854775807))
Edge(388208,327711,(3,9223372036854775807))
Edge(388314,19767,(3,9223372036854775807))
Edge(388442,187579,(3,9223372036854775807))
Edge(388709,329919,(3,9223372036854775807))
Edge(388747,57839,(3,9223372036854775807))
Edge(389171,363458,(3,9223372036854775807))
Edge(389242,124208,(3,9223372036854775807))
Edge(389321,208608,(3,9223372036854775807))
Edge(389436,12227,(3,9223372036854775807))
Edge(389627,260914,(1,9223372036854775807))
Edge(389857,260353,(3,9223372036854775807))
Edge(389939,186313,(1,9223372036854775807))
Edge(389951,171813,(3,9223372036854775807))
Edge(390259,300893,(1,9223372036854775807))
Edge(390789,203909,(3,9223372036854775807))
Edge(391328,404188,(3,9223372036854775807))
Edge(391632,472755,(3,9223372036854775807))
Edge(391728,392075,(3,9223372036854775807))
Edge(391880,232115,(3,9223372036854775807))
Edge(392161,95021,(3,9223372036854775807))
Edge(392572,324962,(3,9223372036854775807))
Edge(392776,491390,(3,9223372036854775807))
Edge(393199,357612,(3,9223372036854775807))
Edge(393213,403078,(3,9223372036854775807))
Edge(393580,286314,(3,9223372036854775807))
Edge(394653,105264,(3,9223372036854775807))
Edge(394659,105707,(3,9223372036854775807))
Edge(395353,399347,(3,9223372036854775807))
Edge(395503,72224,(3,9223372036854775807))
Edge(395706,388598,(1,9223372036854775807))
Edge(395887,357757,(3,9223372036854775807))
Edge(396559,306505,(3,9223372036854775807))
Edge(396652,211764,(3,9223372036854775807))
Edge(396754,127079,(3,9223372036854775807))
Edge(396825,99113,(3,9223372036854775807))
Edge(396980,487466,(3,9223372036854775807))
Edge(397011,216311,(3,9223372036854775807))
Edge(397509,319244,(3,9223372036854775807))
Edge(398033,224960,(1,9223372036854775807))
Edge(398463,404089,(3,9223372036854775807))
Edge(398766,62877,(3,9223372036854775807))
Edge(398951,71742,(3,9223372036854775807))
Edge(399111,420820,(3,9223372036854775807))
Edge(399389,310382,(1,9223372036854775807))
Edge(399958,354770,(3,9223372036854775807))
Edge(400307,187663,(3,9223372036854775807))
Edge(400356,472957,(3,9223372036854775807))
Edge(401623,296890,(1,9223372036854775807))
Edge(402653,406787,(3,9223372036854775807))
Edge(402809,294959,(3,9223372036854775807))
Edge(402906,190461,(3,9223372036854775807))
Edge(403127,126712,(3,9223372036854775807))
Edge(403344,182876,(3,9223372036854775807))
Edge(403468,215996,(3,9223372036854775807))
Edge(403599,466513,(3,9223372036854775807))
Edge(403703,118874,(1,9223372036854775807))
Edge(404228,196307,(3,9223372036854775807))
Edge(404745,204865,(3,9223372036854775807))
Edge(404796,308306,(3,9223372036854775807))
Edge(405056,121438,(3,9223372036854775807))
Edge(405214,110883,(3,9223372036854775807))
Edge(405413,80050,(3,9223372036854775807))
Edge(405768,498730,(1,9223372036854775807))
Edge(406254,77936,(3,9223372036854775807))
Edge(406820,317443,(3,9223372036854775807))
Edge(406930,336033,(3,9223372036854775807))
Edge(407108,268165,(1,3))
Edge(407254,214559,(3,9223372036854775807))
Edge(407280,43009,(1,9223372036854775807))
Edge(407673,26241,(3,9223372036854775807))
Edge(407850,407080,(3,9223372036854775807))
Edge(408714,237354,(3,9223372036854775807))
Edge(408923,338986,(3,9223372036854775807))
Edge(408936,188778,(1,9223372036854775807))
Edge(409421,68873,(3,9223372036854775807))
Edge(409498,238080,(3,9223372036854775807))
Edge(410225,30585,(3,9223372036854775807))
Edge(410822,460673,(3,9223372036854775807))
Edge(411207,87427,(3,9223372036854775807))
Edge(412357,69191,(3,9223372036854775807))
Edge(412455,152172,(3,9223372036854775807))
Edge(412553,472513,(3,9223372036854775807))
Edge(412796,303442,(3,9223372036854775807))
Edge(412799,423981,(1,3))
Edge(413027,85642,(3,9223372036854775807))
Edge(413111,362151,(1,3))
Edge(413115,233442,(1,9223372036854775807))
Edge(413411,129940,(3,9223372036854775807))
Edge(413541,197719,(3,9223372036854775807))
Edge(413765,452799,(3,9223372036854775807))
Edge(414007,37907,(1,3))
Edge(414045,130371,(3,9223372036854775807))
Edge(414331,16548,(3,9223372036854775807))
Edge(415068,212358,(1,9223372036854775807))
Edge(415132,291655,(1,9223372036854775807))
Edge(415168,394640,(3,9223372036854775807))
Edge(415239,129078,(3,9223372036854775807))
Edge(415881,240294,(3,9223372036854775807))
Edge(415971,166794,(3,9223372036854775807))
Edge(416050,142917,(3,9223372036854775807))
Edge(416468,71444,(1,9223372036854775807))
Edge(417263,364146,(3,9223372036854775807))
Edge(417595,130278,(3,9223372036854775807))
Edge(418413,224609,(3,9223372036854775807))
Edge(418651,394864,(3,9223372036854775807))
Edge(419384,353850,(3,9223372036854775807))
Edge(420928,416621,(3,9223372036854775807))
Edge(421027,319262,(3,9223372036854775807))
Edge(421371,477120,(1,3))
Edge(421480,384509,(3,9223372036854775807))
Edge(421538,358122,(3,9223372036854775807))
Edge(421576,307861,(3,9223372036854775807))
Edge(421589,45300,(3,9223372036854775807))
Edge(422822,413393,(1,9223372036854775807))
Edge(423028,71322,(3,9223372036854775807))
Edge(423166,108996,(1,9223372036854775807))
Edge(423391,81781,(3,9223372036854775807))
Edge(423473,230731,(3,9223372036854775807))
Edge(423705,263104,(1,3))
Edge(423798,475756,(1,3))
Edge(424066,441901,(3,9223372036854775807))
Edge(424507,394095,(3,9223372036854775807))
Edge(424729,129209,(3,9223372036854775807))
Edge(424947,143295,(1,3))
Edge(425241,308854,(3,9223372036854775807))
Edge(425363,19116,(3,9223372036854775807))
Edge(425458,291413,(3,9223372036854775807))
Edge(425656,26415,(3,9223372036854775807))
Edge(425815,207278,(3,9223372036854775807))
Edge(425816,346756,(3,9223372036854775807))
Edge(425828,185375,(3,9223372036854775807))
Edge(425855,121308,(3,9223372036854775807))
Edge(426188,240638,(3,9223372036854775807))
Edge(426499,171725,(3,9223372036854775807))
Edge(426718,36532,(3,9223372036854775807))
Edge(426748,48148,(3,9223372036854775807))
Edge(426809,489248,(2,3))
Edge(427062,481771,(1,3))
Edge(427154,46424,(1,3))
Edge(427322,115552,(3,9223372036854775807))
Edge(427372,7700,(1,3))
Edge(427788,237394,(3,9223372036854775807))
Edge(427921,107394,(3,9223372036854775807))
Edge(428768,125972,(1,9223372036854775807))
Edge(429344,339404,(3,9223372036854775807))
Edge(429569,95024,(3,9223372036854775807))
Edge(429577,102841,(3,9223372036854775807))
Edge(429845,121583,(1,3))
Edge(429882,466317,(3,9223372036854775807))
Edge(430800,276781,(3,9223372036854775807))
Edge(431424,167301,(3,9223372036854775807))
Edge(431968,338230,(3,9223372036854775807))
Edge(431984,277290,(3,9223372036854775807))
Edge(432398,227331,(3,9223372036854775807))
Edge(432649,281932,(3,9223372036854775807))
Edge(432970,96638,(3,9223372036854775807))
Edge(433000,23216,(1,9223372036854775807))
Edge(433827,259567,(3,9223372036854775807))
Edge(434118,338815,(3,9223372036854775807))
Edge(434518,230777,(1,9223372036854775807))
Edge(434703,341806,(3,9223372036854775807))
Edge(435096,18532,(1,9223372036854775807))
Edge(435587,80151,(1,9223372036854775807))
Edge(435711,426474,(3,9223372036854775807))
Edge(435830,193920,(3,9223372036854775807))
Edge(436561,52074,(3,9223372036854775807))
Edge(436568,459732,(3,9223372036854775807))
Edge(436828,182445,(1,9223372036854775807))
Edge(436831,274068,(3,9223372036854775807))
Edge(436888,14803,(3,9223372036854775807))
Edge(437073,356050,(1,9223372036854775807))
Edge(437097,412523,(3,9223372036854775807))
Edge(437124,144852,(1,9223372036854775807))
Edge(437335,252243,(3,9223372036854775807))
Edge(437636,222774,(3,9223372036854775807))
Edge(438199,105015,(3,9223372036854775807))
Edge(438819,434833,(3,9223372036854775807))
Edge(439335,51618,(3,9223372036854775807))
Edge(439465,230043,(3,9223372036854775807))
Edge(439821,50891,(3,9223372036854775807))
Edge(440505,114373,(3,9223372036854775807))
Edge(440718,457729,(3,9223372036854775807))
Edge(440731,69502,(1,3))
Edge(440746,285505,(1,9223372036854775807))
Edge(440776,250581,(3,9223372036854775807))
Edge(440881,158666,(3,9223372036854775807))
Edge(440984,62754,(3,9223372036854775807))
Edge(441024,148967,(3,9223372036854775807))
Edge(441123,316163,(1,9223372036854775807))
Edge(441199,119241,(3,9223372036854775807))
Edge(441896,410345,(3,9223372036854775807))
Edge(442454,27796,(1,3))
Edge(442642,475154,(1,3))
Edge(443006,338318,(1,3))
Edge(443036,470845,(3,9223372036854775807))
Edge(443405,403213,(3,9223372036854775807))
Edge(443601,408784,(1,9223372036854775807))
Edge(443654,492572,(1,9223372036854775807))
Edge(443945,327558,(3,9223372036854775807))
Edge(444050,242352,(3,9223372036854775807))
Edge(444142,286913,(1,9223372036854775807))
Edge(444861,210278,(3,9223372036854775807))
Edge(444971,398849,(1,3))
Edge(445116,3519,(3,9223372036854775807))
Edge(445121,194547,(3,9223372036854775807))
Edge(445232,286848,(3,9223372036854775807))
Edge(445400,373419,(3,9223372036854775807))
Edge(445491,12776,(3,9223372036854775807))
Edge(445524,178411,(3,9223372036854775807))
Edge(445843,302578,(1,9223372036854775807))
Edge(446807,75810,(3,9223372036854775807))
Edge(447161,434292,(3,9223372036854775807))
Edge(447190,177623,(3,9223372036854775807))
Edge(447339,230903,(3,9223372036854775807))
Edge(447504,395458,(1,3))
Edge(447778,222599,(3,9223372036854775807))
Edge(448246,146667,(3,9223372036854775807))
Edge(448412,166062,(1,9223372036854775807))
Edge(448527,336995,(3,9223372036854775807))
Edge(449064,137592,(3,9223372036854775807))
Edge(449169,15629,(3,9223372036854775807))
Edge(449214,478131,(1,3))
Edge(449266,486530,(3,9223372036854775807))
Edge(449328,219966,(3,9223372036854775807))
Edge(449357,156178,(3,9223372036854775807))
Edge(449466,318594,(3,9223372036854775807))
Edge(450159,151094,(3,9223372036854775807))
Edge(450415,214020,(1,9223372036854775807))
Edge(451139,459709,(3,9223372036854775807))
Edge(451816,161203,(3,9223372036854775807))
Edge(452177,101777,(3,9223372036854775807))
Edge(452834,215253,(3,9223372036854775807))
Edge(453167,86616,(1,9223372036854775807))
Edge(453941,176574,(3,9223372036854775807))
Edge(453970,105305,(1,3))
Edge(454042,61467,(3,9223372036854775807))
Edge(454625,484465,(3,9223372036854775807))
Edge(454827,26117,(3,9223372036854775807))
Edge(454909,363082,(3,9223372036854775807))
Edge(455281,71165,(1,3))
Edge(455474,264424,(3,9223372036854775807))
Edge(455567,489945,(3,9223372036854775807))
Edge(456091,265286,(3,9223372036854775807))
Edge(456333,134204,(1,9223372036854775807))
Edge(456457,330243,(3,9223372036854775807))
Edge(456768,285548,(3,9223372036854775807))
Edge(457181,197370,(3,9223372036854775807))
Edge(457774,279971,(3,9223372036854775807))
Edge(457785,456235,(3,9223372036854775807))
Edge(457881,33099,(3,9223372036854775807))
Edge(457935,463079,(1,9223372036854775807))
Edge(458086,269578,(3,9223372036854775807))
Edge(458532,27969,(3,9223372036854775807))
Edge(458921,289243,(3,9223372036854775807))
Edge(458981,111881,(3,9223372036854775807))
Edge(459428,426201,(1,9223372036854775807))
Edge(459445,453959,(3,9223372036854775807))
Edge(459462,389270,(1,9223372036854775807))
Edge(459704,175756,(3,9223372036854775807))
Edge(459783,379634,(1,9223372036854775807))
Edge(460219,47275,(3,9223372036854775807))
Edge(460260,137985,(3,9223372036854775807))
Edge(460356,1310,(3,9223372036854775807))
Edge(460491,425620,(4,9223372036854775807))
Edge(460495,481882,(3,9223372036854775807))
Edge(460634,66850,(3,9223372036854775807))
Edge(460764,324746,(1,9223372036854775807))
Edge(460870,228901,(3,9223372036854775807))
Edge(461840,350073,(3,9223372036854775807))
Edge(461932,419849,(3,9223372036854775807))
Edge(463001,426035,(1,9223372036854775807))
Edge(463075,69457,(3,9223372036854775807))
Edge(463403,145820,(3,9223372036854775807))
Edge(464223,50000,(3,9223372036854775807))
Edge(464519,178576,(3,9223372036854775807))
Edge(464664,214741,(4,9223372036854775807))
Edge(464829,331099,(3,9223372036854775807))
Edge(465135,123380,(1,3))
Edge(465588,374134,(3,9223372036854775807))
Edge(466198,123501,(3,9223372036854775807))
Edge(466424,143834,(1,9223372036854775807))
Edge(466477,226719,(1,9223372036854775807))
Edge(466869,385869,(1,9223372036854775807))
Edge(467510,378908,(1,9223372036854775807))
Edge(467516,477024,(1,3))
Edge(467526,472571,(3,9223372036854775807))
Edge(467967,491121,(3,9223372036854775807))
Edge(468022,106083,(3,9223372036854775807))
Edge(468233,485981,(1,3))
Edge(468254,301585,(3,9223372036854775807))
Edge(468514,94710,(3,9223372036854775807))
Edge(469024,24297,(3,9223372036854775807))
Edge(469485,475122,(3,9223372036854775807))
Edge(469558,376716,(3,9223372036854775807))
Edge(469628,275005,(3,9223372036854775807))
Edge(469827,371267,(3,9223372036854775807))
Edge(470143,99135,(1,9223372036854775807))
Edge(470267,204833,(3,9223372036854775807))
Edge(470277,14984,(3,9223372036854775807))
Edge(470857,177166,(3,9223372036854775807))
Edge(471583,478710,(3,9223372036854775807))
Edge(471973,144419,(3,9223372036854775807))
Edge(472264,221593,(3,9223372036854775807))
Edge(472823,126106,(1,9223372036854775807))
Edge(473035,135159,(3,9223372036854775807))
Edge(473605,194381,(1,3))
Edge(473657,9799,(3,9223372036854775807))
Edge(473778,150599,(3,9223372036854775807))
Edge(473816,347912,(3,9223372036854775807))
Edge(473849,136974,(3,9223372036854775807))
Edge(474862,166483,(1,9223372036854775807))
Edge(475199,454367,(1,9223372036854775807))
Edge(475252,294813,(3,9223372036854775807))
Edge(475754,217970,(3,9223372036854775807))
Edge(476226,301216,(3,9223372036854775807))
Edge(476530,7092,(3,9223372036854775807))
Edge(476676,38091,(3,9223372036854775807))
Edge(476681,20838,(1,9223372036854775807))
Edge(477029,73396,(3,9223372036854775807))
Edge(477422,285189,(3,9223372036854775807))
Edge(477660,442162,(3,9223372036854775807))
Edge(477752,378674,(3,9223372036854775807))
Edge(478222,266953,(3,9223372036854775807))
Edge(478377,194607,(1,3))
Edge(479141,412818,(3,9223372036854775807))
Edge(479410,177152,(1,3))
Edge(479702,403885,(3,9223372036854775807))
Edge(479711,283737,(3,9223372036854775807))
Edge(480639,276080,(3,9223372036854775807))
Edge(480708,104340,(3,9223372036854775807))
Edge(480940,313199,(3,9223372036854775807))
Edge(481268,155430,(3,9223372036854775807))
Edge(481381,377780,(3,9223372036854775807))
Edge(481586,88203,(3,9223372036854775807))
Edge(481626,327348,(1,3))
Edge(483341,226908,(3,9223372036854775807))
Edge(483609,162825,(3,9223372036854775807))
Edge(484612,370274,(1,3))
Edge(484934,395144,(3,9223372036854775807))
Edge(485305,80879,(3,9223372036854775807))
Edge(485323,119661,(3,9223372036854775807))
Edge(485538,476696,(3,9223372036854775807))
Edge(485660,407295,(3,9223372036854775807))
Edge(485930,169294,(3,9223372036854775807))
Edge(486964,341741,(1,9223372036854775807))
Edge(487344,441663,(3,9223372036854775807))
Edge(487545,98930,(1,9223372036854775807))
Edge(487708,255495,(3,9223372036854775807))
Edge(487716,499391,(3,9223372036854775807))
Edge(488140,330319,(3,9223372036854775807))
Edge(488330,169813,(3,9223372036854775807))
Edge(488571,150458,(3,9223372036854775807))
Edge(488643,227725,(3,9223372036854775807))
Edge(489585,206625,(3,9223372036854775807))
Edge(490211,76133,(3,9223372036854775807))
Edge(490936,119307,(3,9223372036854775807))
Edge(491148,13633,(3,9223372036854775807))
Edge(491347,382208,(3,9223372036854775807))
Edge(491498,177867,(3,9223372036854775807))
Edge(491685,166496,(3,9223372036854775807))
Edge(491826,345363,(3,9223372036854775807))
Edge(492347,459794,(3,9223372036854775807))
Edge(492601,282439,(3,9223372036854775807))
Edge(492708,91367,(3,9223372036854775807))
Edge(492725,346695,(1,9223372036854775807))
Edge(492940,350179,(3,9223372036854775807))
Edge(493038,16272,(3,9223372036854775807))
Edge(493164,439697,(3,9223372036854775807))
Edge(493374,6732,(3,9223372036854775807))
Edge(495144,309048,(3,9223372036854775807))
Edge(495505,264818,(3,9223372036854775807))
Edge(495812,32818,(3,9223372036854775807))
Edge(495938,306810,(1,3))
Edge(496384,120075,(3,9223372036854775807))
Edge(496447,38843,(3,9223372036854775807))
Edge(497057,306545,(3,9223372036854775807))
Edge(497316,229163,(3,9223372036854775807))
Edge(497607,434670,(3,9223372036854775807))
Edge(497904,244298,(3,9223372036854775807))
Edge(498235,497963,(3,9223372036854775807))
Edge(498237,391416,(1,9223372036854775807))
Edge(498829,397369,(1,3))
Edge(499510,397635,(3,9223372036854775807))
