Edge(64,122885,(3,9223372036854775807))
Edge(239,194155,(3,9223372036854775807))
Edge(258,177042,(1,9223372036854775807))
Edge(1369,10491,(3,9223372036854775807))
Edge(1512,448144,(3,9223372036854775807))
Edge(1635,476104,(3,9223372036854775807))
Edge(2446,483338,(3,9223372036854775807))
Edge(2463,135682,(1,3))
Edge(3124,323407,(3,9223372036854775807))
Edge(3349,103589,(1,9223372036854775807))
Edge(3732,168711,(3,9223372036854775807))
Edge(4053,354062,(1,9223372036854775807))
Edge(4195,99282,(3,9223372036854775807))
Edge(5044,199,(3,9223372036854775807))
Edge(5074,128663,(1,9223372036854775807))
Edge(5110,312333,(3,9223372036854775807))
Edge(5379,207054,(3,9223372036854775807))
Edge(5449,369335,(3,9223372036854775807))
Edge(5540,464986,(1,9223372036854775807))
Edge(5614,384416,(3,9223372036854775807))
Edge(5746,254417,(3,9223372036854775807))
Edge(5758,187423,(3,9223372036854775807))
Edge(5845,212705,(3,9223372036854775807))
Edge(5977,141060,(3,9223372036854775807))
Edge(6294,332167,(3,9223372036854775807))
Edge(6380,67926,(3,9223372036854775807))
Edge(6860,221150,(3,9223372036854775807))
Edge(7045,67027,(1,3))
Edge(7895,442218,(1,9223372036854775807))
Edge(7984,122487,(3,9223372036854775807))
Edge(7997,330221,(3,9223372036854775807))
Edge(8072,325975,(3,9223372036854775807))
Edge(8242,315077,(1,9223372036854775807))
Edge(8435,224589,(3,9223372036854775807))
Edge(9357,112946,(1,3))
Edge(9612,227805,(3,9223372036854775807))
Edge(10228,380699,(3,9223372036854775807))
Edge(10646,191489,(3,9223372036854775807))
Edge(10663,72644,(3,9223372036854775807))
Edge(10695,138054,(1,3))
Edge(11252,315997,(3,9223372036854775807))
Edge(11694,393344,(3,9223372036854775807))
Edge(11800,151855,(3,9223372036854775807))
Edge(11930,233796,(3,9223372036854775807))
Edge(12138,451658,(3,9223372036854775807))
Edge(12227,214031,(3,9223372036854775807))
Edge(12532,437475,(3,9223372036854775807))
Edge(12616,429141,(3,9223372036854775807))
Edge(12833,88603,(1,9223372036854775807))
Edge(13068,345601,(1,3))
Edge(13131,60100,(1,3))
Edge(13436,86595,(3,9223372036854775807))
Edge(13895,392813,(1,9223372036854775807))
Edge(13901,281468,(3,9223372036854775807))
Edge(13967,214016,(3,9223372036854775807))
Edge(14120,58897,(3,9223372036854775807))
Edge(14584,14795,(1,3))
Edge(14625,340834,(3,9223372036854775807))
Edge(15194,190562,(3,9223372036854775807))
Edge(15664,1221,(3,9223372036854775807))
Edge(15695,60624,(1,9223372036854775807))
Edge(15934,97854,(3,9223372036854775807))
Edge(15952,94607,(3,9223372036854775807))
Edge(16119,419499,(3,9223372036854775807))
Edge(16429,44625,(3,9223372036854775807))
Edge(16666,104534,(3,9223372036854775807))
Edge(16730,314630,(3,9223372036854775807))
Edge(17205,386162,(1,9223372036854775807))
Edge(17419,398907,(3,9223372036854775807))
Edge(17529,173603,(1,3))
Edge(17701,144012,(3,9223372036854775807))
Edge(18412,471772,(3,9223372036854775807))
Edge(18417,312370,(3,9223372036854775807))
Edge(18537,429891,(3,9223372036854775807))
Edge(18879,248493,(3,9223372036854775807))
Edge(19235,190808,(3,9223372036854775807))
Edge(20039,283719,(3,9223372036854775807))
Edge(20517,374678,(3,9223372036854775807))
Edge(20714,396770,(3,9223372036854775807))
Edge(20781,278253,(3,9223372036854775807))
Edge(21284,216926,(1,9223372036854775807))
Edge(21546,44448,(3,9223372036854775807))
Edge(21650,415266,(3,9223372036854775807))
Edge(22155,329020,(3,9223372036854775807))
Edge(22360,193969,(1,3))
Edge(22751,440706,(3,9223372036854775807))
Edge(22956,92058,(3,9223372036854775807))
Edge(23043,341507,(1,9223372036854775807))
Edge(23157,119990,(3,9223372036854775807))
Edge(23183,363314,(1,3))
Edge(23230,369245,(3,9223372036854775807))
Edge(23330,203241,(3,9223372036854775807))
Edge(23414,247924,(3,9223372036854775807))
Edge(23517,24991,(3,9223372036854775807))
Edge(23980,271907,(3,9223372036854775807))
Edge(24073,28334,(3,9223372036854775807))
Edge(24147,207318,(3,9223372036854775807))
Edge(24438,99452,(3,9223372036854775807))
Edge(24525,409397,(3,9223372036854775807))
Edge(24530,101016,(3,9223372036854775807))
Edge(24648,60479,(3,9223372036854775807))
Edge(24981,284625,(3,9223372036854775807))
Edge(25060,375598,(1,3))
Edge(25303,337507,(3,9223372036854775807))
Edge(25421,167792,(3,9223372036854775807))
Edge(25724,273637,(3,9223372036854775807))
Edge(27177,226712,(3,9223372036854775807))
Edge(27519,25079,(1,9223372036854775807))
Edge(28057,177611,(3,9223372036854775807))
Edge(28623,268855,(3,9223372036854775807))
Edge(28800,124118,(3,9223372036854775807))
Edge(29093,347341,(1,9223372036854775807))
Edge(29132,372253,(3,9223372036854775807))
Edge(29266,449319,(3,9223372036854775807))
Edge(29612,174243,(1,9223372036854775807))
Edge(30332,277835,(1,9223372036854775807))
Edge(30427,7736,(3,9223372036854775807))
Edge(30627,318303,(3,9223372036854775807))
Edge(31133,340274,(3,9223372036854775807))
Edge(31337,460489,(3,9223372036854775807))
Edge(31595,141694,(1,3))
Edge(31934,406731,(3,9223372036854775807))
Edge(32034,411129,(3,9223372036854775807))
Edge(32284,225465,(3,9223372036854775807))
Edge(32352,334879,(3,9223372036854775807))
Edge(32413,446624,(3,9223372036854775807))
Edge(32722,294095,(3,9223372036854775807))
Edge(33361,219868,(3,9223372036854775807))
Edge(33397,130775,(1,9223372036854775807))
Edge(33546,340087,(3,9223372036854775807))
Edge(33989,405892,(3,9223372036854775807))
Edge(34342,59976,(1,9223372036854775807))
Edge(34481,125613,(3,9223372036854775807))
Edge(34714,292807,(3,9223372036854775807))
Edge(35202,293289,(3,9223372036854775807))
Edge(35424,445235,(3,9223372036854775807))
Edge(35551,13590,(3,9223372036854775807))
Edge(36173,395758,(3,9223372036854775807))
Edge(36522,320136,(3,9223372036854775807))
Edge(36577,43615,(3,9223372036854775807))
Edge(36967,339399,(3,9223372036854775807))
Edge(37082,241165,(1,9223372036854775807))
Edge(37411,144958,(3,9223372036854775807))
Edge(38831,192137,(3,9223372036854775807))
Edge(39333,327447,(3,9223372036854775807))
Edge(39690,144535,(3,9223372036854775807))
Edge(39809,328989,(1,9223372036854775807))
Edge(39949,194442,(3,9223372036854775807))
Edge(40425,220402,(3,9223372036854775807))
Edge(41929,479978,(1,9223372036854775807))
Edge(42125,36907,(3,9223372036854775807))
Edge(43510,182276,(3,9223372036854775807))
Edge(43747,497370,(3,9223372036854775807))
Edge(43826,351246,(1,9223372036854775807))
Edge(44174,364899,(3,9223372036854775807))
Edge(44693,255779,(3,9223372036854775807))
Edge(44696,166698,(3,9223372036854775807))
Edge(44749,123391,(1,9223372036854775807))
Edge(44920,203162,(3,9223372036854775807))
Edge(45469,196143,(3,9223372036854775807))
Edge(45747,117742,(1,3))
Edge(45808,335155,(3,9223372036854775807))
Edge(46238,168048,(3,9223372036854775807))
Edge(46403,366686,(3,9223372036854775807))
Edge(46707,86454,(3,9223372036854775807))
Edge(47688,226320,(1,3))
Edge(47695,390200,(3,9223372036854775807))
Edge(48320,490668,(3,9223372036854775807))
Edge(48657,123220,(3,9223372036854775807))
Edge(48985,72550,(3,9223372036854775807))
Edge(49092,249523,(3,9223372036854775807))
Edge(49594,453539,(1,9223372036854775807))
Edge(50452,61221,(3,9223372036854775807))
Edge(50600,75469,(3,9223372036854775807))
Edge(51179,465318,(3,9223372036854775807))
Edge(51392,132255,(1,9223372036854775807))
Edge(51783,310479,(1,9223372036854775807))
Edge(52280,193572,(3,9223372036854775807))
Edge(52683,37732,(1,9223372036854775807))
Edge(52718,123089,(1,9223372036854775807))
Edge(52953,193258,(3,9223372036854775807))
Edge(53146,99806,(3,9223372036854775807))
Edge(53312,18490,(3,9223372036854775807))
Edge(53352,392479,(3,9223372036854775807))
Edge(53944,267561,(1,3))
Edge(54362,56256,(3,9223372036854775807))
Edge(54868,111259,(3,9223372036854775807))
Edge(55289,205489,(3,9223372036854775807))
Edge(56279,327782,(3,9223372036854775807))
Edge(56291,357479,(3,9223372036854775807))
Edge(56292,245185,(3,9223372036854775807))
Edge(56705,237410,(3,9223372036854775807))
Edge(57233,8041,(3,9223372036854775807))
Edge(57791,464757,(3,9223372036854775807))
Edge(57910,26220,(3,9223372036854775807))
Edge(57944,368578,(3,9223372036854775807))
Edge(58047,210310,(3,9223372036854775807))
Edge(58605,7459,(3,9223372036854775807))
Edge(58636,231036,(1,3))
Edge(58867,67173,(3,9223372036854775807))
Edge(59569,288186,(1,9223372036854775807))
Edge(59637,47411,(3,9223372036854775807))
Edge(59713,75935,(3,9223372036854775807))
Edge(59857,311291,(3,9223372036854775807))
Edge(59969,201045,(3,9223372036854775807))
Edge(60069,13509,(3,9223372036854775807))
Edge(60704,127790,(3,9223372036854775807))
Edge(60746,405396,(3,9223372036854775807))
Edge(61090,123065,(1,3))
Edge(61558,152818,(3,9223372036854775807))
Edge(61727,305765,(3,9223372036854775807))
Edge(62644,120275,(3,9223372036854775807))
Edge(62659,382996,(3,9223372036854775807))
Edge(62891,382213,(3,9223372036854775807))
Edge(63702,148608,(3,9223372036854775807))
Edge(64019,108909,(3,9223372036854775807))
Edge(64274,333886,(3,9223372036854775807))
Edge(64788,71609,(3,9223372036854775807))
Edge(65126,413055,(3,9223372036854775807))
Edge(65309,360285,(3,9223372036854775807))
Edge(65547,347880,(3,9223372036854775807))
Edge(66015,148667,(1,9223372036854775807))
Edge(66284,338257,(3,9223372036854775807))
Edge(66525,145205,(3,9223372036854775807))
Edge(66711,157221,(3,9223372036854775807))
Edge(66823,339646,(3,9223372036854775807))
Edge(67571,233166,(3,9223372036854775807))
Edge(67723,26082,(3,9223372036854775807))
Edge(67755,188221,(3,9223372036854775807))
Edge(67819,368542,(3,9223372036854775807))
Edge(67844,290905,(3,9223372036854775807))
Edge(67860,295335,(1,9223372036854775807))
Edge(68043,7949,(3,9223372036854775807))
Edge(68076,458007,(3,9223372036854775807))
Edge(68364,160852,(3,9223372036854775807))
Edge(68657,38698,(3,9223372036854775807))
Edge(68960,144784,(3,9223372036854775807))
Edge(69282,301019,(3,9223372036854775807))
Edge(69323,186514,(3,9223372036854775807))
Edge(69335,258144,(3,9223372036854775807))
Edge(69525,246960,(3,9223372036854775807))
Edge(69530,22038,(1,9223372036854775807))
Edge(69746,274957,(3,9223372036854775807))
Edge(69827,262235,(3,9223372036854775807))
Edge(70093,107702,(3,9223372036854775807))
Edge(70393,278247,(3,9223372036854775807))
Edge(70431,298954,(3,9223372036854775807))
Edge(70804,350067,(3,9223372036854775807))
Edge(71016,412577,(3,9223372036854775807))
Edge(71320,359166,(3,9223372036854775807))
Edge(71331,318620,(1,9223372036854775807))
Edge(71667,246803,(3,9223372036854775807))
Edge(71778,260867,(3,9223372036854775807))
Edge(72108,283162,(1,3))
Edge(72271,141617,(1,9223372036854775807))
Edge(72787,454236,(3,9223372036854775807))
Edge(72980,469097,(3,9223372036854775807))
Edge(73046,175840,(3,9223372036854775807))
Edge(73351,104621,(3,9223372036854775807))
Edge(73654,104327,(3,9223372036854775807))
Edge(73835,233649,(3,9223372036854775807))
Edge(74068,193110,(3,9223372036854775807))
Edge(74082,244866,(3,9223372036854775807))
Edge(74295,440939,(3,9223372036854775807))
Edge(74866,193377,(3,9223372036854775807))
Edge(75256,265609,(3,9223372036854775807))
Edge(75330,278650,(1,3))
Edge(75368,217818,(1,9223372036854775807))
Edge(75464,222229,(1,9223372036854775807))
Edge(75635,403640,(1,9223372036854775807))
Edge(75745,351852,(3,9223372036854775807))
Edge(76034,103516,(3,9223372036854775807))
Edge(76079,216727,(3,9223372036854775807))
Edge(76434,237261,(3,9223372036854775807))
Edge(76548,142588,(3,9223372036854775807))
Edge(76908,145259,(1,9223372036854775807))
Edge(77201,362580,(3,9223372036854775807))
Edge(77594,27642,(3,9223372036854775807))
Edge(77833,233683,(1,9223372036854775807))
Edge(77930,252589,(3,9223372036854775807))
Edge(78095,308266,(1,9223372036854775807))
Edge(78740,190478,(3,9223372036854775807))
Edge(78926,158500,(3,9223372036854775807))
Edge(79533,292656,(3,9223372036854775807))
Edge(80014,120614,(3,9223372036854775807))
Edge(80069,488957,(3,9223372036854775807))
Edge(80192,194449,(3,9223372036854775807))
Edge(80230,244631,(3,9223372036854775807))
Edge(80431,485346,(3,9223372036854775807))
Edge(80522,177384,(1,9223372036854775807))
Edge(80558,67336,(3,9223372036854775807))
Edge(80753,77825,(3,9223372036854775807))
Edge(80757,103532,(3,9223372036854775807))
Edge(81380,165913,(3,9223372036854775807))
Edge(82051,330154,(3,9223372036854775807))
Edge(82103,41742,(3,9223372036854775807))
Edge(82199,397305,(3,9223372036854775807))
Edge(82248,419395,(3,9223372036854775807))
Edge(82456,143911,(3,9223372036854775807))
Edge(83229,8652,(3,9223372036854775807))
Edge(83285,143771,(3,9223372036854775807))
Edge(83297,238829,(3,9223372036854775807))
Edge(83700,306692,(3,9223372036854775807))
Edge(83842,105817,(3,9223372036854775807))
Edge(84019,51320,(3,9223372036854775807))
Edge(84179,152180,(3,9223372036854775807))
Edge(84676,351098,(3,9223372036854775807))
Edge(85792,339988,(3,9223372036854775807))
Edge(87051,248054,(3,9223372036854775807))
Edge(87535,494999,(3,9223372036854775807))
Edge(87582,447324,(3,9223372036854775807))
Edge(88356,356280,(1,3))
Edge(88906,421785,(3,9223372036854775807))
Edge(89208,244126,(3,9223372036854775807))
Edge(89266,31498,(3,9223372036854775807))
Edge(89905,79375,(3,9223372036854775807))
Edge(90369,313374,(1,3))
Edge(90494,456433,(3,9223372036854775807))
Edge(90737,247295,(3,9223372036854775807))
Edge(90973,335477,(3,9223372036854775807))
Edge(91036,142747,(3,9223372036854775807))
Edge(91604,496312,(3,9223372036854775807))
Edge(91764,343562,(3,9223372036854775807))
Edge(92183,115316,(1,9223372036854775807))
Edge(92194,121209,(3,9223372036854775807))
Edge(92365,179327,(3,9223372036854775807))
Edge(92492,312633,(1,3))
Edge(92714,275421,(3,9223372036854775807))
Edge(92869,472431,(1,3))
Edge(93140,212033,(3,9223372036854775807))
Edge(93145,447309,(3,9223372036854775807))
Edge(93149,265742,(1,3))
Edge(93585,333810,(3,9223372036854775807))
Edge(93976,83325,(3,9223372036854775807))
Edge(94057,434465,(3,9223372036854775807))
Edge(94441,464600,(3,9223372036854775807))
Edge(94782,377098,(3,9223372036854775807))
Edge(94863,162647,(3,9223372036854775807))
Edge(95158,198506,(3,9223372036854775807))
Edge(95175,147125,(3,9223372036854775807))
Edge(95217,475947,(3,9223372036854775807))
Edge(95247,182789,(3,9223372036854775807))
Edge(95379,478470,(3,9223372036854775807))
Edge(96422,355351,(3,9223372036854775807))
Edge(96657,254012,(3,9223372036854775807))
Edge(96694,246814,(1,9223372036854775807))
Edge(96699,66990,(3,9223372036854775807))
Edge(96864,350419,(3,9223372036854775807))
Edge(97017,215853,(3,9223372036854775807))
Edge(97280,383953,(3,9223372036854775807))
Edge(97355,445416,(3,9223372036854775807))
Edge(97375,319243,(1,3))
Edge(97411,51919,(3,9223372036854775807))
Edge(97998,89991,(3,9223372036854775807))
Edge(98013,201916,(3,9223372036854775807))
Edge(98410,71416,(3,9223372036854775807))
Edge(98767,92180,(3,9223372036854775807))
Edge(99148,56430,(3,9223372036854775807))
Edge(99328,298160,(3,9223372036854775807))
Edge(99563,393038,(3,9223372036854775807))
Edge(99726,430938,(1,9223372036854775807))
Edge(100713,430779,(3,9223372036854775807))
Edge(100793,341696,(3,9223372036854775807))
Edge(100900,415704,(3,9223372036854775807))
Edge(101745,234701,(3,9223372036854775807))
Edge(101821,110608,(1,9223372036854775807))
Edge(102693,255405,(3,9223372036854775807))
Edge(102742,320138,(3,9223372036854775807))
Edge(102795,183465,(3,9223372036854775807))
Edge(102887,357973,(1,9223372036854775807))
Edge(103194,216765,(3,9223372036854775807))
Edge(103790,54169,(3,9223372036854775807))
Edge(104282,231757,(1,9223372036854775807))
Edge(104433,58379,(3,9223372036854775807))
Edge(104535,142488,(3,9223372036854775807))
Edge(104554,283222,(3,9223372036854775807))
Edge(104600,215004,(3,9223372036854775807))
Edge(104645,261140,(3,9223372036854775807))
Edge(104998,427385,(3,9223372036854775807))
Edge(105230,125364,(3,9223372036854775807))
Edge(105262,482914,(3,9223372036854775807))
Edge(105594,287491,(3,9223372036854775807))
Edge(105674,61499,(3,9223372036854775807))
Edge(105998,154332,(3,9223372036854775807))
Edge(106223,243402,(3,9223372036854775807))
Edge(106371,456662,(3,9223372036854775807))
Edge(106917,179741,(3,9223372036854775807))
Edge(107269,330393,(1,9223372036854775807))
Edge(107289,118714,(3,9223372036854775807))
Edge(108035,63423,(1,9223372036854775807))
Edge(108078,282257,(3,9223372036854775807))
Edge(108134,32321,(3,9223372036854775807))
Edge(108253,258364,(3,9223372036854775807))
Edge(108308,422439,(1,9223372036854775807))
Edge(108474,440220,(1,3))
Edge(108557,203153,(3,9223372036854775807))
Edge(110119,312747,(3,9223372036854775807))
Edge(110339,188065,(3,9223372036854775807))
Edge(110482,449269,(3,9223372036854775807))
Edge(110578,171531,(3,9223372036854775807))
Edge(110600,63161,(4,9223372036854775807))
Edge(110706,361046,(1,9223372036854775807))
Edge(110745,162996,(3,9223372036854775807))
Edge(111010,117630,(1,3))
Edge(111261,487841,(1,9223372036854775807))
Edge(111522,437356,(4,9223372036854775807))
Edge(112493,404687,(3,9223372036854775807))
Edge(112591,158334,(3,9223372036854775807))
Edge(112667,27490,(1,9223372036854775807))
Edge(112924,368882,(3,9223372036854775807))
Edge(113246,88826,(3,9223372036854775807))
Edge(113621,94840,(3,9223372036854775807))
Edge(114114,375990,(1,3))
Edge(114928,311106,(3,9223372036854775807))
Edge(114977,386491,(1,9223372036854775807))
Edge(115122,313991,(3,9223372036854775807))
Edge(115123,286282,(3,9223372036854775807))
Edge(115184,340152,(1,3))
Edge(115447,323805,(3,9223372036854775807))
Edge(115527,241019,(1,9223372036854775807))
Edge(115887,13759,(3,9223372036854775807))
Edge(116015,451268,(3,9223372036854775807))
Edge(116084,184176,(3,9223372036854775807))
Edge(116178,282122,(3,9223372036854775807))
Edge(116735,223880,(3,9223372036854775807))
Edge(116775,343455,(1,9223372036854775807))
Edge(116918,343386,(3,9223372036854775807))
Edge(117087,200478,(3,9223372036854775807))
Edge(117173,238308,(3,9223372036854775807))
Edge(117289,173723,(3,9223372036854775807))
Edge(117362,271106,(1,3))
Edge(117811,326563,(3,9223372036854775807))
Edge(117859,174462,(3,9223372036854775807))
Edge(117928,127952,(3,9223372036854775807))
Edge(118119,429928,(3,9223372036854775807))
Edge(118142,407546,(3,9223372036854775807))
Edge(119008,76895,(3,9223372036854775807))
Edge(119928,92738,(3,9223372036854775807))
Edge(120156,43500,(3,9223372036854775807))
Edge(120815,136749,(3,9223372036854775807))
Edge(121118,440932,(3,9223372036854775807))
Edge(121407,486449,(3,9223372036854775807))
Edge(121564,414386,(1,3))
Edge(121783,178487,(3,9223372036854775807))
Edge(121984,152891,(3,9223372036854775807))
Edge(122035,41695,(3,9223372036854775807))
Edge(122335,441853,(3,9223372036854775807))
Edge(122810,136979,(3,9223372036854775807))
Edge(122865,6608,(3,9223372036854775807))
Edge(123282,2618,(3,9223372036854775807))
Edge(123685,299923,(3,9223372036854775807))
Edge(124099,252489,(3,9223372036854775807))
Edge(124123,296264,(3,9223372036854775807))
Edge(124539,403470,(1,9223372036854775807))
Edge(124596,9343,(1,9223372036854775807))
Edge(124599,45397,(1,3))
Edge(124830,355903,(1,9223372036854775807))
Edge(125121,435523,(3,9223372036854775807))
Edge(125212,146126,(3,9223372036854775807))
Edge(125422,456035,(3,9223372036854775807))
Edge(125512,11290,(3,9223372036854775807))
Edge(125864,448662,(3,9223372036854775807))
Edge(126061,135117,(1,9223372036854775807))
Edge(126114,401193,(3,9223372036854775807))
Edge(127248,374994,(3,9223372036854775807))
Edge(127479,52484,(3,9223372036854775807))
Edge(127999,354020,(1,9223372036854775807))
Edge(128016,465527,(3,9223372036854775807))
Edge(128553,458199,(3,9223372036854775807))
Edge(128706,260163,(3,9223372036854775807))
Edge(129003,181884,(3,9223372036854775807))
Edge(129862,65683,(3,9223372036854775807))
Edge(130346,325759,(3,9223372036854775807))
Edge(130366,489771,(3,9223372036854775807))
Edge(130421,446774,(3,9223372036854775807))
Edge(131006,144316,(3,9223372036854775807))
Edge(131086,304746,(3,9223372036854775807))
Edge(131402,259135,(3,9223372036854775807))
Edge(131764,291600,(1,3))
Edge(132145,338745,(1,9223372036854775807))
Edge(132153,144010,(3,9223372036854775807))
Edge(132467,51043,(3,9223372036854775807))
Edge(132469,280468,(3,9223372036854775807))
Edge(132504,267703,(3,9223372036854775807))
Edge(132913,301108,(3,9223372036854775807))
Edge(133513,398748,(3,9223372036854775807))
Edge(133578,13201,(3,9223372036854775807))
Edge(133730,393587,(3,9223372036854775807))
Edge(133794,142254,(1,3))
Edge(134005,273889,(3,9223372036854775807))
Edge(134091,335869,(3,9223372036854775807))
Edge(134367,207125,(3,9223372036854775807))
Edge(134404,229252,(3,9223372036854775807))
Edge(134462,10462,(3,9223372036854775807))
Edge(135223,154563,(3,9223372036854775807))
Edge(135265,385258,(3,9223372036854775807))
Edge(135403,177594,(3,9223372036854775807))
Edge(136037,359926,(3,9223372036854775807))
Edge(136141,48882,(3,9223372036854775807))
Edge(136272,100862,(1,9223372036854775807))
Edge(136606,384596,(3,9223372036854775807))
Edge(136775,187373,(3,9223372036854775807))
Edge(136932,409513,(3,9223372036854775807))
Edge(137195,209917,(4,9223372036854775807))
Edge(138075,226693,(3,9223372036854775807))
Edge(138450,268085,(3,9223372036854775807))
Edge(139239,166212,(1,9223372036854775807))
Edge(139635,206319,(3,9223372036854775807))
Edge(140642,266627,(3,9223372036854775807))
Edge(140831,161330,(3,9223372036854775807))
Edge(141237,363377,(3,9223372036854775807))
Edge(141267,406183,(3,9223372036854775807))
Edge(141501,476671,(3,9223372036854775807))
Edge(141888,487851,(3,9223372036854775807))
Edge(142162,250725,(3,9223372036854775807))
Edge(142549,68447,(3,9223372036854775807))
Edge(142635,299628,(1,9223372036854775807))
Edge(142754,257179,(3,9223372036854775807))
Edge(142767,43070,(3,9223372036854775807))
Edge(142937,1902,(3,9223372036854775807))
Edge(142996,38640,(1,9223372036854775807))
Edge(143182,81205,(3,9223372036854775807))
Edge(143584,274578,(3,9223372036854775807))
Edge(143615,53694,(1,9223372036854775807))
Edge(143657,215695,(3,9223372036854775807))
Edge(144136,116593,(3,9223372036854775807))
Edge(144174,21665,(3,9223372036854775807))
Edge(144188,238516,(3,9223372036854775807))
Edge(144342,237085,(1,9223372036854775807))
Edge(144813,24031,(1,3))
Edge(144950,389636,(1,9223372036854775807))
Edge(145199,412865,(3,9223372036854775807))
Edge(145898,269147,(1,9223372036854775807))
Edge(146323,211552,(3,9223372036854775807))
Edge(146331,19643,(3,9223372036854775807))
Edge(146428,130688,(3,9223372036854775807))
Edge(146443,396626,(1,3))
Edge(146713,467047,(3,9223372036854775807))
Edge(146807,467987,(3,9223372036854775807))
Edge(146819,28198,(3,9223372036854775807))
Edge(147452,118312,(3,9223372036854775807))
Edge(148119,268267,(3,9223372036854775807))
Edge(148131,117749,(3,9223372036854775807))
Edge(148148,380918,(3,9223372036854775807))
Edge(148162,143833,(3,9223372036854775807))
Edge(149023,77720,(3,9223372036854775807))
Edge(149042,98331,(3,9223372036854775807))
Edge(149721,478746,(3,9223372036854775807))
Edge(149746,125564,(3,9223372036854775807))
Edge(150095,200402,(3,9223372036854775807))
Edge(150346,357248,(1,3))
Edge(151381,281901,(3,9223372036854775807))
Edge(151592,264970,(3,9223372036854775807))
Edge(152523,284109,(3,9223372036854775807))
Edge(152771,148194,(1,3))
Edge(152867,173830,(3,9223372036854775807))
Edge(153181,37362,(3,9223372036854775807))
Edge(153371,180814,(3,9223372036854775807))
Edge(154400,282095,(3,9223372036854775807))
Edge(154850,418845,(3,9223372036854775807))
Edge(154902,258375,(3,9223372036854775807))
Edge(155110,300857,(3,9223372036854775807))
Edge(155156,392914,(3,9223372036854775807))
Edge(155212,352929,(3,9223372036854775807))
Edge(155384,215023,(3,4))
Edge(155615,212904,(3,9223372036854775807))
Edge(156200,74337,(1,3))
Edge(156453,316324,(3,9223372036854775807))
Edge(156488,363321,(3,9223372036854775807))
Edge(156586,220065,(3,9223372036854775807))
Edge(156598,12646,(3,9223372036854775807))
Edge(157203,419742,(1,3))
Edge(157347,409099,(3,9223372036854775807))
Edge(157591,484682,(3,9223372036854775807))
Edge(157945,240993,(3,9223372036854775807))
Edge(158317,466794,(3,9223372036854775807))
Edge(158723,293047,(3,9223372036854775807))
Edge(158942,404665,(3,9223372036854775807))
Edge(159116,100939,(3,9223372036854775807))
Edge(159309,3469,(3,9223372036854775807))
Edge(159390,404556,(1,9223372036854775807))
Edge(159392,274433,(3,9223372036854775807))
Edge(159615,437856,(3,9223372036854775807))
Edge(159681,358354,(1,3))
Edge(159897,166839,(3,9223372036854775807))
Edge(159932,153911,(3,9223372036854775807))
Edge(160080,228146,(3,9223372036854775807))
Edge(160101,334440,(3,9223372036854775807))
Edge(160320,454896,(3,9223372036854775807))
Edge(161023,335161,(3,9223372036854775807))
Edge(161621,384729,(3,9223372036854775807))
Edge(161693,268665,(3,9223372036854775807))
Edge(161786,207432,(3,9223372036854775807))
Edge(162251,366521,(4,9223372036854775807))
Edge(162399,116984,(3,9223372036854775807))
Edge(163691,155655,(3,9223372036854775807))
Edge(163780,280629,(4,9223372036854775807))
Edge(164009,217529,(3,9223372036854775807))
Edge(164315,430302,(3,9223372036854775807))
Edge(164556,74557,(3,9223372036854775807))
Edge(164686,32057,(3,9223372036854775807))
Edge(165037,357398,(3,9223372036854775807))
Edge(165229,18583,(3,9223372036854775807))
Edge(165344,127314,(3,9223372036854775807))
Edge(165667,244941,(3,9223372036854775807))
Edge(165670,134297,(3,9223372036854775807))
Edge(166214,471344,(3,9223372036854775807))
Edge(166371,339959,(3,9223372036854775807))
Edge(166645,69400,(1,9223372036854775807))
Edge(167313,408319,(3,9223372036854775807))
Edge(167374,359011,(3,9223372036854775807))
Edge(167459,17945,(1,9223372036854775807))
Edge(167631,221293,(3,9223372036854775807))
Edge(167735,87227,(3,9223372036854775807))
Edge(167769,415148,(3,9223372036854775807))
Edge(167811,183391,(3,9223372036854775807))
Edge(167910,187588,(3,9223372036854775807))
Edge(168220,227871,(3,9223372036854775807))
Edge(168434,93380,(3,9223372036854775807))
Edge(168656,263473,(3,9223372036854775807))
Edge(168658,330371,(3,9223372036854775807))
Edge(168754,460857,(1,9223372036854775807))
Edge(168979,272446,(1,9223372036854775807))
Edge(169011,420269,(3,9223372036854775807))
Edge(169261,343679,(3,9223372036854775807))
Edge(169354,256740,(3,9223372036854775807))
Edge(169765,218602,(3,9223372036854775807))
Edge(169796,447586,(1,9223372036854775807))
Edge(169819,6174,(3,9223372036854775807))
Edge(169885,89938,(3,9223372036854775807))
Edge(169964,189973,(1,9223372036854775807))
Edge(169996,10151,(3,9223372036854775807))
Edge(170545,285852,(3,9223372036854775807))
Edge(171429,9652,(3,9223372036854775807))
Edge(171523,63612,(3,9223372036854775807))
Edge(171584,428996,(3,9223372036854775807))
Edge(171711,109063,(3,9223372036854775807))
Edge(171929,375521,(3,9223372036854775807))
Edge(172032,425155,(3,9223372036854775807))
Edge(172310,123754,(3,9223372036854775807))
Edge(172823,33356,(3,9223372036854775807))
Edge(173002,179336,(3,9223372036854775807))
Edge(173293,137149,(3,9223372036854775807))
Edge(173336,338958,(3,9223372036854775807))
Edge(173578,51172,(3,9223372036854775807))
Edge(173661,348276,(3,9223372036854775807))
Edge(174014,253523,(1,3))
Edge(174914,239661,(1,9223372036854775807))
Edge(174945,319918,(3,9223372036854775807))
Edge(175757,480449,(3,9223372036854775807))
Edge(175810,329129,(1,9223372036854775807))
Edge(175952,262707,(3,9223372036854775807))
Edge(175978,244281,(3,9223372036854775807))
Edge(176253,149085,(3,9223372036854775807))
Edge(176535,253208,(3,9223372036854775807))
Edge(176972,113178,(3,9223372036854775807))
Edge(177330,228814,(3,9223372036854775807))
Edge(177822,136995,(3,9223372036854775807))
Edge(177904,495570,(3,9223372036854775807))
Edge(178456,241239,(1,9223372036854775807))
Edge(179516,448454,(3,9223372036854775807))
Edge(179742,303789,(1,9223372036854775807))
Edge(180192,104901,(3,9223372036854775807))
Edge(180230,95099,(3,9223372036854775807))
Edge(180321,196067,(3,9223372036854775807))
Edge(180524,454070,(3,9223372036854775807))
Edge(181196,489786,(3,9223372036854775807))
Edge(181623,318437,(3,9223372036854775807))
Edge(181769,43069,(3,9223372036854775807))
Edge(182043,390803,(3,9223372036854775807))
Edge(182297,331790,(3,9223372036854775807))
Edge(182783,159770,(3,9223372036854775807))
Edge(182943,391356,(3,9223372036854775807))
Edge(183007,351688,(3,9223372036854775807))
Edge(183371,381601,(1,9223372036854775807))
Edge(183389,346191,(1,3))
Edge(183514,198733,(3,9223372036854775807))
Edge(183685,404527,(3,9223372036854775807))
Edge(184336,310214,(3,9223372036854775807))
Edge(184508,321264,(1,9223372036854775807))
Edge(185085,92325,(1,9223372036854775807))
Edge(185595,469320,(3,9223372036854775807))
Edge(185614,394764,(3,9223372036854775807))
Edge(185653,271658,(3,9223372036854775807))
Edge(185885,256182,(3,9223372036854775807))
Edge(185926,305112,(3,9223372036854775807))
Edge(185927,11043,(3,9223372036854775807))
Edge(186159,169778,(1,3))
Edge(186386,36422,(1,3))
Edge(186555,52876,(3,9223372036854775807))
Edge(187320,275168,(3,9223372036854775807))
Edge(187390,209467,(3,9223372036854775807))
Edge(187776,332288,(3,9223372036854775807))
Edge(187926,176575,(3,9223372036854775807))
Edge(188053,176842,(3,9223372036854775807))
Edge(188093,439420,(3,9223372036854775807))
Edge(189877,207231,(3,9223372036854775807))
Edge(191004,208617,(3,9223372036854775807))
Edge(191100,415027,(3,9223372036854775807))
Edge(191434,181997,(3,9223372036854775807))
Edge(191704,147704,(3,9223372036854775807))
Edge(191856,81478,(3,9223372036854775807))
Edge(191961,116176,(3,9223372036854775807))
Edge(192116,400889,(3,9223372036854775807))
Edge(192143,237137,(1,3))
Edge(193032,238204,(3,9223372036854775807))
Edge(193502,8631,(3,9223372036854775807))
Edge(193702,228300,(3,9223372036854775807))
Edge(193830,389372,(1,9223372036854775807))
Edge(194169,266720,(3,9223372036854775807))
Edge(194324,313699,(3,9223372036854775807))
Edge(194440,39452,(3,9223372036854775807))
Edge(194867,259477,(3,9223372036854775807))
Edge(195035,303179,(3,9223372036854775807))
Edge(195173,198859,(3,9223372036854775807))
Edge(195324,217863,(3,9223372036854775807))
Edge(196032,475100,(3,9223372036854775807))
Edge(196067,484339,(3,9223372036854775807))
Edge(196151,43306,(3,9223372036854775807))
Edge(196420,434247,(3,9223372036854775807))
Edge(197102,95487,(3,9223372036854775807))
Edge(198195,165404,(3,9223372036854775807))
Edge(198457,328481,(3,9223372036854775807))
Edge(198649,260247,(3,9223372036854775807))
Edge(198789,40038,(3,9223372036854775807))
Edge(198792,298135,(3,9223372036854775807))
Edge(198844,55756,(3,9223372036854775807))
Edge(199103,397347,(3,9223372036854775807))
Edge(199387,147561,(3,9223372036854775807))
Edge(199432,304986,(3,9223372036854775807))
Edge(199480,25885,(3,9223372036854775807))
Edge(199731,325392,(3,9223372036854775807))
Edge(199734,448492,(3,9223372036854775807))
Edge(199836,64595,(3,9223372036854775807))
Edge(200914,252239,(3,9223372036854775807))
Edge(200919,362040,(3,9223372036854775807))
Edge(200972,364587,(3,9223372036854775807))
Edge(201171,241595,(3,9223372036854775807))
Edge(201295,45317,(3,9223372036854775807))
Edge(201378,301742,(3,9223372036854775807))
Edge(201566,399491,(1,9223372036854775807))
Edge(201662,354710,(1,9223372036854775807))
Edge(201848,321450,(3,9223372036854775807))
Edge(201976,192574,(3,9223372036854775807))
Edge(202115,158931,(3,9223372036854775807))
Edge(202393,208066,(3,9223372036854775807))
Edge(202683,120829,(3,9223372036854775807))
Edge(202983,95394,(3,9223372036854775807))
Edge(203140,431957,(3,9223372036854775807))
Edge(203347,127014,(3,9223372036854775807))
Edge(203790,482646,(1,3))
Edge(204307,448519,(3,9223372036854775807))
Edge(204347,131364,(3,9223372036854775807))
Edge(204812,127201,(1,9223372036854775807))
Edge(205636,364908,(3,9223372036854775807))
Edge(205683,482994,(3,9223372036854775807))
Edge(206396,262899,(3,9223372036854775807))
Edge(206550,250239,(3,9223372036854775807))
Edge(206597,494349,(3,9223372036854775807))
Edge(206611,466389,(1,9223372036854775807))
Edge(206721,290959,(1,9223372036854775807))
Edge(207551,14932,(3,9223372036854775807))
Edge(207595,25938,(3,9223372036854775807))
Edge(207793,272363,(3,9223372036854775807))
Edge(207862,341227,(3,9223372036854775807))
Edge(207918,55995,(1,3))
Edge(208497,323620,(1,9223372036854775807))
Edge(208589,285023,(3,9223372036854775807))
Edge(208626,380185,(3,9223372036854775807))
Edge(208702,116733,(3,9223372036854775807))
Edge(208706,36029,(3,9223372036854775807))
Edge(210352,130928,(3,9223372036854775807))
Edge(210661,146030,(1,9223372036854775807))
Edge(210805,56863,(3,9223372036854775807))
Edge(211285,343027,(3,9223372036854775807))
Edge(211311,78274,(3,9223372036854775807))
Edge(211446,321603,(3,9223372036854775807))
Edge(211460,265406,(3,9223372036854775807))
Edge(212090,331457,(3,9223372036854775807))
Edge(212566,438472,(3,9223372036854775807))
Edge(212894,292682,(3,9223372036854775807))
Edge(213553,270261,(3,9223372036854775807))
Edge(213832,235241,(3,9223372036854775807))
Edge(213860,492547,(1,9223372036854775807))
Edge(214206,401491,(1,3))
Edge(214786,147135,(3,9223372036854775807))
Edge(215082,141164,(3,9223372036854775807))
Edge(215997,240902,(3,9223372036854775807))
Edge(216372,199222,(3,9223372036854775807))
Edge(216599,154317,(3,9223372036854775807))
Edge(216664,325962,(3,9223372036854775807))
Edge(216846,48485,(3,9223372036854775807))
Edge(216929,45855,(1,3))
Edge(217112,297572,(3,9223372036854775807))
Edge(218195,258271,(3,9223372036854775807))
Edge(218459,180040,(3,9223372036854775807))
Edge(219743,413814,(1,9223372036854775807))
Edge(219763,115348,(1,9223372036854775807))
Edge(219765,97713,(3,9223372036854775807))
Edge(219841,244778,(3,9223372036854775807))
Edge(220181,432377,(3,9223372036854775807))
Edge(220727,302238,(3,9223372036854775807))
Edge(220913,427525,(1,9223372036854775807))
Edge(221025,317712,(3,9223372036854775807))
Edge(221026,410077,(1,9223372036854775807))
Edge(221846,195127,(1,3))
Edge(222109,167803,(3,9223372036854775807))
Edge(222484,232255,(1,3))
Edge(222524,44456,(1,9223372036854775807))
Edge(222796,480215,(3,9223372036854775807))
Edge(223053,408987,(3,9223372036854775807))
Edge(223066,89831,(3,9223372036854775807))
Edge(223108,404314,(3,9223372036854775807))
Edge(223156,173997,(3,9223372036854775807))
Edge(223342,37393,(3,9223372036854775807))
Edge(223621,168801,(1,9223372036854775807))
Edge(224310,235876,(3,9223372036854775807))
Edge(224329,491736,(3,9223372036854775807))
Edge(224924,77796,(3,9223372036854775807))
Edge(225065,411943,(3,9223372036854775807))
Edge(225073,154844,(3,9223372036854775807))
Edge(225278,453465,(3,9223372036854775807))
Edge(225434,199984,(3,9223372036854775807))
Edge(225523,350082,(1,3))
Edge(225673,277931,(3,9223372036854775807))
Edge(226461,300673,(3,9223372036854775807))
Edge(226461,325410,(1,9223372036854775807))
Edge(227709,254859,(3,9223372036854775807))
Edge(228314,358578,(3,9223372036854775807))
Edge(228528,484988,(3,9223372036854775807))
Edge(229167,321150,(3,9223372036854775807))
Edge(229274,375842,(3,9223372036854775807))
Edge(229712,496541,(3,9223372036854775807))
Edge(230063,263756,(1,9223372036854775807))
Edge(230706,13308,(3,9223372036854775807))
Edge(231014,74040,(3,9223372036854775807))
Edge(231029,287077,(3,9223372036854775807))
Edge(231386,354298,(3,9223372036854775807))
Edge(231875,403018,(3,9223372036854775807))
Edge(232168,397138,(3,9223372036854775807))
Edge(232182,371502,(3,9223372036854775807))
Edge(233355,386612,(3,9223372036854775807))
Edge(233511,348509,(3,9223372036854775807))
Edge(233572,474379,(4,9223372036854775807))
Edge(233826,301590,(3,9223372036854775807))
Edge(234332,494330,(3,9223372036854775807))
Edge(234456,266988,(3,9223372036854775807))
Edge(234614,436207,(3,9223372036854775807))
Edge(234772,169143,(3,9223372036854775807))
Edge(235314,122825,(1,9223372036854775807))
Edge(235371,437833,(3,9223372036854775807))
Edge(235495,142823,(3,9223372036854775807))
Edge(235649,388972,(3,9223372036854775807))
Edge(236037,211962,(3,9223372036854775807))
Edge(236174,218784,(3,9223372036854775807))
Edge(236330,97127,(3,9223372036854775807))
Edge(236712,32599,(3,9223372036854775807))
Edge(236712,350766,(3,9223372036854775807))
Edge(237133,147024,(3,9223372036854775807))
Edge(237191,294745,(1,9223372036854775807))
Edge(237350,114792,(1,9223372036854775807))
Edge(237550,70040,(1,9223372036854775807))
Edge(237638,473786,(1,3))
Edge(237793,221466,(1,9223372036854775807))
Edge(238127,146590,(3,9223372036854775807))
Edge(238145,274371,(3,9223372036854775807))
Edge(239052,221781,(3,9223372036854775807))
Edge(239194,18685,(1,3))
Edge(239476,12011,(1,9223372036854775807))
Edge(239516,61115,(1,9223372036854775807))
Edge(239671,362101,(3,9223372036854775807))
Edge(239724,472482,(1,3))
Edge(240789,113765,(3,9223372036854775807))
Edge(241206,337238,(1,9223372036854775807))
Edge(241482,128409,(3,9223372036854775807))
Edge(241604,357524,(3,9223372036854775807))
Edge(241721,1587,(3,9223372036854775807))
Edge(241899,186807,(3,9223372036854775807))
Edge(242229,428316,(1,9223372036854775807))
Edge(242429,30501,(3,9223372036854775807))
Edge(243804,321028,(3,9223372036854775807))
Edge(244217,154004,(1,9223372036854775807))
Edge(244255,119476,(3,9223372036854775807))
Edge(244273,93816,(3,9223372036854775807))
Edge(244300,393611,(3,9223372036854775807))
Edge(244619,131254,(3,9223372036854775807))
Edge(244626,390398,(1,9223372036854775807))
Edge(244631,110313,(3,9223372036854775807))
Edge(244777,443309,(3,9223372036854775807))
Edge(245073,350928,(1,9223372036854775807))
Edge(245639,417427,(3,9223372036854775807))
Edge(245955,470290,(1,3))
Edge(246436,410550,(3,9223372036854775807))
Edge(246587,286047,(3,9223372036854775807))
Edge(246922,341653,(3,9223372036854775807))
Edge(246936,120863,(3,9223372036854775807))
Edge(247090,68738,(3,9223372036854775807))
Edge(247219,220811,(1,9223372036854775807))
Edge(247264,70995,(3,9223372036854775807))
Edge(247382,423888,(3,9223372036854775807))
Edge(247691,214626,(3,9223372036854775807))
Edge(247734,162337,(3,9223372036854775807))
Edge(248123,330773,(3,9223372036854775807))
Edge(248261,370524,(3,9223372036854775807))
Edge(248492,24223,(3,9223372036854775807))
Edge(248695,467501,(3,9223372036854775807))
Edge(248805,380182,(3,9223372036854775807))
Edge(248952,362158,(3,9223372036854775807))
Edge(249196,393521,(3,9223372036854775807))
Edge(249266,22077,(1,9223372036854775807))
Edge(249320,406951,(3,9223372036854775807))
Edge(249448,265590,(3,9223372036854775807))
Edge(249717,6832,(1,3))
Edge(249775,193151,(3,9223372036854775807))
Edge(249779,150258,(3,9223372036854775807))
Edge(249972,457193,(3,9223372036854775807))
Edge(251074,116187,(3,9223372036854775807))
Edge(251723,182237,(3,9223372036854775807))
Edge(251752,357377,(1,3))
Edge(251907,81351,(3,9223372036854775807))
Edge(252963,477808,(1,9223372036854775807))
Edge(254009,20517,(3,9223372036854775807))
Edge(254268,10475,(3,9223372036854775807))
Edge(254444,141036,(3,9223372036854775807))
Edge(254633,62923,(3,9223372036854775807))
Edge(254678,493501,(3,9223372036854775807))
Edge(254884,68942,(3,9223372036854775807))
Edge(255415,492201,(3,9223372036854775807))
Edge(255846,159105,(1,3))
Edge(255885,57657,(1,3))
Edge(256300,252126,(3,9223372036854775807))
Edge(256939,242798,(3,9223372036854775807))
Edge(256951,111205,(3,9223372036854775807))
Edge(257064,273066,(1,9223372036854775807))
Edge(257102,395765,(3,9223372036854775807))
Edge(257386,170947,(1,9223372036854775807))
Edge(257409,344445,(3,9223372036854775807))
Edge(257956,312482,(1,9223372036854775807))
Edge(258045,208088,(1,9223372036854775807))
Edge(259009,437097,(3,9223372036854775807))
Edge(259314,74951,(3,9223372036854775807))
Edge(260021,310553,(3,9223372036854775807))
Edge(260450,443743,(3,9223372036854775807))
Edge(260887,377660,(3,9223372036854775807))
Edge(261191,250462,(3,9223372036854775807))
Edge(261301,87212,(3,9223372036854775807))
Edge(261356,237906,(3,9223372036854775807))
Edge(261846,443574,(3,9223372036854775807))
Edge(261934,452840,(3,9223372036854775807))
Edge(262267,129383,(3,9223372036854775807))
Edge(262388,59873,(3,9223372036854775807))
Edge(262500,401426,(3,9223372036854775807))
Edge(262642,182184,(3,9223372036854775807))
Edge(262887,397854,(3,9223372036854775807))
Edge(263433,475529,(3,9223372036854775807))
Edge(263469,441441,(3,9223372036854775807))
Edge(263804,438719,(3,9223372036854775807))
Edge(263952,378547,(3,9223372036854775807))
Edge(263993,300637,(3,9223372036854775807))
Edge(265171,418066,(1,9223372036854775807))
Edge(265475,418118,(3,9223372036854775807))
Edge(265905,22452,(1,9223372036854775807))
Edge(266441,443002,(3,9223372036854775807))
Edge(266501,230975,(1,9223372036854775807))
Edge(266655,205341,(3,9223372036854775807))
Edge(266667,403378,(1,9223372036854775807))
Edge(266790,259149,(3,9223372036854775807))
Edge(267203,163734,(3,9223372036854775807))
Edge(267363,213564,(3,9223372036854775807))
Edge(267368,393080,(3,9223372036854775807))
Edge(267373,121734,(3,9223372036854775807))
Edge(267519,189911,(3,9223372036854775807))
Edge(268184,483700,(3,9223372036854775807))
Edge(268396,16716,(1,9223372036854775807))
Edge(268433,412155,(3,9223372036854775807))
Edge(268540,242469,(3,9223372036854775807))
Edge(269674,315655,(1,9223372036854775807))
Edge(269809,454245,(3,9223372036854775807))
Edge(270310,321856,(3,9223372036854775807))
Edge(270340,269644,(3,9223372036854775807))
Edge(270340,321475,(3,9223372036854775807))
Edge(270431,85182,(3,9223372036854775807))
Edge(270975,494351,(3,9223372036854775807))
Edge(271429,269118,(3,9223372036854775807))
Edge(271607,163826,(3,9223372036854775807))
Edge(271796,429223,(3,9223372036854775807))
Edge(272082,148171,(3,9223372036854775807))
Edge(272252,54377,(3,9223372036854775807))
Edge(273101,71877,(3,9223372036854775807))
Edge(273437,472925,(3,9223372036854775807))
Edge(273987,67172,(1,9223372036854775807))
Edge(274083,349348,(3,9223372036854775807))
Edge(274324,169081,(1,3))
Edge(274403,170566,(3,9223372036854775807))
Edge(274697,328257,(3,9223372036854775807))
Edge(275344,482877,(3,9223372036854775807))
Edge(275585,69387,(3,9223372036854775807))
Edge(276082,172870,(3,9223372036854775807))
Edge(276084,443594,(1,9223372036854775807))
Edge(276543,351943,(3,9223372036854775807))
Edge(276581,18138,(3,9223372036854775807))
Edge(276937,176660,(3,9223372036854775807))
Edge(276991,327621,(1,3))
Edge(277645,257370,(1,9223372036854775807))
Edge(277894,366339,(3,9223372036854775807))
Edge(277990,258130,(1,9223372036854775807))
Edge(278131,76966,(3,9223372036854775807))
Edge(278444,40813,(3,9223372036854775807))
Edge(278714,252066,(1,9223372036854775807))
Edge(278761,156186,(3,9223372036854775807))
Edge(278772,365120,(3,9223372036854775807))
Edge(279576,481503,(3,9223372036854775807))
Edge(279681,101309,(3,9223372036854775807))
Edge(280532,214856,(1,9223372036854775807))
Edge(281090,140052,(3,9223372036854775807))
Edge(281682,80495,(3,9223372036854775807))
Edge(282353,140139,(3,9223372036854775807))
Edge(282513,167574,(3,9223372036854775807))
Edge(282621,58105,(3,9223372036854775807))
Edge(282814,122455,(1,9223372036854775807))
Edge(282926,416774,(3,9223372036854775807))
Edge(283007,480130,(2,3))
Edge(283031,143613,(3,9223372036854775807))
Edge(283676,106197,(3,9223372036854775807))
Edge(283756,406289,(3,9223372036854775807))
Edge(283784,146449,(3,9223372036854775807))
Edge(284112,394384,(3,9223372036854775807))
Edge(285662,458943,(3,9223372036854775807))
Edge(285753,366126,(3,9223372036854775807))
Edge(285802,285201,(3,9223372036854775807))
Edge(286576,331076,(3,9223372036854775807))
Edge(287030,463237,(3,9223372036854775807))
Edge(287099,340357,(3,9223372036854775807))
Edge(287463,46911,(3,9223372036854775807))
Edge(287895,28019,(1,9223372036854775807))
Edge(287971,189030,(3,9223372036854775807))
Edge(288221,98827,(1,9223372036854775807))
Edge(288226,126857,(3,9223372036854775807))
Edge(288229,464919,(3,9223372036854775807))
Edge(288248,233770,(1,9223372036854775807))
Edge(288330,451985,(3,9223372036854775807))
Edge(288837,102651,(3,9223372036854775807))
Edge(288877,462722,(3,9223372036854775807))
Edge(288905,351806,(3,9223372036854775807))
Edge(289215,334130,(3,9223372036854775807))
Edge(289473,479096,(3,9223372036854775807))
Edge(289560,28825,(3,9223372036854775807))
Edge(289789,294500,(3,9223372036854775807))
Edge(290220,186776,(3,9223372036854775807))
Edge(290511,331665,(3,9223372036854775807))
Edge(291094,499417,(3,9223372036854775807))
Edge(291233,435379,(3,9223372036854775807))
Edge(291530,85994,(3,9223372036854775807))
Edge(291593,293306,(3,9223372036854775807))
Edge(291692,409324,(3,9223372036854775807))
Edge(292072,210301,(3,9223372036854775807))
Edge(292292,174116,(3,9223372036854775807))
Edge(292867,119675,(3,9223372036854775807))
Edge(293008,92429,(3,9223372036854775807))
Edge(293347,433428,(1,9223372036854775807))
Edge(294392,427848,(1,9223372036854775807))
Edge(294560,242205,(1,9223372036854775807))
Edge(295149,409780,(3,9223372036854775807))
Edge(295295,477637,(3,9223372036854775807))
Edge(295316,88217,(3,9223372036854775807))
Edge(295363,141987,(3,9223372036854775807))
Edge(295446,289429,(3,9223372036854775807))
Edge(295448,259655,(1,9223372036854775807))
Edge(295542,478929,(3,9223372036854775807))
Edge(295838,106638,(1,9223372036854775807))
Edge(295870,185382,(3,9223372036854775807))
Edge(295959,27076,(3,9223372036854775807))
Edge(296705,353088,(3,9223372036854775807))
Edge(297037,383380,(3,9223372036854775807))
Edge(297412,87696,(3,9223372036854775807))
Edge(297474,369850,(3,9223372036854775807))
Edge(297898,56105,(3,9223372036854775807))
Edge(297920,489413,(3,9223372036854775807))
Edge(298558,420187,(3,9223372036854775807))
Edge(298559,451443,(3,9223372036854775807))
Edge(298626,218860,(3,9223372036854775807))
Edge(299539,317253,(3,9223372036854775807))
Edge(300034,326262,(3,9223372036854775807))
Edge(300479,409458,(3,9223372036854775807))
Edge(300868,170248,(3,9223372036854775807))
Edge(300994,184508,(3,9223372036854775807))
Edge(301477,285568,(3,9223372036854775807))
Edge(301478,399308,(3,9223372036854775807))
Edge(302128,432385,(3,9223372036854775807))
Edge(302953,18037,(3,9223372036854775807))
Edge(303186,180489,(3,9223372036854775807))
Edge(303744,457905,(3,9223372036854775807))
Edge(303988,466837,(3,9223372036854775807))
Edge(304306,147080,(1,9223372036854775807))
Edge(304820,421983,(3,9223372036854775807))
Edge(304968,174475,(3,9223372036854775807))
Edge(305004,323012,(1,3))
Edge(305494,460174,(3,9223372036854775807))
Edge(305750,200273,(3,9223372036854775807))
Edge(305857,463482,(3,9223372036854775807))
Edge(306069,117885,(1,9223372036854775807))
Edge(307222,447931,(3,9223372036854775807))
Edge(307301,365371,(3,9223372036854775807))
Edge(307302,129188,(1,9223372036854775807))
Edge(307331,188272,(3,9223372036854775807))
Edge(307375,224622,(3,9223372036854775807))
Edge(307885,375130,(3,9223372036854775807))
Edge(308255,353201,(3,9223372036854775807))
Edge(308592,187485,(3,9223372036854775807))
Edge(308781,375149,(1,9223372036854775807))
Edge(309089,242459,(3,9223372036854775807))
Edge(309113,192248,(3,9223372036854775807))
Edge(309392,182891,(3,9223372036854775807))
Edge(309729,238703,(3,9223372036854775807))
Edge(310494,124625,(3,9223372036854775807))
Edge(310496,470193,(3,9223372036854775807))
Edge(310530,321779,(3,9223372036854775807))
Edge(310585,457399,(1,9223372036854775807))
Edge(310706,85479,(3,9223372036854775807))
Edge(311590,468677,(3,9223372036854775807))
Edge(311731,484141,(3,9223372036854775807))
Edge(311919,84318,(3,9223372036854775807))
Edge(312122,443299,(3,9223372036854775807))
Edge(312724,211444,(3,9223372036854775807))
Edge(312989,159935,(1,9223372036854775807))
Edge(313097,459013,(1,3))
Edge(313233,253930,(3,9223372036854775807))
Edge(313935,413621,(3,9223372036854775807))
Edge(314081,424555,(3,9223372036854775807))
Edge(314173,64071,(1,9223372036854775807))
Edge(314809,151469,(1,9223372036854775807))
Edge(315001,45910,(1,9223372036854775807))
Edge(315936,332691,(3,9223372036854775807))
Edge(315974,402133,(3,9223372036854775807))
Edge(316048,112459,(3,9223372036854775807))
Edge(316308,475215,(1,3))
Edge(316787,281540,(1,3))
Edge(317165,36130,(3,9223372036854775807))
Edge(317203,401642,(3,9223372036854775807))
Edge(317403,423500,(3,9223372036854775807))
Edge(318039,434317,(3,9223372036854775807))
Edge(318661,164666,(3,9223372036854775807))
Edge(318767,261444,(3,9223372036854775807))
Edge(318838,171610,(3,9223372036854775807))
Edge(319106,68033,(3,9223372036854775807))
Edge(319951,480227,(3,9223372036854775807))
Edge(320931,18149,(1,9223372036854775807))
Edge(321918,24986,(3,9223372036854775807))
Edge(321943,124933,(3,9223372036854775807))
Edge(322025,354251,(3,9223372036854775807))
Edge(322343,20803,(3,9223372036854775807))
Edge(322501,308811,(3,9223372036854775807))
Edge(322723,87337,(3,9223372036854775807))
Edge(322925,250462,(4,9223372036854775807))
Edge(323069,205277,(3,9223372036854775807))
Edge(323082,87752,(3,9223372036854775807))
Edge(324356,159429,(3,9223372036854775807))
Edge(324547,275235,(3,9223372036854775807))
Edge(325139,171056,(3,9223372036854775807))
Edge(325269,310547,(1,3))
Edge(325335,109854,(3,9223372036854775807))
Edge(325429,200942,(1,3))
Edge(325642,117094,(1,9223372036854775807))
Edge(325724,433811,(3,9223372036854775807))
Edge(326115,82997,(3,9223372036854775807))
Edge(326390,367755,(3,9223372036854775807))
Edge(326443,220664,(1,9223372036854775807))
Edge(326698,315823,(3,9223372036854775807))
Edge(326853,257387,(3,9223372036854775807))
Edge(327285,496791,(1,9223372036854775807))
Edge(327480,230985,(3,9223372036854775807))
Edge(327683,210341,(3,9223372036854775807))
Edge(328766,394097,(3,9223372036854775807))
Edge(328859,421071,(1,9223372036854775807))
Edge(329265,125684,(3,9223372036854775807))
Edge(329479,311112,(3,9223372036854775807))
Edge(329526,311031,(3,9223372036854775807))
Edge(329665,181430,(3,9223372036854775807))
Edge(329777,359939,(3,9223372036854775807))
Edge(330135,330635,(3,9223372036854775807))
Edge(330162,443886,(3,9223372036854775807))
Edge(330738,19731,(3,9223372036854775807))
Edge(330843,280210,(1,9223372036854775807))
Edge(330844,319587,(3,9223372036854775807))
Edge(331414,62625,(3,9223372036854775807))
Edge(331481,331270,(3,9223372036854775807))
Edge(331959,194274,(3,9223372036854775807))
Edge(332092,344693,(3,9223372036854775807))
Edge(332565,439446,(3,9223372036854775807))
Edge(333097,14802,(1,9223372036854775807))
Edge(333502,148154,(3,9223372036854775807))
Edge(333659,22657,(3,9223372036854775807))
Edge(333741,300432,(3,9223372036854775807))
Edge(334180,212419,(3,9223372036854775807))
Edge(334713,73152,(3,9223372036854775807))
Edge(334799,387343,(3,9223372036854775807))
Edge(334815,197089,(3,9223372036854775807))
Edge(334937,405255,(1,9223372036854775807))
Edge(335879,327432,(3,9223372036854775807))
Edge(336031,188913,(1,9223372036854775807))
Edge(336200,258550,(1,9223372036854775807))
Edge(336298,286724,(3,9223372036854775807))
Edge(336352,96354,(3,9223372036854775807))
Edge(336388,185204,(3,9223372036854775807))
Edge(337567,245473,(3,9223372036854775807))
Edge(337732,166896,(3,9223372036854775807))
Edge(337937,353297,(1,3))
Edge(338047,373516,(3,9223372036854775807))
Edge(338172,249530,(3,9223372036854775807))
Edge(338315,105260,(3,9223372036854775807))
Edge(338712,309332,(3,9223372036854775807))
Edge(338862,281683,(1,9223372036854775807))
Edge(338966,15727,(3,9223372036854775807))
Edge(339091,112129,(3,9223372036854775807))
Edge(339501,38710,(1,9223372036854775807))
Edge(339636,432358,(3,9223372036854775807))
Edge(339712,238797,(3,9223372036854775807))
Edge(340355,270639,(3,9223372036854775807))
Edge(341095,298951,(3,9223372036854775807))
Edge(341535,164590,(3,9223372036854775807))
Edge(341665,24099,(3,9223372036854775807))
Edge(342121,27390,(1,9223372036854775807))
Edge(342138,210708,(3,9223372036854775807))
Edge(342170,202600,(3,9223372036854775807))
Edge(342196,155855,(3,9223372036854775807))
Edge(342451,407320,(3,9223372036854775807))
Edge(342734,174969,(3,9223372036854775807))
Edge(343172,176969,(3,9223372036854775807))
Edge(343375,61967,(3,9223372036854775807))
Edge(343401,252681,(3,9223372036854775807))
Edge(343415,488208,(3,9223372036854775807))
Edge(343561,434377,(3,9223372036854775807))
Edge(343988,150043,(3,9223372036854775807))
Edge(344187,294514,(3,9223372036854775807))
Edge(345069,138837,(3,9223372036854775807))
Edge(345447,39472,(3,9223372036854775807))
Edge(345546,30528,(3,9223372036854775807))
Edge(345557,334688,(1,9223372036854775807))
Edge(345623,366416,(3,9223372036854775807))
Edge(345710,305354,(3,9223372036854775807))
Edge(345918,452486,(3,9223372036854775807))
Edge(346105,53444,(3,9223372036854775807))
Edge(347038,208559,(3,9223372036854775807))
Edge(347383,276991,(3,9223372036854775807))
Edge(347481,316500,(3,9223372036854775807))
Edge(347512,55177,(1,9223372036854775807))
Edge(347520,455836,(3,9223372036854775807))
Edge(347848,166547,(3,9223372036854775807))
Edge(347934,175826,(3,9223372036854775807))
Edge(348128,190886,(3,9223372036854775807))
Edge(348498,276048,(3,9223372036854775807))
Edge(348913,258983,(3,9223372036854775807))
Edge(348942,98410,(3,9223372036854775807))
Edge(349017,373403,(3,9223372036854775807))
Edge(349052,107942,(3,9223372036854775807))
Edge(349176,181901,(1,9223372036854775807))
Edge(349209,293909,(3,9223372036854775807))
Edge(349286,110209,(3,9223372036854775807))
Edge(349352,180091,(3,9223372036854775807))
Edge(349456,115166,(3,9223372036854775807))
Edge(349481,44368,(3,9223372036854775807))
Edge(350057,248990,(3,9223372036854775807))
Edge(350162,52711,(3,9223372036854775807))
Edge(350621,357499,(3,9223372036854775807))
Edge(350747,407465,(3,9223372036854775807))
Edge(350909,391514,(3,9223372036854775807))
Edge(350968,322480,(1,9223372036854775807))
Edge(350994,476052,(3,9223372036854775807))
Edge(351732,494423,(3,9223372036854775807))
Edge(352009,309871,(1,3))
Edge(352228,317269,(3,9223372036854775807))
Edge(352483,263770,(1,9223372036854775807))
Edge(352950,416929,(3,9223372036854775807))
Edge(353608,303350,(1,9223372036854775807))
Edge(353631,431912,(3,9223372036854775807))
Edge(354235,216867,(3,9223372036854775807))
Edge(354315,315353,(3,9223372036854775807))
Edge(354420,425986,(3,9223372036854775807))
Edge(354559,313207,(3,9223372036854775807))
Edge(354878,432939,(3,9223372036854775807))
Edge(355731,175334,(3,9223372036854775807))
Edge(356077,40277,(3,9223372036854775807))
Edge(356203,134376,(3,9223372036854775807))
Edge(356456,122625,(1,9223372036854775807))
Edge(357366,189679,(4,9223372036854775807))
Edge(357545,31192,(3,9223372036854775807))
Edge(358532,390610,(3,9223372036854775807))
Edge(358830,70235,(3,9223372036854775807))
Edge(359526,170055,(3,9223372036854775807))
Edge(359858,207301,(3,9223372036854775807))
Edge(359956,232946,(3,9223372036854775807))
Edge(360341,96594,(3,9223372036854775807))
Edge(360414,337144,(3,9223372036854775807))
Edge(360650,369560,(3,9223372036854775807))
Edge(360843,123017,(3,9223372036854775807))
Edge(361188,422934,(3,9223372036854775807))
Edge(361214,19851,(3,9223372036854775807))
Edge(361427,139025,(3,9223372036854775807))
Edge(362038,212277,(3,9223372036854775807))
Edge(362671,258423,(3,9223372036854775807))
Edge(362996,200990,(3,9223372036854775807))
Edge(363244,135138,(3,9223372036854775807))
Edge(363457,230227,(3,9223372036854775807))
Edge(363698,297616,(3,9223372036854775807))
Edge(364159,32753,(3,9223372036854775807))
Edge(364535,453940,(4,9223372036854775807))
Edge(364582,436934,(3,9223372036854775807))
Edge(364867,420012,(3,9223372036854775807))
Edge(364980,125496,(3,9223372036854775807))
Edge(365070,497070,(3,9223372036854775807))
Edge(365204,33139,(3,9223372036854775807))
Edge(365368,398828,(3,9223372036854775807))
Edge(365472,66907,(1,9223372036854775807))
Edge(365708,94263,(3,9223372036854775807))
Edge(365827,410528,(3,9223372036854775807))
Edge(366746,272356,(3,9223372036854775807))
Edge(367050,352209,(1,9223372036854775807))
Edge(367246,339909,(1,3))
Edge(367278,304700,(1,9223372036854775807))
Edge(367416,175685,(3,9223372036854775807))
Edge(367563,211938,(3,9223372036854775807))
Edge(367566,94485,(3,9223372036854775807))
Edge(368278,343329,(3,9223372036854775807))
Edge(368435,77313,(1,9223372036854775807))
Edge(368840,156991,(1,3))
Edge(368848,426111,(3,9223372036854775807))
Edge(368945,420870,(3,9223372036854775807))
Edge(369482,306261,(3,9223372036854775807))
Edge(369543,231384,(1,9223372036854775807))
Edge(369590,287799,(3,9223372036854775807))
Edge(370077,271021,(3,9223372036854775807))
Edge(370891,21931,(3,9223372036854775807))
Edge(371230,299875,(3,9223372036854775807))
Edge(371326,84591,(3,9223372036854775807))
Edge(371669,419609,(3,9223372036854775807))
Edge(371691,482952,(1,9223372036854775807))
Edge(372055,346892,(1,3))
Edge(372198,27524,(3,9223372036854775807))
Edge(372304,241421,(3,9223372036854775807))
Edge(372546,248098,(3,9223372036854775807))
Edge(372923,78022,(3,9223372036854775807))
Edge(373017,174842,(1,9223372036854775807))
Edge(373054,370776,(3,9223372036854775807))
Edge(374442,346058,(3,9223372036854775807))
Edge(374464,223806,(3,9223372036854775807))
Edge(375063,185940,(3,9223372036854775807))
Edge(375734,120144,(1,9223372036854775807))
Edge(376696,87905,(1,9223372036854775807))
Edge(376753,17084,(3,9223372036854775807))
Edge(376816,334375,(3,9223372036854775807))
Edge(377077,200136,(3,9223372036854775807))
Edge(377158,101497,(3,9223372036854775807))
Edge(377526,299419,(3,9223372036854775807))
Edge(377560,101732,(3,9223372036854775807))
Edge(377582,258373,(3,9223372036854775807))
Edge(377594,291216,(1,3))
Edge(377681,162523,(1,9223372036854775807))
Edge(377987,274041,(1,9223372036854775807))
Edge(378114,451823,(3,9223372036854775807))
Edge(378404,102082,(3,9223372036854775807))
Edge(378753,266275,(1,9223372036854775807))
Edge(378833,132167,(3,9223372036854775807))
Edge(379427,51633,(1,3))
Edge(380054,264326,(3,9223372036854775807))
Edge(380167,80698,(3,9223372036854775807))
Edge(380349,417963,(3,9223372036854775807))
Edge(381300,291323,(3,9223372036854775807))
Edge(381554,397302,(1,9223372036854775807))
Edge(382060,485152,(1,9223372036854775807))
Edge(382124,433091,(3,9223372036854775807))
Edge(382145,256113,(3,9223372036854775807))
Edge(382462,191836,(1,9223372036854775807))
Edge(382608,135207,(3,9223372036854775807))
Edge(383237,71005,(3,9223372036854775807))
Edge(383335,386937,(3,9223372036854775807))
Edge(384346,286215,(3,9223372036854775807))
Edge(384374,248172,(3,9223372036854775807))
Edge(384721,479050,(3,9223372036854775807))
Edge(384837,81391,(3,9223372036854775807))
Edge(385123,198241,(1,3))
Edge(385339,423044,(3,9223372036854775807))
Edge(385434,343869,(3,9223372036854775807))
Edge(385735,149895,(3,9223372036854775807))
Edge(385753,207598,(3,9223372036854775807))
Edge(386162,420398,(3,9223372036854775807))
Edge(386277,304337,(3,9223372036854775807))
Edge(386875,58128,(3,9223372036854775807))
Edge(387449,328939,(3,9223372036854775807))
Edge(387550,342341,(3,9223372036854775807))
Edge(387677,82718,(3,9223372036854775807))
Edge(387703,266911,(1,9223372036854775807))
Edge(388106,82984,(3,9223372036854775807))
Edge(388184,172306,(1,9223372036854775807))
Edge(388607,486227,(1,9223372036854775807))
Edge(388631,375916,(3,9223372036854775807))
Edge(389080,192157,(1,9223372036854775807))
Edge(389485,310588,(1,9223372036854775807))
Edge(389557,47737,(1,9223372036854775807))
Edge(389847,409418,(3,9223372036854775807))
Edge(390335,11513,(3,9223372036854775807))
Edge(390504,280144,(3,9223372036854775807))
Edge(390610,304850,(1,9223372036854775807))
Edge(390915,189536,(3,9223372036854775807))
Edge(391934,361155,(3,9223372036854775807))
Edge(392189,148513,(3,9223372036854775807))
Edge(392387,210197,(3,9223372036854775807))
Edge(392508,446611,(3,9223372036854775807))
Edge(392550,114544,(3,9223372036854775807))
Edge(392604,366651,(3,9223372036854775807))
Edge(392637,32666,(3,9223372036854775807))
Edge(392690,356491,(1,9223372036854775807))
Edge(392947,464777,(3,9223372036854775807))
Edge(392999,344557,(3,9223372036854775807))
Edge(393003,184900,(3,9223372036854775807))
Edge(393235,405638,(3,9223372036854775807))
Edge(393550,189191,(3,9223372036854775807))
Edge(394040,462211,(3,9223372036854775807))
Edge(394585,280339,(3,9223372036854775807))
Edge(394798,339390,(3,9223372036854775807))
Edge(394921,6465,(3,9223372036854775807))
Edge(394983,71293,(3,9223372036854775807))
Edge(395214,57179,(3,9223372036854775807))
Edge(395522,396763,(1,3))
Edge(395539,302028,(3,9223372036854775807))
Edge(395843,272943,(1,3))
Edge(395973,453292,(3,9223372036854775807))
Edge(396007,66133,(3,9223372036854775807))
Edge(396214,337460,(3,9223372036854775807))
Edge(396479,476124,(1,3))
Edge(397494,392971,(1,9223372036854775807))
Edge(397773,242637,(3,9223372036854775807))
Edge(397780,192679,(1,3))
Edge(397946,237925,(1,9223372036854775807))
Edge(398362,168965,(3,9223372036854775807))
Edge(398462,263281,(3,9223372036854775807))
Edge(398940,123020,(3,9223372036854775807))
Edge(399089,61343,(3,9223372036854775807))
Edge(399536,272598,(3,9223372036854775807))
Edge(399701,169726,(3,9223372036854775807))
Edge(399892,451335,(4,9223372036854775807))
Edge(399903,111440,(1,9223372036854775807))
Edge(400459,465344,(3,9223372036854775807))
Edge(400761,349098,(3,9223372036854775807))
Edge(400945,107025,(3,9223372036854775807))
Edge(401632,19682,(3,9223372036854775807))
Edge(401643,291089,(3,9223372036854775807))
Edge(401807,280732,(3,9223372036854775807))
Edge(401996,385505,(3,9223372036854775807))
Edge(403235,239869,(1,3))
Edge(403458,477118,(3,9223372036854775807))
Edge(403498,156621,(1,9223372036854775807))
Edge(403506,399467,(3,9223372036854775807))
Edge(403772,324313,(1,3))
Edge(403815,1398,(4,9223372036854775807))
Edge(403924,377339,(3,9223372036854775807))
Edge(404238,332599,(1,9223372036854775807))
Edge(404349,170530,(3,9223372036854775807))
Edge(404477,478779,(1,3))
Edge(404671,115755,(3,9223372036854775807))
Edge(404693,96882,(3,9223372036854775807))
Edge(404693,266945,(1,9223372036854775807))
Edge(404816,75193,(3,9223372036854775807))
Edge(404941,211988,(3,9223372036854775807))
Edge(405288,464438,(1,9223372036854775807))
Edge(405373,478960,(3,9223372036854775807))
Edge(405608,246791,(3,9223372036854775807))
Edge(406661,354430,(3,9223372036854775807))
Edge(406764,352541,(3,9223372036854775807))
Edge(406828,277988,(3,9223372036854775807))
Edge(407403,249027,(3,9223372036854775807))
Edge(408108,155485,(3,9223372036854775807))
Edge(408768,496754,(1,3))
Edge(409147,235113,(3,9223372036854775807))
Edge(409443,186130,(3,9223372036854775807))
Edge(409818,160137,(1,9223372036854775807))
Edge(410247,399487,(3,9223372036854775807))
Edge(410350,38482,(3,9223372036854775807))
Edge(410418,41096,(3,9223372036854775807))
Edge(410998,459803,(3,9223372036854775807))
Edge(411033,102630,(3,9223372036854775807))
Edge(411057,288952,(3,9223372036854775807))
Edge(411302,125702,(3,9223372036854775807))
Edge(411475,452515,(1,3))
Edge(411788,187408,(3,9223372036854775807))
Edge(412466,386692,(1,3))
Edge(412820,499764,(3,9223372036854775807))
Edge(412843,152852,(3,9223372036854775807))
Edge(413706,309270,(3,9223372036854775807))
Edge(413724,166530,(3,9223372036854775807))
Edge(413930,477990,(3,9223372036854775807))
Edge(414025,276344,(3,9223372036854775807))
Edge(414150,296353,(3,9223372036854775807))
Edge(414418,484260,(3,9223372036854775807))
Edge(414458,459115,(3,9223372036854775807))
Edge(414466,96731,(3,9223372036854775807))
Edge(414480,259726,(1,9223372036854775807))
Edge(414502,58720,(1,9223372036854775807))
Edge(414715,492534,(3,9223372036854775807))
Edge(414797,441463,(3,9223372036854775807))
Edge(415048,346691,(3,9223372036854775807))
Edge(415256,298996,(3,9223372036854775807))
Edge(415996,302826,(1,3))
Edge(416232,315993,(1,9223372036854775807))
Edge(416467,352202,(3,9223372036854775807))
Edge(416551,71753,(3,9223372036854775807))
Edge(416789,156193,(3,9223372036854775807))
Edge(417156,447204,(3,9223372036854775807))
Edge(417186,302793,(1,9223372036854775807))
Edge(417566,296361,(3,9223372036854775807))
Edge(417669,9395,(3,9223372036854775807))
Edge(417685,48937,(1,3))
Edge(417799,312414,(3,9223372036854775807))
Edge(418084,408276,(3,9223372036854775807))
Edge(418094,337738,(3,9223372036854775807))
Edge(418747,146955,(1,9223372036854775807))
Edge(418753,127933,(3,9223372036854775807))
Edge(418834,267348,(3,9223372036854775807))
Edge(419064,355801,(3,9223372036854775807))
Edge(419113,152131,(3,9223372036854775807))
Edge(419373,484518,(1,9223372036854775807))
Edge(419554,362996,(1,9223372036854775807))
Edge(419630,212166,(1,3))
Edge(419653,196889,(1,9223372036854775807))
Edge(419684,495002,(1,9223372036854775807))
Edge(419765,252179,(3,9223372036854775807))
Edge(420026,392259,(3,9223372036854775807))
Edge(420324,207804,(3,9223372036854775807))
Edge(420880,33047,(3,9223372036854775807))
Edge(421024,382624,(4,9223372036854775807))
Edge(421597,152529,(3,9223372036854775807))
Edge(421691,173312,(3,9223372036854775807))
Edge(421996,117062,(3,9223372036854775807))
Edge(422160,278941,(1,9223372036854775807))
Edge(422553,445777,(3,9223372036854775807))
Edge(422627,399251,(3,9223372036854775807))
Edge(422738,349974,(3,9223372036854775807))
Edge(422936,64940,(1,9223372036854775807))
Edge(423258,32130,(3,9223372036854775807))
Edge(423376,338545,(3,9223372036854775807))
Edge(423405,479409,(3,9223372036854775807))
Edge(423698,226762,(1,9223372036854775807))
Edge(423950,431762,(3,9223372036854775807))
Edge(424162,143256,(3,9223372036854775807))
Edge(424264,69452,(3,9223372036854775807))
Edge(424361,337510,(1,9223372036854775807))
Edge(424428,156222,(3,9223372036854775807))
Edge(424553,426407,(1,3))
Edge(424907,242409,(3,9223372036854775807))
Edge(425115,272410,(3,9223372036854775807))
Edge(425315,325214,(3,9223372036854775807))
Edge(425618,165058,(1,9223372036854775807))
Edge(426022,457376,(3,9223372036854775807))
Edge(426707,206489,(3,9223372036854775807))
Edge(426827,283568,(1,9223372036854775807))
Edge(427267,336518,(3,9223372036854775807))
Edge(427761,442992,(3,9223372036854775807))
Edge(428009,224547,(3,9223372036854775807))
Edge(428815,216467,(1,9223372036854775807))
Edge(429117,344790,(3,9223372036854775807))
Edge(429122,286185,(1,9223372036854775807))
Edge(429310,137242,(1,9223372036854775807))
Edge(429385,384025,(1,9223372036854775807))
Edge(429551,335403,(3,9223372036854775807))
Edge(429557,202894,(3,9223372036854775807))
Edge(430549,281529,(3,9223372036854775807))
Edge(430676,86225,(3,9223372036854775807))
Edge(430891,443553,(3,9223372036854775807))
Edge(431208,156947,(1,3))
Edge(431490,126023,(3,9223372036854775807))
Edge(431669,325814,(3,9223372036854775807))
Edge(431987,253749,(3,9223372036854775807))
Edge(432085,147201,(1,9223372036854775807))
Edge(432131,306001,(3,9223372036854775807))
Edge(432782,218163,(3,9223372036854775807))
Edge(432847,89028,(3,9223372036854775807))
Edge(433238,227901,(1,9223372036854775807))
Edge(433266,35566,(3,9223372036854775807))
Edge(433601,373699,(3,9223372036854775807))
Edge(433605,13226,(3,9223372036854775807))
Edge(433897,96636,(3,9223372036854775807))
Edge(433970,260580,(3,9223372036854775807))
Edge(434115,277397,(3,9223372036854775807))
Edge(434391,90977,(3,9223372036854775807))
Edge(434509,136045,(3,9223372036854775807))
Edge(434840,42177,(3,9223372036854775807))
Edge(434890,373028,(3,9223372036854775807))
Edge(435038,165159,(3,9223372036854775807))
Edge(435326,438421,(1,9223372036854775807))
Edge(435361,63145,(3,9223372036854775807))
Edge(435431,221197,(1,9223372036854775807))
Edge(435599,484050,(3,9223372036854775807))
Edge(435708,454693,(1,9223372036854775807))
Edge(435885,490322,(1,3))
Edge(436131,51708,(3,9223372036854775807))
Edge(436214,330409,(3,9223372036854775807))
Edge(436245,120823,(1,3))
Edge(436251,47380,(3,9223372036854775807))
Edge(436540,178152,(3,9223372036854775807))
Edge(437292,147577,(1,9223372036854775807))
Edge(437818,2627,(1,9223372036854775807))
Edge(438053,70243,(1,3))
Edge(439052,43830,(3,9223372036854775807))
Edge(439732,206328,(3,9223372036854775807))
Edge(439903,474635,(3,9223372036854775807))
Edge(440042,115216,(3,9223372036854775807))
Edge(440101,241853,(3,9223372036854775807))
Edge(440222,459741,(3,9223372036854775807))
Edge(440933,471343,(3,9223372036854775807))
Edge(441138,482195,(3,9223372036854775807))
Edge(441204,95834,(3,9223372036854775807))
Edge(441516,362792,(3,9223372036854775807))
Edge(441998,366661,(1,9223372036854775807))
Edge(442080,115355,(3,9223372036854775807))
Edge(442139,290717,(3,9223372036854775807))
Edge(442180,374825,(3,9223372036854775807))
Edge(443054,440662,(1,3))
Edge(443269,156927,(3,9223372036854775807))
Edge(443529,158031,(3,9223372036854775807))
Edge(443575,236818,(3,9223372036854775807))
Edge(443662,313358,(3,9223372036854775807))
Edge(443942,455759,(3,9223372036854775807))
Edge(444079,346132,(3,9223372036854775807))
Edge(444404,395673,(3,9223372036854775807))
Edge(444702,461442,(3,9223372036854775807))
Edge(444938,461607,(3,9223372036854775807))
Edge(445002,55593,(3,9223372036854775807))
Edge(445074,153240,(3,9223372036854775807))
Edge(445229,239820,(3,9223372036854775807))
Edge(445928,425368,(3,9223372036854775807))
Edge(446022,152598,(3,9223372036854775807))
Edge(446176,360139,(1,9223372036854775807))
Edge(446538,137104,(1,9223372036854775807))
Edge(447063,357918,(3,9223372036854775807))
Edge(447426,59719,(3,9223372036854775807))
Edge(448493,34811,(3,9223372036854775807))
Edge(448579,498268,(3,9223372036854775807))
Edge(448712,406535,(1,9223372036854775807))
Edge(448828,336674,(3,9223372036854775807))
Edge(448836,45111,(3,9223372036854775807))
Edge(449326,345496,(1,3))
Edge(449459,318881,(3,9223372036854775807))
Edge(449564,477528,(3,9223372036854775807))
Edge(449926,8592,(1,3))
Edge(450100,31720,(1,3))
Edge(450328,25252,(3,9223372036854775807))
Edge(450387,339037,(3,9223372036854775807))
Edge(450677,162494,(3,9223372036854775807))
Edge(450696,420687,(3,9223372036854775807))
Edge(450699,232430,(3,9223372036854775807))
Edge(450703,261724,(3,9223372036854775807))
Edge(451943,361969,(3,9223372036854775807))
Edge(452086,150931,(3,9223372036854775807))
Edge(452125,25412,(3,9223372036854775807))
Edge(452280,297184,(3,9223372036854775807))
Edge(452298,370346,(3,9223372036854775807))
Edge(452351,367734,(3,9223372036854775807))
Edge(452871,427001,(3,9223372036854775807))
Edge(452991,55614,(3,9223372036854775807))
Edge(453105,150800,(3,9223372036854775807))
Edge(453211,64116,(3,9223372036854775807))
Edge(453406,113435,(3,9223372036854775807))
Edge(454246,249081,(3,9223372036854775807))
Edge(454302,469003,(1,9223372036854775807))
Edge(454323,97582,(3,9223372036854775807))
Edge(454433,144436,(3,9223372036854775807))
Edge(454803,366127,(1,9223372036854775807))
Edge(455050,435820,(3,9223372036854775807))
Edge(455103,395701,(3,9223372036854775807))
Edge(455622,313520,(3,9223372036854775807))
Edge(456303,396557,(3,9223372036854775807))
Edge(456304,20983,(3,9223372036854775807))
Edge(456769,118095,(3,9223372036854775807))
Edge(457082,3413,(3,9223372036854775807))
Edge(457248,377328,(3,9223372036854775807))
Edge(457253,430725,(3,9223372036854775807))
Edge(457353,76730,(3,9223372036854775807))
Edge(457435,174364,(1,3))
Edge(457502,267521,(3,9223372036854775807))
Edge(457691,284205,(1,9223372036854775807))
Edge(458015,444048,(4,9223372036854775807))
Edge(458040,142923,(1,9223372036854775807))
Edge(458384,296281,(3,9223372036854775807))
Edge(458540,214949,(1,9223372036854775807))
Edge(458716,466331,(1,9223372036854775807))
Edge(459067,156013,(3,9223372036854775807))
Edge(459605,428767,(3,9223372036854775807))
Edge(459619,137995,(3,9223372036854775807))
Edge(459956,109236,(1,9223372036854775807))
Edge(460212,354228,(3,9223372036854775807))
Edge(460397,320026,(3,9223372036854775807))
Edge(461014,76912,(3,9223372036854775807))
Edge(461051,306327,(3,9223372036854775807))
Edge(461123,479313,(3,9223372036854775807))
Edge(461852,128017,(3,9223372036854775807))
Edge(462191,230893,(1,3))
Edge(462921,403342,(1,9223372036854775807))
Edge(463746,89663,(3,9223372036854775807))
Edge(464059,384693,(3,9223372036854775807))
Edge(464091,64767,(1,9223372036854775807))
Edge(464320,267857,(3,9223372036854775807))
Edge(464378,295877,(3,9223372036854775807))
Edge(464503,380552,(1,9223372036854775807))
Edge(464833,282535,(3,9223372036854775807))
Edge(464985,38186,(3,9223372036854775807))
Edge(465651,292160,(3,9223372036854775807))
Edge(465960,232461,(1,9223372036854775807))
Edge(466134,476692,(1,9223372036854775807))
Edge(466826,398150,(3,9223372036854775807))
Edge(467173,150732,(3,9223372036854775807))
Edge(467293,231435,(3,9223372036854775807))
Edge(467476,327357,(3,9223372036854775807))
Edge(467477,235786,(3,9223372036854775807))
Edge(467696,116920,(3,9223372036854775807))
Edge(467939,437573,(1,3))
Edge(468815,213610,(3,9223372036854775807))
Edge(469037,304720,(1,3))
Edge(469052,393716,(3,9223372036854775807))
Edge(469112,284790,(3,9223372036854775807))
Edge(469146,234460,(3,9223372036854775807))
Edge(469157,317871,(3,9223372036854775807))
Edge(469284,477021,(1,3))
Edge(469925,208473,(1,9223372036854775807))
Edge(470212,36861,(1,9223372036854775807))
Edge(470216,2063,(3,9223372036854775807))
Edge(470959,54866,(3,9223372036854775807))
Edge(470964,146984,(3,9223372036854775807))
Edge(471109,470519,(3,9223372036854775807))
Edge(471614,276887,(3,9223372036854775807))
Edge(471638,233884,(3,9223372036854775807))
Edge(471667,437928,(3,9223372036854775807))
Edge(472331,76798,(3,9223372036854775807))
Edge(472520,445407,(3,9223372036854775807))
Edge(472915,388403,(3,9223372036854775807))
Edge(473079,147450,(3,9223372036854775807))
Edge(473594,289253,(3,9223372036854775807))
Edge(474245,332213,(1,9223372036854775807))
Edge(474613,233603,(3,9223372036854775807))
Edge(474718,28591,(1,9223372036854775807))
Edge(475145,163076,(3,9223372036854775807))
Edge(475311,429168,(1,3))
Edge(475498,187014,(3,9223372036854775807))
Edge(475601,243013,(3,9223372036854775807))
Edge(475855,184479,(1,9223372036854775807))
Edge(476228,112535,(3,9223372036854775807))
Edge(476295,243834,(3,9223372036854775807))
Edge(476298,182394,(3,9223372036854775807))
Edge(476726,118219,(3,9223372036854775807))
Edge(477274,126438,(3,9223372036854775807))
Edge(478297,410770,(3,9223372036854775807))
Edge(478340,476142,(3,9223372036854775807))
Edge(478341,376342,(3,9223372036854775807))
Edge(478389,437629,(3,9223372036854775807))
Edge(478853,399398,(3,9223372036854775807))
Edge(481848,470827,(3,9223372036854775807))
Edge(481948,352679,(3,9223372036854775807))
Edge(481959,122611,(3,9223372036854775807))
Edge(482272,166511,(3,9223372036854775807))
Edge(482907,177923,(3,9223372036854775807))
Edge(482956,191168,(3,9223372036854775807))
Edge(483486,167928,(3,9223372036854775807))
Edge(483617,383135,(3,9223372036854775807))
Edge(484047,309072,(3,9223372036854775807))
Edge(484846,444899,(1,9223372036854775807))
Edge(484863,468767,(3,9223372036854775807))
Edge(484871,324486,(3,9223372036854775807))
Edge(484943,63918,(1,9223372036854775807))
Edge(485112,419543,(3,9223372036854775807))
Edge(485300,48106,(3,9223372036854775807))
Edge(485577,115865,(1,3))
Edge(485773,314923,(1,9223372036854775807))
Edge(486064,307141,(3,9223372036854775807))
Edge(486379,134746,(3,9223372036854775807))
Edge(486654,383401,(3,9223372036854775807))
Edge(486731,51233,(1,3))
Edge(487179,493095,(1,3))
Edge(487383,316440,(1,3))
Edge(488193,416426,(1,9223372036854775807))
Edge(488376,478006,(3,9223372036854775807))
Edge(489006,490169,(3,9223372036854775807))
Edge(489161,162010,(3,9223372036854775807))
Edge(490111,370763,(3,9223372036854775807))
Edge(490250,496267,(3,9223372036854775807))
Edge(490560,36775,(1,9223372036854775807))
Edge(490615,16328,(4,9223372036854775807))
Edge(490700,350008,(1,9223372036854775807))
Edge(490800,331664,(3,9223372036854775807))
Edge(491091,443343,(3,9223372036854775807))
Edge(491230,39724,(3,9223372036854775807))
Edge(491258,444645,(3,9223372036854775807))
Edge(491669,116948,(3,9223372036854775807))
Edge(492812,336723,(3,9223372036854775807))
Edge(493058,59290,(3,9223372036854775807))
Edge(493238,359198,(1,3))
Edge(493273,172499,(3,9223372036854775807))
Edge(493352,192664,(3,9223372036854775807))
Edge(493584,264943,(3,9223372036854775807))
Edge(493997,348691,(3,9223372036854775807))
Edge(494600,297721,(3,9223372036854775807))
Edge(495028,249630,(1,3))
Edge(495084,388089,(1,3))
Edge(495110,148106,(1,9223372036854775807))
Edge(495116,304490,(3,9223372036854775807))
Edge(495274,91044,(3,9223372036854775807))
Edge(495313,46080,(3,9223372036854775807))
Edge(495394,272134,(3,9223372036854775807))
Edge(495408,256744,(3,9223372036854775807))
Edge(495731,158890,(1,9223372036854775807))
Edge(496280,377560,(1,9223372036854775807))
Edge(496304,41016,(1,3))
Edge(496350,377423,(3,9223372036854775807))
Edge(496363,448246,(3,9223372036854775807))
Edge(496381,318650,(1,3))
Edge(496476,142367,(3,9223372036854775807))
Edge(497240,209969,(3,9223372036854775807))
Edge(497780,481074,(3,9223372036854775807))
Edge(497783,180264,(4,9223372036854775807))
Edge(498073,307649,(3,9223372036854775807))
Edge(498249,264775,(1,9223372036854775807))
Edge(498314,414353,(1,9223372036854775807))
Edge(498384,175942,(3,9223372036854775807))
Edge(498782,376480,(3,9223372036854775807))
Edge(498941,251705,(1,9223372036854775807))
Edge(499431,20327,(3,9223372036854775807))
Edge(499793,150596,(3,9223372036854775807))
