Edge(131,436981,(1,3))
Edge(177,2079,(1,9223372036854775807))
Edge(212,462920,(3,9223372036854775807))
Edge(611,369274,(1,9223372036854775807))
Edge(1005,478752,(1,9223372036854775807))
Edge(1290,436320,(3,9223372036854775807))
Edge(1809,210712,(3,9223372036854775807))
Edge(2458,295681,(3,9223372036854775807))
Edge(2684,468202,(3,9223372036854775807))
Edge(3074,184642,(1,9223372036854775807))
Edge(3337,358194,(1,9223372036854775807))
Edge(3829,163330,(1,9223372036854775807))
Edge(3873,301464,(3,9223372036854775807))
Edge(4089,99881,(3,9223372036854775807))
Edge(4287,13386,(3,9223372036854775807))
Edge(4324,263813,(1,3))
Edge(4584,487907,(1,3))
Edge(4598,431663,(3,9223372036854775807))
Edge(4673,343818,(3,9223372036854775807))
Edge(4851,101054,(3,9223372036854775807))
Edge(5020,107162,(3,9223372036854775807))
Edge(5076,263750,(3,9223372036854775807))
Edge(5084,356409,(1,9223372036854775807))
Edge(5620,150831,(3,9223372036854775807))
Edge(5869,357115,(3,9223372036854775807))
Edge(5881,389582,(3,9223372036854775807))
Edge(6890,59788,(1,9223372036854775807))
Edge(7108,458230,(3,9223372036854775807))
Edge(7272,217614,(3,9223372036854775807))
Edge(7311,202925,(3,9223372036854775807))
Edge(7462,413492,(1,9223372036854775807))
Edge(7584,313357,(3,9223372036854775807))
Edge(7780,404018,(3,9223372036854775807))
Edge(8017,303727,(3,9223372036854775807))
Edge(8404,49818,(3,9223372036854775807))
Edge(9188,109284,(3,9223372036854775807))
Edge(9360,69958,(3,9223372036854775807))
Edge(10387,147918,(3,9223372036854775807))
Edge(10631,395869,(3,9223372036854775807))
Edge(10789,228058,(3,9223372036854775807))
Edge(11455,464078,(3,9223372036854775807))
Edge(11633,391950,(3,9223372036854775807))
Edge(11728,365061,(3,9223372036854775807))
Edge(11951,340288,(3,9223372036854775807))
Edge(12711,26648,(3,9223372036854775807))
Edge(13155,442772,(3,9223372036854775807))
Edge(13887,495186,(3,9223372036854775807))
Edge(14102,234654,(1,9223372036854775807))
Edge(14155,450978,(1,9223372036854775807))
Edge(14368,119020,(1,9223372036854775807))
Edge(14472,13346,(1,9223372036854775807))
Edge(14655,179700,(3,9223372036854775807))
Edge(14740,383775,(1,9223372036854775807))
Edge(14800,44823,(1,9223372036854775807))
Edge(14940,304030,(1,9223372036854775807))
Edge(15426,229578,(3,9223372036854775807))
Edge(15676,108375,(3,9223372036854775807))
Edge(15694,450712,(3,9223372036854775807))
Edge(15815,310816,(3,9223372036854775807))
Edge(16056,311290,(3,9223372036854775807))
Edge(16547,476944,(3,9223372036854775807))
Edge(17690,423420,(3,9223372036854775807))
Edge(17705,201244,(3,9223372036854775807))
Edge(17878,446435,(3,9223372036854775807))
Edge(18308,220219,(3,9223372036854775807))
Edge(18309,105849,(3,9223372036854775807))
Edge(18626,260398,(3,9223372036854775807))
Edge(18965,172013,(3,9223372036854775807))
Edge(19592,119044,(3,9223372036854775807))
Edge(19810,167030,(3,9223372036854775807))
Edge(20943,231716,(3,9223372036854775807))
Edge(20965,403665,(3,9223372036854775807))
Edge(21303,134729,(3,9223372036854775807))
Edge(21419,83872,(3,9223372036854775807))
Edge(21740,232285,(3,9223372036854775807))
Edge(21857,172565,(3,9223372036854775807))
Edge(21881,92654,(3,9223372036854775807))
Edge(22390,232428,(3,9223372036854775807))
Edge(22410,371096,(3,9223372036854775807))
Edge(22538,17985,(1,9223372036854775807))
Edge(23063,479561,(1,9223372036854775807))
Edge(23150,105129,(3,9223372036854775807))
Edge(23435,380206,(1,9223372036854775807))
Edge(23446,467852,(1,3))
Edge(23565,343482,(3,9223372036854775807))
Edge(24089,179457,(3,9223372036854775807))
Edge(24364,459252,(3,9223372036854775807))
Edge(25892,279995,(3,9223372036854775807))
Edge(26591,261755,(3,9223372036854775807))
Edge(27000,335100,(3,9223372036854775807))
Edge(27667,285775,(1,9223372036854775807))
Edge(27747,200710,(3,9223372036854775807))
Edge(28275,488846,(1,9223372036854775807))
Edge(29235,189852,(3,9223372036854775807))
Edge(29325,449872,(3,9223372036854775807))
Edge(29836,176803,(3,9223372036854775807))
Edge(29880,180381,(3,9223372036854775807))
Edge(30032,308289,(3,9223372036854775807))
Edge(30285,325496,(3,9223372036854775807))
Edge(30957,435318,(3,9223372036854775807))
Edge(31003,78409,(3,9223372036854775807))
Edge(31660,34558,(1,3))
Edge(31844,134184,(3,9223372036854775807))
Edge(32508,98815,(3,9223372036854775807))
Edge(32518,264586,(3,9223372036854775807))
Edge(32790,227801,(3,9223372036854775807))
Edge(33162,50868,(1,3))
Edge(33180,456667,(3,9223372036854775807))
Edge(33191,164970,(3,9223372036854775807))
Edge(33565,119350,(3,9223372036854775807))
Edge(33895,464925,(1,9223372036854775807))
Edge(34217,77128,(1,3))
Edge(34234,478342,(1,9223372036854775807))
Edge(34705,108740,(3,9223372036854775807))
Edge(35150,139939,(3,9223372036854775807))
Edge(35211,168995,(1,9223372036854775807))
Edge(35412,221035,(3,9223372036854775807))
Edge(35724,305709,(3,9223372036854775807))
Edge(35790,473575,(3,9223372036854775807))
Edge(36062,263649,(3,9223372036854775807))
Edge(36188,42133,(3,9223372036854775807))
Edge(36591,125567,(3,9223372036854775807))
Edge(37319,158634,(3,9223372036854775807))
Edge(37762,363099,(3,9223372036854775807))
Edge(37942,299024,(3,9223372036854775807))
Edge(37967,299860,(3,9223372036854775807))
Edge(39211,207385,(1,9223372036854775807))
Edge(39261,339152,(3,9223372036854775807))
Edge(39623,389801,(3,9223372036854775807))
Edge(40193,99057,(3,9223372036854775807))
Edge(40240,217949,(3,9223372036854775807))
Edge(40276,295337,(1,9223372036854775807))
Edge(40878,111146,(3,9223372036854775807))
Edge(41006,370078,(3,9223372036854775807))
Edge(41337,70491,(3,9223372036854775807))
Edge(41377,472444,(1,9223372036854775807))
Edge(41400,190128,(3,9223372036854775807))
Edge(41449,219124,(3,9223372036854775807))
Edge(41493,28918,(1,3))
Edge(41525,358474,(3,9223372036854775807))
Edge(41587,2216,(3,9223372036854775807))
Edge(41601,281782,(1,9223372036854775807))
Edge(42289,93098,(3,9223372036854775807))
Edge(42412,492074,(3,9223372036854775807))
Edge(42481,88417,(3,9223372036854775807))
Edge(42785,214259,(3,9223372036854775807))
Edge(42807,313117,(3,9223372036854775807))
Edge(43615,53641,(3,9223372036854775807))
Edge(44055,359181,(3,9223372036854775807))
Edge(44398,402464,(1,9223372036854775807))
Edge(44690,299675,(3,9223372036854775807))
Edge(44883,96989,(3,9223372036854775807))
Edge(44942,169577,(3,9223372036854775807))
Edge(44971,412756,(3,9223372036854775807))
Edge(45115,277858,(3,9223372036854775807))
Edge(45158,410431,(3,9223372036854775807))
Edge(45292,88381,(3,9223372036854775807))
Edge(45849,231370,(1,9223372036854775807))
Edge(45974,148138,(3,9223372036854775807))
Edge(46165,338507,(1,3))
Edge(46480,499418,(1,9223372036854775807))
Edge(46637,213689,(1,9223372036854775807))
Edge(46751,356551,(3,9223372036854775807))
Edge(47591,338371,(3,9223372036854775807))
Edge(47848,356123,(1,9223372036854775807))
Edge(48194,28062,(3,9223372036854775807))
Edge(48287,37471,(3,9223372036854775807))
Edge(48895,269495,(3,9223372036854775807))
Edge(48972,201855,(3,9223372036854775807))
Edge(49352,55028,(3,9223372036854775807))
Edge(50321,291644,(3,9223372036854775807))
Edge(50362,271977,(3,9223372036854775807))
Edge(50623,318107,(3,9223372036854775807))
Edge(51099,86580,(3,9223372036854775807))
Edge(51269,90940,(3,9223372036854775807))
Edge(51432,260747,(3,9223372036854775807))
Edge(51600,490572,(3,9223372036854775807))
Edge(51665,5043,(3,9223372036854775807))
Edge(51926,209882,(3,9223372036854775807))
Edge(52036,459920,(3,9223372036854775807))
Edge(52060,441288,(3,9223372036854775807))
Edge(52476,72470,(3,9223372036854775807))
Edge(52516,433642,(1,3))
Edge(52644,370240,(3,9223372036854775807))
Edge(52659,10922,(3,9223372036854775807))
Edge(52828,146123,(3,9223372036854775807))
Edge(52839,416871,(3,9223372036854775807))
Edge(52884,391843,(3,9223372036854775807))
Edge(53145,380713,(1,9223372036854775807))
Edge(53625,297027,(3,9223372036854775807))
Edge(53648,194367,(3,9223372036854775807))
Edge(53856,219387,(3,9223372036854775807))
Edge(53971,306027,(1,9223372036854775807))
Edge(54255,196673,(3,9223372036854775807))
Edge(54844,461157,(3,9223372036854775807))
Edge(54889,95855,(3,9223372036854775807))
Edge(55213,133131,(3,9223372036854775807))
Edge(55477,336350,(3,9223372036854775807))
Edge(55545,370959,(3,9223372036854775807))
Edge(55563,125433,(3,9223372036854775807))
Edge(56263,131235,(1,9223372036854775807))
Edge(56570,108430,(3,9223372036854775807))
Edge(56937,426334,(3,9223372036854775807))
Edge(57129,344385,(1,9223372036854775807))
Edge(57377,185724,(3,9223372036854775807))
Edge(57757,207819,(3,9223372036854775807))
Edge(58281,2000,(3,9223372036854775807))
Edge(58618,453673,(3,9223372036854775807))
Edge(58677,398261,(4,9223372036854775807))
Edge(58872,111019,(3,9223372036854775807))
Edge(59001,277018,(3,9223372036854775807))
Edge(60275,262657,(3,9223372036854775807))
Edge(60546,71593,(3,9223372036854775807))
Edge(60844,64408,(3,9223372036854775807))
Edge(61135,42656,(3,9223372036854775807))
Edge(61227,385493,(3,9223372036854775807))
Edge(61284,447834,(3,9223372036854775807))
Edge(61298,314299,(3,9223372036854775807))
Edge(61831,197216,(3,9223372036854775807))
Edge(62073,254820,(3,9223372036854775807))
Edge(62198,176498,(3,9223372036854775807))
Edge(62533,387502,(1,9223372036854775807))
Edge(62595,91405,(3,9223372036854775807))
Edge(63487,384104,(3,9223372036854775807))
Edge(63516,343962,(3,9223372036854775807))
Edge(63561,346794,(1,3))
Edge(64115,371070,(1,9223372036854775807))
Edge(64323,429779,(3,9223372036854775807))
Edge(64618,71532,(3,9223372036854775807))
Edge(65123,295588,(3,9223372036854775807))
Edge(65134,487856,(1,9223372036854775807))
Edge(65173,81101,(3,9223372036854775807))
Edge(66471,31820,(1,9223372036854775807))
Edge(66530,92694,(1,9223372036854775807))
Edge(66640,241992,(3,9223372036854775807))
Edge(66785,226757,(3,9223372036854775807))
Edge(67256,88028,(3,9223372036854775807))
Edge(67321,305089,(3,9223372036854775807))
Edge(67562,302425,(1,9223372036854775807))
Edge(67562,472415,(1,9223372036854775807))
Edge(67737,316291,(3,9223372036854775807))
Edge(67880,488014,(3,9223372036854775807))
Edge(67995,90326,(3,9223372036854775807))
Edge(68142,458073,(3,9223372036854775807))
Edge(68358,148022,(3,9223372036854775807))
Edge(70992,498477,(3,9223372036854775807))
Edge(71044,203545,(3,9223372036854775807))
Edge(71096,18749,(3,9223372036854775807))
Edge(71294,126910,(3,9223372036854775807))
Edge(71950,303390,(1,9223372036854775807))
Edge(72093,27079,(3,9223372036854775807))
Edge(72170,213622,(3,9223372036854775807))
Edge(72315,32566,(1,9223372036854775807))
Edge(72366,387765,(3,9223372036854775807))
Edge(72442,416836,(3,9223372036854775807))
Edge(72976,440324,(1,3))
Edge(73028,174628,(3,9223372036854775807))
Edge(73038,135648,(3,9223372036854775807))
Edge(73347,29456,(3,9223372036854775807))
Edge(73428,400669,(3,9223372036854775807))
Edge(74254,182647,(1,3))
Edge(74528,302889,(3,9223372036854775807))
Edge(74655,141924,(3,9223372036854775807))
Edge(74791,129344,(3,9223372036854775807))
Edge(75096,44967,(3,9223372036854775807))
Edge(75309,269416,(3,9223372036854775807))
Edge(75330,152431,(1,9223372036854775807))
Edge(75423,318892,(3,9223372036854775807))
Edge(75956,270055,(3,9223372036854775807))
Edge(76167,464537,(3,9223372036854775807))
Edge(76268,476787,(1,9223372036854775807))
Edge(76495,150407,(3,9223372036854775807))
Edge(76715,195823,(3,9223372036854775807))
Edge(77023,357125,(3,9223372036854775807))
Edge(77549,170025,(3,9223372036854775807))
Edge(77742,216511,(3,9223372036854775807))
Edge(77870,309993,(3,9223372036854775807))
Edge(79591,498889,(1,3))
Edge(79653,177433,(3,9223372036854775807))
Edge(79723,124257,(3,9223372036854775807))
Edge(79930,377141,(3,9223372036854775807))
Edge(80325,205825,(3,9223372036854775807))
Edge(80357,491394,(1,9223372036854775807))
Edge(80500,342944,(3,9223372036854775807))
Edge(80745,109099,(3,9223372036854775807))
Edge(80922,339311,(1,3))
Edge(81002,459790,(1,9223372036854775807))
Edge(81239,28321,(3,9223372036854775807))
Edge(81359,128662,(3,9223372036854775807))
Edge(82240,357660,(3,9223372036854775807))
Edge(82560,357321,(3,9223372036854775807))
Edge(82582,323859,(3,9223372036854775807))
Edge(82836,167745,(1,9223372036854775807))
Edge(82854,187744,(3,9223372036854775807))
Edge(83276,358252,(3,9223372036854775807))
Edge(83351,316157,(3,9223372036854775807))
Edge(83433,330700,(3,9223372036854775807))
Edge(84709,472387,(3,9223372036854775807))
Edge(85280,343801,(3,9223372036854775807))
Edge(85690,427511,(3,9223372036854775807))
Edge(85722,174992,(3,9223372036854775807))
Edge(85984,272036,(3,9223372036854775807))
Edge(86171,230702,(3,9223372036854775807))
Edge(86280,140875,(3,9223372036854775807))
Edge(86314,142119,(3,9223372036854775807))
Edge(86442,433930,(3,9223372036854775807))
Edge(86478,422065,(3,9223372036854775807))
Edge(86646,256822,(1,3))
Edge(87027,345232,(1,9223372036854775807))
Edge(87094,350732,(3,9223372036854775807))
Edge(87145,341267,(3,9223372036854775807))
Edge(87202,8762,(3,9223372036854775807))
Edge(87319,361860,(3,9223372036854775807))
Edge(87505,155382,(3,9223372036854775807))
Edge(88268,1947,(3,9223372036854775807))
Edge(88377,291539,(1,9223372036854775807))
Edge(88672,125883,(1,3))
Edge(89265,463375,(3,9223372036854775807))
Edge(89470,284356,(3,9223372036854775807))
Edge(89702,481164,(1,9223372036854775807))
Edge(89750,71104,(3,9223372036854775807))
Edge(89821,48120,(3,9223372036854775807))
Edge(89917,309198,(1,9223372036854775807))
Edge(90125,302415,(3,9223372036854775807))
Edge(90521,50800,(3,9223372036854775807))
Edge(90604,90496,(3,9223372036854775807))
Edge(90931,185972,(3,9223372036854775807))
Edge(91109,347097,(1,9223372036854775807))
Edge(91110,277098,(3,9223372036854775807))
Edge(91375,2983,(3,9223372036854775807))
Edge(91416,137252,(1,9223372036854775807))
Edge(91598,431080,(3,9223372036854775807))
Edge(91899,260308,(3,9223372036854775807))
Edge(92044,153043,(3,9223372036854775807))
Edge(92232,326888,(3,9223372036854775807))
Edge(92275,111938,(1,9223372036854775807))
Edge(92352,167564,(3,9223372036854775807))
Edge(92753,203626,(3,9223372036854775807))
Edge(93127,419482,(3,9223372036854775807))
Edge(93375,348998,(3,9223372036854775807))
Edge(93385,221914,(3,9223372036854775807))
Edge(93445,77315,(1,9223372036854775807))
Edge(93518,276134,(3,9223372036854775807))
Edge(93973,437029,(3,9223372036854775807))
Edge(94010,488790,(3,9223372036854775807))
Edge(94127,268269,(3,9223372036854775807))
Edge(94144,343788,(1,3))
Edge(94218,324295,(3,9223372036854775807))
Edge(94750,120593,(3,9223372036854775807))
Edge(94763,64135,(3,9223372036854775807))
Edge(94816,277974,(3,9223372036854775807))
Edge(94888,370692,(3,9223372036854775807))
Edge(95378,82387,(3,9223372036854775807))
Edge(95501,222485,(3,9223372036854775807))
Edge(95852,188544,(3,9223372036854775807))
Edge(95889,45986,(3,9223372036854775807))
Edge(96149,405282,(3,9223372036854775807))
Edge(97667,465616,(1,9223372036854775807))
Edge(98174,369587,(3,9223372036854775807))
Edge(98336,100789,(3,9223372036854775807))
Edge(98554,385552,(3,9223372036854775807))
Edge(98746,353615,(3,9223372036854775807))
Edge(98757,127420,(1,3))
Edge(99029,182452,(1,9223372036854775807))
Edge(99203,499099,(3,9223372036854775807))
Edge(99498,198095,(1,9223372036854775807))
Edge(99545,320165,(3,9223372036854775807))
Edge(99589,89609,(1,3))
Edge(99792,456233,(3,9223372036854775807))
Edge(99941,60408,(1,9223372036854775807))
Edge(100313,132943,(3,9223372036854775807))
Edge(100671,163656,(3,9223372036854775807))
Edge(100699,400144,(1,9223372036854775807))
Edge(100886,260117,(3,9223372036854775807))
Edge(101605,13003,(3,9223372036854775807))
Edge(101684,82840,(3,9223372036854775807))
Edge(102097,393260,(3,9223372036854775807))
Edge(102429,239684,(1,3))
Edge(102543,190053,(1,9223372036854775807))
Edge(102675,232759,(3,9223372036854775807))
Edge(102947,488614,(3,9223372036854775807))
Edge(103103,471328,(1,9223372036854775807))
Edge(103943,128481,(3,9223372036854775807))
Edge(104504,121655,(3,9223372036854775807))
Edge(104660,167133,(3,9223372036854775807))
Edge(104876,256781,(4,9223372036854775807))
Edge(105295,138037,(3,9223372036854775807))
Edge(105443,3273,(3,9223372036854775807))
Edge(105917,464609,(3,9223372036854775807))
Edge(106397,217769,(3,9223372036854775807))
Edge(106683,328632,(3,9223372036854775807))
Edge(106825,353264,(3,9223372036854775807))
Edge(106898,369793,(3,9223372036854775807))
Edge(106956,263924,(1,9223372036854775807))
Edge(108089,2170,(3,9223372036854775807))
Edge(108301,372365,(1,3))
Edge(108315,28677,(3,9223372036854775807))
Edge(108604,187164,(3,9223372036854775807))
Edge(108674,35161,(3,9223372036854775807))
Edge(108872,275239,(3,9223372036854775807))
Edge(109224,34362,(3,9223372036854775807))
Edge(109324,210475,(3,9223372036854775807))
Edge(109569,322329,(3,9223372036854775807))
Edge(109794,3636,(3,9223372036854775807))
Edge(109821,167512,(4,9223372036854775807))
Edge(110267,145404,(1,9223372036854775807))
Edge(110275,499915,(3,9223372036854775807))
Edge(111208,425839,(1,9223372036854775807))
Edge(111462,15347,(3,9223372036854775807))
Edge(111487,291471,(3,9223372036854775807))
Edge(111600,72302,(3,9223372036854775807))
Edge(111678,391864,(1,9223372036854775807))
Edge(111680,223409,(3,9223372036854775807))
Edge(111822,331125,(1,3))
Edge(112012,449839,(3,9223372036854775807))
Edge(112249,422755,(3,9223372036854775807))
Edge(112549,322006,(3,9223372036854775807))
Edge(113153,378216,(3,9223372036854775807))
Edge(113684,355054,(3,9223372036854775807))
Edge(113964,196291,(3,9223372036854775807))
Edge(114199,395186,(3,9223372036854775807))
Edge(114474,405604,(3,9223372036854775807))
Edge(114826,456466,(3,9223372036854775807))
Edge(115671,397847,(3,9223372036854775807))
Edge(115695,163653,(1,9223372036854775807))
Edge(116327,294262,(3,9223372036854775807))
Edge(117306,476145,(3,9223372036854775807))
Edge(118182,420132,(1,9223372036854775807))
Edge(118204,286822,(3,9223372036854775807))
Edge(118291,452170,(3,9223372036854775807))
Edge(118393,416914,(1,9223372036854775807))
Edge(118418,491837,(3,9223372036854775807))
Edge(118552,465378,(3,9223372036854775807))
Edge(118876,333519,(3,9223372036854775807))
Edge(119149,312579,(1,9223372036854775807))
Edge(119511,490233,(4,9223372036854775807))
Edge(119887,335889,(3,9223372036854775807))
Edge(120275,57954,(3,9223372036854775807))
Edge(120384,307176,(3,9223372036854775807))
Edge(120551,352281,(3,9223372036854775807))
Edge(121277,463406,(3,9223372036854775807))
Edge(121634,36397,(1,3))
Edge(121686,259357,(3,9223372036854775807))
Edge(121998,198163,(1,3))
Edge(122015,55308,(1,3))
Edge(122318,83579,(3,9223372036854775807))
Edge(122549,85999,(3,9223372036854775807))
Edge(122901,417950,(1,9223372036854775807))
Edge(123202,214303,(1,3))
Edge(123653,460374,(3,9223372036854775807))
Edge(124411,129632,(3,9223372036854775807))
Edge(124514,66780,(3,9223372036854775807))
Edge(124603,140808,(1,9223372036854775807))
Edge(124900,408071,(3,9223372036854775807))
Edge(124965,115895,(1,9223372036854775807))
Edge(124965,277782,(3,9223372036854775807))
Edge(125176,192337,(3,9223372036854775807))
Edge(125337,136837,(3,9223372036854775807))
Edge(125460,356143,(3,9223372036854775807))
Edge(125617,120573,(3,9223372036854775807))
Edge(125658,236352,(3,9223372036854775807))
Edge(125772,137544,(3,9223372036854775807))
Edge(126284,427674,(3,9223372036854775807))
Edge(126464,446767,(1,3))
Edge(126709,95065,(3,9223372036854775807))
Edge(127007,453954,(3,9223372036854775807))
Edge(127033,212224,(3,9223372036854775807))
Edge(127577,137779,(3,9223372036854775807))
Edge(127619,205458,(3,9223372036854775807))
Edge(128044,349733,(3,9223372036854775807))
Edge(128456,65894,(1,3))
Edge(128456,87273,(3,9223372036854775807))
Edge(128651,498798,(3,9223372036854775807))
Edge(128824,451483,(3,9223372036854775807))
Edge(128937,39385,(3,9223372036854775807))
Edge(129167,485515,(1,3))
Edge(129299,373289,(3,9223372036854775807))
Edge(129464,399121,(1,9223372036854775807))
Edge(129681,22430,(3,9223372036854775807))
Edge(129923,316766,(3,9223372036854775807))
Edge(130136,434836,(3,9223372036854775807))
Edge(130192,179640,(3,9223372036854775807))
Edge(131376,369847,(3,9223372036854775807))
Edge(131659,251004,(3,9223372036854775807))
Edge(131767,467157,(3,9223372036854775807))
Edge(131820,428462,(3,9223372036854775807))
Edge(132038,450181,(3,9223372036854775807))
Edge(132393,198593,(3,9223372036854775807))
Edge(132513,210090,(1,3))
Edge(132719,203039,(3,9223372036854775807))
Edge(132910,367028,(3,9223372036854775807))
Edge(133144,426942,(3,9223372036854775807))
Edge(133433,181617,(1,9223372036854775807))
Edge(133808,71329,(3,9223372036854775807))
Edge(134041,445726,(1,9223372036854775807))
Edge(134042,386466,(3,9223372036854775807))
Edge(134312,308915,(3,9223372036854775807))
Edge(134426,385891,(3,9223372036854775807))
Edge(134563,122812,(3,9223372036854775807))
Edge(134802,215236,(3,9223372036854775807))
Edge(135377,283950,(3,9223372036854775807))
Edge(135620,428230,(3,9223372036854775807))
Edge(135816,165403,(1,9223372036854775807))
Edge(135998,323799,(3,9223372036854775807))
Edge(136711,403840,(3,9223372036854775807))
Edge(136784,327600,(3,9223372036854775807))
Edge(136814,345481,(3,9223372036854775807))
Edge(137143,394684,(3,9223372036854775807))
Edge(137170,312600,(3,9223372036854775807))
Edge(137255,410658,(4,9223372036854775807))
Edge(137532,240396,(1,3))
Edge(137719,109650,(3,9223372036854775807))
Edge(137730,454107,(1,9223372036854775807))
Edge(137877,143183,(3,9223372036854775807))
Edge(138281,338450,(3,9223372036854775807))
Edge(138602,437560,(1,3))
Edge(138614,66908,(3,9223372036854775807))
Edge(138737,370199,(1,9223372036854775807))
Edge(139612,65701,(3,9223372036854775807))
Edge(139676,355766,(3,9223372036854775807))
Edge(139953,154417,(3,9223372036854775807))
Edge(140043,374377,(3,9223372036854775807))
Edge(140140,270260,(1,9223372036854775807))
Edge(140284,333981,(3,9223372036854775807))
Edge(140366,440966,(1,9223372036854775807))
Edge(140491,261446,(3,9223372036854775807))
Edge(140761,443873,(1,9223372036854775807))
Edge(141068,387219,(1,3))
Edge(141738,159674,(3,9223372036854775807))
Edge(141868,236428,(1,3))
Edge(141917,476147,(3,9223372036854775807))
Edge(142364,320236,(1,9223372036854775807))
Edge(143075,369366,(3,9223372036854775807))
Edge(143354,291143,(3,9223372036854775807))
Edge(143541,337412,(3,9223372036854775807))
Edge(143614,173602,(1,9223372036854775807))
Edge(143703,430019,(3,9223372036854775807))
Edge(143982,481273,(3,9223372036854775807))
Edge(143983,391582,(3,9223372036854775807))
Edge(144050,434975,(3,9223372036854775807))
Edge(144132,398967,(3,9223372036854775807))
Edge(144390,301021,(1,9223372036854775807))
Edge(144614,363008,(3,9223372036854775807))
Edge(144680,375125,(3,9223372036854775807))
Edge(144814,279215,(3,9223372036854775807))
Edge(145004,287672,(1,3))
Edge(145024,57645,(3,9223372036854775807))
Edge(145103,76986,(3,9223372036854775807))
Edge(145903,428610,(3,9223372036854775807))
Edge(146165,443358,(3,9223372036854775807))
Edge(146553,404383,(3,9223372036854775807))
Edge(146575,381326,(3,9223372036854775807))
Edge(146699,358017,(3,9223372036854775807))
Edge(146756,162694,(3,9223372036854775807))
Edge(146931,447411,(3,9223372036854775807))
Edge(147040,489699,(3,9223372036854775807))
Edge(147347,408841,(1,9223372036854775807))
Edge(147397,353786,(3,9223372036854775807))
Edge(147418,267999,(1,9223372036854775807))
Edge(149215,215265,(3,9223372036854775807))
Edge(149253,299697,(3,9223372036854775807))
Edge(149502,387470,(1,9223372036854775807))
Edge(149976,258030,(3,9223372036854775807))
Edge(150465,303946,(3,9223372036854775807))
Edge(151193,187830,(3,9223372036854775807))
Edge(151287,178302,(1,9223372036854775807))
Edge(151521,143756,(3,9223372036854775807))
Edge(151600,63052,(3,9223372036854775807))
Edge(151849,377635,(1,9223372036854775807))
Edge(151854,323872,(3,9223372036854775807))
Edge(152212,127284,(3,9223372036854775807))
Edge(152415,167146,(3,9223372036854775807))
Edge(152526,42663,(3,9223372036854775807))
Edge(152528,430910,(3,9223372036854775807))
Edge(152547,264251,(3,9223372036854775807))
Edge(152596,488036,(3,9223372036854775807))
Edge(152629,169147,(3,9223372036854775807))
Edge(153013,134788,(3,9223372036854775807))
Edge(153315,365179,(4,9223372036854775807))
Edge(153445,150813,(1,3))
Edge(153722,14467,(3,9223372036854775807))
Edge(153982,409218,(3,9223372036854775807))
Edge(154053,67659,(3,9223372036854775807))
Edge(154867,471839,(1,9223372036854775807))
Edge(155055,311556,(3,9223372036854775807))
Edge(155761,138113,(1,9223372036854775807))
Edge(155916,245827,(1,9223372036854775807))
Edge(156212,312202,(3,9223372036854775807))
Edge(156246,56035,(3,9223372036854775807))
Edge(156260,58737,(3,9223372036854775807))
Edge(156927,473581,(1,3))
Edge(157161,236383,(3,9223372036854775807))
Edge(157752,372037,(1,9223372036854775807))
Edge(157808,4359,(1,9223372036854775807))
Edge(158770,182543,(3,9223372036854775807))
Edge(158845,263206,(3,9223372036854775807))
Edge(158989,221336,(1,9223372036854775807))
Edge(159015,111500,(3,9223372036854775807))
Edge(159411,239731,(3,9223372036854775807))
Edge(159411,409185,(3,9223372036854775807))
Edge(159428,184054,(3,9223372036854775807))
Edge(159700,339276,(1,9223372036854775807))
Edge(159709,268963,(3,9223372036854775807))
Edge(159832,61813,(3,9223372036854775807))
Edge(160690,81747,(3,9223372036854775807))
Edge(160794,38543,(1,9223372036854775807))
Edge(160980,158628,(1,9223372036854775807))
Edge(161195,308152,(3,9223372036854775807))
Edge(161343,259761,(3,9223372036854775807))
Edge(161614,78123,(3,9223372036854775807))
Edge(161644,16796,(1,3))
Edge(162230,159286,(3,9223372036854775807))
Edge(162794,114937,(3,9223372036854775807))
Edge(163181,322444,(3,9223372036854775807))
Edge(163334,39837,(3,9223372036854775807))
Edge(163379,5981,(1,9223372036854775807))
Edge(163499,349537,(3,9223372036854775807))
Edge(163527,74800,(3,9223372036854775807))
Edge(163613,438169,(3,9223372036854775807))
Edge(163945,429401,(1,3))
Edge(164083,155877,(3,9223372036854775807))
Edge(164463,198147,(3,9223372036854775807))
Edge(164588,321912,(3,9223372036854775807))
Edge(164606,313376,(1,3))
Edge(164963,309706,(3,9223372036854775807))
Edge(165199,355622,(3,9223372036854775807))
Edge(166335,411926,(3,9223372036854775807))
Edge(166379,217460,(3,9223372036854775807))
Edge(167118,330220,(3,9223372036854775807))
Edge(167877,332403,(3,9223372036854775807))
Edge(168041,180270,(3,9223372036854775807))
Edge(168257,195749,(3,9223372036854775807))
Edge(168331,66702,(3,9223372036854775807))
Edge(168653,306515,(1,9223372036854775807))
Edge(168882,73824,(3,9223372036854775807))
Edge(169360,145425,(3,9223372036854775807))
Edge(169676,371812,(3,9223372036854775807))
Edge(169776,492028,(3,9223372036854775807))
Edge(169865,92368,(3,9223372036854775807))
Edge(170077,57030,(3,9223372036854775807))
Edge(170570,420939,(3,9223372036854775807))
Edge(170913,178590,(3,9223372036854775807))
Edge(171093,29585,(3,9223372036854775807))
Edge(171190,217778,(3,9223372036854775807))
Edge(171756,139119,(3,9223372036854775807))
Edge(171810,339476,(1,9223372036854775807))
Edge(171864,365799,(3,9223372036854775807))
Edge(171956,304846,(3,9223372036854775807))
Edge(171986,446415,(3,9223372036854775807))
Edge(172119,25508,(1,9223372036854775807))
Edge(172141,11273,(3,9223372036854775807))
Edge(172321,182246,(1,3))
Edge(172918,74344,(3,9223372036854775807))
Edge(173214,122768,(3,9223372036854775807))
Edge(173753,106634,(3,9223372036854775807))
Edge(175238,337237,(1,9223372036854775807))
Edge(175262,439574,(3,9223372036854775807))
Edge(175466,177427,(3,9223372036854775807))
Edge(175559,280920,(3,9223372036854775807))
Edge(175672,277187,(3,9223372036854775807))
Edge(175708,276197,(3,9223372036854775807))
Edge(175855,74568,(3,9223372036854775807))
Edge(175890,243406,(3,9223372036854775807))
Edge(175987,151236,(3,9223372036854775807))
Edge(175997,223445,(3,9223372036854775807))
Edge(176052,342785,(3,9223372036854775807))
Edge(176056,136367,(3,9223372036854775807))
Edge(176221,333829,(3,9223372036854775807))
Edge(176381,431720,(1,9223372036854775807))
Edge(176398,478465,(3,9223372036854775807))
Edge(176554,497111,(3,9223372036854775807))
Edge(176606,96641,(3,9223372036854775807))
Edge(176653,163320,(3,9223372036854775807))
Edge(176841,57139,(3,9223372036854775807))
Edge(177570,312908,(3,9223372036854775807))
Edge(178187,239688,(3,9223372036854775807))
Edge(178222,5166,(3,9223372036854775807))
Edge(178415,400529,(3,9223372036854775807))
Edge(178577,264137,(1,9223372036854775807))
Edge(178763,173785,(3,9223372036854775807))
Edge(178814,90194,(3,9223372036854775807))
Edge(179539,283138,(3,9223372036854775807))
Edge(179862,358905,(1,9223372036854775807))
Edge(180940,185853,(1,3))
Edge(181217,165628,(3,9223372036854775807))
Edge(181524,433690,(3,9223372036854775807))
Edge(182321,216494,(3,9223372036854775807))
Edge(182368,491324,(3,9223372036854775807))
Edge(182701,363934,(3,9223372036854775807))
Edge(182738,70296,(3,9223372036854775807))
Edge(182941,472879,(3,9223372036854775807))
Edge(183567,328137,(3,9223372036854775807))
Edge(183632,261971,(1,9223372036854775807))
Edge(183648,90735,(3,9223372036854775807))
Edge(183985,330885,(1,9223372036854775807))
Edge(184494,382804,(3,9223372036854775807))
Edge(184506,26393,(1,9223372036854775807))
Edge(184562,3023,(1,9223372036854775807))
Edge(184669,409557,(3,9223372036854775807))
Edge(185499,457104,(3,9223372036854775807))
Edge(185608,266064,(1,3))
Edge(186405,303220,(1,9223372036854775807))
Edge(186443,428342,(3,9223372036854775807))
Edge(186453,65368,(3,9223372036854775807))
Edge(186816,351665,(3,9223372036854775807))
Edge(186890,73141,(3,9223372036854775807))
Edge(186963,24823,(3,9223372036854775807))
Edge(187211,313681,(1,9223372036854775807))
Edge(188559,298787,(3,9223372036854775807))
Edge(188663,209253,(3,9223372036854775807))
Edge(188915,455944,(3,9223372036854775807))
Edge(189398,69046,(1,9223372036854775807))
Edge(189679,162287,(3,9223372036854775807))
Edge(190007,407893,(3,9223372036854775807))
Edge(190094,469563,(3,9223372036854775807))
Edge(190931,370371,(3,9223372036854775807))
Edge(191096,158989,(3,9223372036854775807))
Edge(191934,246577,(1,9223372036854775807))
Edge(192236,137545,(3,9223372036854775807))
Edge(192362,33090,(1,9223372036854775807))
Edge(192454,315042,(3,9223372036854775807))
Edge(192613,142807,(1,9223372036854775807))
Edge(192856,199367,(3,9223372036854775807))
Edge(192963,410215,(3,9223372036854775807))
Edge(192988,222322,(3,9223372036854775807))
Edge(193488,180135,(3,9223372036854775807))
Edge(193756,465851,(3,9223372036854775807))
Edge(193933,72994,(3,9223372036854775807))
Edge(194083,57085,(3,9223372036854775807))
Edge(194244,416792,(3,9223372036854775807))
Edge(195051,200650,(3,9223372036854775807))
Edge(195084,479022,(3,9223372036854775807))
Edge(195278,131256,(3,9223372036854775807))
Edge(195882,123236,(3,9223372036854775807))
Edge(195894,152859,(3,9223372036854775807))
Edge(196099,112877,(3,9223372036854775807))
Edge(196129,402367,(3,9223372036854775807))
Edge(196354,27211,(3,9223372036854775807))
Edge(196613,230619,(3,9223372036854775807))
Edge(197556,19889,(3,9223372036854775807))
Edge(197841,344255,(3,9223372036854775807))
Edge(197877,333801,(3,9223372036854775807))
Edge(197899,65113,(3,9223372036854775807))
Edge(198598,486171,(1,3))
Edge(199036,288566,(3,9223372036854775807))
Edge(199134,314438,(3,9223372036854775807))
Edge(199263,288635,(3,9223372036854775807))
Edge(199558,481461,(3,9223372036854775807))
Edge(199864,367259,(3,9223372036854775807))
Edge(200456,54018,(1,9223372036854775807))
Edge(200667,389142,(3,9223372036854775807))
Edge(200669,47056,(3,9223372036854775807))
Edge(200833,45947,(1,9223372036854775807))
Edge(201365,22596,(3,9223372036854775807))
Edge(201953,415625,(3,9223372036854775807))
Edge(202009,107375,(3,9223372036854775807))
Edge(202641,478911,(3,9223372036854775807))
Edge(202777,95010,(3,9223372036854775807))
Edge(202974,15590,(3,9223372036854775807))
Edge(203315,28756,(3,9223372036854775807))
Edge(203357,274496,(3,9223372036854775807))
Edge(203442,186937,(3,9223372036854775807))
Edge(204881,122038,(1,3))
Edge(204918,440435,(3,9223372036854775807))
Edge(205431,162936,(1,9223372036854775807))
Edge(205469,236875,(3,9223372036854775807))
Edge(205923,420800,(3,9223372036854775807))
Edge(206097,205394,(3,9223372036854775807))
Edge(206695,462199,(3,9223372036854775807))
Edge(206926,312717,(3,9223372036854775807))
Edge(207035,143287,(3,9223372036854775807))
Edge(207445,123147,(3,9223372036854775807))
Edge(207935,16112,(3,9223372036854775807))
Edge(208224,15233,(1,3))
Edge(208344,266770,(1,3))
Edge(208483,282971,(3,9223372036854775807))
Edge(208819,127899,(3,9223372036854775807))
Edge(208898,434704,(3,9223372036854775807))
Edge(209123,340327,(3,9223372036854775807))
Edge(209494,331948,(3,9223372036854775807))
Edge(210249,205626,(3,9223372036854775807))
Edge(210495,302252,(3,9223372036854775807))
Edge(210555,379167,(3,9223372036854775807))
Edge(210667,454010,(3,9223372036854775807))
Edge(210804,19296,(1,3))
Edge(210867,9230,(3,9223372036854775807))
Edge(211170,458057,(3,9223372036854775807))
Edge(212071,295028,(3,9223372036854775807))
Edge(212880,302074,(1,9223372036854775807))
Edge(213159,498015,(1,9223372036854775807))
Edge(213381,145188,(1,3))
Edge(213566,313106,(3,9223372036854775807))
Edge(214239,204084,(1,9223372036854775807))
Edge(214358,419729,(3,9223372036854775807))
Edge(214892,372004,(3,9223372036854775807))
Edge(214927,449922,(3,9223372036854775807))
Edge(215012,158304,(3,9223372036854775807))
Edge(215377,389613,(1,3))
Edge(215518,236812,(3,9223372036854775807))
Edge(216049,39039,(3,9223372036854775807))
Edge(216144,5129,(3,9223372036854775807))
Edge(216182,60585,(3,9223372036854775807))
Edge(216545,167733,(3,9223372036854775807))
Edge(216572,417403,(3,9223372036854775807))
Edge(216578,131751,(1,3))
Edge(216926,256307,(3,9223372036854775807))
Edge(217070,419977,(3,9223372036854775807))
Edge(217391,361142,(3,9223372036854775807))
Edge(217529,204323,(3,9223372036854775807))
Edge(217620,490697,(3,9223372036854775807))
Edge(217735,271973,(1,3))
Edge(218269,413480,(3,9223372036854775807))
Edge(218967,185304,(3,9223372036854775807))
Edge(219082,488031,(3,9223372036854775807))
Edge(219150,84582,(3,9223372036854775807))
Edge(219550,212364,(3,9223372036854775807))
Edge(220136,400860,(3,9223372036854775807))
Edge(220316,327127,(1,9223372036854775807))
Edge(220368,317470,(3,9223372036854775807))
Edge(220782,403649,(3,9223372036854775807))
Edge(221090,157554,(3,9223372036854775807))
Edge(221215,167130,(3,9223372036854775807))
Edge(222137,417464,(3,9223372036854775807))
Edge(222244,381810,(1,3))
Edge(222845,267191,(3,9223372036854775807))
Edge(223011,26091,(3,9223372036854775807))
Edge(223197,317294,(3,9223372036854775807))
Edge(223257,155131,(3,9223372036854775807))
Edge(223350,59106,(3,9223372036854775807))
Edge(223398,229646,(1,3))
Edge(223559,449698,(1,9223372036854775807))
Edge(224032,195650,(3,9223372036854775807))
Edge(224534,100310,(3,9223372036854775807))
Edge(224729,483001,(3,9223372036854775807))
Edge(225494,203708,(1,9223372036854775807))
Edge(225878,64751,(3,9223372036854775807))
Edge(226500,184543,(1,9223372036854775807))
Edge(226551,186857,(1,9223372036854775807))
Edge(226561,323912,(3,9223372036854775807))
Edge(227523,278025,(3,9223372036854775807))
Edge(227931,473426,(4,9223372036854775807))
Edge(228344,154929,(3,9223372036854775807))
Edge(228530,237958,(1,9223372036854775807))
Edge(228620,10181,(3,9223372036854775807))
Edge(228853,222450,(1,9223372036854775807))
Edge(228910,69943,(1,9223372036854775807))
Edge(228979,354081,(3,9223372036854775807))
Edge(229771,69131,(3,9223372036854775807))
Edge(230090,408929,(3,9223372036854775807))
Edge(231431,254433,(3,9223372036854775807))
Edge(231674,382641,(3,9223372036854775807))
Edge(231733,260204,(3,9223372036854775807))
Edge(231792,236022,(1,3))
Edge(231795,178075,(1,9223372036854775807))
Edge(232172,470449,(3,9223372036854775807))
Edge(233220,47728,(3,9223372036854775807))
Edge(233457,435392,(3,9223372036854775807))
Edge(234965,141887,(3,9223372036854775807))
Edge(235193,338487,(4,9223372036854775807))
Edge(235774,124536,(1,9223372036854775807))
Edge(235864,359216,(3,9223372036854775807))
Edge(236274,193597,(3,9223372036854775807))
Edge(236423,29484,(3,9223372036854775807))
Edge(236598,387020,(3,9223372036854775807))
Edge(236649,39659,(1,3))
Edge(237355,285903,(3,9223372036854775807))
Edge(237415,475081,(3,9223372036854775807))
Edge(237424,449225,(3,9223372036854775807))
Edge(237566,347744,(1,3))
Edge(237636,452565,(3,9223372036854775807))
Edge(238110,258829,(3,9223372036854775807))
Edge(238812,473485,(1,3))
Edge(238887,333006,(3,9223372036854775807))
Edge(238985,113163,(3,9223372036854775807))
Edge(239086,40931,(3,9223372036854775807))
Edge(239290,183708,(1,9223372036854775807))
Edge(239556,66966,(1,9223372036854775807))
Edge(239793,28872,(3,9223372036854775807))
Edge(239873,403032,(3,9223372036854775807))
Edge(239991,196415,(3,9223372036854775807))
Edge(240091,208599,(3,9223372036854775807))
Edge(240115,382659,(3,9223372036854775807))
Edge(240144,491089,(3,9223372036854775807))
Edge(240208,300152,(3,9223372036854775807))
Edge(240429,366577,(1,9223372036854775807))
Edge(241076,493431,(3,9223372036854775807))
Edge(241980,367970,(3,9223372036854775807))
Edge(242143,119087,(3,9223372036854775807))
Edge(242457,471310,(3,9223372036854775807))
Edge(242977,160183,(1,9223372036854775807))
Edge(243095,324565,(3,9223372036854775807))
Edge(243224,20034,(3,9223372036854775807))
Edge(243224,117275,(3,9223372036854775807))
Edge(243730,261465,(3,9223372036854775807))
Edge(244041,458156,(3,9223372036854775807))
Edge(244407,405071,(3,9223372036854775807))
Edge(244411,484915,(3,9223372036854775807))
Edge(244447,181520,(3,9223372036854775807))
Edge(244581,260108,(3,9223372036854775807))
Edge(244603,278359,(3,9223372036854775807))
Edge(244690,56699,(3,9223372036854775807))
Edge(244932,375989,(3,9223372036854775807))
Edge(245537,179152,(3,9223372036854775807))
Edge(245696,130102,(3,9223372036854775807))
Edge(246241,47826,(3,9223372036854775807))
Edge(247231,24595,(3,9223372036854775807))
Edge(247422,62065,(3,9223372036854775807))
Edge(248060,108047,(3,9223372036854775807))
Edge(248528,293514,(3,9223372036854775807))
Edge(248573,416704,(3,9223372036854775807))
Edge(248584,189837,(1,9223372036854775807))
Edge(248725,11596,(3,9223372036854775807))
Edge(248872,275850,(3,9223372036854775807))
Edge(249109,98337,(3,9223372036854775807))
Edge(249225,27194,(3,9223372036854775807))
Edge(249350,61212,(1,3))
Edge(249566,197839,(3,9223372036854775807))
Edge(249634,76177,(3,9223372036854775807))
Edge(249836,732,(3,9223372036854775807))
Edge(250021,489567,(3,9223372036854775807))
Edge(250185,177362,(1,9223372036854775807))
Edge(250517,457558,(1,9223372036854775807))
Edge(250534,84976,(1,3))
Edge(250695,28776,(3,9223372036854775807))
Edge(250839,477716,(3,9223372036854775807))
Edge(251368,63881,(3,9223372036854775807))
Edge(251620,192957,(3,9223372036854775807))
Edge(251700,396428,(3,9223372036854775807))
Edge(252038,215916,(3,9223372036854775807))
Edge(252466,330322,(1,9223372036854775807))
Edge(252630,88041,(3,9223372036854775807))
Edge(253023,478722,(3,9223372036854775807))
Edge(253560,484390,(3,9223372036854775807))
Edge(253652,490161,(3,9223372036854775807))
Edge(253836,169006,(3,9223372036854775807))
Edge(254049,139254,(3,9223372036854775807))
Edge(254383,198340,(1,9223372036854775807))
Edge(254408,448231,(3,9223372036854775807))
Edge(255253,93348,(3,9223372036854775807))
Edge(255434,459932,(3,9223372036854775807))
Edge(255515,207226,(3,9223372036854775807))
Edge(255737,64438,(3,9223372036854775807))
Edge(255980,183221,(3,9223372036854775807))
Edge(256002,90345,(3,9223372036854775807))
Edge(256647,131092,(3,9223372036854775807))
Edge(256655,104627,(1,3))
Edge(256786,464747,(3,9223372036854775807))
Edge(256915,461918,(1,9223372036854775807))
Edge(257452,257975,(3,9223372036854775807))
Edge(258138,476700,(3,9223372036854775807))
Edge(258874,347645,(3,9223372036854775807))
Edge(259064,100905,(3,9223372036854775807))
Edge(259253,191054,(3,9223372036854775807))
Edge(259337,327287,(3,9223372036854775807))
Edge(259426,379515,(3,9223372036854775807))
Edge(259492,55271,(4,9223372036854775807))
Edge(259574,125903,(3,9223372036854775807))
Edge(260442,66735,(1,9223372036854775807))
Edge(260764,432907,(3,9223372036854775807))
Edge(260817,331617,(3,9223372036854775807))
Edge(260861,181599,(1,9223372036854775807))
Edge(260908,74841,(3,9223372036854775807))
Edge(260953,102655,(3,9223372036854775807))
Edge(260992,187323,(1,9223372036854775807))
Edge(261111,132753,(3,9223372036854775807))
Edge(261314,124890,(1,3))
Edge(261459,8513,(1,3))
Edge(261672,305957,(3,9223372036854775807))
Edge(261761,262845,(3,9223372036854775807))
Edge(261895,71960,(1,9223372036854775807))
Edge(262163,217444,(1,9223372036854775807))
Edge(262309,101240,(3,9223372036854775807))
Edge(262685,425823,(3,9223372036854775807))
Edge(262715,2869,(3,9223372036854775807))
Edge(263336,144875,(3,9223372036854775807))
Edge(263893,12605,(3,9223372036854775807))
Edge(263985,384228,(1,9223372036854775807))
Edge(264109,56500,(3,9223372036854775807))
Edge(264218,232549,(3,9223372036854775807))
Edge(264378,130347,(3,9223372036854775807))
Edge(264418,186953,(3,9223372036854775807))
Edge(264432,446996,(3,9223372036854775807))
Edge(265130,499006,(3,9223372036854775807))
Edge(265812,331133,(3,9223372036854775807))
Edge(265992,121522,(3,9223372036854775807))
Edge(266045,473304,(3,9223372036854775807))
Edge(266160,163399,(1,9223372036854775807))
Edge(266161,448505,(3,9223372036854775807))
Edge(266364,303790,(1,9223372036854775807))
Edge(266521,480159,(3,9223372036854775807))
Edge(266551,84242,(1,9223372036854775807))
Edge(267341,46270,(3,9223372036854775807))
Edge(267482,335496,(1,3))
Edge(267637,227056,(3,9223372036854775807))
Edge(267649,166777,(3,9223372036854775807))
Edge(267674,89893,(3,9223372036854775807))
Edge(267722,383419,(1,9223372036854775807))
Edge(267809,131950,(1,9223372036854775807))
Edge(267850,342227,(3,9223372036854775807))
Edge(268096,357292,(3,9223372036854775807))
Edge(268228,66834,(3,9223372036854775807))
Edge(268373,325276,(3,9223372036854775807))
Edge(268507,104762,(3,9223372036854775807))
Edge(268515,382628,(3,9223372036854775807))
Edge(268665,118801,(3,9223372036854775807))
Edge(268723,261576,(3,9223372036854775807))
Edge(268936,432135,(3,9223372036854775807))
Edge(269563,140560,(3,9223372036854775807))
Edge(269974,492564,(3,9223372036854775807))
Edge(270495,278269,(3,9223372036854775807))
Edge(270529,51911,(3,9223372036854775807))
Edge(270570,145536,(3,9223372036854775807))
Edge(270584,79715,(1,9223372036854775807))
Edge(270816,200960,(3,9223372036854775807))
Edge(270858,59569,(1,3))
Edge(270921,478313,(3,9223372036854775807))
Edge(271016,476585,(3,9223372036854775807))
Edge(271272,18531,(3,9223372036854775807))
Edge(271483,339162,(3,9223372036854775807))
Edge(271736,209673,(3,9223372036854775807))
Edge(271828,94497,(1,9223372036854775807))
Edge(272110,11538,(3,9223372036854775807))
Edge(272497,278817,(3,9223372036854775807))
Edge(272799,18824,(3,9223372036854775807))
Edge(272882,162519,(3,9223372036854775807))
Edge(274052,196757,(3,9223372036854775807))
Edge(274144,270560,(3,9223372036854775807))
Edge(274888,42333,(1,3))
Edge(274936,227240,(3,9223372036854775807))
Edge(275211,294883,(1,9223372036854775807))
Edge(275236,357554,(3,9223372036854775807))
Edge(275736,285025,(3,9223372036854775807))
Edge(276097,2493,(3,9223372036854775807))
Edge(276115,467585,(3,9223372036854775807))
Edge(276515,429742,(3,9223372036854775807))
Edge(276774,191669,(1,9223372036854775807))
Edge(276776,230941,(3,9223372036854775807))
Edge(276889,308109,(3,9223372036854775807))
Edge(276898,10027,(3,9223372036854775807))
Edge(276949,186817,(3,9223372036854775807))
Edge(277165,425629,(3,9223372036854775807))
Edge(277240,148002,(3,9223372036854775807))
Edge(277522,94311,(1,9223372036854775807))
Edge(277603,146373,(3,9223372036854775807))
Edge(278400,373461,(3,9223372036854775807))
Edge(278770,375501,(3,9223372036854775807))
Edge(278972,250094,(3,9223372036854775807))
Edge(279053,476410,(1,9223372036854775807))
Edge(279165,145531,(3,9223372036854775807))
Edge(279208,334770,(3,9223372036854775807))
Edge(279337,397334,(3,9223372036854775807))
Edge(279450,103588,(3,9223372036854775807))
Edge(279510,492854,(3,9223372036854775807))
Edge(280166,220684,(3,9223372036854775807))
Edge(280618,307144,(3,9223372036854775807))
Edge(280983,335936,(3,9223372036854775807))
Edge(281017,279904,(3,9223372036854775807))
Edge(281268,208727,(1,3))
Edge(283319,191199,(1,9223372036854775807))
Edge(283319,192336,(3,9223372036854775807))
Edge(283959,487132,(3,9223372036854775807))
Edge(284140,133122,(1,9223372036854775807))
Edge(284229,239043,(1,9223372036854775807))
Edge(284592,35764,(3,9223372036854775807))
Edge(284658,350856,(3,9223372036854775807))
Edge(284697,293412,(3,9223372036854775807))
Edge(284768,151861,(3,9223372036854775807))
Edge(284914,250318,(3,9223372036854775807))
Edge(285169,330128,(1,3))
Edge(285192,137802,(1,9223372036854775807))
Edge(285248,191391,(3,9223372036854775807))
Edge(285874,374776,(3,9223372036854775807))
Edge(286074,493194,(3,9223372036854775807))
Edge(286650,91238,(3,9223372036854775807))
Edge(287049,426088,(3,9223372036854775807))
Edge(287370,154257,(3,9223372036854775807))
Edge(287481,330647,(3,9223372036854775807))
Edge(287505,141750,(1,9223372036854775807))
Edge(287816,41596,(3,9223372036854775807))
Edge(287823,490590,(3,9223372036854775807))
Edge(287980,264720,(3,9223372036854775807))
Edge(288422,456401,(3,9223372036854775807))
Edge(288524,127765,(3,9223372036854775807))
Edge(289113,410381,(3,9223372036854775807))
Edge(289203,158670,(3,9223372036854775807))
Edge(290080,261970,(3,9223372036854775807))
Edge(290330,449800,(3,9223372036854775807))
Edge(290806,153840,(3,9223372036854775807))
Edge(290953,174807,(3,9223372036854775807))
Edge(291017,293404,(1,9223372036854775807))
Edge(291421,221315,(1,9223372036854775807))
Edge(291635,402017,(3,9223372036854775807))
Edge(291944,218687,(3,9223372036854775807))
Edge(291978,445032,(3,9223372036854775807))
Edge(292035,273312,(1,9223372036854775807))
Edge(292092,377340,(3,9223372036854775807))
Edge(292295,516,(3,9223372036854775807))
Edge(292479,249416,(3,9223372036854775807))
Edge(292514,70672,(1,3))
Edge(292596,154166,(3,9223372036854775807))
Edge(292738,467874,(1,9223372036854775807))
Edge(292822,145129,(3,9223372036854775807))
Edge(293105,74367,(3,9223372036854775807))
Edge(293294,295766,(4,9223372036854775807))
Edge(293324,428252,(3,9223372036854775807))
Edge(293941,305093,(1,9223372036854775807))
Edge(294069,313083,(3,9223372036854775807))
Edge(294370,67296,(3,9223372036854775807))
Edge(294708,90266,(3,9223372036854775807))
Edge(295026,356976,(3,9223372036854775807))
Edge(295316,37310,(1,9223372036854775807))
Edge(295458,319593,(1,9223372036854775807))
Edge(295645,398003,(1,9223372036854775807))
Edge(295661,41041,(3,9223372036854775807))
Edge(295921,430921,(3,9223372036854775807))
Edge(296077,254144,(3,9223372036854775807))
Edge(296265,181818,(3,9223372036854775807))
Edge(296990,208708,(3,9223372036854775807))
Edge(297011,309100,(3,9223372036854775807))
Edge(297669,168401,(3,9223372036854775807))
Edge(297693,368386,(3,9223372036854775807))
Edge(297798,203648,(1,9223372036854775807))
Edge(298332,169825,(1,9223372036854775807))
Edge(298474,124362,(3,9223372036854775807))
Edge(298948,271791,(3,9223372036854775807))
Edge(299302,354098,(3,9223372036854775807))
Edge(299459,135073,(3,9223372036854775807))
Edge(299685,404316,(3,9223372036854775807))
Edge(299762,349259,(3,9223372036854775807))
Edge(300094,218066,(3,9223372036854775807))
Edge(300441,85968,(3,9223372036854775807))
Edge(300508,277205,(1,9223372036854775807))
Edge(300970,449462,(3,9223372036854775807))
Edge(301041,140730,(3,9223372036854775807))
Edge(301088,116479,(3,9223372036854775807))
Edge(301504,370126,(3,9223372036854775807))
Edge(302045,97068,(3,9223372036854775807))
Edge(302577,63897,(1,3))
Edge(303015,199133,(3,9223372036854775807))
Edge(303430,44631,(3,9223372036854775807))
Edge(303486,125840,(4,9223372036854775807))
Edge(303488,46840,(3,9223372036854775807))
Edge(303504,278468,(3,9223372036854775807))
Edge(303716,404299,(3,9223372036854775807))
Edge(303841,348706,(3,9223372036854775807))
Edge(304608,403764,(3,9223372036854775807))
Edge(304888,323829,(1,9223372036854775807))
Edge(305590,165495,(3,9223372036854775807))
Edge(305691,293426,(3,9223372036854775807))
Edge(306214,135861,(3,9223372036854775807))
Edge(306807,107357,(3,9223372036854775807))
Edge(307842,441455,(3,9223372036854775807))
Edge(307959,278523,(1,3))
Edge(308007,220346,(1,9223372036854775807))
Edge(308021,492761,(3,9223372036854775807))
Edge(308081,375297,(2,9223372036854775807))
Edge(308596,108299,(3,9223372036854775807))
Edge(308674,429434,(3,9223372036854775807))
Edge(308725,295061,(1,3))
Edge(308803,169456,(3,9223372036854775807))
Edge(308835,367515,(3,9223372036854775807))
Edge(309091,341479,(3,9223372036854775807))
Edge(309498,461045,(3,9223372036854775807))
Edge(309546,42714,(3,9223372036854775807))
Edge(309721,104895,(3,9223372036854775807))
Edge(309738,464241,(3,9223372036854775807))
Edge(310522,171055,(3,9223372036854775807))
Edge(311130,227127,(3,9223372036854775807))
Edge(311350,9282,(3,9223372036854775807))
Edge(311372,29112,(3,9223372036854775807))
Edge(311393,75853,(1,3))
Edge(311754,186700,(3,9223372036854775807))
Edge(312408,343355,(3,9223372036854775807))
Edge(312548,285241,(3,9223372036854775807))
Edge(312595,139410,(3,9223372036854775807))
Edge(312693,422742,(1,9223372036854775807))
Edge(312739,112154,(3,9223372036854775807))
Edge(312750,97391,(3,9223372036854775807))
Edge(313004,62002,(3,9223372036854775807))
Edge(313024,199757,(1,3))
Edge(313184,105208,(3,9223372036854775807))
Edge(313538,475617,(3,9223372036854775807))
Edge(313962,274728,(3,9223372036854775807))
Edge(314501,122149,(3,9223372036854775807))
Edge(314565,365779,(3,9223372036854775807))
Edge(314605,325345,(1,9223372036854775807))
Edge(314795,172653,(3,9223372036854775807))
Edge(315272,229313,(3,9223372036854775807))
Edge(315501,297773,(3,9223372036854775807))
Edge(315856,449130,(3,9223372036854775807))
Edge(315906,36326,(3,9223372036854775807))
Edge(315995,495011,(3,9223372036854775807))
Edge(316025,270523,(3,9223372036854775807))
Edge(316602,289006,(3,9223372036854775807))
Edge(316757,122318,(3,9223372036854775807))
Edge(316849,155632,(3,9223372036854775807))
Edge(316972,150139,(3,9223372036854775807))
Edge(317020,64454,(3,9223372036854775807))
Edge(317036,426418,(3,9223372036854775807))
Edge(317217,118197,(3,9223372036854775807))
Edge(317355,216666,(1,9223372036854775807))
Edge(317403,451763,(3,9223372036854775807))
Edge(317455,307714,(3,9223372036854775807))
Edge(317740,301949,(3,9223372036854775807))
Edge(317962,380096,(1,9223372036854775807))
Edge(317985,250669,(4,9223372036854775807))
Edge(318066,304336,(3,9223372036854775807))
Edge(318418,452192,(3,9223372036854775807))
Edge(319075,294160,(3,9223372036854775807))
Edge(319469,189908,(3,9223372036854775807))
Edge(320085,411219,(3,9223372036854775807))
Edge(320221,246731,(3,9223372036854775807))
Edge(320229,226225,(3,9223372036854775807))
Edge(320321,277236,(1,9223372036854775807))
Edge(320689,124127,(1,3))
Edge(321027,237381,(3,9223372036854775807))
Edge(321330,278797,(1,9223372036854775807))
Edge(321688,278068,(3,9223372036854775807))
Edge(321937,72858,(3,9223372036854775807))
Edge(322038,493525,(3,9223372036854775807))
Edge(322167,74144,(3,9223372036854775807))
Edge(322265,216649,(3,9223372036854775807))
Edge(322301,149292,(1,3))
Edge(322434,430235,(3,9223372036854775807))
Edge(322819,63089,(3,9223372036854775807))
Edge(323111,483368,(3,9223372036854775807))
Edge(323148,469803,(3,9223372036854775807))
Edge(323170,104727,(3,9223372036854775807))
Edge(323197,438696,(1,9223372036854775807))
Edge(323336,84630,(3,9223372036854775807))
Edge(323372,302775,(3,9223372036854775807))
Edge(323374,94203,(1,9223372036854775807))
Edge(323501,254409,(3,9223372036854775807))
Edge(323820,112229,(3,9223372036854775807))
Edge(324228,277380,(1,9223372036854775807))
Edge(324391,276624,(1,9223372036854775807))
Edge(324765,145798,(3,9223372036854775807))
Edge(324789,55331,(3,9223372036854775807))
Edge(324924,300678,(3,9223372036854775807))
Edge(326055,62250,(1,3))
Edge(326118,418510,(1,3))
Edge(326154,221920,(3,9223372036854775807))
Edge(326237,410745,(3,9223372036854775807))
Edge(327265,193168,(3,9223372036854775807))
Edge(327325,215865,(3,9223372036854775807))
Edge(327377,197367,(3,9223372036854775807))
Edge(327470,97823,(3,9223372036854775807))
Edge(327833,89271,(1,9223372036854775807))
Edge(328428,238481,(3,9223372036854775807))
Edge(328964,210775,(3,9223372036854775807))
Edge(329148,274351,(3,9223372036854775807))
Edge(329378,63278,(3,9223372036854775807))
Edge(329609,25131,(3,9223372036854775807))
Edge(330610,20939,(1,9223372036854775807))
Edge(331032,176473,(1,3))
Edge(331348,158596,(3,9223372036854775807))
Edge(331361,204671,(3,9223372036854775807))
Edge(331445,441674,(3,9223372036854775807))
Edge(331556,428812,(1,9223372036854775807))
Edge(331576,335354,(3,9223372036854775807))
Edge(331690,431405,(3,9223372036854775807))
Edge(331749,130415,(1,9223372036854775807))
Edge(332168,199648,(1,3))
Edge(332288,366740,(1,3))
Edge(332384,435200,(3,9223372036854775807))
Edge(332437,398094,(1,3))
Edge(332533,150897,(3,9223372036854775807))
Edge(332569,244162,(3,9223372036854775807))
Edge(332611,193099,(3,9223372036854775807))
Edge(332735,198526,(3,9223372036854775807))
Edge(332832,468423,(3,9223372036854775807))
Edge(333085,480246,(3,9223372036854775807))
Edge(333470,146823,(3,9223372036854775807))
Edge(333620,419214,(3,9223372036854775807))
Edge(333838,480084,(3,9223372036854775807))
Edge(333853,327559,(3,9223372036854775807))
Edge(334265,298866,(3,9223372036854775807))
Edge(334305,413946,(1,3))
Edge(335089,357391,(3,9223372036854775807))
Edge(335360,108545,(3,9223372036854775807))
Edge(335629,491665,(1,9223372036854775807))
Edge(335825,252352,(1,3))
Edge(335859,435063,(3,9223372036854775807))
Edge(336098,364771,(3,9223372036854775807))
Edge(336341,67367,(3,9223372036854775807))
Edge(336405,273217,(1,9223372036854775807))
Edge(336946,61404,(3,9223372036854775807))
Edge(336988,228702,(3,9223372036854775807))
Edge(337094,116623,(3,9223372036854775807))
Edge(337221,210168,(3,9223372036854775807))
Edge(337343,30824,(3,9223372036854775807))
Edge(337355,411600,(3,9223372036854775807))
Edge(337368,193820,(3,9223372036854775807))
Edge(337520,345099,(3,9223372036854775807))
Edge(338037,316607,(1,3))
Edge(338044,366636,(3,9223372036854775807))
Edge(338273,447461,(1,9223372036854775807))
Edge(338754,169071,(1,9223372036854775807))
Edge(339013,232966,(3,9223372036854775807))
Edge(339675,378493,(3,9223372036854775807))
Edge(339872,215330,(3,9223372036854775807))
Edge(340064,194916,(3,9223372036854775807))
Edge(340300,98178,(3,9223372036854775807))
Edge(341003,279653,(3,9223372036854775807))
Edge(341314,95019,(3,9223372036854775807))
Edge(341512,295962,(3,9223372036854775807))
Edge(341584,484943,(3,9223372036854775807))
Edge(341600,287628,(3,9223372036854775807))
Edge(341930,182310,(3,9223372036854775807))
Edge(342156,189608,(3,9223372036854775807))
Edge(342272,79504,(3,9223372036854775807))
Edge(342489,298729,(3,9223372036854775807))
Edge(342639,209079,(3,9223372036854775807))
Edge(343163,63821,(3,9223372036854775807))
Edge(343217,289063,(1,9223372036854775807))
Edge(343313,39046,(3,9223372036854775807))
Edge(343736,177717,(3,9223372036854775807))
Edge(344056,453994,(3,9223372036854775807))
Edge(345175,105876,(3,9223372036854775807))
Edge(345541,18579,(3,9223372036854775807))
Edge(346026,143608,(3,9223372036854775807))
Edge(346080,99572,(3,9223372036854775807))
Edge(346148,52166,(3,9223372036854775807))
Edge(346591,485819,(3,9223372036854775807))
Edge(346840,207073,(3,9223372036854775807))
Edge(347065,468809,(3,9223372036854775807))
Edge(347086,19182,(3,9223372036854775807))
Edge(347268,130758,(3,9223372036854775807))
Edge(347343,330949,(1,3))
Edge(347756,472011,(3,9223372036854775807))
Edge(347839,598,(1,9223372036854775807))
Edge(347962,388412,(3,9223372036854775807))
Edge(348092,414613,(3,9223372036854775807))
Edge(348698,493758,(3,9223372036854775807))
Edge(349939,78084,(1,9223372036854775807))
Edge(349992,218364,(3,9223372036854775807))
Edge(350130,320889,(3,9223372036854775807))
Edge(350331,98431,(3,9223372036854775807))
Edge(351312,188498,(3,9223372036854775807))
Edge(351607,430689,(3,9223372036854775807))
Edge(351891,121291,(1,9223372036854775807))
Edge(351927,123471,(1,9223372036854775807))
Edge(352271,348604,(3,9223372036854775807))
Edge(352838,328236,(1,3))
Edge(352917,394033,(1,9223372036854775807))
Edge(353369,231217,(3,9223372036854775807))
Edge(353642,79174,(3,9223372036854775807))
Edge(354514,198325,(3,9223372036854775807))
Edge(354955,368355,(3,9223372036854775807))
Edge(355412,145492,(3,9223372036854775807))
Edge(355445,40607,(3,9223372036854775807))
Edge(356090,362949,(3,9223372036854775807))
Edge(356427,103111,(3,9223372036854775807))
Edge(356619,422121,(3,9223372036854775807))
Edge(356900,15753,(3,9223372036854775807))
Edge(357113,213103,(3,9223372036854775807))
Edge(357194,273320,(3,9223372036854775807))
Edge(357612,447533,(1,3))
Edge(357638,386991,(1,3))
Edge(358048,198988,(3,9223372036854775807))
Edge(358274,250806,(1,3))
Edge(358305,289520,(3,9223372036854775807))
Edge(358867,243521,(3,9223372036854775807))
Edge(359306,105367,(3,9223372036854775807))
Edge(359829,246308,(3,9223372036854775807))
Edge(360090,226916,(3,9223372036854775807))
Edge(360155,91496,(3,9223372036854775807))
Edge(360223,422246,(3,9223372036854775807))
Edge(360355,246301,(1,9223372036854775807))
Edge(360629,67958,(1,3))
Edge(360809,298641,(3,9223372036854775807))
Edge(361226,125476,(3,9223372036854775807))
Edge(361243,301683,(3,9223372036854775807))
Edge(361350,122229,(3,9223372036854775807))
Edge(361427,230015,(3,9223372036854775807))
Edge(361735,11688,(3,9223372036854775807))
Edge(361742,197510,(3,9223372036854775807))
Edge(361851,128305,(3,9223372036854775807))
Edge(361908,50083,(3,9223372036854775807))
Edge(362184,327438,(3,9223372036854775807))
Edge(362902,9268,(1,9223372036854775807))
Edge(363136,4825,(1,9223372036854775807))
Edge(363234,337881,(3,9223372036854775807))
Edge(363385,176589,(1,3))
Edge(363949,453578,(3,9223372036854775807))
Edge(364121,83636,(1,9223372036854775807))
Edge(364308,16210,(3,9223372036854775807))
Edge(364323,226230,(1,3))
Edge(364326,83904,(1,9223372036854775807))
Edge(365170,491044,(3,9223372036854775807))
Edge(365417,356634,(3,9223372036854775807))
Edge(366099,238288,(1,9223372036854775807))
Edge(366179,249786,(3,9223372036854775807))
Edge(366783,498654,(3,9223372036854775807))
Edge(366896,403904,(3,9223372036854775807))
Edge(367325,487678,(3,9223372036854775807))
Edge(367823,492957,(1,9223372036854775807))
Edge(367924,422885,(3,9223372036854775807))
Edge(367988,70382,(3,9223372036854775807))
Edge(368013,423252,(1,9223372036854775807))
Edge(368631,320461,(1,9223372036854775807))
Edge(368730,351099,(3,9223372036854775807))
Edge(369673,247277,(3,9223372036854775807))
Edge(369886,372376,(3,9223372036854775807))
Edge(369976,484143,(3,9223372036854775807))
Edge(370109,375659,(3,9223372036854775807))
Edge(370517,375728,(3,9223372036854775807))
Edge(370537,424079,(3,9223372036854775807))
Edge(371384,208351,(3,9223372036854775807))
Edge(371751,42345,(3,9223372036854775807))
Edge(372858,452352,(3,9223372036854775807))
Edge(373146,486812,(1,3))
Edge(373719,115107,(3,9223372036854775807))
Edge(374260,229126,(3,9223372036854775807))
Edge(374569,28844,(3,9223372036854775807))
Edge(374800,271869,(3,9223372036854775807))
Edge(374851,90478,(3,9223372036854775807))
Edge(374877,420947,(3,9223372036854775807))
Edge(374967,240156,(3,9223372036854775807))
Edge(374976,332753,(3,9223372036854775807))
Edge(375507,94367,(1,9223372036854775807))
Edge(375726,254882,(3,9223372036854775807))
Edge(376428,131557,(3,9223372036854775807))
Edge(376886,8526,(1,9223372036854775807))
Edge(377009,142199,(3,9223372036854775807))
Edge(377334,87562,(1,9223372036854775807))
Edge(377421,211237,(3,9223372036854775807))
Edge(377519,369311,(3,9223372036854775807))
Edge(377555,351044,(3,9223372036854775807))
Edge(377949,49523,(3,9223372036854775807))
Edge(378003,415060,(3,9223372036854775807))
Edge(378913,126410,(3,9223372036854775807))
Edge(379154,483418,(3,9223372036854775807))
Edge(379760,426084,(4,9223372036854775807))
Edge(380144,238363,(1,9223372036854775807))
Edge(380156,413210,(3,9223372036854775807))
Edge(380244,471382,(3,9223372036854775807))
Edge(380356,410924,(3,9223372036854775807))
Edge(380715,67698,(3,9223372036854775807))
Edge(381056,320911,(3,9223372036854775807))
Edge(381114,103934,(3,9223372036854775807))
Edge(381363,316155,(1,3))
Edge(382383,350292,(3,9223372036854775807))
Edge(383328,172004,(1,9223372036854775807))
Edge(383428,241877,(3,9223372036854775807))
Edge(383543,41498,(3,9223372036854775807))
Edge(383672,47163,(3,9223372036854775807))
Edge(383696,199777,(3,9223372036854775807))
Edge(383751,33689,(3,9223372036854775807))
Edge(383814,174395,(1,3))
Edge(384891,105765,(3,9223372036854775807))
Edge(384904,121629,(3,9223372036854775807))
Edge(385139,37693,(3,9223372036854775807))
Edge(385344,438668,(3,9223372036854775807))
Edge(385362,445054,(1,9223372036854775807))
Edge(385684,58993,(3,9223372036854775807))
Edge(385782,142486,(3,9223372036854775807))
Edge(385882,44739,(3,9223372036854775807))
Edge(386104,93005,(3,9223372036854775807))
Edge(386681,12339,(1,9223372036854775807))
Edge(386883,264530,(3,9223372036854775807))
Edge(387044,399739,(3,9223372036854775807))
Edge(387054,338794,(1,9223372036854775807))
Edge(387692,445240,(1,9223372036854775807))
Edge(387710,183331,(3,9223372036854775807))
Edge(387843,224407,(1,9223372036854775807))
Edge(387920,151267,(3,9223372036854775807))
Edge(388400,9892,(1,9223372036854775807))
Edge(388750,463786,(3,9223372036854775807))
Edge(389011,227264,(1,9223372036854775807))
Edge(389145,108526,(3,9223372036854775807))
Edge(389240,285487,(3,9223372036854775807))
Edge(389374,181377,(3,9223372036854775807))
Edge(389496,371973,(3,9223372036854775807))
Edge(389524,266635,(3,9223372036854775807))
Edge(390228,356334,(1,9223372036854775807))
Edge(390624,295385,(3,9223372036854775807))
Edge(390651,163631,(3,9223372036854775807))
Edge(390685,486947,(3,9223372036854775807))
Edge(390852,111563,(3,9223372036854775807))
Edge(391598,299176,(3,9223372036854775807))
Edge(391700,215575,(3,9223372036854775807))
Edge(391864,259415,(3,9223372036854775807))
Edge(391872,76674,(3,9223372036854775807))
Edge(392089,482667,(3,9223372036854775807))
Edge(392439,57524,(3,9223372036854775807))
Edge(392796,222632,(3,9223372036854775807))
Edge(392860,472866,(3,9223372036854775807))
Edge(393101,389109,(3,9223372036854775807))
Edge(393402,70274,(3,9223372036854775807))
Edge(393674,200464,(3,9223372036854775807))
Edge(393835,335941,(3,9223372036854775807))
Edge(393899,374576,(3,9223372036854775807))
Edge(393954,448707,(3,9223372036854775807))
Edge(394153,255234,(3,9223372036854775807))
Edge(394347,398838,(1,3))
Edge(394566,446605,(3,9223372036854775807))
Edge(394953,67957,(3,9223372036854775807))
Edge(395681,442217,(3,9223372036854775807))
Edge(395753,304055,(1,9223372036854775807))
Edge(395899,79570,(1,9223372036854775807))
Edge(396836,358591,(3,9223372036854775807))
Edge(397206,305703,(1,9223372036854775807))
Edge(397406,218733,(3,9223372036854775807))
Edge(397422,232025,(3,9223372036854775807))
Edge(398475,100161,(3,9223372036854775807))
Edge(398590,179206,(3,9223372036854775807))
Edge(398639,69415,(1,9223372036854775807))
Edge(398884,439445,(1,9223372036854775807))
Edge(398886,437908,(3,9223372036854775807))
Edge(398941,218967,(3,9223372036854775807))
Edge(399463,15581,(3,9223372036854775807))
Edge(399814,318326,(3,9223372036854775807))
Edge(399860,69682,(3,9223372036854775807))
Edge(400280,415349,(3,9223372036854775807))
Edge(400300,156655,(3,9223372036854775807))
Edge(402976,124555,(1,9223372036854775807))
Edge(402992,451153,(3,9223372036854775807))
Edge(402994,442481,(3,9223372036854775807))
Edge(403018,499752,(3,9223372036854775807))
Edge(403612,409930,(1,9223372036854775807))
Edge(404178,449937,(3,9223372036854775807))
Edge(404215,281549,(3,9223372036854775807))
Edge(404314,236006,(1,3))
Edge(404513,209571,(3,9223372036854775807))
Edge(404672,416285,(3,9223372036854775807))
Edge(405312,364418,(3,9223372036854775807))
Edge(405656,15917,(3,9223372036854775807))
Edge(406184,425325,(3,9223372036854775807))
Edge(406860,196551,(3,9223372036854775807))
Edge(406899,17792,(3,9223372036854775807))
Edge(406985,437508,(3,9223372036854775807))
Edge(407998,226964,(1,9223372036854775807))
Edge(408071,118778,(3,9223372036854775807))
Edge(408694,364381,(1,3))
Edge(408699,348416,(1,3))
Edge(408861,209144,(3,9223372036854775807))
Edge(409044,266923,(3,9223372036854775807))
Edge(409512,127762,(1,9223372036854775807))
Edge(409590,204458,(1,3))
Edge(409641,279243,(1,9223372036854775807))
Edge(410567,42610,(3,9223372036854775807))
Edge(410605,269441,(3,9223372036854775807))
Edge(410975,446692,(3,9223372036854775807))
Edge(411925,90218,(3,9223372036854775807))
Edge(412381,45378,(3,9223372036854775807))
Edge(412425,96826,(3,9223372036854775807))
Edge(412472,440498,(3,9223372036854775807))
Edge(412473,420844,(3,9223372036854775807))
Edge(412864,104924,(1,3))
Edge(413160,112121,(3,9223372036854775807))
Edge(413177,372171,(3,9223372036854775807))
Edge(413327,257393,(3,9223372036854775807))
Edge(413328,386257,(3,9223372036854775807))
Edge(413832,473201,(3,9223372036854775807))
Edge(414005,452287,(3,9223372036854775807))
Edge(414006,25002,(3,9223372036854775807))
Edge(414281,361393,(1,9223372036854775807))
Edge(414297,434070,(3,9223372036854775807))
Edge(414306,298434,(4,9223372036854775807))
Edge(415321,131194,(3,9223372036854775807))
Edge(415355,43757,(3,9223372036854775807))
Edge(415436,216257,(1,3))
Edge(415843,275964,(3,9223372036854775807))
Edge(415881,378184,(3,9223372036854775807))
Edge(416054,349908,(3,9223372036854775807))
Edge(416278,168583,(3,9223372036854775807))
Edge(416558,462043,(3,9223372036854775807))
Edge(416691,220102,(3,9223372036854775807))
Edge(417030,230359,(3,9223372036854775807))
Edge(417120,490102,(3,9223372036854775807))
Edge(417237,495485,(3,9223372036854775807))
Edge(417698,393577,(3,9223372036854775807))
Edge(417733,34647,(3,9223372036854775807))
Edge(417781,307566,(3,9223372036854775807))
Edge(418215,167306,(3,9223372036854775807))
Edge(418597,268437,(3,9223372036854775807))
Edge(418997,140844,(3,9223372036854775807))
Edge(419231,65921,(3,9223372036854775807))
Edge(419310,318020,(3,9223372036854775807))
Edge(419331,70442,(1,9223372036854775807))
Edge(419782,161483,(3,9223372036854775807))
Edge(419964,405414,(3,9223372036854775807))
Edge(420406,254660,(3,9223372036854775807))
Edge(420651,123418,(3,9223372036854775807))
Edge(420681,21077,(3,9223372036854775807))
Edge(420704,292319,(1,3))
Edge(420809,148963,(3,9223372036854775807))
Edge(420917,394061,(1,3))
Edge(421412,244679,(3,9223372036854775807))
Edge(421488,16429,(3,9223372036854775807))
Edge(421591,357628,(3,9223372036854775807))
Edge(421857,302765,(3,9223372036854775807))
Edge(421973,438086,(1,3))
Edge(422422,157758,(1,3))
Edge(423361,223478,(3,9223372036854775807))
Edge(423837,48201,(3,9223372036854775807))
Edge(424218,460187,(3,9223372036854775807))
Edge(424517,156152,(1,9223372036854775807))
Edge(424835,15788,(1,9223372036854775807))
Edge(425066,354172,(3,9223372036854775807))
Edge(425088,119704,(3,9223372036854775807))
Edge(425234,274820,(1,9223372036854775807))
Edge(425539,78196,(3,9223372036854775807))
Edge(425789,319609,(1,3))
Edge(426034,270765,(3,9223372036854775807))
Edge(426299,419365,(3,9223372036854775807))
Edge(426375,213374,(3,9223372036854775807))
Edge(426526,119260,(1,9223372036854775807))
Edge(426728,82477,(3,9223372036854775807))
Edge(426741,142544,(1,3))
Edge(426830,53883,(3,9223372036854775807))
Edge(426858,358704,(3,9223372036854775807))
Edge(426943,160862,(3,9223372036854775807))
Edge(427536,459312,(1,9223372036854775807))
Edge(427662,285192,(1,9223372036854775807))
Edge(427662,429548,(3,9223372036854775807))
Edge(427843,181658,(1,9223372036854775807))
Edge(427927,142225,(1,9223372036854775807))
Edge(428611,112546,(3,9223372036854775807))
Edge(428924,173189,(1,9223372036854775807))
Edge(429466,114327,(3,9223372036854775807))
Edge(429492,350192,(1,9223372036854775807))
Edge(429509,474152,(3,9223372036854775807))
Edge(429592,499273,(3,9223372036854775807))
Edge(429612,99945,(1,9223372036854775807))
Edge(429770,460147,(3,9223372036854775807))
Edge(429823,331178,(3,9223372036854775807))
Edge(429853,138303,(3,9223372036854775807))
Edge(429907,425467,(3,9223372036854775807))
Edge(430064,399145,(3,9223372036854775807))
Edge(430418,120993,(3,9223372036854775807))
Edge(430587,282381,(3,9223372036854775807))
Edge(431328,230977,(3,9223372036854775807))
Edge(431814,157310,(1,9223372036854775807))
Edge(432251,312275,(1,3))
Edge(432328,71225,(3,9223372036854775807))
Edge(432470,49628,(3,9223372036854775807))
Edge(432540,242576,(1,9223372036854775807))
Edge(433988,185958,(3,9223372036854775807))
Edge(434135,160505,(3,9223372036854775807))
Edge(434271,101239,(3,9223372036854775807))
Edge(434478,90162,(3,9223372036854775807))
Edge(434499,248666,(3,9223372036854775807))
Edge(434836,339086,(3,9223372036854775807))
Edge(435159,421769,(3,9223372036854775807))
Edge(435309,450142,(3,9223372036854775807))
Edge(435401,223709,(3,9223372036854775807))
Edge(435614,495131,(1,9223372036854775807))
Edge(435818,59733,(1,9223372036854775807))
Edge(436667,121509,(3,9223372036854775807))
Edge(437711,234031,(3,9223372036854775807))
Edge(438165,37542,(1,9223372036854775807))
Edge(438248,372134,(3,9223372036854775807))
Edge(439019,179186,(3,9223372036854775807))
Edge(439352,106461,(3,9223372036854775807))
Edge(439549,7929,(1,9223372036854775807))
Edge(439711,65135,(1,3))
Edge(439734,50974,(3,9223372036854775807))
Edge(440308,403117,(3,9223372036854775807))
Edge(440332,118294,(3,9223372036854775807))
Edge(440444,192075,(3,9223372036854775807))
Edge(440665,236919,(3,9223372036854775807))
Edge(441370,207529,(3,9223372036854775807))
Edge(441513,255036,(1,3))
Edge(442085,80371,(3,9223372036854775807))
Edge(442359,129491,(3,9223372036854775807))
Edge(442364,94362,(3,9223372036854775807))
Edge(442883,208875,(3,9223372036854775807))
Edge(443199,417560,(3,9223372036854775807))
Edge(443200,466250,(3,9223372036854775807))
Edge(443248,112590,(4,9223372036854775807))
Edge(443569,419354,(3,9223372036854775807))
Edge(443599,189239,(3,9223372036854775807))
Edge(443820,268601,(4,9223372036854775807))
Edge(443847,148498,(3,9223372036854775807))
Edge(444040,118567,(3,9223372036854775807))
Edge(444106,450671,(1,3))
Edge(444283,276329,(1,9223372036854775807))
Edge(444503,188959,(3,9223372036854775807))
Edge(444871,432211,(3,9223372036854775807))
Edge(444922,387506,(3,9223372036854775807))
Edge(445178,128927,(3,9223372036854775807))
Edge(445532,497138,(1,9223372036854775807))
Edge(446007,412658,(3,9223372036854775807))
Edge(446169,446465,(3,9223372036854775807))
Edge(446553,153308,(3,9223372036854775807))
Edge(446563,57216,(3,9223372036854775807))
Edge(447026,8479,(1,9223372036854775807))
Edge(447104,369597,(3,9223372036854775807))
Edge(447345,431942,(3,9223372036854775807))
Edge(447440,251937,(3,9223372036854775807))
Edge(447690,10054,(3,9223372036854775807))
Edge(447859,163671,(3,9223372036854775807))
Edge(448184,66092,(3,9223372036854775807))
Edge(448194,310517,(3,9223372036854775807))
Edge(448501,402807,(3,9223372036854775807))
Edge(448503,395009,(3,9223372036854775807))
Edge(448784,422076,(1,3))
Edge(448784,456906,(3,9223372036854775807))
Edge(448990,145119,(1,3))
Edge(449438,425835,(3,9223372036854775807))
Edge(449668,318834,(3,9223372036854775807))
Edge(449767,31533,(3,9223372036854775807))
Edge(450255,298466,(3,9223372036854775807))
Edge(450309,430122,(3,9223372036854775807))
Edge(450833,386226,(1,3))
Edge(450850,264144,(3,9223372036854775807))
Edge(450898,120737,(3,9223372036854775807))
Edge(451584,143221,(3,9223372036854775807))
Edge(451907,151966,(3,9223372036854775807))
Edge(452280,77674,(3,9223372036854775807))
Edge(452282,214288,(3,9223372036854775807))
Edge(452305,377956,(3,9223372036854775807))
Edge(452325,96025,(1,9223372036854775807))
Edge(452587,309668,(3,9223372036854775807))
Edge(453127,159835,(1,3))
Edge(453178,307657,(3,9223372036854775807))
Edge(453179,209342,(3,9223372036854775807))
Edge(453900,474579,(3,9223372036854775807))
Edge(454062,376741,(3,9223372036854775807))
Edge(454127,490972,(3,9223372036854775807))
Edge(454313,207485,(3,9223372036854775807))
Edge(455004,135860,(3,9223372036854775807))
Edge(455294,462401,(3,9223372036854775807))
Edge(455346,351782,(3,9223372036854775807))
Edge(455619,190241,(3,9223372036854775807))
Edge(455750,39637,(3,9223372036854775807))
Edge(456381,402645,(3,9223372036854775807))
Edge(456900,74582,(1,3))
Edge(457368,407975,(3,9223372036854775807))
Edge(458479,180692,(3,9223372036854775807))
Edge(458820,439281,(1,9223372036854775807))
Edge(459685,332193,(3,9223372036854775807))
Edge(460188,109266,(3,9223372036854775807))
Edge(461303,263198,(3,9223372036854775807))
Edge(461393,201482,(3,9223372036854775807))
Edge(461501,144701,(3,9223372036854775807))
Edge(461738,428891,(3,9223372036854775807))
Edge(462144,253025,(3,9223372036854775807))
Edge(462344,308599,(3,9223372036854775807))
Edge(462510,3250,(3,9223372036854775807))
Edge(462709,401044,(3,9223372036854775807))
Edge(462715,295736,(3,9223372036854775807))
Edge(462756,321247,(1,9223372036854775807))
Edge(462788,233605,(3,9223372036854775807))
Edge(463446,326512,(1,9223372036854775807))
Edge(463475,18660,(3,9223372036854775807))
Edge(463555,334960,(3,9223372036854775807))
Edge(464624,263493,(1,9223372036854775807))
Edge(464973,273975,(3,9223372036854775807))
Edge(465222,79988,(3,9223372036854775807))
Edge(465362,294927,(3,9223372036854775807))
Edge(465640,299079,(1,9223372036854775807))
Edge(466308,99899,(3,9223372036854775807))
Edge(466749,279040,(3,9223372036854775807))
Edge(466833,260725,(3,9223372036854775807))
Edge(467113,188805,(3,9223372036854775807))
Edge(467316,421258,(3,9223372036854775807))
Edge(467578,390658,(1,9223372036854775807))
Edge(467668,146225,(3,9223372036854775807))
Edge(468286,318625,(3,9223372036854775807))
Edge(468328,263080,(3,9223372036854775807))
Edge(468436,148269,(3,9223372036854775807))
Edge(468496,494491,(3,9223372036854775807))
Edge(469927,418096,(3,9223372036854775807))
Edge(470121,445052,(3,9223372036854775807))
Edge(470141,493457,(1,9223372036854775807))
Edge(470525,131267,(1,3))
Edge(470554,18269,(3,9223372036854775807))
Edge(470762,244976,(1,9223372036854775807))
Edge(470906,349718,(3,9223372036854775807))
Edge(471184,258162,(3,9223372036854775807))
Edge(471509,167601,(3,9223372036854775807))
Edge(471857,411344,(3,9223372036854775807))
Edge(471994,87030,(3,9223372036854775807))
Edge(472304,163421,(3,9223372036854775807))
Edge(472612,173850,(3,9223372036854775807))
Edge(472914,423441,(3,9223372036854775807))
Edge(473108,224355,(1,9223372036854775807))
Edge(473716,68367,(1,9223372036854775807))
Edge(473973,268112,(1,3))
Edge(474005,228144,(3,9223372036854775807))
Edge(474129,291314,(1,9223372036854775807))
Edge(474278,102382,(1,3))
Edge(474317,199241,(3,9223372036854775807))
Edge(474594,78901,(1,3))
Edge(475026,312757,(1,3))
Edge(475334,16174,(3,9223372036854775807))
Edge(476080,375086,(3,9223372036854775807))
Edge(476454,218064,(1,9223372036854775807))
Edge(476962,76225,(3,9223372036854775807))
Edge(477112,356307,(3,9223372036854775807))
Edge(477661,196805,(3,9223372036854775807))
Edge(477673,26240,(1,3))
Edge(477758,87368,(3,9223372036854775807))
Edge(478069,322378,(3,9223372036854775807))
Edge(478115,197313,(1,9223372036854775807))
Edge(478717,158065,(1,9223372036854775807))
Edge(478891,141309,(1,9223372036854775807))
Edge(478891,175652,(1,9223372036854775807))
Edge(479115,44032,(3,9223372036854775807))
Edge(479191,466960,(3,9223372036854775807))
Edge(479486,476277,(1,9223372036854775807))
Edge(479575,155401,(3,9223372036854775807))
Edge(479625,433298,(3,9223372036854775807))
Edge(480283,34828,(3,9223372036854775807))
Edge(480334,101469,(3,9223372036854775807))
Edge(480755,480363,(3,9223372036854775807))
Edge(480879,378517,(1,9223372036854775807))
Edge(481370,284615,(1,9223372036854775807))
Edge(481466,421519,(1,3))
Edge(481580,301208,(3,9223372036854775807))
Edge(482582,330909,(1,9223372036854775807))
Edge(483027,305659,(3,9223372036854775807))
Edge(483464,406729,(3,9223372036854775807))
Edge(483484,95338,(3,9223372036854775807))
Edge(483653,51743,(3,9223372036854775807))
Edge(483786,276007,(3,9223372036854775807))
Edge(484009,150796,(3,9223372036854775807))
Edge(484155,248669,(1,3))
Edge(484404,448897,(3,9223372036854775807))
Edge(484607,320147,(3,9223372036854775807))
Edge(484617,231544,(3,9223372036854775807))
Edge(484617,453318,(3,9223372036854775807))
Edge(484824,486433,(1,3))
Edge(484887,173109,(3,9223372036854775807))
Edge(484917,267479,(3,9223372036854775807))
Edge(484991,316976,(3,9223372036854775807))
Edge(485537,22266,(1,3))
Edge(485637,434875,(3,9223372036854775807))
Edge(486372,464657,(3,9223372036854775807))
Edge(486949,105004,(1,3))
Edge(486963,236867,(1,9223372036854775807))
Edge(487772,214589,(3,9223372036854775807))
Edge(487968,24515,(1,3))
Edge(488175,420732,(1,3))
Edge(488204,342307,(1,3))
Edge(488614,356286,(3,9223372036854775807))
Edge(489406,485631,(3,9223372036854775807))
Edge(489745,374196,(1,9223372036854775807))
Edge(489748,473820,(3,9223372036854775807))
Edge(489822,231270,(3,9223372036854775807))
Edge(489857,427861,(1,9223372036854775807))
Edge(489872,44060,(3,9223372036854775807))
Edge(490090,272290,(3,9223372036854775807))
Edge(491123,429635,(1,3))
Edge(491345,293288,(3,9223372036854775807))
Edge(491389,255873,(3,9223372036854775807))
Edge(491393,98666,(4,9223372036854775807))
Edge(491694,387633,(3,9223372036854775807))
Edge(491721,190663,(3,9223372036854775807))
Edge(492086,23231,(3,9223372036854775807))
Edge(492158,247943,(1,9223372036854775807))
Edge(492170,270872,(3,9223372036854775807))
Edge(492313,296958,(3,9223372036854775807))
Edge(492558,436422,(1,3))
Edge(494192,484068,(1,3))
Edge(494452,187544,(3,9223372036854775807))
Edge(494549,249156,(3,9223372036854775807))
Edge(494559,471543,(1,3))
Edge(494599,122323,(3,9223372036854775807))
Edge(494622,308128,(1,3))
Edge(495048,461348,(3,9223372036854775807))
Edge(495565,217596,(1,9223372036854775807))
Edge(495642,119718,(3,9223372036854775807))
Edge(495761,471186,(1,9223372036854775807))
Edge(495784,435686,(3,9223372036854775807))
Edge(495922,11973,(3,9223372036854775807))
Edge(496469,169410,(3,9223372036854775807))
Edge(497148,17213,(3,9223372036854775807))
Edge(497215,4236,(3,9223372036854775807))
Edge(497271,133508,(3,9223372036854775807))
Edge(497334,430253,(3,9223372036854775807))
Edge(497365,2817,(3,9223372036854775807))
Edge(497661,460218,(1,3))
Edge(497824,431574,(3,9223372036854775807))
Edge(498074,376502,(1,9223372036854775807))
Edge(498157,26113,(3,9223372036854775807))
Edge(498636,37702,(1,9223372036854775807))
Edge(498707,491717,(1,9223372036854775807))
Edge(499816,436747,(1,9223372036854775807))
