Edge(85,228030,(3,9223372036854775807))
Edge(131,416823,(3,9223372036854775807))
Edge(149,473025,(3,9223372036854775807))
Edge(181,345727,(3,9223372036854775807))
Edge(737,203635,(3,9223372036854775807))
Edge(806,344086,(1,3))
Edge(824,418965,(3,9223372036854775807))
Edge(1138,134513,(3,9223372036854775807))
Edge(1309,129993,(3,9223372036854775807))
Edge(1473,437437,(3,9223372036854775807))
Edge(2028,128661,(3,9223372036854775807))
Edge(2356,311669,(3,9223372036854775807))
Edge(2540,78967,(3,9223372036854775807))
Edge(2892,257998,(3,9223372036854775807))
Edge(3082,340236,(1,9223372036854775807))
Edge(3478,293634,(1,9223372036854775807))
Edge(3511,102794,(3,9223372036854775807))
Edge(3524,468300,(3,9223372036854775807))
Edge(4124,475787,(3,9223372036854775807))
Edge(4720,317589,(3,9223372036854775807))
Edge(5047,224330,(3,9223372036854775807))
Edge(5130,22780,(3,9223372036854775807))
Edge(5166,50171,(3,9223372036854775807))
Edge(5239,304851,(1,9223372036854775807))
Edge(6009,328088,(3,9223372036854775807))
Edge(6415,4514,(3,9223372036854775807))
Edge(6416,115409,(1,9223372036854775807))
Edge(7878,168576,(3,9223372036854775807))
Edge(8619,175822,(1,3))
Edge(8662,472361,(3,9223372036854775807))
Edge(8671,417461,(3,9223372036854775807))
Edge(8950,215713,(3,9223372036854775807))
Edge(9441,382412,(3,9223372036854775807))
Edge(9611,282050,(1,9223372036854775807))
Edge(9782,207867,(3,9223372036854775807))
Edge(9866,150706,(3,9223372036854775807))
Edge(10002,331596,(3,9223372036854775807))
Edge(10088,359646,(1,9223372036854775807))
Edge(10131,365721,(3,9223372036854775807))
Edge(10451,140203,(3,9223372036854775807))
Edge(10663,182768,(3,9223372036854775807))
Edge(10948,143800,(3,9223372036854775807))
Edge(11170,233130,(3,9223372036854775807))
Edge(11536,147756,(3,9223372036854775807))
Edge(11536,492792,(3,9223372036854775807))
Edge(11852,120591,(1,9223372036854775807))
Edge(12011,136293,(1,9223372036854775807))
Edge(12193,98564,(3,9223372036854775807))
Edge(12726,493483,(1,3))
Edge(12757,423866,(3,9223372036854775807))
Edge(12767,138025,(1,9223372036854775807))
Edge(13009,196627,(3,9223372036854775807))
Edge(13045,267036,(3,9223372036854775807))
Edge(13349,27178,(3,9223372036854775807))
Edge(13368,277470,(3,9223372036854775807))
Edge(13391,389518,(3,9223372036854775807))
Edge(13403,186333,(1,9223372036854775807))
Edge(13587,245232,(3,9223372036854775807))
Edge(14375,162807,(3,9223372036854775807))
Edge(14747,427209,(3,9223372036854775807))
Edge(15263,152645,(3,9223372036854775807))
Edge(16016,30826,(1,9223372036854775807))
Edge(16456,89513,(3,9223372036854775807))
Edge(17668,189899,(3,9223372036854775807))
Edge(18071,443200,(3,9223372036854775807))
Edge(18091,464472,(3,9223372036854775807))
Edge(19030,268769,(1,9223372036854775807))
Edge(19120,33401,(3,9223372036854775807))
Edge(19446,378400,(3,9223372036854775807))
Edge(19823,18936,(3,9223372036854775807))
Edge(19853,287778,(3,9223372036854775807))
Edge(19911,35416,(3,9223372036854775807))
Edge(20027,138893,(3,9223372036854775807))
Edge(20133,293327,(1,3))
Edge(20264,442453,(1,9223372036854775807))
Edge(20356,128610,(3,9223372036854775807))
Edge(20609,60064,(3,9223372036854775807))
Edge(20999,133788,(1,9223372036854775807))
Edge(21645,351911,(1,9223372036854775807))
Edge(22053,217939,(1,3))
Edge(22114,487793,(3,9223372036854775807))
Edge(22150,322777,(3,9223372036854775807))
Edge(23189,75450,(3,9223372036854775807))
Edge(23553,461366,(1,3))
Edge(23613,134585,(1,9223372036854775807))
Edge(23806,268463,(3,9223372036854775807))
Edge(23846,37495,(1,9223372036854775807))
Edge(23951,144347,(3,9223372036854775807))
Edge(24032,399825,(1,9223372036854775807))
Edge(24125,233346,(3,9223372036854775807))
Edge(24654,228168,(1,9223372036854775807))
Edge(25290,408768,(3,9223372036854775807))
Edge(25437,288472,(3,9223372036854775807))
Edge(25524,424989,(3,9223372036854775807))
Edge(25652,364884,(3,9223372036854775807))
Edge(25661,148046,(3,9223372036854775807))
Edge(25685,105684,(3,9223372036854775807))
Edge(26400,48430,(3,9223372036854775807))
Edge(26559,413080,(3,9223372036854775807))
Edge(26574,392621,(1,9223372036854775807))
Edge(26614,37918,(3,9223372036854775807))
Edge(26844,431665,(3,9223372036854775807))
Edge(27906,301121,(1,9223372036854775807))
Edge(28068,272301,(3,9223372036854775807))
Edge(28348,286872,(3,9223372036854775807))
Edge(28366,365011,(3,9223372036854775807))
Edge(28422,205447,(3,9223372036854775807))
Edge(28864,304673,(1,9223372036854775807))
Edge(29111,320313,(3,9223372036854775807))
Edge(29639,208343,(4,9223372036854775807))
Edge(29640,422408,(3,9223372036854775807))
Edge(30427,32727,(1,3))
Edge(30737,17076,(3,9223372036854775807))
Edge(30881,365661,(3,9223372036854775807))
Edge(31028,74102,(3,9223372036854775807))
Edge(31030,179609,(3,9223372036854775807))
Edge(31045,157173,(3,9223372036854775807))
Edge(31504,252607,(3,9223372036854775807))
Edge(31780,311289,(3,9223372036854775807))
Edge(32117,385876,(3,9223372036854775807))
Edge(32311,339963,(3,9223372036854775807))
Edge(32932,447649,(4,9223372036854775807))
Edge(32959,236522,(3,9223372036854775807))
Edge(33354,336060,(3,9223372036854775807))
Edge(33504,223167,(3,9223372036854775807))
Edge(33684,397454,(3,9223372036854775807))
Edge(34298,350653,(3,9223372036854775807))
Edge(34825,309406,(3,9223372036854775807))
Edge(34959,49952,(3,9223372036854775807))
Edge(35001,142906,(3,9223372036854775807))
Edge(35190,104270,(3,9223372036854775807))
Edge(35628,253401,(3,9223372036854775807))
Edge(36287,141038,(3,9223372036854775807))
Edge(36306,446273,(3,9223372036854775807))
Edge(36493,220990,(3,9223372036854775807))
Edge(36733,487494,(1,9223372036854775807))
Edge(37159,394157,(3,9223372036854775807))
Edge(37640,193381,(4,9223372036854775807))
Edge(37730,470773,(3,9223372036854775807))
Edge(37824,84189,(1,9223372036854775807))
Edge(38232,463302,(1,9223372036854775807))
Edge(38390,206731,(3,9223372036854775807))
Edge(38638,86449,(3,9223372036854775807))
Edge(38682,114323,(1,9223372036854775807))
Edge(38695,204121,(3,9223372036854775807))
Edge(38705,134181,(3,9223372036854775807))
Edge(39059,349312,(3,9223372036854775807))
Edge(39357,238639,(1,3))
Edge(39369,101276,(1,9223372036854775807))
Edge(39427,438905,(3,9223372036854775807))
Edge(39502,70958,(3,9223372036854775807))
Edge(39520,280887,(3,9223372036854775807))
Edge(39549,170779,(1,9223372036854775807))
Edge(39577,224529,(3,9223372036854775807))
Edge(40016,356835,(3,9223372036854775807))
Edge(40180,367057,(3,9223372036854775807))
Edge(40181,407652,(3,9223372036854775807))
Edge(40236,88593,(1,3))
Edge(40378,349470,(3,9223372036854775807))
Edge(40673,12548,(3,9223372036854775807))
Edge(41865,135390,(3,9223372036854775807))
Edge(41965,247693,(1,9223372036854775807))
Edge(42245,183527,(3,9223372036854775807))
Edge(42432,458443,(1,3))
Edge(42523,124313,(3,9223372036854775807))
Edge(42682,10253,(3,9223372036854775807))
Edge(42743,491899,(3,9223372036854775807))
Edge(42779,363849,(3,9223372036854775807))
Edge(42793,114700,(4,9223372036854775807))
Edge(43047,298437,(3,9223372036854775807))
Edge(43471,297209,(1,9223372036854775807))
Edge(43701,368043,(3,9223372036854775807))
Edge(43763,455404,(3,9223372036854775807))
Edge(43909,492026,(4,9223372036854775807))
Edge(44085,151632,(1,3))
Edge(44115,440828,(4,9223372036854775807))
Edge(45012,277857,(3,9223372036854775807))
Edge(45309,153466,(3,9223372036854775807))
Edge(45431,298079,(3,9223372036854775807))
Edge(45790,253153,(3,9223372036854775807))
Edge(45882,303800,(3,9223372036854775807))
Edge(46419,476241,(3,9223372036854775807))
Edge(48023,338355,(3,9223372036854775807))
Edge(48172,87640,(3,9223372036854775807))
Edge(48180,133926,(3,9223372036854775807))
Edge(48644,483672,(3,9223372036854775807))
Edge(48792,367011,(3,9223372036854775807))
Edge(48860,436366,(1,3))
Edge(48926,108688,(3,9223372036854775807))
Edge(49011,434903,(1,9223372036854775807))
Edge(49245,452890,(1,9223372036854775807))
Edge(49338,422447,(1,3))
Edge(49531,327412,(3,9223372036854775807))
Edge(50072,297327,(3,9223372036854775807))
Edge(50820,301357,(3,9223372036854775807))
Edge(50986,257992,(3,9223372036854775807))
Edge(51143,129213,(3,9223372036854775807))
Edge(51484,7132,(3,9223372036854775807))
Edge(52069,469138,(3,9223372036854775807))
Edge(52354,140493,(3,9223372036854775807))
Edge(53439,18221,(3,9223372036854775807))
Edge(53558,487094,(3,9223372036854775807))
Edge(53590,290288,(3,9223372036854775807))
Edge(53877,262270,(1,3))
Edge(53884,256092,(3,9223372036854775807))
Edge(53969,359531,(3,9223372036854775807))
Edge(54031,371402,(3,9223372036854775807))
Edge(54308,122279,(1,9223372036854775807))
Edge(54523,184283,(1,9223372036854775807))
Edge(54612,263285,(3,9223372036854775807))
Edge(56313,90211,(3,9223372036854775807))
Edge(57057,489615,(3,9223372036854775807))
Edge(57080,407371,(3,9223372036854775807))
Edge(57175,214472,(3,9223372036854775807))
Edge(57942,89297,(3,9223372036854775807))
Edge(58542,394183,(3,9223372036854775807))
Edge(59110,146241,(3,9223372036854775807))
Edge(59165,141904,(3,9223372036854775807))
Edge(59324,457116,(3,9223372036854775807))
Edge(59765,151898,(3,9223372036854775807))
Edge(59887,337891,(3,9223372036854775807))
Edge(60238,204870,(3,9223372036854775807))
Edge(60510,191536,(1,9223372036854775807))
Edge(61029,287455,(1,9223372036854775807))
Edge(61334,127340,(3,9223372036854775807))
Edge(61489,226321,(3,9223372036854775807))
Edge(61680,264079,(1,9223372036854775807))
Edge(61811,8578,(3,9223372036854775807))
Edge(62333,348475,(3,9223372036854775807))
Edge(62577,9981,(1,3))
Edge(62801,202021,(3,9223372036854775807))
Edge(62966,409101,(3,9223372036854775807))
Edge(64615,235116,(1,9223372036854775807))
Edge(64761,400004,(3,9223372036854775807))
Edge(64945,66406,(3,9223372036854775807))
Edge(65181,342330,(3,9223372036854775807))
Edge(65275,45227,(3,9223372036854775807))
Edge(65356,6605,(3,9223372036854775807))
Edge(65589,113347,(3,9223372036854775807))
Edge(65653,94244,(3,9223372036854775807))
Edge(66002,70242,(3,9223372036854775807))
Edge(66755,490949,(3,9223372036854775807))
Edge(66771,314845,(3,9223372036854775807))
Edge(66928,252877,(3,9223372036854775807))
Edge(67078,218512,(3,9223372036854775807))
Edge(67138,485516,(3,9223372036854775807))
Edge(67271,222323,(3,9223372036854775807))
Edge(67469,177395,(3,9223372036854775807))
Edge(67669,417445,(3,9223372036854775807))
Edge(67932,428587,(3,9223372036854775807))
Edge(68028,297318,(3,9223372036854775807))
Edge(68043,299569,(1,3))
Edge(68147,472399,(3,9223372036854775807))
Edge(68199,496838,(3,9223372036854775807))
Edge(68328,238272,(3,9223372036854775807))
Edge(68789,105736,(3,9223372036854775807))
Edge(68997,82219,(1,3))
Edge(69240,426948,(3,9223372036854775807))
Edge(69616,385120,(3,9223372036854775807))
Edge(69752,67868,(3,9223372036854775807))
Edge(69763,9734,(1,9223372036854775807))
Edge(69768,432784,(1,3))
Edge(69963,242276,(1,9223372036854775807))
Edge(70138,99677,(1,3))
Edge(70270,139311,(1,9223372036854775807))
Edge(70519,389504,(3,9223372036854775807))
Edge(71048,467044,(3,9223372036854775807))
Edge(71925,23195,(3,9223372036854775807))
Edge(72052,70535,(3,9223372036854775807))
Edge(72168,38612,(3,9223372036854775807))
Edge(72497,401040,(3,9223372036854775807))
Edge(72705,297562,(3,9223372036854775807))
Edge(73311,290628,(1,3))
Edge(73882,101137,(3,9223372036854775807))
Edge(73934,160131,(1,9223372036854775807))
Edge(73968,5448,(3,9223372036854775807))
Edge(74074,178329,(3,9223372036854775807))
Edge(74215,191201,(3,9223372036854775807))
Edge(74559,258796,(1,9223372036854775807))
Edge(74609,253266,(3,9223372036854775807))
Edge(75087,131413,(3,9223372036854775807))
Edge(75116,484181,(1,9223372036854775807))
Edge(75848,395207,(1,9223372036854775807))
Edge(76241,264652,(3,9223372036854775807))
Edge(76244,387754,(3,9223372036854775807))
Edge(76478,403757,(3,9223372036854775807))
Edge(76489,410793,(3,9223372036854775807))
Edge(76672,390715,(3,9223372036854775807))
Edge(76930,87765,(3,9223372036854775807))
Edge(77057,280105,(1,3))
Edge(77150,303485,(3,9223372036854775807))
Edge(77611,490064,(3,9223372036854775807))
Edge(77677,273553,(3,9223372036854775807))
Edge(77813,255756,(3,9223372036854775807))
Edge(79422,142767,(3,9223372036854775807))
Edge(79836,219760,(3,9223372036854775807))
Edge(79967,264570,(3,9223372036854775807))
Edge(80385,432948,(3,9223372036854775807))
Edge(80538,407819,(3,9223372036854775807))
Edge(80677,437664,(1,3))
Edge(80738,351652,(1,3))
Edge(81052,239875,(1,3))
Edge(81203,287468,(3,9223372036854775807))
Edge(81541,355984,(1,3))
Edge(81692,135768,(3,9223372036854775807))
Edge(82466,179437,(3,9223372036854775807))
Edge(83183,360416,(1,9223372036854775807))
Edge(83224,302669,(1,9223372036854775807))
Edge(83241,115923,(3,9223372036854775807))
Edge(83847,413855,(1,3))
Edge(83857,180409,(3,9223372036854775807))
Edge(84600,88831,(3,9223372036854775807))
Edge(84875,70971,(3,9223372036854775807))
Edge(85096,231360,(3,9223372036854775807))
Edge(85246,403089,(3,9223372036854775807))
Edge(85390,75639,(3,9223372036854775807))
Edge(85557,119943,(3,9223372036854775807))
Edge(85600,2008,(1,3))
Edge(85939,201917,(3,9223372036854775807))
Edge(86087,48576,(3,9223372036854775807))
Edge(86625,436352,(3,9223372036854775807))
Edge(87177,157983,(3,9223372036854775807))
Edge(87521,87537,(1,3))
Edge(88362,34206,(3,9223372036854775807))
Edge(89020,231588,(3,9223372036854775807))
Edge(89373,314891,(3,9223372036854775807))
Edge(89486,435654,(3,9223372036854775807))
Edge(89921,334352,(3,9223372036854775807))
Edge(90032,283179,(3,9223372036854775807))
Edge(90490,238892,(3,9223372036854775807))
Edge(90913,262712,(3,9223372036854775807))
Edge(91311,418754,(3,9223372036854775807))
Edge(91736,93722,(3,9223372036854775807))
Edge(92133,431772,(3,9223372036854775807))
Edge(92386,62985,(3,9223372036854775807))
Edge(93152,316082,(3,9223372036854775807))
Edge(93882,259985,(3,9223372036854775807))
Edge(93997,10975,(3,9223372036854775807))
Edge(94153,403270,(4,9223372036854775807))
Edge(94159,288531,(3,9223372036854775807))
Edge(94163,193541,(3,9223372036854775807))
Edge(94604,328401,(3,9223372036854775807))
Edge(95529,159348,(3,9223372036854775807))
Edge(95902,68046,(3,9223372036854775807))
Edge(96169,203327,(3,9223372036854775807))
Edge(96470,266505,(3,9223372036854775807))
Edge(97157,229757,(3,9223372036854775807))
Edge(97284,125893,(3,9223372036854775807))
Edge(97651,31966,(3,9223372036854775807))
Edge(97806,125834,(4,9223372036854775807))
Edge(97964,45739,(3,9223372036854775807))
Edge(98206,398087,(3,9223372036854775807))
Edge(98316,235842,(3,9223372036854775807))
Edge(98352,357309,(3,9223372036854775807))
Edge(98512,416028,(1,9223372036854775807))
Edge(98653,377687,(3,9223372036854775807))
Edge(98852,289470,(3,9223372036854775807))
Edge(99258,496654,(3,9223372036854775807))
Edge(100312,13402,(3,9223372036854775807))
Edge(100387,143584,(3,9223372036854775807))
Edge(100443,266409,(1,3))
Edge(100575,151702,(3,9223372036854775807))
Edge(100724,40857,(1,9223372036854775807))
Edge(100741,198203,(3,9223372036854775807))
Edge(101097,85284,(3,9223372036854775807))
Edge(101181,192505,(3,9223372036854775807))
Edge(101452,1259,(3,9223372036854775807))
Edge(101522,80141,(3,9223372036854775807))
Edge(101715,84139,(3,9223372036854775807))
Edge(101912,457712,(3,9223372036854775807))
Edge(102536,394914,(3,9223372036854775807))
Edge(102694,98640,(1,9223372036854775807))
Edge(102770,218499,(3,9223372036854775807))
Edge(103460,176930,(3,9223372036854775807))
Edge(103754,99085,(1,3))
Edge(104071,82594,(3,9223372036854775807))
Edge(104807,309674,(3,9223372036854775807))
Edge(105434,421068,(3,9223372036854775807))
Edge(105449,220,(3,9223372036854775807))
Edge(105574,54552,(1,9223372036854775807))
Edge(106071,269182,(3,9223372036854775807))
Edge(106376,475676,(1,3))
Edge(106612,279745,(3,9223372036854775807))
Edge(106652,417168,(1,9223372036854775807))
Edge(107105,235425,(3,9223372036854775807))
Edge(107201,62947,(3,9223372036854775807))
Edge(107278,101334,(3,9223372036854775807))
Edge(107334,31842,(3,9223372036854775807))
Edge(107557,382039,(3,9223372036854775807))
Edge(107562,448778,(3,9223372036854775807))
Edge(107704,403098,(3,9223372036854775807))
Edge(108770,152453,(3,9223372036854775807))
Edge(108878,320996,(3,9223372036854775807))
Edge(108910,246217,(3,9223372036854775807))
Edge(109093,324754,(1,3))
Edge(109255,10119,(1,9223372036854775807))
Edge(109350,436911,(3,9223372036854775807))
Edge(109388,188166,(1,3))
Edge(109428,167249,(3,9223372036854775807))
Edge(109693,355624,(3,9223372036854775807))
Edge(109790,225927,(3,9223372036854775807))
Edge(109847,417771,(3,9223372036854775807))
Edge(110323,389628,(1,9223372036854775807))
Edge(110573,325725,(1,3))
Edge(111368,253505,(3,9223372036854775807))
Edge(111473,140694,(3,9223372036854775807))
Edge(111488,338445,(3,9223372036854775807))
Edge(111654,174917,(3,9223372036854775807))
Edge(112267,216774,(3,9223372036854775807))
Edge(112808,191490,(3,9223372036854775807))
Edge(112833,238598,(1,3))
Edge(113440,307811,(3,9223372036854775807))
Edge(113496,95484,(3,9223372036854775807))
Edge(113677,425082,(3,9223372036854775807))
Edge(113948,117267,(3,9223372036854775807))
Edge(114110,311800,(3,9223372036854775807))
Edge(114245,256631,(1,9223372036854775807))
Edge(114880,449585,(3,9223372036854775807))
Edge(114970,386846,(3,9223372036854775807))
Edge(115451,256592,(3,9223372036854775807))
Edge(115731,154210,(1,9223372036854775807))
Edge(116168,92440,(3,9223372036854775807))
Edge(116626,397948,(3,9223372036854775807))
Edge(117190,108985,(3,9223372036854775807))
Edge(117222,387434,(3,9223372036854775807))
Edge(117224,304901,(1,3))
Edge(117268,225275,(1,3))
Edge(117292,464585,(3,9223372036854775807))
Edge(117404,63550,(1,9223372036854775807))
Edge(117650,367906,(3,9223372036854775807))
Edge(117834,41646,(1,9223372036854775807))
Edge(118293,239576,(3,9223372036854775807))
Edge(118705,261108,(3,9223372036854775807))
Edge(119045,456403,(3,9223372036854775807))
Edge(119579,333871,(3,9223372036854775807))
Edge(119583,472827,(3,9223372036854775807))
Edge(119749,397556,(3,9223372036854775807))
Edge(119830,204793,(3,9223372036854775807))
Edge(120651,240954,(3,9223372036854775807))
Edge(120776,284254,(1,9223372036854775807))
Edge(120820,364769,(3,9223372036854775807))
Edge(121228,31790,(3,9223372036854775807))
Edge(121417,342218,(1,9223372036854775807))
Edge(123006,435033,(3,9223372036854775807))
Edge(123505,422948,(3,9223372036854775807))
Edge(123779,432449,(3,9223372036854775807))
Edge(123781,129454,(1,9223372036854775807))
Edge(123895,168387,(3,9223372036854775807))
Edge(123911,453391,(1,9223372036854775807))
Edge(124312,344280,(3,9223372036854775807))
Edge(124594,204737,(3,9223372036854775807))
Edge(125545,254874,(3,9223372036854775807))
Edge(126103,495431,(3,9223372036854775807))
Edge(126465,67795,(3,9223372036854775807))
Edge(127602,39034,(3,9223372036854775807))
Edge(127642,436412,(3,9223372036854775807))
Edge(128159,425849,(3,9223372036854775807))
Edge(128168,400521,(3,9223372036854775807))
Edge(128667,32834,(3,9223372036854775807))
Edge(128825,72558,(3,9223372036854775807))
Edge(128833,146118,(3,9223372036854775807))
Edge(129808,207588,(3,9223372036854775807))
Edge(130431,136707,(3,9223372036854775807))
Edge(130433,340005,(3,9223372036854775807))
Edge(130478,274504,(3,9223372036854775807))
Edge(131011,414260,(3,9223372036854775807))
Edge(131401,122330,(3,9223372036854775807))
Edge(131576,41576,(3,9223372036854775807))
Edge(132013,134857,(3,9223372036854775807))
Edge(132432,7111,(3,9223372036854775807))
Edge(132631,32822,(3,9223372036854775807))
Edge(133199,231671,(3,9223372036854775807))
Edge(133472,392647,(3,9223372036854775807))
Edge(133743,114549,(3,9223372036854775807))
Edge(133765,322829,(3,9223372036854775807))
Edge(133812,167863,(3,9223372036854775807))
Edge(134001,119528,(3,9223372036854775807))
Edge(134255,274176,(1,9223372036854775807))
Edge(134385,391687,(3,9223372036854775807))
Edge(134527,303364,(3,9223372036854775807))
Edge(134546,177840,(3,9223372036854775807))
Edge(134549,457938,(3,9223372036854775807))
Edge(134956,339582,(1,9223372036854775807))
Edge(135092,238431,(3,9223372036854775807))
Edge(135577,162059,(3,9223372036854775807))
Edge(136188,184911,(3,9223372036854775807))
Edge(136310,383322,(1,3))
Edge(136367,126096,(3,9223372036854775807))
Edge(137098,84592,(1,3))
Edge(137253,288576,(3,9223372036854775807))
Edge(137788,430453,(1,9223372036854775807))
Edge(137903,206688,(3,9223372036854775807))
Edge(138551,102351,(1,3))
Edge(138566,199951,(3,9223372036854775807))
Edge(138576,377758,(3,9223372036854775807))
Edge(138826,483945,(3,9223372036854775807))
Edge(139018,231606,(3,9223372036854775807))
Edge(139210,370927,(3,9223372036854775807))
Edge(139278,449961,(3,9223372036854775807))
Edge(139429,285615,(3,9223372036854775807))
Edge(139881,183301,(3,9223372036854775807))
Edge(140049,443105,(1,3))
Edge(140218,299492,(3,9223372036854775807))
Edge(140430,365931,(3,9223372036854775807))
Edge(141388,203329,(3,9223372036854775807))
Edge(141431,189059,(3,9223372036854775807))
Edge(141481,129944,(3,9223372036854775807))
Edge(141571,188110,(3,9223372036854775807))
Edge(141587,327120,(1,9223372036854775807))
Edge(141635,294027,(3,9223372036854775807))
Edge(141712,85694,(3,9223372036854775807))
Edge(141846,18990,(3,9223372036854775807))
Edge(142376,415181,(3,9223372036854775807))
Edge(142430,135359,(3,9223372036854775807))
Edge(142526,179469,(3,9223372036854775807))
Edge(142673,260081,(1,9223372036854775807))
Edge(142865,90112,(3,9223372036854775807))
Edge(143081,37843,(1,3))
Edge(143089,234487,(1,9223372036854775807))
Edge(143204,151942,(1,9223372036854775807))
Edge(143638,186670,(3,9223372036854775807))
Edge(143742,468306,(3,9223372036854775807))
Edge(143792,168235,(3,9223372036854775807))
Edge(143843,225855,(3,9223372036854775807))
Edge(144087,77460,(3,9223372036854775807))
Edge(144223,16298,(3,9223372036854775807))
Edge(144254,419224,(3,9223372036854775807))
Edge(144269,46852,(1,9223372036854775807))
Edge(144646,396829,(3,9223372036854775807))
Edge(144985,437019,(3,9223372036854775807))
Edge(145074,1974,(3,9223372036854775807))
Edge(145462,486168,(1,9223372036854775807))
Edge(145930,115657,(3,9223372036854775807))
Edge(146265,355363,(3,9223372036854775807))
Edge(146540,223932,(1,9223372036854775807))
Edge(146564,267651,(3,9223372036854775807))
Edge(146800,201658,(3,9223372036854775807))
Edge(146867,183194,(3,9223372036854775807))
Edge(147271,158244,(3,9223372036854775807))
Edge(147414,266771,(3,9223372036854775807))
Edge(147492,229315,(1,9223372036854775807))
Edge(147555,498879,(3,9223372036854775807))
Edge(147588,161377,(1,9223372036854775807))
Edge(147635,299668,(1,3))
Edge(147746,72742,(3,9223372036854775807))
Edge(148255,436550,(3,9223372036854775807))
Edge(148997,286236,(3,9223372036854775807))
Edge(149124,9945,(3,9223372036854775807))
Edge(149165,324503,(3,9223372036854775807))
Edge(149399,59374,(3,9223372036854775807))
Edge(150149,384232,(3,9223372036854775807))
Edge(150151,92536,(3,9223372036854775807))
Edge(150421,275613,(3,9223372036854775807))
Edge(150502,415016,(3,9223372036854775807))
Edge(151292,405884,(1,9223372036854775807))
Edge(151315,470860,(3,9223372036854775807))
Edge(151559,470544,(3,9223372036854775807))
Edge(151787,367293,(3,9223372036854775807))
Edge(151976,49874,(3,9223372036854775807))
Edge(152018,305175,(3,9223372036854775807))
Edge(152054,329012,(3,9223372036854775807))
Edge(152156,225928,(1,9223372036854775807))
Edge(152159,136231,(3,9223372036854775807))
Edge(152284,17766,(3,9223372036854775807))
Edge(153275,144618,(3,9223372036854775807))
Edge(153497,8558,(1,3))
Edge(153756,223741,(3,9223372036854775807))
Edge(153795,267990,(3,9223372036854775807))
Edge(154518,390642,(3,9223372036854775807))
Edge(154792,394406,(3,9223372036854775807))
Edge(154824,458609,(1,3))
Edge(154967,13212,(3,9223372036854775807))
Edge(155102,181204,(3,9223372036854775807))
Edge(155316,227620,(3,9223372036854775807))
Edge(155462,156684,(3,9223372036854775807))
Edge(155578,124440,(3,9223372036854775807))
Edge(156082,255263,(1,9223372036854775807))
Edge(156452,133692,(3,9223372036854775807))
Edge(156464,15625,(3,9223372036854775807))
Edge(156643,339154,(3,9223372036854775807))
Edge(156704,289630,(1,9223372036854775807))
Edge(156923,216810,(3,9223372036854775807))
Edge(157154,127195,(1,9223372036854775807))
Edge(157415,279508,(1,9223372036854775807))
Edge(157585,229661,(3,9223372036854775807))
Edge(157865,55326,(3,9223372036854775807))
Edge(158792,233879,(3,9223372036854775807))
Edge(159043,406859,(1,9223372036854775807))
Edge(159526,459318,(3,9223372036854775807))
Edge(160471,210241,(3,9223372036854775807))
Edge(160764,362072,(3,9223372036854775807))
Edge(161432,284520,(3,9223372036854775807))
Edge(161850,136424,(3,9223372036854775807))
Edge(162446,11790,(3,9223372036854775807))
Edge(162463,391845,(3,9223372036854775807))
Edge(162502,332476,(3,9223372036854775807))
Edge(163023,159882,(3,9223372036854775807))
Edge(163260,444066,(1,9223372036854775807))
Edge(163288,120271,(3,9223372036854775807))
Edge(163394,125123,(3,9223372036854775807))
Edge(163694,498428,(3,9223372036854775807))
Edge(164007,186264,(3,9223372036854775807))
Edge(164094,323435,(3,9223372036854775807))
Edge(164233,16834,(1,3))
Edge(164317,15715,(1,3))
Edge(164338,77269,(3,9223372036854775807))
Edge(164385,412909,(3,9223372036854775807))
Edge(164461,203090,(3,9223372036854775807))
Edge(164672,59354,(3,9223372036854775807))
Edge(165334,471041,(3,9223372036854775807))
Edge(165738,114888,(1,3))
Edge(166187,159076,(3,9223372036854775807))
Edge(166369,341962,(3,9223372036854775807))
Edge(166537,435460,(3,9223372036854775807))
Edge(167300,462117,(3,9223372036854775807))
Edge(167316,305942,(3,9223372036854775807))
Edge(167491,141936,(3,9223372036854775807))
Edge(167589,114573,(3,9223372036854775807))
Edge(167631,258610,(3,9223372036854775807))
Edge(167790,27222,(3,9223372036854775807))
Edge(168548,438324,(3,9223372036854775807))
Edge(169137,10567,(3,9223372036854775807))
Edge(169306,142027,(1,3))
Edge(169995,9524,(1,3))
Edge(170140,289219,(3,9223372036854775807))
Edge(170879,429833,(1,3))
Edge(171213,44495,(1,9223372036854775807))
Edge(171302,369217,(3,9223372036854775807))
Edge(171804,28774,(3,9223372036854775807))
Edge(171813,56565,(4,9223372036854775807))
Edge(171887,494232,(3,9223372036854775807))
Edge(172071,333541,(3,9223372036854775807))
Edge(172525,130464,(3,9223372036854775807))
Edge(173011,460623,(3,9223372036854775807))
Edge(173194,428213,(3,9223372036854775807))
Edge(173239,339479,(1,9223372036854775807))
Edge(173406,197311,(3,9223372036854775807))
Edge(173423,75026,(1,9223372036854775807))
Edge(173875,198798,(1,9223372036854775807))
Edge(174350,481177,(3,9223372036854775807))
Edge(175412,395096,(3,9223372036854775807))
Edge(176385,44135,(3,9223372036854775807))
Edge(176456,321548,(3,9223372036854775807))
Edge(177263,437491,(3,9223372036854775807))
Edge(177473,216852,(1,9223372036854775807))
Edge(177566,379307,(3,9223372036854775807))
Edge(177583,159994,(3,9223372036854775807))
Edge(177754,68459,(3,9223372036854775807))
Edge(177841,390643,(3,9223372036854775807))
Edge(178480,54097,(3,9223372036854775807))
Edge(178794,24915,(3,9223372036854775807))
Edge(179151,436371,(3,9223372036854775807))
Edge(179308,478293,(3,9223372036854775807))
Edge(179594,176251,(3,9223372036854775807))
Edge(179729,225009,(3,9223372036854775807))
Edge(179831,222137,(1,9223372036854775807))
Edge(180036,137307,(3,9223372036854775807))
Edge(180202,31347,(1,3))
Edge(180489,482066,(3,9223372036854775807))
Edge(180636,468077,(1,3))
Edge(180828,458438,(1,9223372036854775807))
Edge(180868,32435,(3,9223372036854775807))
Edge(180986,208992,(3,9223372036854775807))
Edge(181111,373693,(3,9223372036854775807))
Edge(181251,311017,(3,9223372036854775807))
Edge(181783,167761,(3,9223372036854775807))
Edge(182415,285067,(3,9223372036854775807))
Edge(182508,325111,(3,9223372036854775807))
Edge(183471,211057,(3,9223372036854775807))
Edge(183688,77837,(3,9223372036854775807))
Edge(183942,475669,(3,9223372036854775807))
Edge(184295,144392,(1,9223372036854775807))
Edge(184344,135235,(3,9223372036854775807))
Edge(184526,74752,(3,9223372036854775807))
Edge(184693,245161,(1,9223372036854775807))
Edge(184719,163115,(3,9223372036854775807))
Edge(184732,76849,(3,9223372036854775807))
Edge(184938,307127,(3,9223372036854775807))
Edge(185034,480223,(3,9223372036854775807))
Edge(185277,27332,(1,3))
Edge(185403,267642,(3,9223372036854775807))
Edge(185817,113262,(1,9223372036854775807))
Edge(186129,240893,(3,9223372036854775807))
Edge(186221,452188,(3,9223372036854775807))
Edge(186554,395045,(3,9223372036854775807))
Edge(186732,64217,(3,9223372036854775807))
Edge(186791,281561,(3,9223372036854775807))
Edge(186827,231801,(1,3))
Edge(187068,214702,(3,9223372036854775807))
Edge(187858,229069,(3,9223372036854775807))
Edge(188044,253245,(3,9223372036854775807))
Edge(188389,139168,(1,9223372036854775807))
Edge(189081,480760,(3,9223372036854775807))
Edge(189093,490335,(3,9223372036854775807))
Edge(189725,14405,(3,9223372036854775807))
Edge(189836,352247,(1,3))
Edge(190010,283366,(3,9223372036854775807))
Edge(190015,167171,(3,9223372036854775807))
Edge(190401,30495,(3,9223372036854775807))
Edge(190427,323608,(3,9223372036854775807))
Edge(190461,145679,(1,3))
Edge(190544,249753,(1,9223372036854775807))
Edge(191277,219978,(1,9223372036854775807))
Edge(192099,405214,(1,3))
Edge(192100,112790,(3,9223372036854775807))
Edge(192734,406926,(3,9223372036854775807))
Edge(192941,218736,(3,9223372036854775807))
Edge(193192,421479,(3,9223372036854775807))
Edge(193775,39522,(3,9223372036854775807))
Edge(194513,182403,(3,9223372036854775807))
Edge(194578,158557,(1,9223372036854775807))
Edge(194865,20724,(1,9223372036854775807))
Edge(194912,153485,(3,9223372036854775807))
Edge(195011,175796,(1,3))
Edge(195123,368714,(3,9223372036854775807))
Edge(196274,225715,(3,9223372036854775807))
Edge(196385,399361,(3,9223372036854775807))
Edge(196776,218331,(3,9223372036854775807))
Edge(196910,125225,(3,9223372036854775807))
Edge(196954,248723,(3,9223372036854775807))
Edge(197022,184141,(3,9223372036854775807))
Edge(197266,16079,(3,9223372036854775807))
Edge(197368,148157,(1,3))
Edge(197892,446312,(3,9223372036854775807))
Edge(197932,17511,(3,9223372036854775807))
Edge(198578,403937,(3,9223372036854775807))
Edge(198581,280168,(3,9223372036854775807))
Edge(198756,346259,(1,3))
Edge(199852,276130,(3,9223372036854775807))
Edge(200391,47497,(3,9223372036854775807))
Edge(200669,40323,(3,9223372036854775807))
Edge(200735,359671,(3,9223372036854775807))
Edge(200776,99686,(3,9223372036854775807))
Edge(200890,87348,(3,9223372036854775807))
Edge(201875,298084,(3,9223372036854775807))
Edge(202096,151069,(3,9223372036854775807))
Edge(203069,172924,(3,9223372036854775807))
Edge(204293,64547,(1,3))
Edge(204482,430297,(1,9223372036854775807))
Edge(204660,437385,(3,9223372036854775807))
Edge(205040,341127,(3,9223372036854775807))
Edge(205618,494084,(3,9223372036854775807))
Edge(205712,471723,(3,9223372036854775807))
Edge(205865,211236,(3,9223372036854775807))
Edge(206608,268406,(3,9223372036854775807))
Edge(207507,430540,(3,9223372036854775807))
Edge(207519,282461,(3,9223372036854775807))
Edge(207640,465951,(3,9223372036854775807))
Edge(207837,94954,(3,9223372036854775807))
Edge(207865,253060,(3,9223372036854775807))
Edge(208282,46392,(4,9223372036854775807))
Edge(208359,282627,(3,9223372036854775807))
Edge(208686,249763,(3,9223372036854775807))
Edge(208940,175636,(1,9223372036854775807))
Edge(209152,339501,(3,9223372036854775807))
Edge(209319,76842,(3,9223372036854775807))
Edge(209341,259053,(3,9223372036854775807))
Edge(209603,371147,(3,9223372036854775807))
Edge(210110,278018,(3,9223372036854775807))
Edge(210256,289207,(3,9223372036854775807))
Edge(210612,235696,(3,9223372036854775807))
Edge(210817,442581,(3,9223372036854775807))
Edge(212338,302672,(1,9223372036854775807))
Edge(212687,15263,(3,9223372036854775807))
Edge(212722,411292,(1,9223372036854775807))
Edge(212788,237801,(3,9223372036854775807))
Edge(212820,163863,(1,9223372036854775807))
Edge(212933,177532,(3,9223372036854775807))
Edge(213002,213503,(3,9223372036854775807))
Edge(213525,150762,(3,9223372036854775807))
Edge(213597,52348,(1,9223372036854775807))
Edge(213981,209765,(3,9223372036854775807))
Edge(214080,265137,(3,9223372036854775807))
Edge(214300,150451,(1,3))
Edge(214487,381087,(3,9223372036854775807))
Edge(215236,433689,(3,9223372036854775807))
Edge(215427,209417,(3,9223372036854775807))
Edge(215687,297856,(1,9223372036854775807))
Edge(216111,447220,(1,9223372036854775807))
Edge(216413,391240,(3,9223372036854775807))
Edge(216584,492052,(3,9223372036854775807))
Edge(216800,32590,(3,9223372036854775807))
Edge(216934,116102,(3,9223372036854775807))
Edge(217313,27918,(3,9223372036854775807))
Edge(217991,139493,(3,9223372036854775807))
Edge(218070,417000,(3,9223372036854775807))
Edge(218626,140600,(4,9223372036854775807))
Edge(219429,356090,(1,9223372036854775807))
Edge(219678,16611,(1,9223372036854775807))
Edge(220851,9547,(3,9223372036854775807))
Edge(220875,277527,(3,9223372036854775807))
Edge(221476,94513,(3,9223372036854775807))
Edge(221838,322954,(3,9223372036854775807))
Edge(221898,347578,(3,9223372036854775807))
Edge(221933,456351,(3,9223372036854775807))
Edge(222034,189300,(3,9223372036854775807))
Edge(222819,286120,(3,9223372036854775807))
Edge(222828,489680,(3,9223372036854775807))
Edge(223077,180699,(1,3))
Edge(223099,59353,(3,9223372036854775807))
Edge(223797,356297,(3,9223372036854775807))
Edge(223801,374151,(1,3))
Edge(223940,331897,(3,9223372036854775807))
Edge(223984,83866,(3,9223372036854775807))
Edge(224001,296686,(3,9223372036854775807))
Edge(224612,272839,(3,9223372036854775807))
Edge(224820,168662,(1,9223372036854775807))
Edge(225009,261580,(3,9223372036854775807))
Edge(225287,486591,(3,9223372036854775807))
Edge(225977,270437,(3,9223372036854775807))
Edge(226038,343018,(3,9223372036854775807))
Edge(226069,306726,(3,9223372036854775807))
Edge(226113,300710,(3,9223372036854775807))
Edge(226290,458099,(3,9223372036854775807))
Edge(226317,184429,(3,9223372036854775807))
Edge(226373,196084,(1,9223372036854775807))
Edge(226418,485048,(3,9223372036854775807))
Edge(227018,106937,(1,3))
Edge(227028,132987,(3,9223372036854775807))
Edge(227113,101887,(3,9223372036854775807))
Edge(227191,189173,(1,3))
Edge(227494,193243,(3,9223372036854775807))
Edge(227514,414923,(3,9223372036854775807))
Edge(227519,121465,(1,9223372036854775807))
Edge(227784,181647,(3,9223372036854775807))
Edge(228322,491402,(3,9223372036854775807))
Edge(229069,20279,(1,9223372036854775807))
Edge(230215,224618,(3,9223372036854775807))
Edge(230529,412020,(3,9223372036854775807))
Edge(230723,499022,(1,9223372036854775807))
Edge(230746,151009,(3,9223372036854775807))
Edge(231114,427797,(3,9223372036854775807))
Edge(231152,78803,(1,9223372036854775807))
Edge(231427,249262,(3,9223372036854775807))
Edge(231467,217633,(3,9223372036854775807))
Edge(231609,119256,(3,9223372036854775807))
Edge(231887,131787,(3,9223372036854775807))
Edge(232038,286599,(3,9223372036854775807))
Edge(232193,191793,(1,3))
Edge(232198,300816,(3,9223372036854775807))
Edge(232915,105384,(1,9223372036854775807))
Edge(232932,322908,(1,9223372036854775807))
Edge(233448,253385,(3,9223372036854775807))
Edge(233499,344341,(3,9223372036854775807))
Edge(233987,270447,(1,3))
Edge(234275,213170,(1,9223372036854775807))
Edge(234321,316616,(3,9223372036854775807))
Edge(234845,184070,(1,3))
Edge(234908,381965,(3,9223372036854775807))
Edge(235113,276890,(3,9223372036854775807))
Edge(235821,225070,(3,9223372036854775807))
Edge(236082,106891,(3,9223372036854775807))
Edge(236201,47948,(3,9223372036854775807))
Edge(236555,7495,(1,3))
Edge(236569,481693,(3,9223372036854775807))
Edge(236780,100209,(3,9223372036854775807))
Edge(236940,458935,(3,9223372036854775807))
Edge(237037,330367,(3,9223372036854775807))
Edge(237433,171199,(3,9223372036854775807))
Edge(237554,324137,(3,9223372036854775807))
Edge(237975,74142,(3,9223372036854775807))
Edge(238124,3097,(1,9223372036854775807))
Edge(238643,232703,(3,9223372036854775807))
Edge(238945,206182,(1,9223372036854775807))
Edge(238971,10301,(1,3))
Edge(239093,343745,(3,9223372036854775807))
Edge(239675,353251,(1,3))
Edge(239834,163067,(3,9223372036854775807))
Edge(239896,2456,(3,9223372036854775807))
Edge(240077,405319,(1,9223372036854775807))
Edge(240558,323001,(3,9223372036854775807))
Edge(241254,491793,(3,9223372036854775807))
Edge(241319,122650,(3,9223372036854775807))
Edge(241687,91819,(3,9223372036854775807))
Edge(241692,444371,(3,9223372036854775807))
Edge(242026,466202,(1,9223372036854775807))
Edge(242248,16184,(3,9223372036854775807))
Edge(243208,89699,(3,9223372036854775807))
Edge(243933,44044,(3,9223372036854775807))
Edge(244284,217134,(1,9223372036854775807))
Edge(244481,202157,(3,9223372036854775807))
Edge(244622,300871,(3,9223372036854775807))
Edge(245116,120814,(3,9223372036854775807))
Edge(245154,324126,(3,9223372036854775807))
Edge(245810,450034,(3,9223372036854775807))
Edge(246220,196314,(1,9223372036854775807))
Edge(246358,362448,(3,9223372036854775807))
Edge(246962,69820,(1,9223372036854775807))
Edge(246984,204769,(1,9223372036854775807))
Edge(247522,235935,(3,9223372036854775807))
Edge(247656,55484,(3,9223372036854775807))
Edge(247751,196635,(3,9223372036854775807))
Edge(247958,62698,(3,9223372036854775807))
Edge(248207,105975,(1,9223372036854775807))
Edge(248494,338187,(3,9223372036854775807))
Edge(248527,259533,(3,9223372036854775807))
Edge(248679,62071,(1,9223372036854775807))
Edge(248719,283101,(3,9223372036854775807))
Edge(249182,408011,(3,9223372036854775807))
Edge(249200,115301,(3,9223372036854775807))
Edge(249298,300289,(3,9223372036854775807))
Edge(249565,42745,(3,9223372036854775807))
Edge(249652,408480,(3,9223372036854775807))
Edge(250201,193625,(1,3))
Edge(250201,327910,(3,9223372036854775807))
Edge(250385,195687,(1,9223372036854775807))
Edge(250639,429694,(1,9223372036854775807))
Edge(250950,293202,(3,9223372036854775807))
Edge(251153,86839,(3,9223372036854775807))
Edge(252079,92809,(1,9223372036854775807))
Edge(252384,142128,(3,9223372036854775807))
Edge(252536,60492,(3,9223372036854775807))
Edge(252646,274170,(3,9223372036854775807))
Edge(253056,23507,(3,9223372036854775807))
Edge(253394,156550,(3,9223372036854775807))
Edge(253977,468546,(3,9223372036854775807))
Edge(254013,289546,(3,9223372036854775807))
Edge(254142,254663,(3,9223372036854775807))
Edge(254767,294044,(3,9223372036854775807))
Edge(254895,408354,(3,9223372036854775807))
Edge(255242,409687,(3,9223372036854775807))
Edge(256077,55506,(3,9223372036854775807))
Edge(256578,288767,(3,9223372036854775807))
Edge(257393,265492,(3,4))
Edge(257465,314434,(3,9223372036854775807))
Edge(257886,122646,(1,3))
Edge(258117,91540,(3,9223372036854775807))
Edge(258219,250246,(3,9223372036854775807))
Edge(258453,252594,(3,9223372036854775807))
Edge(258531,235908,(3,9223372036854775807))
Edge(258964,203284,(3,4))
Edge(259110,71504,(3,9223372036854775807))
Edge(259137,393341,(3,9223372036854775807))
Edge(259178,110107,(3,9223372036854775807))
Edge(260699,389115,(3,9223372036854775807))
Edge(260782,379765,(3,9223372036854775807))
Edge(260865,382257,(3,9223372036854775807))
Edge(261499,278961,(1,3))
Edge(261581,445776,(3,9223372036854775807))
Edge(261925,178246,(3,9223372036854775807))
Edge(262303,420797,(3,9223372036854775807))
Edge(262547,453746,(3,9223372036854775807))
Edge(262745,435299,(1,9223372036854775807))
Edge(263244,450380,(3,9223372036854775807))
Edge(263403,368466,(1,3))
Edge(263443,295967,(1,9223372036854775807))
Edge(263729,241832,(3,9223372036854775807))
Edge(263908,88210,(3,9223372036854775807))
Edge(263940,252085,(3,9223372036854775807))
Edge(263958,356071,(3,9223372036854775807))
Edge(264209,481492,(3,9223372036854775807))
Edge(264647,168339,(3,9223372036854775807))
Edge(264768,302242,(3,9223372036854775807))
Edge(265088,282791,(3,9223372036854775807))
Edge(265193,429494,(3,9223372036854775807))
Edge(265221,190276,(3,9223372036854775807))
Edge(265505,118247,(1,9223372036854775807))
Edge(265620,60748,(3,9223372036854775807))
Edge(265976,278729,(3,9223372036854775807))
Edge(266003,416909,(3,9223372036854775807))
Edge(266034,328149,(1,9223372036854775807))
Edge(266038,270352,(3,9223372036854775807))
Edge(266197,190289,(3,9223372036854775807))
Edge(267135,90298,(1,9223372036854775807))
Edge(267203,426694,(3,9223372036854775807))
Edge(267208,4161,(3,9223372036854775807))
Edge(268272,161002,(3,9223372036854775807))
Edge(268718,483772,(3,9223372036854775807))
Edge(269112,235160,(1,9223372036854775807))
Edge(269536,288811,(3,9223372036854775807))
Edge(269856,38583,(3,9223372036854775807))
Edge(269861,275154,(3,9223372036854775807))
Edge(269951,99249,(1,9223372036854775807))
Edge(270866,308356,(1,9223372036854775807))
Edge(271208,1774,(3,9223372036854775807))
Edge(271208,136615,(3,9223372036854775807))
Edge(271501,330939,(3,9223372036854775807))
Edge(271514,59917,(1,9223372036854775807))
Edge(271840,46886,(3,9223372036854775807))
Edge(272086,2382,(1,3))
Edge(272242,249599,(3,9223372036854775807))
Edge(272462,85376,(3,9223372036854775807))
Edge(272773,245025,(3,9223372036854775807))
Edge(273332,241951,(3,9223372036854775807))
Edge(274210,270380,(3,9223372036854775807))
Edge(274482,458167,(3,9223372036854775807))
Edge(274780,27117,(3,9223372036854775807))
Edge(275448,278294,(3,9223372036854775807))
Edge(275555,113500,(3,9223372036854775807))
Edge(275646,230338,(1,3))
Edge(275697,491393,(1,9223372036854775807))
Edge(276499,458332,(3,9223372036854775807))
Edge(277037,445478,(3,9223372036854775807))
Edge(277486,42106,(1,9223372036854775807))
Edge(277614,71100,(3,9223372036854775807))
Edge(277669,420100,(3,9223372036854775807))
Edge(277699,425880,(3,9223372036854775807))
Edge(277977,224625,(1,3))
Edge(277986,198795,(3,9223372036854775807))
Edge(278110,202484,(3,9223372036854775807))
Edge(278128,414763,(1,9223372036854775807))
Edge(278743,149678,(1,9223372036854775807))
Edge(278955,152424,(3,9223372036854775807))
Edge(278972,183953,(3,9223372036854775807))
Edge(279103,430398,(3,9223372036854775807))
Edge(279144,176953,(3,9223372036854775807))
Edge(279195,426849,(3,9223372036854775807))
Edge(279452,41264,(3,9223372036854775807))
Edge(279458,146403,(1,9223372036854775807))
Edge(279768,216463,(3,9223372036854775807))
Edge(280341,401148,(3,9223372036854775807))
Edge(280436,413032,(1,9223372036854775807))
Edge(280597,167979,(3,9223372036854775807))
Edge(280639,363812,(3,9223372036854775807))
Edge(281189,429568,(3,9223372036854775807))
Edge(281255,366053,(3,9223372036854775807))
Edge(281269,228713,(3,9223372036854775807))
Edge(281311,233117,(3,9223372036854775807))
Edge(281375,263079,(3,9223372036854775807))
Edge(281701,106635,(1,9223372036854775807))
Edge(282065,90304,(3,9223372036854775807))
Edge(282217,27124,(3,9223372036854775807))
Edge(282879,263856,(1,9223372036854775807))
Edge(283815,396055,(3,9223372036854775807))
Edge(284011,453930,(3,9223372036854775807))
Edge(284124,246132,(3,9223372036854775807))
Edge(284669,365144,(3,9223372036854775807))
Edge(285277,203773,(3,9223372036854775807))
Edge(285483,178167,(3,9223372036854775807))
Edge(285670,115852,(3,9223372036854775807))
Edge(285806,425197,(3,9223372036854775807))
Edge(286777,415658,(3,9223372036854775807))
Edge(286786,267193,(1,9223372036854775807))
Edge(286836,296494,(3,9223372036854775807))
Edge(286861,64374,(3,9223372036854775807))
Edge(287112,278842,(1,9223372036854775807))
Edge(287192,213800,(3,9223372036854775807))
Edge(288808,353481,(3,9223372036854775807))
Edge(289408,1746,(3,9223372036854775807))
Edge(289704,254017,(3,9223372036854775807))
Edge(289811,81703,(3,9223372036854775807))
Edge(289820,136688,(1,9223372036854775807))
Edge(290061,108301,(3,9223372036854775807))
Edge(290065,470357,(1,3))
Edge(290189,475964,(3,9223372036854775807))
Edge(290211,87099,(3,9223372036854775807))
Edge(290286,489627,(3,9223372036854775807))
Edge(290621,188546,(3,9223372036854775807))
Edge(290672,152171,(3,9223372036854775807))
Edge(290903,176979,(1,9223372036854775807))
Edge(291358,56045,(3,9223372036854775807))
Edge(291870,474747,(3,9223372036854775807))
Edge(291906,424892,(3,9223372036854775807))
Edge(291989,8101,(3,9223372036854775807))
Edge(292260,182651,(3,9223372036854775807))
Edge(292344,200162,(3,9223372036854775807))
Edge(292497,75556,(3,9223372036854775807))
Edge(292636,417840,(3,9223372036854775807))
Edge(293233,122753,(1,9223372036854775807))
Edge(294076,146857,(3,9223372036854775807))
Edge(294696,479000,(3,9223372036854775807))
Edge(294989,325721,(3,9223372036854775807))
Edge(295032,389146,(3,9223372036854775807))
Edge(295094,479820,(3,9223372036854775807))
Edge(295745,430979,(3,9223372036854775807))
Edge(296043,2594,(3,9223372036854775807))
Edge(296282,480282,(1,9223372036854775807))
Edge(296595,168169,(3,9223372036854775807))
Edge(296889,499246,(3,9223372036854775807))
Edge(297014,353504,(3,9223372036854775807))
Edge(297029,281505,(3,9223372036854775807))
Edge(297207,472148,(3,9223372036854775807))
Edge(297419,466921,(3,9223372036854775807))
Edge(297546,407945,(1,9223372036854775807))
Edge(297749,301753,(3,9223372036854775807))
Edge(298147,386935,(3,9223372036854775807))
Edge(298147,422860,(1,9223372036854775807))
Edge(298412,125050,(3,9223372036854775807))
Edge(298477,254003,(1,9223372036854775807))
Edge(298813,135771,(3,9223372036854775807))
Edge(298933,444802,(3,9223372036854775807))
Edge(299044,385642,(3,9223372036854775807))
Edge(299567,226336,(1,9223372036854775807))
Edge(299615,33781,(3,9223372036854775807))
Edge(299747,13660,(3,9223372036854775807))
Edge(299803,336149,(1,9223372036854775807))
Edge(299807,355496,(3,9223372036854775807))
Edge(299862,379548,(1,9223372036854775807))
Edge(299940,224834,(3,9223372036854775807))
Edge(299991,17415,(3,9223372036854775807))
Edge(300101,107183,(3,9223372036854775807))
Edge(300369,48115,(1,9223372036854775807))
Edge(300487,87362,(3,9223372036854775807))
Edge(300628,272502,(1,9223372036854775807))
Edge(301113,69293,(3,9223372036854775807))
Edge(301168,215095,(1,9223372036854775807))
Edge(302250,255891,(1,9223372036854775807))
Edge(302718,386485,(3,9223372036854775807))
Edge(302990,396694,(1,9223372036854775807))
Edge(303333,375901,(3,9223372036854775807))
Edge(303344,123798,(3,9223372036854775807))
Edge(303864,316670,(3,9223372036854775807))
Edge(304344,451280,(3,9223372036854775807))
Edge(304399,455191,(3,9223372036854775807))
Edge(304712,211233,(3,9223372036854775807))
Edge(305057,134211,(3,9223372036854775807))
Edge(305463,292487,(3,9223372036854775807))
Edge(305483,291860,(3,9223372036854775807))
Edge(305516,176664,(3,9223372036854775807))
Edge(306325,24693,(1,9223372036854775807))
Edge(307166,133718,(3,9223372036854775807))
Edge(307316,7608,(3,9223372036854775807))
Edge(307897,268933,(1,3))
Edge(307923,14110,(3,9223372036854775807))
Edge(308271,54294,(3,9223372036854775807))
Edge(308583,225471,(3,9223372036854775807))
Edge(308849,441829,(3,9223372036854775807))
Edge(308932,111094,(1,9223372036854775807))
Edge(309045,259123,(3,9223372036854775807))
Edge(309058,154989,(1,9223372036854775807))
Edge(309103,20166,(3,9223372036854775807))
Edge(309277,312117,(3,9223372036854775807))
Edge(309514,195385,(3,9223372036854775807))
Edge(309550,414392,(1,9223372036854775807))
Edge(309661,82894,(3,9223372036854775807))
Edge(310145,311679,(3,9223372036854775807))
Edge(310291,458078,(3,9223372036854775807))
Edge(310301,348946,(3,9223372036854775807))
Edge(310323,134670,(3,9223372036854775807))
Edge(310483,449820,(3,9223372036854775807))
Edge(310877,4696,(3,9223372036854775807))
Edge(310944,489578,(3,9223372036854775807))
Edge(310955,73504,(3,9223372036854775807))
Edge(311122,278738,(3,9223372036854775807))
Edge(312332,342324,(3,9223372036854775807))
Edge(312789,298806,(1,9223372036854775807))
Edge(312820,243312,(3,9223372036854775807))
Edge(313632,465244,(3,9223372036854775807))
Edge(314098,448918,(1,9223372036854775807))
Edge(314346,387609,(3,9223372036854775807))
Edge(314932,332800,(3,9223372036854775807))
Edge(315345,8626,(3,9223372036854775807))
Edge(315450,105286,(3,9223372036854775807))
Edge(315779,412849,(1,3))
Edge(316065,392592,(3,9223372036854775807))
Edge(316139,206514,(1,9223372036854775807))
Edge(316184,278696,(3,9223372036854775807))
Edge(316444,6335,(3,9223372036854775807))
Edge(316538,227719,(3,9223372036854775807))
Edge(316578,237339,(3,9223372036854775807))
Edge(316735,53016,(1,9223372036854775807))
Edge(316927,316065,(3,9223372036854775807))
Edge(317006,454643,(3,9223372036854775807))
Edge(317044,15137,(3,9223372036854775807))
Edge(317059,23872,(3,9223372036854775807))
Edge(317684,16749,(1,9223372036854775807))
Edge(318253,474536,(1,3))
Edge(318634,148730,(3,9223372036854775807))
Edge(318961,349339,(1,3))
Edge(319005,89041,(3,9223372036854775807))
Edge(319012,389419,(1,9223372036854775807))
Edge(319190,318828,(3,9223372036854775807))
Edge(319252,81455,(3,9223372036854775807))
Edge(319746,401612,(3,9223372036854775807))
Edge(319813,480924,(3,9223372036854775807))
Edge(320022,143121,(3,9223372036854775807))
Edge(320247,198447,(3,9223372036854775807))
Edge(320259,494321,(3,9223372036854775807))
Edge(320438,460224,(3,9223372036854775807))
Edge(320461,383356,(3,9223372036854775807))
Edge(320614,283836,(1,9223372036854775807))
Edge(320760,347939,(3,9223372036854775807))
Edge(320943,18328,(3,9223372036854775807))
Edge(320964,103905,(3,9223372036854775807))
Edge(321151,334124,(3,9223372036854775807))
Edge(321462,257109,(3,9223372036854775807))
Edge(321472,46577,(3,9223372036854775807))
Edge(321558,181730,(3,9223372036854775807))
Edge(321612,468536,(3,9223372036854775807))
Edge(322245,250520,(3,9223372036854775807))
Edge(322420,259475,(3,9223372036854775807))
Edge(322547,234378,(3,9223372036854775807))
Edge(322603,470645,(3,9223372036854775807))
Edge(322819,17264,(3,9223372036854775807))
Edge(322928,65800,(3,9223372036854775807))
Edge(323206,73346,(3,9223372036854775807))
Edge(323493,86193,(3,9223372036854775807))
Edge(323945,125230,(3,9223372036854775807))
Edge(324440,87823,(3,9223372036854775807))
Edge(324575,160769,(3,9223372036854775807))
Edge(324626,442580,(3,9223372036854775807))
Edge(324873,89246,(3,9223372036854775807))
Edge(324977,2609,(1,9223372036854775807))
Edge(325071,28439,(3,9223372036854775807))
Edge(325191,133987,(3,9223372036854775807))
Edge(325497,55053,(3,9223372036854775807))
Edge(325573,282979,(3,9223372036854775807))
Edge(325889,215243,(3,9223372036854775807))
Edge(326633,440925,(3,9223372036854775807))
Edge(326769,256736,(3,9223372036854775807))
Edge(327809,262584,(3,9223372036854775807))
Edge(328295,319267,(3,9223372036854775807))
Edge(328390,18704,(1,9223372036854775807))
Edge(328669,101582,(3,9223372036854775807))
Edge(328719,378188,(3,9223372036854775807))
Edge(328736,285776,(1,9223372036854775807))
Edge(329296,82699,(3,9223372036854775807))
Edge(329305,294227,(1,9223372036854775807))
Edge(330333,417343,(3,9223372036854775807))
Edge(330501,275097,(3,9223372036854775807))
Edge(330792,32611,(3,9223372036854775807))
Edge(331019,94850,(3,9223372036854775807))
Edge(331064,140706,(3,9223372036854775807))
Edge(331138,168475,(1,9223372036854775807))
Edge(331299,468792,(3,9223372036854775807))
Edge(331322,170455,(3,9223372036854775807))
Edge(331342,343987,(3,9223372036854775807))
Edge(331602,177766,(3,9223372036854775807))
Edge(331679,439846,(1,3))
Edge(331844,88241,(3,9223372036854775807))
Edge(331930,292603,(3,9223372036854775807))
Edge(331995,228518,(1,3))
Edge(332419,96149,(3,9223372036854775807))
Edge(332647,13005,(1,9223372036854775807))
Edge(332652,10654,(1,3))
Edge(333223,335682,(3,9223372036854775807))
Edge(333264,472382,(1,9223372036854775807))
Edge(333575,412289,(3,9223372036854775807))
Edge(333700,485086,(3,9223372036854775807))
Edge(333702,358989,(3,9223372036854775807))
Edge(333910,342975,(3,9223372036854775807))
Edge(334071,227021,(1,3))
Edge(334090,35555,(3,9223372036854775807))
Edge(334146,77762,(3,9223372036854775807))
Edge(334495,228189,(3,9223372036854775807))
Edge(334502,294237,(1,3))
Edge(334868,43168,(3,9223372036854775807))
Edge(335031,141556,(3,9223372036854775807))
Edge(335641,460326,(3,9223372036854775807))
Edge(336742,437585,(3,9223372036854775807))
Edge(336789,153565,(3,9223372036854775807))
Edge(337301,26736,(3,9223372036854775807))
Edge(337384,76998,(3,9223372036854775807))
Edge(337844,339175,(3,9223372036854775807))
Edge(337859,281563,(1,9223372036854775807))
Edge(338685,125019,(3,9223372036854775807))
Edge(338999,274207,(1,9223372036854775807))
Edge(339146,147259,(3,9223372036854775807))
Edge(339292,132500,(4,9223372036854775807))
Edge(339343,200924,(3,9223372036854775807))
Edge(339948,136080,(3,9223372036854775807))
Edge(340082,365274,(3,9223372036854775807))
Edge(340114,450420,(3,9223372036854775807))
Edge(340226,252967,(3,9223372036854775807))
Edge(340501,489903,(3,9223372036854775807))
Edge(340904,351163,(3,9223372036854775807))
Edge(340920,440573,(3,9223372036854775807))
Edge(340937,495346,(3,9223372036854775807))
Edge(341077,267447,(3,9223372036854775807))
Edge(341664,327409,(3,9223372036854775807))
Edge(341824,99809,(1,9223372036854775807))
Edge(342515,60621,(3,9223372036854775807))
Edge(342532,91346,(1,9223372036854775807))
Edge(342931,170409,(3,9223372036854775807))
Edge(343022,392484,(3,9223372036854775807))
Edge(343131,153895,(1,9223372036854775807))
Edge(343249,188409,(3,9223372036854775807))
Edge(343372,300708,(1,9223372036854775807))
Edge(343658,448097,(3,9223372036854775807))
Edge(343905,226630,(3,9223372036854775807))
Edge(344226,190600,(3,9223372036854775807))
Edge(344441,470480,(3,9223372036854775807))
Edge(344500,256880,(3,9223372036854775807))
Edge(344719,205595,(3,9223372036854775807))
Edge(345128,194673,(3,9223372036854775807))
Edge(345957,263734,(3,9223372036854775807))
Edge(346028,145027,(3,9223372036854775807))
Edge(346202,58733,(3,9223372036854775807))
Edge(346272,76631,(3,9223372036854775807))
Edge(347404,34844,(3,9223372036854775807))
Edge(347429,458626,(1,9223372036854775807))
Edge(347856,218222,(3,9223372036854775807))
Edge(347909,493000,(3,9223372036854775807))
Edge(347948,166025,(3,9223372036854775807))
Edge(348139,220023,(3,9223372036854775807))
Edge(348259,330577,(3,9223372036854775807))
Edge(348741,149067,(3,9223372036854775807))
Edge(348949,311313,(3,9223372036854775807))
Edge(349101,391448,(3,9223372036854775807))
Edge(349191,161235,(1,9223372036854775807))
Edge(349332,484784,(1,9223372036854775807))
Edge(349731,173827,(1,9223372036854775807))
Edge(349821,136107,(3,9223372036854775807))
Edge(349879,256080,(3,9223372036854775807))
Edge(350211,87573,(1,9223372036854775807))
Edge(350372,485916,(3,9223372036854775807))
Edge(350433,81597,(3,9223372036854775807))
Edge(350556,103720,(1,9223372036854775807))
Edge(351213,452270,(3,9223372036854775807))
Edge(351267,201527,(1,3))
Edge(351522,59981,(3,9223372036854775807))
Edge(351615,130898,(3,9223372036854775807))
Edge(352024,75236,(3,9223372036854775807))
Edge(352218,41364,(3,9223372036854775807))
Edge(352784,226513,(3,9223372036854775807))
Edge(353446,429647,(1,9223372036854775807))
Edge(353530,311748,(3,9223372036854775807))
Edge(353597,207193,(3,9223372036854775807))
Edge(353883,96369,(3,9223372036854775807))
Edge(354137,126725,(3,9223372036854775807))
Edge(354224,7195,(3,9223372036854775807))
Edge(354292,62092,(3,9223372036854775807))
Edge(354454,297873,(3,9223372036854775807))
Edge(354503,437028,(3,9223372036854775807))
Edge(355070,106800,(1,9223372036854775807))
Edge(355185,210524,(3,9223372036854775807))
Edge(355407,486799,(3,9223372036854775807))
Edge(355667,60937,(1,3))
Edge(356302,427545,(3,9223372036854775807))
Edge(356629,358567,(3,9223372036854775807))
Edge(356688,468596,(3,9223372036854775807))
Edge(356725,375331,(3,9223372036854775807))
Edge(356937,14948,(3,9223372036854775807))
Edge(357062,213274,(3,9223372036854775807))
Edge(357441,378218,(3,9223372036854775807))
Edge(357709,45620,(3,9223372036854775807))
Edge(358173,239263,(3,9223372036854775807))
Edge(358286,66401,(1,9223372036854775807))
Edge(358311,401893,(3,9223372036854775807))
Edge(358488,350326,(3,9223372036854775807))
Edge(359376,165076,(1,3))
Edge(359418,235004,(3,9223372036854775807))
Edge(359464,453705,(3,9223372036854775807))
Edge(359752,23825,(3,9223372036854775807))
Edge(359827,446375,(3,9223372036854775807))
Edge(359925,189332,(3,9223372036854775807))
Edge(359962,111215,(3,9223372036854775807))
Edge(360272,312731,(3,9223372036854775807))
Edge(360420,77734,(3,9223372036854775807))
Edge(360887,202935,(3,9223372036854775807))
Edge(360969,340515,(3,9223372036854775807))
Edge(360973,308225,(3,9223372036854775807))
Edge(360978,296092,(1,9223372036854775807))
Edge(361033,260408,(1,9223372036854775807))
Edge(361084,64254,(3,9223372036854775807))
Edge(361679,345179,(3,9223372036854775807))
Edge(361845,252166,(3,9223372036854775807))
Edge(361949,234436,(3,9223372036854775807))
Edge(362191,93034,(3,9223372036854775807))
Edge(362208,492135,(3,9223372036854775807))
Edge(363051,349672,(3,9223372036854775807))
Edge(363109,273514,(1,3))
Edge(363160,499016,(1,3))
Edge(363354,186488,(3,9223372036854775807))
Edge(363419,372240,(3,9223372036854775807))
Edge(363421,348324,(3,9223372036854775807))
Edge(363436,196134,(1,9223372036854775807))
Edge(363701,213780,(3,9223372036854775807))
Edge(364589,435375,(1,9223372036854775807))
Edge(364698,414031,(3,9223372036854775807))
Edge(364742,189834,(3,9223372036854775807))
Edge(364969,120163,(3,9223372036854775807))
Edge(365506,87447,(3,9223372036854775807))
Edge(365695,72200,(1,3))
Edge(365832,338493,(3,9223372036854775807))
Edge(366055,437786,(1,9223372036854775807))
Edge(366167,430793,(3,9223372036854775807))
Edge(366497,182510,(3,9223372036854775807))
Edge(366777,104699,(3,9223372036854775807))
Edge(367273,445820,(4,9223372036854775807))
Edge(367735,209734,(3,9223372036854775807))
Edge(367834,459728,(3,9223372036854775807))
Edge(368021,151721,(3,9223372036854775807))
Edge(368426,297900,(3,9223372036854775807))
Edge(368515,31521,(3,9223372036854775807))
Edge(368583,245437,(1,9223372036854775807))
Edge(368714,26738,(3,9223372036854775807))
Edge(368808,105256,(3,9223372036854775807))
Edge(368922,17271,(3,9223372036854775807))
Edge(369546,496628,(3,9223372036854775807))
Edge(369652,310707,(3,9223372036854775807))
Edge(370387,446285,(3,9223372036854775807))
Edge(370460,481221,(3,9223372036854775807))
Edge(370678,378588,(3,9223372036854775807))
Edge(370817,488904,(1,3))
Edge(370991,488263,(3,9223372036854775807))
Edge(371063,23823,(3,9223372036854775807))
Edge(371163,142967,(3,9223372036854775807))
Edge(371187,296233,(3,9223372036854775807))
Edge(371254,153444,(1,3))
Edge(371265,273887,(3,9223372036854775807))
Edge(371360,454102,(3,9223372036854775807))
Edge(371412,271070,(3,9223372036854775807))
Edge(371422,22316,(3,9223372036854775807))
Edge(371773,108941,(1,9223372036854775807))
Edge(371844,440672,(3,9223372036854775807))
Edge(372251,203472,(3,9223372036854775807))
Edge(372719,91950,(3,9223372036854775807))
Edge(373094,45090,(3,9223372036854775807))
Edge(373350,497873,(1,9223372036854775807))
Edge(373809,450050,(1,9223372036854775807))
Edge(374409,14187,(3,9223372036854775807))
Edge(374478,208743,(3,9223372036854775807))
Edge(374552,133590,(3,9223372036854775807))
Edge(374603,366373,(1,9223372036854775807))
Edge(375248,431622,(3,9223372036854775807))
Edge(375344,29583,(3,9223372036854775807))
Edge(375875,208135,(3,9223372036854775807))
Edge(376069,123868,(1,9223372036854775807))
Edge(377728,269776,(1,3))
Edge(377752,380243,(3,9223372036854775807))
Edge(378648,187938,(3,9223372036854775807))
Edge(378945,420182,(3,9223372036854775807))
Edge(379284,265440,(3,9223372036854775807))
Edge(379779,181828,(3,9223372036854775807))
Edge(379866,264931,(3,9223372036854775807))
Edge(379897,259734,(1,3))
Edge(379917,264988,(3,9223372036854775807))
Edge(380142,30696,(1,3))
Edge(380372,475404,(3,9223372036854775807))
Edge(380479,364906,(3,9223372036854775807))
Edge(380584,214967,(3,9223372036854775807))
Edge(380940,134952,(3,9223372036854775807))
Edge(380954,393054,(1,3))
Edge(381393,40200,(1,9223372036854775807))
Edge(381495,175085,(1,9223372036854775807))
Edge(381653,212007,(3,9223372036854775807))
Edge(381803,83971,(1,9223372036854775807))
Edge(382056,45901,(3,9223372036854775807))
Edge(382313,452973,(3,9223372036854775807))
Edge(382429,389322,(3,9223372036854775807))
Edge(382739,169092,(3,9223372036854775807))
Edge(383019,406071,(1,9223372036854775807))
Edge(383119,3158,(1,9223372036854775807))
Edge(383269,378809,(1,9223372036854775807))
Edge(383473,116732,(3,9223372036854775807))
Edge(383784,385540,(3,9223372036854775807))
Edge(383893,146294,(3,9223372036854775807))
Edge(384056,309206,(3,9223372036854775807))
Edge(384174,308492,(3,9223372036854775807))
Edge(384238,274319,(3,9223372036854775807))
Edge(384754,421770,(3,9223372036854775807))
Edge(385359,403422,(3,9223372036854775807))
Edge(385590,103804,(3,9223372036854775807))
Edge(386064,469080,(3,9223372036854775807))
Edge(386131,356020,(3,9223372036854775807))
Edge(386206,170288,(3,9223372036854775807))
Edge(386504,496678,(3,9223372036854775807))
Edge(386836,326772,(3,9223372036854775807))
Edge(386865,391742,(3,9223372036854775807))
Edge(387136,98528,(3,9223372036854775807))
Edge(387473,65694,(3,9223372036854775807))
Edge(387544,473812,(3,9223372036854775807))
Edge(387710,79368,(3,9223372036854775807))
Edge(388890,244517,(3,9223372036854775807))
Edge(389206,78837,(3,9223372036854775807))
Edge(389214,206227,(1,9223372036854775807))
Edge(389351,385619,(1,9223372036854775807))
Edge(389367,16313,(3,9223372036854775807))
Edge(389528,368653,(3,9223372036854775807))
Edge(389687,227693,(3,9223372036854775807))
Edge(389727,392159,(3,9223372036854775807))
Edge(390507,295480,(3,9223372036854775807))
Edge(390636,79531,(1,9223372036854775807))
Edge(391004,458519,(3,9223372036854775807))
Edge(391121,180625,(3,9223372036854775807))
Edge(391387,214373,(1,9223372036854775807))
Edge(391416,382558,(1,3))
Edge(391547,314783,(3,9223372036854775807))
Edge(391561,27550,(3,9223372036854775807))
Edge(391686,348334,(3,9223372036854775807))
Edge(391721,83951,(3,9223372036854775807))
Edge(391905,146267,(3,9223372036854775807))
Edge(392259,156459,(3,9223372036854775807))
Edge(392296,355265,(1,9223372036854775807))
Edge(392592,270457,(1,9223372036854775807))
Edge(392719,241590,(3,9223372036854775807))
Edge(393465,250370,(3,9223372036854775807))
Edge(393629,271389,(1,9223372036854775807))
Edge(394503,455044,(1,9223372036854775807))
Edge(394656,248506,(3,9223372036854775807))
Edge(394680,286492,(3,9223372036854775807))
Edge(395127,287320,(1,3))
Edge(395430,85499,(3,9223372036854775807))
Edge(395496,334234,(3,9223372036854775807))
Edge(395801,63261,(1,9223372036854775807))
Edge(396507,36620,(3,9223372036854775807))
Edge(396638,435522,(3,9223372036854775807))
Edge(397245,88173,(3,9223372036854775807))
Edge(397489,6254,(3,9223372036854775807))
Edge(397501,321482,(3,9223372036854775807))
Edge(397811,451778,(3,9223372036854775807))
Edge(398015,321360,(3,9223372036854775807))
Edge(398090,12534,(3,9223372036854775807))
Edge(398169,4832,(3,9223372036854775807))
Edge(398217,436844,(3,9223372036854775807))
Edge(398525,27103,(3,9223372036854775807))
Edge(398972,164692,(3,9223372036854775807))
Edge(399174,53778,(3,9223372036854775807))
Edge(399557,411477,(3,9223372036854775807))
Edge(399658,372986,(3,9223372036854775807))
Edge(400219,405373,(3,9223372036854775807))
Edge(400306,244404,(3,9223372036854775807))
Edge(400840,333303,(3,9223372036854775807))
Edge(402050,491499,(1,9223372036854775807))
Edge(402142,429770,(3,9223372036854775807))
Edge(402154,373004,(3,9223372036854775807))
Edge(402303,160134,(3,9223372036854775807))
Edge(402401,115789,(3,9223372036854775807))
Edge(402417,36650,(3,9223372036854775807))
Edge(403104,446431,(3,9223372036854775807))
Edge(403283,152732,(3,9223372036854775807))
Edge(403877,251077,(1,9223372036854775807))
Edge(404110,274718,(3,9223372036854775807))
Edge(404287,429355,(3,9223372036854775807))
Edge(404585,414952,(1,9223372036854775807))
Edge(404690,240821,(3,9223372036854775807))
Edge(404911,1163,(3,9223372036854775807))
Edge(405092,103851,(3,9223372036854775807))
Edge(405205,434648,(3,9223372036854775807))
Edge(406490,284386,(3,9223372036854775807))
Edge(406595,485696,(3,9223372036854775807))
Edge(406910,186382,(1,3))
Edge(406934,386209,(3,9223372036854775807))
Edge(408010,215888,(3,9223372036854775807))
Edge(408287,458667,(3,9223372036854775807))
Edge(408450,246581,(3,9223372036854775807))
Edge(408558,137004,(3,9223372036854775807))
Edge(408881,72993,(1,9223372036854775807))
Edge(408923,421796,(3,9223372036854775807))
Edge(409230,297620,(3,9223372036854775807))
Edge(409778,203762,(3,9223372036854775807))
Edge(410003,170797,(3,9223372036854775807))
Edge(410545,117347,(3,9223372036854775807))
Edge(411119,86530,(3,9223372036854775807))
Edge(411172,403879,(3,9223372036854775807))
Edge(411423,221167,(3,9223372036854775807))
Edge(411546,380879,(3,9223372036854775807))
Edge(411611,272889,(3,9223372036854775807))
Edge(411940,239797,(1,9223372036854775807))
Edge(413112,72235,(3,9223372036854775807))
Edge(413342,47567,(1,3))
Edge(413975,110953,(3,9223372036854775807))
Edge(414062,247719,(1,9223372036854775807))
Edge(414146,250606,(1,9223372036854775807))
Edge(414254,361974,(3,9223372036854775807))
Edge(414742,224466,(3,9223372036854775807))
Edge(414783,424106,(3,9223372036854775807))
Edge(415465,193188,(3,9223372036854775807))
Edge(415471,27331,(3,9223372036854775807))
Edge(416989,423314,(3,9223372036854775807))
Edge(417006,228018,(3,9223372036854775807))
Edge(417121,198249,(3,9223372036854775807))
Edge(417370,123148,(1,9223372036854775807))
Edge(417581,451111,(3,9223372036854775807))
Edge(417729,276408,(3,9223372036854775807))
Edge(418300,127270,(3,9223372036854775807))
Edge(418351,190060,(3,9223372036854775807))
Edge(418648,10769,(3,9223372036854775807))
Edge(418895,38318,(3,9223372036854775807))
Edge(418898,197559,(1,9223372036854775807))
Edge(419198,283868,(1,3))
Edge(419228,357786,(3,9223372036854775807))
Edge(419330,347229,(3,9223372036854775807))
Edge(419816,278405,(3,9223372036854775807))
Edge(419930,200020,(3,9223372036854775807))
Edge(420594,345125,(3,9223372036854775807))
Edge(421464,378299,(1,9223372036854775807))
Edge(421637,384612,(3,9223372036854775807))
Edge(422093,385595,(1,9223372036854775807))
Edge(423324,474835,(3,9223372036854775807))
Edge(423326,257703,(3,9223372036854775807))
Edge(423439,34909,(4,9223372036854775807))
Edge(423673,153657,(3,9223372036854775807))
Edge(423811,364045,(1,9223372036854775807))
Edge(424238,43126,(3,9223372036854775807))
Edge(424878,52732,(1,9223372036854775807))
Edge(424880,44744,(1,9223372036854775807))
Edge(424911,81081,(3,9223372036854775807))
Edge(425113,267665,(1,9223372036854775807))
Edge(425711,490047,(3,9223372036854775807))
Edge(425918,217637,(3,9223372036854775807))
Edge(425920,420631,(1,3))
Edge(426208,391860,(3,9223372036854775807))
Edge(427133,173244,(3,9223372036854775807))
Edge(427236,113121,(3,9223372036854775807))
Edge(427421,35583,(1,3))
Edge(427852,209451,(3,9223372036854775807))
Edge(428455,208787,(3,9223372036854775807))
Edge(428715,2502,(3,9223372036854775807))
Edge(428840,287390,(3,9223372036854775807))
Edge(429172,207876,(3,9223372036854775807))
Edge(429446,412575,(3,9223372036854775807))
Edge(429731,198690,(1,3))
Edge(430030,240522,(3,9223372036854775807))
Edge(430212,219023,(3,9223372036854775807))
Edge(431734,217105,(3,9223372036854775807))
Edge(431886,156095,(1,9223372036854775807))
Edge(431980,449141,(3,9223372036854775807))
Edge(432232,134082,(3,9223372036854775807))
Edge(432730,218542,(3,9223372036854775807))
Edge(433651,124576,(3,9223372036854775807))
Edge(434350,330555,(3,9223372036854775807))
Edge(434407,372623,(3,9223372036854775807))
Edge(435003,125131,(3,9223372036854775807))
Edge(435065,19656,(3,9223372036854775807))
Edge(435156,59900,(1,3))
Edge(435490,315654,(3,9223372036854775807))
Edge(435749,436513,(3,9223372036854775807))
Edge(436035,220138,(3,9223372036854775807))
Edge(436329,416159,(3,9223372036854775807))
Edge(436661,76747,(3,9223372036854775807))
Edge(436964,231273,(3,9223372036854775807))
Edge(437006,100458,(3,9223372036854775807))
Edge(437141,327585,(3,9223372036854775807))
Edge(437285,59356,(3,9223372036854775807))
Edge(437363,272781,(3,9223372036854775807))
Edge(437538,29439,(1,3))
Edge(437633,39203,(1,9223372036854775807))
Edge(437935,362901,(3,9223372036854775807))
Edge(438075,165601,(3,9223372036854775807))
Edge(438564,175539,(3,9223372036854775807))
Edge(438596,394951,(3,9223372036854775807))
Edge(438626,37371,(3,9223372036854775807))
Edge(438641,403690,(3,9223372036854775807))
Edge(438650,7466,(3,9223372036854775807))
Edge(439084,29513,(3,9223372036854775807))
Edge(439099,112510,(1,3))
Edge(439169,92994,(3,9223372036854775807))
Edge(439312,374862,(3,9223372036854775807))
Edge(440067,262829,(3,9223372036854775807))
Edge(440309,110932,(3,9223372036854775807))
Edge(440377,329433,(3,9223372036854775807))
Edge(441237,50032,(3,9223372036854775807))
Edge(441396,422789,(3,9223372036854775807))
Edge(441597,423890,(3,9223372036854775807))
Edge(441941,23567,(1,3))
Edge(442311,418616,(3,9223372036854775807))
Edge(442840,191404,(3,9223372036854775807))
Edge(442965,120742,(3,9223372036854775807))
Edge(442971,143526,(3,9223372036854775807))
Edge(443377,116711,(1,9223372036854775807))
Edge(443530,120049,(3,9223372036854775807))
Edge(443557,137360,(1,3))
Edge(443761,3794,(3,9223372036854775807))
Edge(444454,275300,(3,9223372036854775807))
Edge(444615,496518,(3,9223372036854775807))
Edge(444635,412013,(3,9223372036854775807))
Edge(444731,128596,(3,9223372036854775807))
Edge(445144,85200,(3,9223372036854775807))
Edge(445216,397688,(3,9223372036854775807))
Edge(445349,417594,(4,9223372036854775807))
Edge(445938,223040,(3,9223372036854775807))
Edge(446259,179059,(3,9223372036854775807))
Edge(447356,148147,(3,9223372036854775807))
Edge(447682,83023,(1,3))
Edge(447766,117280,(3,9223372036854775807))
Edge(448209,494418,(1,9223372036854775807))
Edge(448390,311249,(3,9223372036854775807))
Edge(448393,43217,(3,9223372036854775807))
Edge(448566,151729,(3,9223372036854775807))
Edge(448659,343045,(3,9223372036854775807))
Edge(449193,310449,(3,9223372036854775807))
Edge(449329,370214,(3,9223372036854775807))
Edge(449587,230865,(3,9223372036854775807))
Edge(449696,133121,(3,9223372036854775807))
Edge(449850,178425,(1,3))
Edge(450239,156200,(1,9223372036854775807))
Edge(450745,438271,(1,9223372036854775807))
Edge(450848,102853,(3,9223372036854775807))
Edge(451092,418536,(3,9223372036854775807))
Edge(451282,325048,(3,9223372036854775807))
Edge(451767,55892,(1,9223372036854775807))
Edge(452168,266780,(3,9223372036854775807))
Edge(452407,128767,(3,9223372036854775807))
Edge(452603,112130,(3,9223372036854775807))
Edge(452677,395763,(3,9223372036854775807))
Edge(452831,377619,(1,9223372036854775807))
Edge(453030,66074,(3,9223372036854775807))
Edge(453077,152132,(1,9223372036854775807))
Edge(453161,138197,(3,9223372036854775807))
Edge(453829,214336,(1,3))
Edge(453832,404266,(1,9223372036854775807))
Edge(454075,197224,(3,9223372036854775807))
Edge(454448,165448,(3,9223372036854775807))
Edge(454644,111947,(3,9223372036854775807))
Edge(454671,31121,(3,9223372036854775807))
Edge(455073,426674,(1,9223372036854775807))
Edge(455730,352888,(1,9223372036854775807))
Edge(456388,435234,(1,9223372036854775807))
Edge(456567,16300,(3,9223372036854775807))
Edge(456597,216384,(3,9223372036854775807))
Edge(456698,202318,(3,9223372036854775807))
Edge(457040,257828,(3,9223372036854775807))
Edge(457289,350209,(3,9223372036854775807))
Edge(457470,167108,(3,9223372036854775807))
Edge(457597,258053,(3,9223372036854775807))
Edge(458152,57376,(3,9223372036854775807))
Edge(458960,134232,(1,9223372036854775807))
Edge(459015,444966,(1,3))
Edge(459421,389182,(3,9223372036854775807))
Edge(459814,473094,(3,9223372036854775807))
Edge(459868,482266,(3,9223372036854775807))
Edge(460372,122181,(3,9223372036854775807))
Edge(460433,18657,(3,9223372036854775807))
Edge(460516,141434,(3,9223372036854775807))
Edge(460581,371759,(3,9223372036854775807))
Edge(460894,297895,(3,9223372036854775807))
Edge(461963,175285,(3,9223372036854775807))
Edge(462172,472427,(3,9223372036854775807))
Edge(462468,348295,(3,9223372036854775807))
Edge(462477,110606,(3,9223372036854775807))
Edge(462512,263135,(3,9223372036854775807))
Edge(462674,175222,(1,9223372036854775807))
Edge(462965,198675,(3,9223372036854775807))
Edge(463053,208509,(1,3))
Edge(463143,289560,(3,9223372036854775807))
Edge(463314,456083,(1,9223372036854775807))
Edge(463691,489757,(3,9223372036854775807))
Edge(463701,312921,(3,9223372036854775807))
Edge(463951,135514,(1,3))
Edge(464338,116294,(3,9223372036854775807))
Edge(464564,118022,(3,9223372036854775807))
Edge(464773,234005,(1,9223372036854775807))
Edge(465019,100732,(3,9223372036854775807))
Edge(465315,114410,(3,9223372036854775807))
Edge(466344,363911,(3,9223372036854775807))
Edge(466428,73649,(3,9223372036854775807))
Edge(466544,448884,(3,9223372036854775807))
Edge(467172,114419,(1,9223372036854775807))
Edge(467650,313490,(3,9223372036854775807))
Edge(467716,36205,(3,9223372036854775807))
Edge(468176,328631,(1,9223372036854775807))
Edge(468517,141761,(1,3))
Edge(468754,110912,(3,9223372036854775807))
Edge(469590,124149,(3,9223372036854775807))
Edge(469614,245803,(3,9223372036854775807))
Edge(469778,27681,(3,9223372036854775807))
Edge(470235,90348,(3,9223372036854775807))
Edge(470537,165887,(3,9223372036854775807))
Edge(470955,228527,(3,9223372036854775807))
Edge(470985,268350,(3,9223372036854775807))
Edge(471003,142981,(3,9223372036854775807))
Edge(471071,40932,(1,9223372036854775807))
Edge(471298,216003,(3,9223372036854775807))
Edge(471359,368584,(3,9223372036854775807))
Edge(472174,294828,(1,9223372036854775807))
Edge(472499,473703,(3,9223372036854775807))
Edge(473303,495066,(3,9223372036854775807))
Edge(473480,427036,(3,9223372036854775807))
Edge(473877,289363,(3,9223372036854775807))
Edge(474024,359484,(3,9223372036854775807))
Edge(474229,16326,(3,9223372036854775807))
Edge(474914,279279,(1,3))
Edge(475037,10457,(3,9223372036854775807))
Edge(475128,174715,(1,9223372036854775807))
Edge(476249,446308,(3,9223372036854775807))
Edge(476812,149001,(3,9223372036854775807))
Edge(476848,279248,(3,9223372036854775807))
Edge(476859,221735,(3,9223372036854775807))
Edge(476951,10534,(3,9223372036854775807))
Edge(477107,464025,(3,9223372036854775807))
Edge(477406,294768,(1,9223372036854775807))
Edge(477514,16814,(1,9223372036854775807))
Edge(477982,252198,(3,9223372036854775807))
Edge(478637,358736,(3,9223372036854775807))
Edge(478778,31310,(3,9223372036854775807))
Edge(479425,382587,(3,9223372036854775807))
Edge(479880,25266,(3,9223372036854775807))
Edge(480139,273148,(3,9223372036854775807))
Edge(480310,422240,(3,9223372036854775807))
Edge(480997,240362,(3,9223372036854775807))
Edge(481437,27621,(3,9223372036854775807))
Edge(481573,49925,(3,9223372036854775807))
Edge(481756,432932,(3,9223372036854775807))
Edge(482034,256429,(3,9223372036854775807))
Edge(482845,356448,(3,9223372036854775807))
Edge(483214,432114,(1,3))
Edge(483300,257461,(3,9223372036854775807))
Edge(483327,383914,(1,3))
Edge(483344,421644,(3,9223372036854775807))
Edge(483541,136714,(3,9223372036854775807))
Edge(484003,125356,(3,9223372036854775807))
Edge(484402,74269,(3,9223372036854775807))
Edge(484717,218771,(3,9223372036854775807))
Edge(485157,489736,(3,9223372036854775807))
Edge(485170,81016,(3,9223372036854775807))
Edge(485236,297093,(3,9223372036854775807))
Edge(485408,8060,(3,9223372036854775807))
Edge(485493,425842,(3,9223372036854775807))
Edge(485743,164788,(1,9223372036854775807))
Edge(485750,437089,(1,3))
Edge(486590,62387,(3,9223372036854775807))
Edge(486792,34640,(3,9223372036854775807))
Edge(486927,272845,(3,9223372036854775807))
Edge(487037,2432,(3,9223372036854775807))
Edge(487096,77125,(3,9223372036854775807))
Edge(487232,30646,(3,9223372036854775807))
Edge(487340,136435,(3,9223372036854775807))
Edge(488108,308839,(3,9223372036854775807))
Edge(488764,150697,(3,9223372036854775807))
Edge(489002,45650,(3,9223372036854775807))
Edge(489644,113028,(3,9223372036854775807))
Edge(490223,422820,(3,9223372036854775807))
Edge(490541,384844,(3,9223372036854775807))
Edge(490879,101457,(3,9223372036854775807))
Edge(491134,128640,(3,9223372036854775807))
Edge(491691,393901,(3,9223372036854775807))
Edge(492950,310972,(3,9223372036854775807))
Edge(493086,89505,(1,3))
Edge(493148,495619,(3,9223372036854775807))
Edge(493226,425491,(1,9223372036854775807))
Edge(493462,304595,(3,9223372036854775807))
Edge(493995,331860,(3,9223372036854775807))
Edge(494270,152448,(3,9223372036854775807))
Edge(494426,200895,(1,9223372036854775807))
Edge(495249,220162,(3,9223372036854775807))
Edge(495384,104939,(1,3))
Edge(495868,218348,(3,9223372036854775807))
Edge(495915,461977,(1,3))
Edge(495923,415288,(3,9223372036854775807))
Edge(496356,322592,(1,9223372036854775807))
Edge(496471,52883,(1,9223372036854775807))
Edge(497405,263026,(3,9223372036854775807))
Edge(497541,176446,(3,9223372036854775807))
Edge(497710,279924,(1,9223372036854775807))
Edge(497820,103283,(3,9223372036854775807))
Edge(498877,489194,(3,9223372036854775807))
Edge(498932,471946,(3,9223372036854775807))
Edge(499066,495466,(3,9223372036854775807))
Edge(499796,219715,(1,9223372036854775807))
Edge(499961,376816,(1,9223372036854775807))
