Edge(624,254867,(3,9223372036854775807))
Edge(736,309500,(3,9223372036854775807))
Edge(1333,391484,(3,9223372036854775807))
Edge(2281,351764,(3,9223372036854775807))
Edge(2476,99154,(3,9223372036854775807))
Edge(2612,262325,(3,9223372036854775807))
Edge(3329,472541,(3,9223372036854775807))
Edge(3520,95745,(3,9223372036854775807))
Edge(4069,132995,(3,9223372036854775807))
Edge(4175,280970,(3,9223372036854775807))
Edge(4251,199576,(1,9223372036854775807))
Edge(4256,316798,(1,9223372036854775807))
Edge(4614,158442,(3,9223372036854775807))
Edge(5078,300679,(3,9223372036854775807))
Edge(5786,458709,(3,9223372036854775807))
Edge(5942,226565,(3,9223372036854775807))
Edge(5978,374506,(1,9223372036854775807))
Edge(6002,254357,(3,9223372036854775807))
Edge(6417,30787,(3,9223372036854775807))
Edge(6660,101570,(3,9223372036854775807))
Edge(6698,287793,(1,9223372036854775807))
Edge(6746,375664,(3,9223372036854775807))
Edge(6797,483091,(1,9223372036854775807))
Edge(7241,280755,(1,3))
Edge(7435,413700,(3,9223372036854775807))
Edge(7473,392221,(3,9223372036854775807))
Edge(9145,329379,(3,9223372036854775807))
Edge(9596,11567,(3,9223372036854775807))
Edge(9699,41064,(1,3))
Edge(10026,469033,(3,9223372036854775807))
Edge(10255,29971,(3,9223372036854775807))
Edge(10295,183714,(3,9223372036854775807))
Edge(10367,397304,(3,9223372036854775807))
Edge(10441,98082,(3,9223372036854775807))
Edge(10853,141931,(3,9223372036854775807))
Edge(10898,478322,(3,9223372036854775807))
Edge(10965,163333,(3,9223372036854775807))
Edge(11754,211394,(1,3))
Edge(11844,436645,(3,9223372036854775807))
Edge(12350,385439,(1,9223372036854775807))
Edge(12522,204728,(3,9223372036854775807))
Edge(12543,492421,(3,9223372036854775807))
Edge(12557,302325,(3,9223372036854775807))
Edge(12601,405686,(3,9223372036854775807))
Edge(12654,284401,(3,9223372036854775807))
Edge(13308,75877,(3,9223372036854775807))
Edge(13476,423204,(3,9223372036854775807))
Edge(13665,3064,(1,3))
Edge(13680,324520,(1,3))
Edge(13716,274175,(1,9223372036854775807))
Edge(13772,398558,(1,3))
Edge(14095,7613,(1,9223372036854775807))
Edge(14120,306705,(1,9223372036854775807))
Edge(14191,44272,(1,3))
Edge(14777,350240,(3,9223372036854775807))
Edge(14846,274901,(3,9223372036854775807))
Edge(14917,291682,(3,9223372036854775807))
Edge(15057,451317,(3,9223372036854775807))
Edge(15199,47018,(3,9223372036854775807))
Edge(15344,61809,(3,9223372036854775807))
Edge(15914,217488,(1,9223372036854775807))
Edge(15990,350001,(1,9223372036854775807))
Edge(16375,79186,(3,9223372036854775807))
Edge(16837,54703,(1,3))
Edge(16916,236019,(1,9223372036854775807))
Edge(17224,400797,(3,9223372036854775807))
Edge(17374,66277,(3,9223372036854775807))
Edge(17428,399792,(1,3))
Edge(18079,319748,(3,9223372036854775807))
Edge(18371,98551,(3,9223372036854775807))
Edge(18453,244388,(3,9223372036854775807))
Edge(18713,341445,(3,9223372036854775807))
Edge(19118,169455,(3,9223372036854775807))
Edge(19262,43319,(1,3))
Edge(19356,455738,(3,9223372036854775807))
Edge(19580,311380,(3,9223372036854775807))
Edge(19726,493528,(3,9223372036854775807))
Edge(19760,277403,(3,9223372036854775807))
Edge(20936,129108,(3,9223372036854775807))
Edge(21073,139912,(1,9223372036854775807))
Edge(21790,316112,(3,9223372036854775807))
Edge(21956,88548,(3,9223372036854775807))
Edge(22325,240056,(3,9223372036854775807))
Edge(22547,198343,(3,9223372036854775807))
Edge(23280,486815,(3,9223372036854775807))
Edge(23651,93680,(3,9223372036854775807))
Edge(24037,359825,(3,9223372036854775807))
Edge(24500,66732,(3,9223372036854775807))
Edge(24686,423515,(3,9223372036854775807))
Edge(24997,409213,(3,9223372036854775807))
Edge(25725,325837,(3,9223372036854775807))
Edge(25960,85801,(1,3))
Edge(26395,70011,(3,9223372036854775807))
Edge(26436,274785,(3,9223372036854775807))
Edge(26610,85524,(3,9223372036854775807))
Edge(27093,353151,(3,9223372036854775807))
Edge(27109,462160,(3,9223372036854775807))
Edge(27597,205273,(1,9223372036854775807))
Edge(28129,426593,(3,9223372036854775807))
Edge(28704,81360,(3,9223372036854775807))
Edge(28836,167090,(3,9223372036854775807))
Edge(28900,341080,(3,9223372036854775807))
Edge(29175,295353,(3,9223372036854775807))
Edge(29200,317486,(3,9223372036854775807))
Edge(29232,404290,(3,9223372036854775807))
Edge(29297,42232,(3,9223372036854775807))
Edge(29608,390571,(3,9223372036854775807))
Edge(29727,380404,(3,9223372036854775807))
Edge(29876,233910,(3,9223372036854775807))
Edge(30807,246158,(3,9223372036854775807))
Edge(30839,368553,(3,9223372036854775807))
Edge(30992,11729,(3,9223372036854775807))
Edge(31610,466650,(1,3))
Edge(31640,489013,(1,3))
Edge(31655,354571,(3,9223372036854775807))
Edge(32327,151030,(3,9223372036854775807))
Edge(32883,157057,(3,9223372036854775807))
Edge(33055,150028,(1,3))
Edge(34216,294975,(3,9223372036854775807))
Edge(34320,177065,(1,3))
Edge(34846,486047,(3,9223372036854775807))
Edge(35230,225643,(3,9223372036854775807))
Edge(35548,480668,(1,9223372036854775807))
Edge(35718,423991,(3,9223372036854775807))
Edge(35858,117337,(3,9223372036854775807))
Edge(36241,411142,(3,9223372036854775807))
Edge(36877,14722,(1,9223372036854775807))
Edge(37265,407426,(3,9223372036854775807))
Edge(37610,336598,(3,9223372036854775807))
Edge(37967,283494,(3,9223372036854775807))
Edge(38047,176189,(4,9223372036854775807))
Edge(38160,157518,(3,9223372036854775807))
Edge(38509,240388,(3,9223372036854775807))
Edge(38775,469614,(3,9223372036854775807))
Edge(39611,188676,(1,9223372036854775807))
Edge(39817,307074,(3,9223372036854775807))
Edge(40283,173961,(3,9223372036854775807))
Edge(40333,348865,(3,9223372036854775807))
Edge(40768,430015,(3,9223372036854775807))
Edge(40930,496944,(3,9223372036854775807))
Edge(40967,109417,(3,9223372036854775807))
Edge(41087,231921,(3,9223372036854775807))
Edge(41837,71766,(3,9223372036854775807))
Edge(42862,106193,(3,9223372036854775807))
Edge(42955,3331,(3,9223372036854775807))
Edge(43190,479601,(1,9223372036854775807))
Edge(43265,179957,(3,9223372036854775807))
Edge(43364,394621,(3,9223372036854775807))
Edge(43884,295051,(1,3))
Edge(44287,86965,(3,9223372036854775807))
Edge(44293,30124,(1,9223372036854775807))
Edge(44366,367221,(3,9223372036854775807))
Edge(44390,484731,(3,9223372036854775807))
Edge(45176,121273,(3,9223372036854775807))
Edge(45851,199533,(3,9223372036854775807))
Edge(45911,201301,(3,9223372036854775807))
Edge(46220,214960,(3,9223372036854775807))
Edge(46242,365739,(3,9223372036854775807))
Edge(46315,341356,(3,9223372036854775807))
Edge(46445,150227,(1,9223372036854775807))
Edge(46674,246333,(3,9223372036854775807))
Edge(46971,172431,(3,9223372036854775807))
Edge(47378,177356,(3,9223372036854775807))
Edge(47903,165656,(3,9223372036854775807))
Edge(48222,30964,(3,9223372036854775807))
Edge(48888,156555,(3,9223372036854775807))
Edge(48977,80682,(1,9223372036854775807))
Edge(49035,384950,(3,9223372036854775807))
Edge(49297,380706,(3,9223372036854775807))
Edge(49332,182463,(3,9223372036854775807))
Edge(49673,356317,(3,9223372036854775807))
Edge(50344,288150,(3,9223372036854775807))
Edge(50646,495125,(3,9223372036854775807))
Edge(50940,11830,(1,9223372036854775807))
Edge(51315,363274,(3,9223372036854775807))
Edge(51396,387551,(3,9223372036854775807))
Edge(51838,206623,(3,9223372036854775807))
Edge(52356,481181,(3,9223372036854775807))
Edge(52717,153669,(3,9223372036854775807))
Edge(52953,161600,(3,9223372036854775807))
Edge(52993,210530,(3,9223372036854775807))
Edge(53454,247192,(3,9223372036854775807))
Edge(53496,352354,(3,9223372036854775807))
Edge(53672,484076,(3,9223372036854775807))
Edge(53747,123563,(3,9223372036854775807))
Edge(53768,368313,(3,9223372036854775807))
Edge(53859,490067,(3,9223372036854775807))
Edge(54200,290275,(1,9223372036854775807))
Edge(54206,18887,(3,9223372036854775807))
Edge(54392,469810,(3,9223372036854775807))
Edge(54507,217804,(3,9223372036854775807))
Edge(54847,159740,(3,9223372036854775807))
Edge(54902,263013,(3,9223372036854775807))
Edge(55236,266137,(3,9223372036854775807))
Edge(55301,119395,(3,9223372036854775807))
Edge(55797,243539,(3,9223372036854775807))
Edge(55851,338981,(3,9223372036854775807))
Edge(55886,201294,(1,9223372036854775807))
Edge(55981,194832,(3,9223372036854775807))
Edge(56324,84880,(3,9223372036854775807))
Edge(56659,437217,(3,9223372036854775807))
Edge(56882,113978,(3,9223372036854775807))
Edge(57447,418054,(3,9223372036854775807))
Edge(57786,226937,(3,9223372036854775807))
Edge(57964,15851,(3,9223372036854775807))
Edge(58514,398332,(1,9223372036854775807))
Edge(58902,396673,(1,3))
Edge(59069,350074,(3,9223372036854775807))
Edge(59147,464500,(3,9223372036854775807))
Edge(59225,425648,(1,9223372036854775807))
Edge(59259,148555,(3,9223372036854775807))
Edge(59268,468210,(3,9223372036854775807))
Edge(59629,246185,(3,9223372036854775807))
Edge(59703,345495,(3,9223372036854775807))
Edge(60248,490818,(3,9223372036854775807))
Edge(60323,430119,(3,9223372036854775807))
Edge(60679,415185,(1,9223372036854775807))
Edge(60753,395742,(3,9223372036854775807))
Edge(61175,338669,(3,9223372036854775807))
Edge(61285,248469,(3,9223372036854775807))
Edge(61658,16621,(3,9223372036854775807))
Edge(61737,305554,(1,9223372036854775807))
Edge(62042,150086,(1,9223372036854775807))
Edge(62265,369818,(1,3))
Edge(62735,324905,(1,9223372036854775807))
Edge(63486,374529,(3,9223372036854775807))
Edge(63500,200693,(3,9223372036854775807))
Edge(64161,235431,(3,9223372036854775807))
Edge(64934,305841,(3,9223372036854775807))
Edge(65014,121932,(3,9223372036854775807))
Edge(65668,493704,(1,9223372036854775807))
Edge(65682,222864,(3,9223372036854775807))
Edge(66303,97522,(3,9223372036854775807))
Edge(66326,304065,(1,9223372036854775807))
Edge(66396,497702,(3,9223372036854775807))
Edge(66724,370404,(3,9223372036854775807))
Edge(67024,405728,(3,9223372036854775807))
Edge(67400,147679,(3,9223372036854775807))
Edge(67504,105188,(3,9223372036854775807))
Edge(67595,103631,(3,9223372036854775807))
Edge(68039,441426,(3,9223372036854775807))
Edge(68477,55165,(3,9223372036854775807))
Edge(68664,151974,(3,9223372036854775807))
Edge(69637,287148,(1,3))
Edge(69926,341165,(3,9223372036854775807))
Edge(69957,307183,(1,9223372036854775807))
Edge(70023,347872,(1,3))
Edge(70906,172065,(3,9223372036854775807))
Edge(71242,138567,(1,9223372036854775807))
Edge(71332,143174,(3,9223372036854775807))
Edge(71434,223626,(1,3))
Edge(71563,266647,(3,9223372036854775807))
Edge(71830,253447,(3,9223372036854775807))
Edge(72311,403449,(3,9223372036854775807))
Edge(72363,318444,(3,9223372036854775807))
Edge(72375,388263,(1,9223372036854775807))
Edge(72421,222272,(3,9223372036854775807))
Edge(72473,241942,(3,9223372036854775807))
Edge(72766,47108,(3,9223372036854775807))
Edge(72911,334748,(3,9223372036854775807))
Edge(73131,91869,(3,9223372036854775807))
Edge(73387,45042,(3,9223372036854775807))
Edge(73504,38796,(1,9223372036854775807))
Edge(73709,22416,(3,9223372036854775807))
Edge(73890,439026,(1,9223372036854775807))
Edge(74849,18144,(1,3))
Edge(74897,72452,(3,9223372036854775807))
Edge(75189,226756,(3,9223372036854775807))
Edge(75305,153745,(3,9223372036854775807))
Edge(75682,305873,(3,9223372036854775807))
Edge(75925,354765,(1,3))
Edge(76025,487807,(3,9223372036854775807))
Edge(76034,301760,(1,9223372036854775807))
Edge(76044,458894,(1,9223372036854775807))
Edge(76205,219410,(3,9223372036854775807))
Edge(77122,53695,(3,9223372036854775807))
Edge(77413,207729,(3,9223372036854775807))
Edge(77547,171114,(1,3))
Edge(77728,256898,(1,3))
Edge(77737,43041,(3,9223372036854775807))
Edge(77956,327090,(3,9223372036854775807))
Edge(78072,121344,(1,9223372036854775807))
Edge(78124,267023,(3,9223372036854775807))
Edge(78504,327038,(3,9223372036854775807))
Edge(78523,280850,(3,9223372036854775807))
Edge(78634,331831,(3,9223372036854775807))
Edge(78799,164552,(3,9223372036854775807))
Edge(79025,97600,(3,9223372036854775807))
Edge(79248,144937,(3,9223372036854775807))
Edge(79473,141965,(3,9223372036854775807))
Edge(79558,261154,(3,9223372036854775807))
Edge(79719,336309,(3,9223372036854775807))
Edge(79951,19817,(3,9223372036854775807))
Edge(80143,486456,(3,9223372036854775807))
Edge(80205,209628,(3,9223372036854775807))
Edge(80300,19221,(3,9223372036854775807))
Edge(80470,369858,(3,9223372036854775807))
Edge(80757,248029,(3,9223372036854775807))
Edge(80830,112586,(3,9223372036854775807))
Edge(81469,130843,(3,9223372036854775807))
Edge(81705,101229,(3,9223372036854775807))
Edge(81935,473669,(3,9223372036854775807))
Edge(82026,317786,(3,9223372036854775807))
Edge(82268,89110,(3,9223372036854775807))
Edge(82629,305776,(3,9223372036854775807))
Edge(82767,279564,(3,9223372036854775807))
Edge(83014,488569,(1,9223372036854775807))
Edge(83281,104846,(1,9223372036854775807))
Edge(83314,209856,(3,9223372036854775807))
Edge(83364,377506,(3,9223372036854775807))
Edge(83440,479610,(3,9223372036854775807))
Edge(83456,292665,(3,9223372036854775807))
Edge(84002,274270,(3,9223372036854775807))
Edge(84442,359344,(3,9223372036854775807))
Edge(85194,234926,(3,9223372036854775807))
Edge(85404,80729,(3,9223372036854775807))
Edge(86262,252425,(3,9223372036854775807))
Edge(86829,329041,(1,9223372036854775807))
Edge(87274,64689,(3,9223372036854775807))
Edge(88104,363105,(3,9223372036854775807))
Edge(88164,403406,(3,9223372036854775807))
Edge(88611,441981,(3,9223372036854775807))
Edge(88683,127144,(3,9223372036854775807))
Edge(88712,330040,(1,9223372036854775807))
Edge(89046,374566,(3,9223372036854775807))
Edge(89162,433505,(3,9223372036854775807))
Edge(89463,206692,(3,9223372036854775807))
Edge(89752,458293,(3,9223372036854775807))
Edge(90004,44405,(3,9223372036854775807))
Edge(90108,44385,(1,9223372036854775807))
Edge(90864,233592,(3,9223372036854775807))
Edge(91147,38580,(3,9223372036854775807))
Edge(91157,9731,(3,9223372036854775807))
Edge(91440,421692,(3,9223372036854775807))
Edge(91851,323322,(3,9223372036854775807))
Edge(91876,18825,(3,9223372036854775807))
Edge(92691,238325,(3,9223372036854775807))
Edge(93056,315099,(3,9223372036854775807))
Edge(93389,261096,(3,9223372036854775807))
Edge(93551,363820,(3,9223372036854775807))
Edge(93921,252727,(1,9223372036854775807))
Edge(94012,376894,(3,9223372036854775807))
Edge(94025,445352,(1,9223372036854775807))
Edge(94077,241785,(3,9223372036854775807))
Edge(94259,272802,(3,9223372036854775807))
Edge(94723,181633,(3,9223372036854775807))
Edge(94816,249375,(3,9223372036854775807))
Edge(94820,345647,(3,9223372036854775807))
Edge(95127,155639,(3,9223372036854775807))
Edge(95464,403214,(3,9223372036854775807))
Edge(95510,346847,(3,9223372036854775807))
Edge(95901,359208,(3,9223372036854775807))
Edge(95981,463186,(3,9223372036854775807))
Edge(96214,492424,(3,9223372036854775807))
Edge(96215,386058,(3,9223372036854775807))
Edge(96643,296158,(3,9223372036854775807))
Edge(96944,435543,(3,9223372036854775807))
Edge(97166,198110,(3,9223372036854775807))
Edge(97547,421797,(3,9223372036854775807))
Edge(97697,378264,(3,9223372036854775807))
Edge(97806,257328,(3,9223372036854775807))
Edge(99076,280274,(3,9223372036854775807))
Edge(99909,78601,(1,9223372036854775807))
Edge(100010,224726,(3,9223372036854775807))
Edge(100779,386879,(3,9223372036854775807))
Edge(100869,231286,(3,9223372036854775807))
Edge(100875,430906,(3,9223372036854775807))
Edge(101623,64569,(1,3))
Edge(101633,154014,(3,9223372036854775807))
Edge(101657,39251,(3,9223372036854775807))
Edge(101898,80675,(3,9223372036854775807))
Edge(101927,287546,(3,9223372036854775807))
Edge(102017,462517,(3,9223372036854775807))
Edge(102569,433567,(3,9223372036854775807))
Edge(102627,490889,(3,9223372036854775807))
Edge(102866,342828,(3,9223372036854775807))
Edge(103116,49175,(3,9223372036854775807))
Edge(103129,41353,(3,9223372036854775807))
Edge(103177,256611,(3,9223372036854775807))
Edge(103409,217306,(3,9223372036854775807))
Edge(103414,442443,(3,9223372036854775807))
Edge(104343,83921,(1,9223372036854775807))
Edge(104470,24692,(3,9223372036854775807))
Edge(104536,86201,(3,9223372036854775807))
Edge(104724,426968,(3,9223372036854775807))
Edge(104988,19976,(1,9223372036854775807))
Edge(105503,66941,(3,9223372036854775807))
Edge(105682,165034,(3,9223372036854775807))
Edge(105754,50096,(3,9223372036854775807))
Edge(105807,381674,(1,9223372036854775807))
Edge(105928,495023,(1,9223372036854775807))
Edge(106301,268647,(3,9223372036854775807))
Edge(106523,34440,(3,9223372036854775807))
Edge(106538,429335,(3,9223372036854775807))
Edge(106780,293390,(3,9223372036854775807))
Edge(107412,492309,(3,9223372036854775807))
Edge(107440,498281,(1,3))
Edge(107907,420572,(1,3))
Edge(108014,99431,(3,9223372036854775807))
Edge(108224,212270,(3,9223372036854775807))
Edge(108289,55927,(3,9223372036854775807))
Edge(108510,92437,(3,9223372036854775807))
Edge(108620,303542,(3,9223372036854775807))
Edge(108694,15567,(1,9223372036854775807))
Edge(109093,214251,(3,9223372036854775807))
Edge(109239,346228,(1,3))
Edge(109304,316055,(3,9223372036854775807))
Edge(109315,474478,(1,3))
Edge(109340,397030,(1,9223372036854775807))
Edge(109891,2061,(3,9223372036854775807))
Edge(110085,221134,(3,9223372036854775807))
Edge(110135,208108,(3,9223372036854775807))
Edge(110456,477974,(3,9223372036854775807))
Edge(110728,31356,(3,9223372036854775807))
Edge(111295,60821,(1,3))
Edge(111308,338216,(3,9223372036854775807))
Edge(111648,368552,(3,9223372036854775807))
Edge(111822,255769,(3,9223372036854775807))
Edge(112475,12060,(3,9223372036854775807))
Edge(112534,444423,(1,3))
Edge(112805,178330,(3,9223372036854775807))
Edge(113633,297749,(1,9223372036854775807))
Edge(114595,387901,(1,9223372036854775807))
Edge(114605,27026,(1,3))
Edge(114880,268392,(1,9223372036854775807))
Edge(114916,294186,(3,9223372036854775807))
Edge(115035,377151,(3,9223372036854775807))
Edge(115408,426675,(3,9223372036854775807))
Edge(115879,258106,(3,9223372036854775807))
Edge(115950,255190,(3,9223372036854775807))
Edge(116205,312413,(3,9223372036854775807))
Edge(116441,381673,(3,9223372036854775807))
Edge(116498,468314,(3,9223372036854775807))
Edge(116586,454710,(3,9223372036854775807))
Edge(116830,199961,(3,9223372036854775807))
Edge(117651,62529,(3,9223372036854775807))
Edge(117934,477800,(3,9223372036854775807))
Edge(117979,131954,(3,9223372036854775807))
Edge(118174,419600,(1,9223372036854775807))
Edge(118415,325286,(3,9223372036854775807))
Edge(118498,11090,(3,9223372036854775807))
Edge(118627,401532,(3,9223372036854775807))
Edge(118644,239169,(3,9223372036854775807))
Edge(118839,428397,(3,9223372036854775807))
Edge(118891,117339,(1,3))
Edge(118931,310560,(1,9223372036854775807))
Edge(119116,405446,(3,9223372036854775807))
Edge(119175,273763,(3,9223372036854775807))
Edge(119482,222480,(3,9223372036854775807))
Edge(119739,24561,(1,3))
Edge(119888,75739,(3,9223372036854775807))
Edge(120112,260559,(3,9223372036854775807))
Edge(120326,131716,(3,9223372036854775807))
Edge(121168,142133,(3,9223372036854775807))
Edge(121719,270876,(3,9223372036854775807))
Edge(121843,492412,(3,9223372036854775807))
Edge(122084,141475,(1,3))
Edge(122843,256189,(3,9223372036854775807))
Edge(122856,231714,(3,9223372036854775807))
Edge(123252,476603,(3,9223372036854775807))
Edge(123893,496287,(3,9223372036854775807))
Edge(124029,274566,(3,9223372036854775807))
Edge(124482,76039,(1,9223372036854775807))
Edge(124489,249347,(3,9223372036854775807))
Edge(124650,416119,(3,9223372036854775807))
Edge(124897,438410,(3,9223372036854775807))
Edge(125229,252703,(3,9223372036854775807))
Edge(125488,352371,(1,3))
Edge(125561,206379,(3,9223372036854775807))
Edge(125818,184094,(3,9223372036854775807))
Edge(125957,247097,(1,9223372036854775807))
Edge(126372,257928,(3,9223372036854775807))
Edge(126407,288379,(3,9223372036854775807))
Edge(128381,365819,(3,9223372036854775807))
Edge(129049,239346,(3,9223372036854775807))
Edge(129893,323941,(3,9223372036854775807))
Edge(130639,154837,(3,9223372036854775807))
Edge(130878,390300,(3,9223372036854775807))
Edge(131665,221800,(3,9223372036854775807))
Edge(131994,57424,(3,9223372036854775807))
Edge(132206,78053,(3,9223372036854775807))
Edge(132210,408240,(3,9223372036854775807))
Edge(132250,478984,(3,9223372036854775807))
Edge(132303,113560,(3,9223372036854775807))
Edge(132987,190198,(3,9223372036854775807))
Edge(133384,227590,(3,9223372036854775807))
Edge(133434,230952,(1,9223372036854775807))
Edge(133910,69112,(3,9223372036854775807))
Edge(134179,141234,(3,9223372036854775807))
Edge(135138,190889,(3,9223372036854775807))
Edge(135209,228648,(1,9223372036854775807))
Edge(135623,471506,(3,9223372036854775807))
Edge(135660,392041,(3,9223372036854775807))
Edge(136971,176755,(3,9223372036854775807))
Edge(137156,238281,(3,9223372036854775807))
Edge(137340,285153,(3,9223372036854775807))
Edge(137598,447823,(3,9223372036854775807))
Edge(137801,90870,(3,9223372036854775807))
Edge(137950,347375,(1,9223372036854775807))
Edge(138044,335347,(1,9223372036854775807))
Edge(138316,362686,(3,9223372036854775807))
Edge(138321,98952,(3,9223372036854775807))
Edge(138368,440416,(3,9223372036854775807))
Edge(138533,222262,(1,9223372036854775807))
Edge(138643,27347,(3,9223372036854775807))
Edge(138790,292308,(1,9223372036854775807))
Edge(138905,27261,(1,9223372036854775807))
Edge(139882,370140,(3,9223372036854775807))
Edge(140792,323244,(3,9223372036854775807))
Edge(141373,480394,(3,9223372036854775807))
Edge(141459,410525,(3,9223372036854775807))
Edge(142800,484498,(3,9223372036854775807))
Edge(143310,51923,(3,9223372036854775807))
Edge(143331,67740,(1,9223372036854775807))
Edge(143455,376271,(3,9223372036854775807))
Edge(144304,488976,(3,9223372036854775807))
Edge(144773,424719,(3,9223372036854775807))
Edge(144793,318105,(3,9223372036854775807))
Edge(145036,45303,(1,9223372036854775807))
Edge(145156,149459,(3,9223372036854775807))
Edge(145410,149734,(1,9223372036854775807))
Edge(145496,307741,(3,9223372036854775807))
Edge(145519,161481,(3,9223372036854775807))
Edge(145800,425129,(1,3))
Edge(146171,486353,(1,9223372036854775807))
Edge(146250,467172,(1,3))
Edge(146399,192790,(3,9223372036854775807))
Edge(146878,411457,(1,3))
Edge(146973,106402,(3,9223372036854775807))
Edge(147134,416721,(3,9223372036854775807))
Edge(147696,165715,(3,9223372036854775807))
Edge(147798,272973,(3,9223372036854775807))
Edge(147805,465494,(1,9223372036854775807))
Edge(148089,218025,(3,9223372036854775807))
Edge(148273,411352,(3,9223372036854775807))
Edge(148876,250879,(3,9223372036854775807))
Edge(149088,267087,(3,9223372036854775807))
Edge(149193,179053,(3,9223372036854775807))
Edge(149773,415939,(3,9223372036854775807))
Edge(150158,491377,(3,9223372036854775807))
Edge(150583,247339,(3,9223372036854775807))
Edge(150978,147972,(3,9223372036854775807))
Edge(150996,309133,(1,3))
Edge(151080,61515,(3,9223372036854775807))
Edge(151435,253139,(3,9223372036854775807))
Edge(151544,364142,(3,9223372036854775807))
Edge(151725,292838,(3,9223372036854775807))
Edge(151747,151473,(3,9223372036854775807))
Edge(152300,299653,(1,9223372036854775807))
Edge(152407,338415,(3,9223372036854775807))
Edge(152467,183826,(3,9223372036854775807))
Edge(152764,388876,(3,9223372036854775807))
Edge(152840,100416,(3,9223372036854775807))
Edge(153357,114861,(3,9223372036854775807))
Edge(153757,287856,(3,9223372036854775807))
Edge(153922,311245,(3,9223372036854775807))
Edge(154230,141676,(3,9223372036854775807))
Edge(154376,489007,(3,9223372036854775807))
Edge(154378,179281,(3,9223372036854775807))
Edge(154710,396009,(1,9223372036854775807))
Edge(155087,162771,(1,3))
Edge(155305,373598,(1,9223372036854775807))
Edge(155338,194426,(1,3))
Edge(155422,3717,(3,9223372036854775807))
Edge(155645,326420,(3,9223372036854775807))
Edge(156591,288822,(3,9223372036854775807))
Edge(156861,16901,(3,9223372036854775807))
Edge(157365,219283,(3,9223372036854775807))
Edge(157695,101420,(3,9223372036854775807))
Edge(157792,257093,(1,3))
Edge(157880,28401,(3,9223372036854775807))
Edge(158250,22102,(3,9223372036854775807))
Edge(158598,190786,(3,9223372036854775807))
Edge(159012,355956,(1,3))
Edge(159815,275771,(3,9223372036854775807))
Edge(160370,409382,(3,9223372036854775807))
Edge(160559,207922,(3,9223372036854775807))
Edge(160711,380638,(3,9223372036854775807))
Edge(160727,165415,(3,9223372036854775807))
Edge(160890,284699,(1,9223372036854775807))
Edge(161284,305571,(3,9223372036854775807))
Edge(161691,60086,(3,9223372036854775807))
Edge(162669,235552,(3,9223372036854775807))
Edge(162770,13385,(3,9223372036854775807))
Edge(162848,466789,(3,9223372036854775807))
Edge(163112,85226,(3,9223372036854775807))
Edge(163284,417887,(1,3))
Edge(164438,222318,(3,9223372036854775807))
Edge(164524,433139,(3,9223372036854775807))
Edge(164601,296391,(3,9223372036854775807))
Edge(164880,499021,(3,9223372036854775807))
Edge(165614,495341,(3,9223372036854775807))
Edge(165690,456589,(3,9223372036854775807))
Edge(165944,395605,(3,9223372036854775807))
Edge(166633,408650,(1,9223372036854775807))
Edge(167458,295879,(3,9223372036854775807))
Edge(167792,240818,(3,9223372036854775807))
Edge(167965,482240,(3,9223372036854775807))
Edge(168359,122198,(3,9223372036854775807))
Edge(168538,198296,(3,9223372036854775807))
Edge(169040,16437,(1,9223372036854775807))
Edge(169142,148442,(3,9223372036854775807))
Edge(169410,7005,(3,9223372036854775807))
Edge(169411,182168,(3,9223372036854775807))
Edge(169792,225611,(3,9223372036854775807))
Edge(171557,227389,(3,9223372036854775807))
Edge(171979,380035,(3,9223372036854775807))
Edge(172115,416154,(3,9223372036854775807))
Edge(172555,346000,(3,9223372036854775807))
Edge(172740,267214,(3,9223372036854775807))
Edge(172750,295559,(1,9223372036854775807))
Edge(173250,209739,(3,9223372036854775807))
Edge(173375,77366,(3,9223372036854775807))
Edge(173582,479059,(3,9223372036854775807))
Edge(173620,263238,(3,9223372036854775807))
Edge(173801,262509,(3,9223372036854775807))
Edge(174130,366695,(3,9223372036854775807))
Edge(174232,208229,(1,9223372036854775807))
Edge(174335,450411,(1,3))
Edge(174692,233701,(1,9223372036854775807))
Edge(174721,276550,(3,9223372036854775807))
Edge(175713,372347,(3,9223372036854775807))
Edge(176013,203280,(1,3))
Edge(176237,25081,(3,9223372036854775807))
Edge(176482,191760,(3,9223372036854775807))
Edge(176723,111473,(3,9223372036854775807))
Edge(176818,492699,(1,3))
Edge(177778,459028,(3,9223372036854775807))
Edge(178207,345358,(3,9223372036854775807))
Edge(178558,362734,(3,9223372036854775807))
Edge(178717,332765,(1,9223372036854775807))
Edge(179071,263938,(3,9223372036854775807))
Edge(179588,203286,(3,9223372036854775807))
Edge(179659,246613,(3,9223372036854775807))
Edge(180239,45594,(3,9223372036854775807))
Edge(180250,46681,(3,9223372036854775807))
Edge(180358,358981,(3,9223372036854775807))
Edge(180852,353593,(3,9223372036854775807))
Edge(181830,398064,(1,3))
Edge(182048,396214,(3,9223372036854775807))
Edge(182626,52837,(1,9223372036854775807))
Edge(182631,441812,(3,9223372036854775807))
Edge(182680,341933,(3,9223372036854775807))
Edge(182704,226737,(3,9223372036854775807))
Edge(183254,390051,(3,9223372036854775807))
Edge(183393,297369,(3,9223372036854775807))
Edge(184087,187985,(1,9223372036854775807))
Edge(184238,222844,(1,3))
Edge(184260,447640,(3,9223372036854775807))
Edge(185075,23605,(3,9223372036854775807))
Edge(185295,442183,(3,9223372036854775807))
Edge(185412,88066,(3,9223372036854775807))
Edge(186163,69983,(3,9223372036854775807))
Edge(186371,209283,(1,9223372036854775807))
Edge(186874,154860,(3,9223372036854775807))
Edge(187135,200888,(3,9223372036854775807))
Edge(187150,323468,(3,9223372036854775807))
Edge(188116,177548,(1,9223372036854775807))
Edge(188290,382772,(3,9223372036854775807))
Edge(188421,87160,(3,9223372036854775807))
Edge(188575,33150,(3,9223372036854775807))
Edge(189241,443065,(1,3))
Edge(189368,360194,(3,9223372036854775807))
Edge(189447,368273,(3,9223372036854775807))
Edge(189452,397575,(3,9223372036854775807))
Edge(190623,261896,(1,9223372036854775807))
Edge(190706,365766,(3,9223372036854775807))
Edge(190750,425576,(3,9223372036854775807))
Edge(190866,225402,(1,9223372036854775807))
Edge(191087,338131,(3,9223372036854775807))
Edge(191099,452266,(3,9223372036854775807))
Edge(191334,283019,(3,9223372036854775807))
Edge(191462,226966,(1,3))
Edge(191620,35322,(3,9223372036854775807))
Edge(191759,424330,(3,9223372036854775807))
Edge(191823,420621,(3,9223372036854775807))
Edge(191961,89680,(1,9223372036854775807))
Edge(192079,104504,(3,9223372036854775807))
Edge(192355,354898,(3,9223372036854775807))
Edge(192366,178046,(3,9223372036854775807))
Edge(192462,48548,(3,9223372036854775807))
Edge(192907,484544,(3,9223372036854775807))
Edge(192918,11234,(3,9223372036854775807))
Edge(193316,34882,(1,3))
Edge(193396,128870,(4,9223372036854775807))
Edge(193924,21921,(1,9223372036854775807))
Edge(194091,260249,(3,9223372036854775807))
Edge(194123,190482,(1,9223372036854775807))
Edge(194357,317559,(3,9223372036854775807))
Edge(194913,11647,(3,9223372036854775807))
Edge(194973,404117,(3,9223372036854775807))
Edge(195034,184954,(1,9223372036854775807))
Edge(195043,306605,(3,9223372036854775807))
Edge(195500,112936,(4,9223372036854775807))
Edge(195515,120931,(1,9223372036854775807))
Edge(195643,477987,(1,3))
Edge(195733,146677,(3,9223372036854775807))
Edge(196035,89365,(3,9223372036854775807))
Edge(196291,100491,(3,9223372036854775807))
Edge(196420,202754,(3,9223372036854775807))
Edge(197180,443522,(3,9223372036854775807))
Edge(197592,32985,(3,9223372036854775807))
Edge(197885,496173,(3,9223372036854775807))
Edge(198014,338631,(1,9223372036854775807))
Edge(198133,249191,(1,3))
Edge(198398,307440,(3,9223372036854775807))
Edge(198873,380136,(1,9223372036854775807))
Edge(198932,458306,(3,9223372036854775807))
Edge(198997,265445,(3,9223372036854775807))
Edge(199675,381873,(3,9223372036854775807))
Edge(200033,230290,(3,9223372036854775807))
Edge(200081,62851,(3,9223372036854775807))
Edge(200150,383162,(3,9223372036854775807))
Edge(200279,307727,(3,9223372036854775807))
Edge(200284,74315,(3,9223372036854775807))
Edge(200502,322672,(3,9223372036854775807))
Edge(200692,483350,(1,9223372036854775807))
Edge(200831,205380,(1,9223372036854775807))
Edge(201019,156574,(3,9223372036854775807))
Edge(201092,35596,(3,9223372036854775807))
Edge(201138,471043,(3,9223372036854775807))
Edge(201453,287389,(3,9223372036854775807))
Edge(201731,330899,(3,9223372036854775807))
Edge(201859,189555,(3,9223372036854775807))
Edge(202613,75406,(3,9223372036854775807))
Edge(202851,95875,(1,3))
Edge(202861,394007,(3,9223372036854775807))
Edge(203227,484786,(3,9223372036854775807))
Edge(203495,49748,(1,3))
Edge(204238,33000,(3,9223372036854775807))
Edge(204530,108646,(3,9223372036854775807))
Edge(204667,25254,(3,9223372036854775807))
Edge(204929,121645,(3,9223372036854775807))
Edge(205617,263608,(3,9223372036854775807))
Edge(205763,238023,(4,9223372036854775807))
Edge(205797,250861,(1,9223372036854775807))
Edge(206671,52097,(3,9223372036854775807))
Edge(207002,12590,(3,9223372036854775807))
Edge(207218,389002,(3,9223372036854775807))
Edge(208014,404179,(3,9223372036854775807))
Edge(208544,65458,(3,9223372036854775807))
Edge(209354,3236,(3,9223372036854775807))
Edge(209473,25666,(1,3))
Edge(209539,115833,(1,9223372036854775807))
Edge(209618,118508,(3,9223372036854775807))
Edge(210249,55056,(3,9223372036854775807))
Edge(210347,403842,(3,9223372036854775807))
Edge(211164,175808,(3,9223372036854775807))
Edge(211211,160072,(3,9223372036854775807))
Edge(211388,355993,(3,9223372036854775807))
Edge(211507,325064,(3,9223372036854775807))
Edge(211544,397805,(3,9223372036854775807))
Edge(212311,318405,(1,3))
Edge(212487,128864,(3,9223372036854775807))
Edge(212528,179885,(3,9223372036854775807))
Edge(212638,469734,(1,9223372036854775807))
Edge(212776,428641,(3,9223372036854775807))
Edge(213345,86142,(3,9223372036854775807))
Edge(213459,293850,(3,9223372036854775807))
Edge(213526,484105,(3,9223372036854775807))
Edge(213606,440154,(3,9223372036854775807))
Edge(213683,379108,(3,9223372036854775807))
Edge(213882,481980,(1,9223372036854775807))
Edge(214225,441523,(3,9223372036854775807))
Edge(214294,120688,(1,9223372036854775807))
Edge(214381,235010,(3,9223372036854775807))
Edge(214689,134462,(1,9223372036854775807))
Edge(215396,174296,(1,9223372036854775807))
Edge(215658,296219,(3,9223372036854775807))
Edge(215698,152652,(3,9223372036854775807))
Edge(216282,528,(3,9223372036854775807))
Edge(216417,431563,(1,3))
Edge(216972,187190,(3,9223372036854775807))
Edge(217042,127050,(3,9223372036854775807))
Edge(217200,92793,(3,9223372036854775807))
Edge(217540,286556,(3,9223372036854775807))
Edge(217601,138854,(3,9223372036854775807))
Edge(217683,438676,(3,9223372036854775807))
Edge(218084,498663,(3,9223372036854775807))
Edge(218306,191411,(3,9223372036854775807))
Edge(218760,281774,(3,9223372036854775807))
Edge(219020,240699,(3,9223372036854775807))
Edge(219450,463470,(1,9223372036854775807))
Edge(219501,143806,(3,9223372036854775807))
Edge(219523,227624,(3,9223372036854775807))
Edge(219560,356720,(3,9223372036854775807))
Edge(220161,115237,(3,9223372036854775807))
Edge(221391,202058,(1,9223372036854775807))
Edge(221431,369827,(3,9223372036854775807))
Edge(221736,149808,(3,9223372036854775807))
Edge(221895,302560,(3,9223372036854775807))
Edge(222148,160020,(1,3))
Edge(222246,241042,(1,3))
Edge(222369,289153,(3,9223372036854775807))
Edge(223094,49205,(1,9223372036854775807))
Edge(223293,172563,(1,9223372036854775807))
Edge(223410,26341,(3,9223372036854775807))
Edge(223415,62994,(3,9223372036854775807))
Edge(223631,263118,(3,9223372036854775807))
Edge(223696,328213,(1,9223372036854775807))
Edge(223966,492442,(3,9223372036854775807))
Edge(224009,474073,(3,9223372036854775807))
Edge(224159,140525,(1,9223372036854775807))
Edge(224169,103089,(3,9223372036854775807))
Edge(224177,369671,(3,9223372036854775807))
Edge(224373,415527,(3,9223372036854775807))
Edge(224444,52916,(3,9223372036854775807))
Edge(224663,371613,(3,9223372036854775807))
Edge(225071,338690,(1,3))
Edge(225517,211295,(3,9223372036854775807))
Edge(225547,443334,(3,9223372036854775807))
Edge(225741,412503,(1,9223372036854775807))
Edge(226566,173892,(3,9223372036854775807))
Edge(226675,88758,(3,9223372036854775807))
Edge(226768,198414,(3,9223372036854775807))
Edge(226828,59000,(3,9223372036854775807))
Edge(227059,337244,(1,9223372036854775807))
Edge(227071,464091,(1,9223372036854775807))
Edge(227148,239111,(1,9223372036854775807))
Edge(227288,293227,(3,9223372036854775807))
Edge(227380,68289,(3,9223372036854775807))
Edge(227627,425421,(3,4))
Edge(228052,138663,(3,9223372036854775807))
Edge(228447,381752,(1,9223372036854775807))
Edge(228676,494386,(3,9223372036854775807))
Edge(228696,269831,(3,9223372036854775807))
Edge(230106,241188,(1,9223372036854775807))
Edge(230168,118583,(4,9223372036854775807))
Edge(230296,187899,(3,9223372036854775807))
Edge(230370,72116,(3,9223372036854775807))
Edge(230556,357583,(3,9223372036854775807))
Edge(230714,181976,(3,9223372036854775807))
Edge(231122,474486,(1,3))
Edge(231196,140092,(1,3))
Edge(231630,288212,(1,3))
Edge(231926,285378,(1,9223372036854775807))
Edge(231984,17058,(3,9223372036854775807))
Edge(232087,17699,(1,9223372036854775807))
Edge(232508,119819,(3,9223372036854775807))
Edge(232683,410400,(1,9223372036854775807))
Edge(233135,46819,(3,9223372036854775807))
Edge(233309,309171,(3,9223372036854775807))
Edge(233622,181161,(3,9223372036854775807))
Edge(234229,215158,(3,9223372036854775807))
Edge(234281,214637,(3,9223372036854775807))
Edge(234313,182245,(1,3))
Edge(234450,496779,(3,9223372036854775807))
Edge(234636,28389,(3,9223372036854775807))
Edge(235000,279639,(3,9223372036854775807))
Edge(235069,256337,(3,9223372036854775807))
Edge(235069,308550,(3,9223372036854775807))
Edge(235180,175793,(3,9223372036854775807))
Edge(235237,406349,(1,9223372036854775807))
Edge(235492,37456,(3,9223372036854775807))
Edge(235588,124140,(3,9223372036854775807))
Edge(235898,128353,(3,9223372036854775807))
Edge(236320,167450,(3,9223372036854775807))
Edge(236804,472192,(3,9223372036854775807))
Edge(236908,34923,(3,9223372036854775807))
Edge(236975,481428,(3,9223372036854775807))
Edge(237040,56147,(3,9223372036854775807))
Edge(237065,185802,(1,9223372036854775807))
Edge(237530,246465,(3,9223372036854775807))
Edge(237668,482807,(1,9223372036854775807))
Edge(238686,456311,(3,9223372036854775807))
Edge(238717,276752,(1,9223372036854775807))
Edge(239444,70572,(3,9223372036854775807))
Edge(239828,449409,(3,9223372036854775807))
Edge(240015,235499,(3,9223372036854775807))
Edge(240146,1613,(1,9223372036854775807))
Edge(240448,355716,(3,9223372036854775807))
Edge(240556,370591,(1,3))
Edge(240736,226231,(3,9223372036854775807))
Edge(241268,360854,(3,9223372036854775807))
Edge(241289,433931,(3,9223372036854775807))
Edge(241566,121659,(3,9223372036854775807))
Edge(242210,416438,(1,3))
Edge(242518,18557,(3,9223372036854775807))
Edge(242995,329715,(3,9223372036854775807))
Edge(243114,292562,(3,9223372036854775807))
Edge(243251,291976,(3,9223372036854775807))
Edge(243322,83430,(3,9223372036854775807))
Edge(243341,29702,(3,9223372036854775807))
Edge(243401,253640,(3,9223372036854775807))
Edge(243626,295822,(3,9223372036854775807))
Edge(243753,215337,(3,9223372036854775807))
Edge(243984,324084,(3,9223372036854775807))
Edge(244029,14319,(3,9223372036854775807))
Edge(244135,251660,(3,9223372036854775807))
Edge(244212,167631,(1,3))
Edge(244479,275702,(3,9223372036854775807))
Edge(244636,86045,(3,9223372036854775807))
Edge(244750,284210,(3,9223372036854775807))
Edge(244864,459679,(3,9223372036854775807))
Edge(244883,307040,(3,9223372036854775807))
Edge(245575,258041,(3,9223372036854775807))
Edge(245591,45139,(3,9223372036854775807))
Edge(245630,58407,(1,9223372036854775807))
Edge(246097,415325,(3,9223372036854775807))
Edge(246406,402348,(3,9223372036854775807))
Edge(246431,273930,(3,9223372036854775807))
Edge(247577,426309,(1,9223372036854775807))
Edge(248023,18113,(3,9223372036854775807))
Edge(248193,237649,(1,3))
Edge(248221,382202,(3,9223372036854775807))
Edge(248564,110500,(1,3))
Edge(248679,306134,(1,3))
Edge(248824,136606,(3,9223372036854775807))
Edge(248949,360127,(3,9223372036854775807))
Edge(248988,201200,(3,9223372036854775807))
Edge(249010,364806,(3,9223372036854775807))
Edge(249328,319674,(3,9223372036854775807))
Edge(249470,471700,(3,9223372036854775807))
Edge(249646,274164,(1,9223372036854775807))
Edge(250122,251691,(1,9223372036854775807))
Edge(250141,387751,(3,9223372036854775807))
Edge(250401,304777,(3,9223372036854775807))
Edge(250472,50808,(1,3))
Edge(250838,72272,(3,9223372036854775807))
Edge(251017,302650,(3,9223372036854775807))
Edge(251207,350836,(3,9223372036854775807))
Edge(251680,320979,(3,9223372036854775807))
Edge(251927,91473,(3,9223372036854775807))
Edge(251928,250421,(3,9223372036854775807))
Edge(251958,78731,(3,9223372036854775807))
Edge(252009,61723,(3,9223372036854775807))
Edge(252393,434580,(3,9223372036854775807))
Edge(252532,419374,(3,9223372036854775807))
Edge(252580,335626,(3,9223372036854775807))
Edge(252672,471740,(3,9223372036854775807))
Edge(252953,473830,(3,9223372036854775807))
Edge(253143,2635,(3,9223372036854775807))
Edge(253542,207681,(3,9223372036854775807))
Edge(254019,345310,(3,9223372036854775807))
Edge(254021,19402,(3,9223372036854775807))
Edge(254150,13681,(3,9223372036854775807))
Edge(254540,67623,(1,9223372036854775807))
Edge(254599,400841,(3,9223372036854775807))
Edge(255035,46615,(3,9223372036854775807))
Edge(255842,497650,(3,9223372036854775807))
Edge(256072,440499,(3,9223372036854775807))
Edge(256143,203466,(3,9223372036854775807))
Edge(256619,165399,(3,9223372036854775807))
Edge(256944,47491,(3,9223372036854775807))
Edge(256993,435659,(1,9223372036854775807))
Edge(257378,412668,(3,9223372036854775807))
Edge(257955,286736,(3,9223372036854775807))
Edge(259343,75984,(1,3))
Edge(259446,65880,(3,9223372036854775807))
Edge(259454,90410,(1,9223372036854775807))
Edge(259849,487642,(3,9223372036854775807))
Edge(260141,331678,(3,9223372036854775807))
Edge(260464,61694,(3,9223372036854775807))
Edge(260480,25625,(1,9223372036854775807))
Edge(261668,2530,(3,9223372036854775807))
Edge(261885,345431,(3,9223372036854775807))
Edge(261986,232964,(3,9223372036854775807))
Edge(262459,298934,(3,9223372036854775807))
Edge(262659,256469,(3,9223372036854775807))
Edge(262699,410261,(3,9223372036854775807))
Edge(262758,399571,(3,9223372036854775807))
Edge(262831,49440,(3,9223372036854775807))
Edge(262916,416662,(1,9223372036854775807))
Edge(263086,418084,(1,3))
Edge(263200,10892,(3,9223372036854775807))
Edge(263390,324459,(3,9223372036854775807))
Edge(263425,437432,(3,9223372036854775807))
Edge(264122,411322,(3,9223372036854775807))
Edge(264146,276606,(3,9223372036854775807))
Edge(264241,44232,(3,9223372036854775807))
Edge(265322,26405,(3,9223372036854775807))
Edge(265433,133054,(1,9223372036854775807))
Edge(265590,324299,(4,9223372036854775807))
Edge(265820,183630,(3,9223372036854775807))
Edge(266036,83008,(3,9223372036854775807))
Edge(266155,368044,(3,9223372036854775807))
Edge(266174,264003,(3,9223372036854775807))
Edge(266264,20767,(3,9223372036854775807))
Edge(266295,260305,(1,3))
Edge(266377,380600,(1,9223372036854775807))
Edge(266556,120305,(3,9223372036854775807))
Edge(266676,96294,(3,9223372036854775807))
Edge(269141,368984,(1,9223372036854775807))
Edge(269817,481561,(3,9223372036854775807))
Edge(270134,211709,(3,9223372036854775807))
Edge(270647,312372,(3,9223372036854775807))
Edge(270795,282891,(3,9223372036854775807))
Edge(270847,386059,(3,9223372036854775807))
Edge(271045,476903,(3,9223372036854775807))
Edge(271073,130886,(3,9223372036854775807))
Edge(271344,208925,(3,9223372036854775807))
Edge(271403,461948,(3,9223372036854775807))
Edge(271589,341105,(3,9223372036854775807))
Edge(271743,6943,(3,9223372036854775807))
Edge(271868,84145,(3,9223372036854775807))
Edge(272179,466758,(3,9223372036854775807))
Edge(272431,5077,(3,9223372036854775807))
Edge(273296,470249,(3,9223372036854775807))
Edge(273622,286681,(3,9223372036854775807))
Edge(273946,310009,(3,9223372036854775807))
Edge(274361,204405,(1,3))
Edge(274789,189969,(3,9223372036854775807))
Edge(274956,499702,(1,3))
Edge(275161,308086,(3,9223372036854775807))
Edge(275672,275004,(3,9223372036854775807))
Edge(275687,183298,(3,9223372036854775807))
Edge(275928,356956,(1,9223372036854775807))
Edge(276089,97075,(3,9223372036854775807))
Edge(276747,148340,(3,9223372036854775807))
Edge(277182,102455,(3,9223372036854775807))
Edge(277224,338214,(3,9223372036854775807))
Edge(277464,138115,(3,9223372036854775807))
Edge(277628,28286,(3,9223372036854775807))
Edge(277699,1416,(1,9223372036854775807))
Edge(277763,207076,(3,9223372036854775807))
Edge(277999,83067,(3,9223372036854775807))
Edge(278326,173284,(3,9223372036854775807))
Edge(278342,277392,(3,9223372036854775807))
Edge(278479,236632,(1,9223372036854775807))
Edge(278538,357172,(1,9223372036854775807))
Edge(278685,102045,(3,9223372036854775807))
Edge(279133,362096,(3,9223372036854775807))
Edge(279368,164717,(3,9223372036854775807))
Edge(279441,92455,(3,9223372036854775807))
Edge(279970,405833,(1,3))
Edge(280118,414432,(3,9223372036854775807))
Edge(280131,449528,(3,9223372036854775807))
Edge(280267,175220,(1,9223372036854775807))
Edge(280289,365898,(3,9223372036854775807))
Edge(281475,492266,(3,9223372036854775807))
Edge(281575,262033,(3,9223372036854775807))
Edge(281993,39163,(1,9223372036854775807))
Edge(282107,390917,(3,9223372036854775807))
Edge(282597,147389,(3,9223372036854775807))
Edge(283022,242057,(3,9223372036854775807))
Edge(283201,341238,(3,9223372036854775807))
Edge(283229,41543,(3,9223372036854775807))
Edge(283273,417328,(3,9223372036854775807))
Edge(283863,156350,(3,9223372036854775807))
Edge(283919,465365,(3,9223372036854775807))
Edge(284312,115944,(1,3))
Edge(284670,104757,(3,9223372036854775807))
Edge(285206,205393,(3,9223372036854775807))
Edge(285624,455767,(3,9223372036854775807))
Edge(285709,31687,(3,9223372036854775807))
Edge(285912,248215,(1,9223372036854775807))
Edge(285984,131366,(3,9223372036854775807))
Edge(285998,259064,(3,9223372036854775807))
Edge(286075,346105,(1,9223372036854775807))
Edge(286681,17586,(3,9223372036854775807))
Edge(287133,289819,(3,9223372036854775807))
Edge(287227,218265,(3,9223372036854775807))
Edge(287288,489569,(3,9223372036854775807))
Edge(287366,435039,(3,9223372036854775807))
Edge(287520,179409,(3,9223372036854775807))
Edge(289297,436389,(3,9223372036854775807))
Edge(289309,421672,(3,9223372036854775807))
Edge(289549,97450,(3,9223372036854775807))
Edge(289845,83805,(1,3))
Edge(289959,169160,(3,9223372036854775807))
Edge(290025,270762,(3,9223372036854775807))
Edge(290435,289672,(3,9223372036854775807))
Edge(290468,154104,(3,9223372036854775807))
Edge(291683,434691,(3,9223372036854775807))
Edge(291764,487598,(3,9223372036854775807))
Edge(292160,152384,(3,9223372036854775807))
Edge(292218,192143,(3,9223372036854775807))
Edge(292347,420113,(1,9223372036854775807))
Edge(293301,372572,(1,3))
Edge(294321,315210,(1,3))
Edge(294485,153077,(3,9223372036854775807))
Edge(294486,243210,(3,9223372036854775807))
Edge(295496,161204,(3,9223372036854775807))
Edge(296170,349224,(3,9223372036854775807))
Edge(296177,368061,(3,9223372036854775807))
Edge(296417,383435,(3,9223372036854775807))
Edge(296604,301694,(1,3))
Edge(297717,414516,(3,9223372036854775807))
Edge(298034,448784,(3,9223372036854775807))
Edge(298287,461815,(3,9223372036854775807))
Edge(298459,290452,(3,9223372036854775807))
Edge(298717,72347,(3,9223372036854775807))
Edge(299015,219302,(3,9223372036854775807))
Edge(299526,15370,(3,9223372036854775807))
Edge(299529,138302,(3,9223372036854775807))
Edge(299623,66822,(1,9223372036854775807))
Edge(300326,494318,(1,9223372036854775807))
Edge(300337,51840,(1,9223372036854775807))
Edge(300627,164115,(1,3))
Edge(301759,227128,(3,9223372036854775807))
Edge(301850,248071,(1,9223372036854775807))
Edge(302088,448610,(3,9223372036854775807))
Edge(302209,60603,(3,9223372036854775807))
Edge(302222,442991,(3,9223372036854775807))
Edge(302330,493070,(3,9223372036854775807))
Edge(302468,335586,(3,9223372036854775807))
Edge(302994,149379,(3,9223372036854775807))
Edge(303123,240090,(3,9223372036854775807))
Edge(303294,431766,(1,9223372036854775807))
Edge(303590,147911,(3,9223372036854775807))
Edge(303856,286258,(1,3))
Edge(304697,491353,(4,9223372036854775807))
Edge(304986,66132,(1,9223372036854775807))
Edge(305034,119535,(3,9223372036854775807))
Edge(305045,467841,(1,9223372036854775807))
Edge(305128,251410,(3,9223372036854775807))
Edge(305184,368536,(3,9223372036854775807))
Edge(305203,254521,(3,9223372036854775807))
Edge(305216,104029,(1,3))
Edge(305291,104920,(3,9223372036854775807))
Edge(305316,371030,(3,9223372036854775807))
Edge(305609,214826,(3,9223372036854775807))
Edge(305810,5739,(4,9223372036854775807))
Edge(305842,145294,(1,9223372036854775807))
Edge(305983,98563,(3,9223372036854775807))
Edge(306262,176531,(1,9223372036854775807))
Edge(306685,171790,(3,9223372036854775807))
Edge(306702,379244,(3,9223372036854775807))
Edge(307062,415948,(3,9223372036854775807))
Edge(307090,294089,(3,9223372036854775807))
Edge(308332,379553,(3,9223372036854775807))
Edge(308448,160539,(3,9223372036854775807))
Edge(309113,473181,(1,9223372036854775807))
Edge(309816,57586,(3,9223372036854775807))
Edge(310065,339539,(3,9223372036854775807))
Edge(310258,449712,(3,9223372036854775807))
Edge(310607,246807,(3,9223372036854775807))
Edge(310674,65898,(3,9223372036854775807))
Edge(310792,215137,(3,9223372036854775807))
Edge(310941,224847,(3,9223372036854775807))
Edge(310966,195601,(3,9223372036854775807))
Edge(310991,232603,(3,9223372036854775807))
Edge(311180,217144,(3,9223372036854775807))
Edge(311751,77091,(3,9223372036854775807))
Edge(312299,306127,(3,9223372036854775807))
Edge(312342,60363,(3,9223372036854775807))
Edge(312438,301232,(3,9223372036854775807))
Edge(312613,24091,(3,9223372036854775807))
Edge(312710,279878,(3,9223372036854775807))
Edge(313081,103011,(3,9223372036854775807))
Edge(313348,285629,(3,9223372036854775807))
Edge(313580,436447,(3,9223372036854775807))
Edge(313642,206720,(3,9223372036854775807))
Edge(313677,62770,(3,9223372036854775807))
Edge(314100,173927,(1,3))
Edge(314184,475340,(3,9223372036854775807))
Edge(314478,47420,(3,9223372036854775807))
Edge(315048,13789,(3,9223372036854775807))
Edge(315455,349696,(3,9223372036854775807))
Edge(315845,249680,(1,3))
Edge(315986,344369,(3,9223372036854775807))
Edge(316113,418385,(3,9223372036854775807))
Edge(316433,282435,(3,9223372036854775807))
Edge(316617,360748,(3,9223372036854775807))
Edge(316659,449170,(3,9223372036854775807))
Edge(316810,223854,(3,9223372036854775807))
Edge(317588,362427,(1,9223372036854775807))
Edge(317755,44529,(3,9223372036854775807))
Edge(318410,395178,(3,9223372036854775807))
Edge(319267,123668,(3,9223372036854775807))
Edge(319543,25421,(1,9223372036854775807))
Edge(319550,8261,(3,9223372036854775807))
Edge(319828,30031,(3,9223372036854775807))
Edge(319887,72792,(1,9223372036854775807))
Edge(320007,411238,(3,9223372036854775807))
Edge(320175,316297,(3,9223372036854775807))
Edge(320391,55819,(3,9223372036854775807))
Edge(320494,322523,(3,9223372036854775807))
Edge(320564,111365,(3,9223372036854775807))
Edge(320634,340890,(3,9223372036854775807))
Edge(321088,404846,(3,9223372036854775807))
Edge(321229,146636,(3,9223372036854775807))
Edge(321392,108829,(3,9223372036854775807))
Edge(321457,386312,(1,9223372036854775807))
Edge(321523,177053,(3,9223372036854775807))
Edge(321698,292063,(3,9223372036854775807))
Edge(321759,306574,(3,9223372036854775807))
Edge(322337,161962,(3,9223372036854775807))
Edge(322714,51260,(3,9223372036854775807))
Edge(322720,386366,(3,9223372036854775807))
Edge(322794,370211,(3,9223372036854775807))
Edge(323553,407829,(3,9223372036854775807))
Edge(323704,78776,(3,9223372036854775807))
Edge(323978,213380,(3,9223372036854775807))
Edge(324231,485002,(3,9223372036854775807))
Edge(324795,325140,(3,9223372036854775807))
Edge(325172,495178,(3,9223372036854775807))
Edge(326120,8645,(3,9223372036854775807))
Edge(326782,451424,(3,9223372036854775807))
Edge(327777,10064,(3,9223372036854775807))
Edge(327871,89471,(3,9223372036854775807))
Edge(327903,147194,(3,9223372036854775807))
Edge(327988,429943,(1,9223372036854775807))
Edge(328117,438866,(3,9223372036854775807))
Edge(328219,236125,(3,9223372036854775807))
Edge(328240,230062,(1,3))
Edge(328377,137083,(3,9223372036854775807))
Edge(328724,55446,(3,9223372036854775807))
Edge(328731,349490,(3,9223372036854775807))
Edge(329105,112393,(3,9223372036854775807))
Edge(329176,409684,(3,9223372036854775807))
Edge(329386,273450,(3,9223372036854775807))
Edge(329562,166003,(1,9223372036854775807))
Edge(329672,49269,(3,9223372036854775807))
Edge(330343,213517,(3,9223372036854775807))
Edge(330492,77616,(1,9223372036854775807))
Edge(330566,8239,(3,9223372036854775807))
Edge(330952,23656,(3,9223372036854775807))
Edge(331057,97136,(3,9223372036854775807))
Edge(331180,146274,(3,9223372036854775807))
Edge(331981,485165,(3,9223372036854775807))
Edge(332106,340326,(1,9223372036854775807))
Edge(332219,152190,(3,9223372036854775807))
Edge(332586,487395,(3,9223372036854775807))
Edge(332933,88716,(3,9223372036854775807))
Edge(332954,127795,(3,9223372036854775807))
Edge(333394,343311,(3,9223372036854775807))
Edge(333580,90692,(3,9223372036854775807))
Edge(334116,487751,(3,9223372036854775807))
Edge(334231,443858,(3,9223372036854775807))
Edge(334459,358418,(3,9223372036854775807))
Edge(334787,90502,(3,9223372036854775807))
Edge(335417,287427,(3,9223372036854775807))
Edge(335702,323791,(3,9223372036854775807))
Edge(335810,75087,(3,9223372036854775807))
Edge(335974,419503,(3,9223372036854775807))
Edge(336117,474335,(3,9223372036854775807))
Edge(336216,433052,(3,9223372036854775807))
Edge(337119,354143,(3,9223372036854775807))
Edge(337168,416811,(3,9223372036854775807))
Edge(337313,290064,(3,9223372036854775807))
Edge(337574,410170,(3,9223372036854775807))
Edge(337884,82464,(3,9223372036854775807))
Edge(338000,452330,(3,9223372036854775807))
Edge(338697,494162,(3,9223372036854775807))
Edge(338862,302521,(3,9223372036854775807))
Edge(340016,466145,(1,9223372036854775807))
Edge(340068,221382,(3,9223372036854775807))
Edge(340237,364924,(3,9223372036854775807))
Edge(340714,250489,(1,9223372036854775807))
Edge(342106,260549,(1,9223372036854775807))
Edge(343045,272128,(3,9223372036854775807))
Edge(343167,206985,(3,9223372036854775807))
Edge(343256,68701,(3,9223372036854775807))
Edge(343359,179113,(1,3))
Edge(344060,401390,(1,9223372036854775807))
Edge(344208,238177,(3,9223372036854775807))
Edge(344379,313061,(3,9223372036854775807))
Edge(344497,117620,(3,9223372036854775807))
Edge(344502,341990,(1,3))
Edge(344524,496853,(3,9223372036854775807))
Edge(344638,263017,(3,9223372036854775807))
Edge(344885,6785,(1,9223372036854775807))
Edge(345478,455889,(3,9223372036854775807))
Edge(346627,351060,(1,9223372036854775807))
Edge(347491,473429,(3,9223372036854775807))
Edge(347673,399612,(3,9223372036854775807))
Edge(347968,42064,(1,9223372036854775807))
Edge(348101,103027,(3,9223372036854775807))
Edge(348469,251441,(1,9223372036854775807))
Edge(348826,235653,(3,9223372036854775807))
Edge(349040,17924,(3,9223372036854775807))
Edge(349099,296705,(1,9223372036854775807))
Edge(349430,159686,(3,9223372036854775807))
Edge(350461,413277,(3,9223372036854775807))
Edge(350482,488873,(3,9223372036854775807))
Edge(350531,16365,(3,9223372036854775807))
Edge(351231,91800,(3,9223372036854775807))
Edge(351732,365759,(1,9223372036854775807))
Edge(351788,131967,(3,9223372036854775807))
Edge(351802,369990,(1,3))
Edge(352095,424046,(3,9223372036854775807))
Edge(352378,47918,(3,9223372036854775807))
Edge(352481,102726,(3,9223372036854775807))
Edge(352608,369447,(3,9223372036854775807))
Edge(352974,243596,(3,9223372036854775807))
Edge(353125,428603,(3,9223372036854775807))
Edge(353640,336758,(3,9223372036854775807))
Edge(353718,241220,(3,9223372036854775807))
Edge(354067,443726,(3,9223372036854775807))
Edge(354138,445118,(1,9223372036854775807))
Edge(354436,320693,(3,9223372036854775807))
Edge(354578,131743,(3,9223372036854775807))
Edge(354729,474641,(3,9223372036854775807))
Edge(354896,387177,(3,9223372036854775807))
Edge(354919,263993,(3,9223372036854775807))
Edge(354960,363741,(1,9223372036854775807))
Edge(355156,214429,(1,9223372036854775807))
Edge(356006,229204,(3,9223372036854775807))
Edge(356088,106160,(3,9223372036854775807))
Edge(356203,208482,(3,9223372036854775807))
Edge(356763,56890,(1,3))
Edge(357118,312912,(3,9223372036854775807))
Edge(357214,365555,(3,9223372036854775807))
Edge(357330,376298,(3,9223372036854775807))
Edge(357411,456505,(1,9223372036854775807))
Edge(357570,76686,(1,3))
Edge(357621,443524,(3,9223372036854775807))
Edge(358125,247618,(3,9223372036854775807))
Edge(359041,151463,(3,9223372036854775807))
Edge(359127,183918,(1,9223372036854775807))
Edge(359382,182739,(3,9223372036854775807))
Edge(359797,253700,(3,9223372036854775807))
Edge(360083,443375,(3,9223372036854775807))
Edge(360342,250251,(3,9223372036854775807))
Edge(360617,69169,(3,9223372036854775807))
Edge(360867,229219,(3,9223372036854775807))
Edge(361104,222470,(3,9223372036854775807))
Edge(361414,116193,(1,9223372036854775807))
Edge(361685,312412,(3,9223372036854775807))
Edge(361902,154766,(3,9223372036854775807))
Edge(361998,193825,(3,9223372036854775807))
Edge(363056,296777,(3,9223372036854775807))
Edge(363197,391224,(1,9223372036854775807))
Edge(363609,193877,(3,9223372036854775807))
Edge(363690,322784,(1,9223372036854775807))
Edge(363970,206913,(1,9223372036854775807))
Edge(364041,246460,(3,9223372036854775807))
Edge(364301,343754,(3,9223372036854775807))
Edge(364751,379338,(1,9223372036854775807))
Edge(365093,285898,(1,9223372036854775807))
Edge(365315,153989,(1,9223372036854775807))
Edge(365819,407904,(1,3))
Edge(366074,478051,(3,9223372036854775807))
Edge(367605,349971,(3,9223372036854775807))
Edge(368359,56226,(3,9223372036854775807))
Edge(368832,39430,(3,9223372036854775807))
Edge(369219,171649,(1,9223372036854775807))
Edge(369517,317150,(3,9223372036854775807))
Edge(369600,422979,(1,3))
Edge(369803,256108,(3,9223372036854775807))
Edge(369974,456666,(3,9223372036854775807))
Edge(370402,86214,(3,9223372036854775807))
Edge(370736,245110,(3,9223372036854775807))
Edge(371082,375888,(4,9223372036854775807))
Edge(371161,135076,(3,9223372036854775807))
Edge(371213,448012,(1,9223372036854775807))
Edge(372925,130565,(3,9223372036854775807))
Edge(372935,249707,(3,9223372036854775807))
Edge(373076,25513,(3,9223372036854775807))
Edge(373151,184983,(3,9223372036854775807))
Edge(373492,281699,(1,9223372036854775807))
Edge(373912,47445,(3,9223372036854775807))
Edge(374106,59017,(3,9223372036854775807))
Edge(374126,98888,(3,9223372036854775807))
Edge(374175,227668,(3,9223372036854775807))
Edge(374185,185590,(3,9223372036854775807))
Edge(374524,225450,(1,9223372036854775807))
Edge(374603,116161,(3,9223372036854775807))
Edge(374809,159377,(3,9223372036854775807))
Edge(374895,313788,(3,9223372036854775807))
Edge(375706,423091,(1,9223372036854775807))
Edge(375724,432553,(1,3))
Edge(375760,194209,(3,9223372036854775807))
Edge(375873,327338,(3,9223372036854775807))
Edge(375924,253830,(1,3))
Edge(376081,55541,(3,9223372036854775807))
Edge(376108,261578,(3,9223372036854775807))
Edge(376112,64842,(3,9223372036854775807))
Edge(376174,48497,(3,9223372036854775807))
Edge(376361,74415,(3,9223372036854775807))
Edge(377060,37021,(1,3))
Edge(377262,14739,(4,9223372036854775807))
Edge(377333,373651,(3,9223372036854775807))
Edge(377420,226490,(3,9223372036854775807))
Edge(377426,302072,(3,9223372036854775807))
Edge(377431,403795,(3,9223372036854775807))
Edge(377472,138246,(1,9223372036854775807))
Edge(377521,403002,(3,9223372036854775807))
Edge(377532,92444,(3,9223372036854775807))
Edge(377721,314949,(1,9223372036854775807))
Edge(377762,126188,(1,3))
Edge(378293,425472,(3,9223372036854775807))
Edge(378297,452133,(3,9223372036854775807))
Edge(378372,494279,(3,9223372036854775807))
Edge(378458,117760,(3,9223372036854775807))
Edge(378587,391934,(3,9223372036854775807))
Edge(378672,301139,(3,9223372036854775807))
Edge(378846,179014,(3,9223372036854775807))
Edge(379462,301928,(1,3))
Edge(379484,13516,(3,9223372036854775807))
Edge(379873,440919,(3,9223372036854775807))
Edge(379890,229238,(1,9223372036854775807))
Edge(380006,373242,(1,3))
Edge(380024,104833,(1,9223372036854775807))
Edge(380282,298370,(3,9223372036854775807))
Edge(380294,119007,(3,9223372036854775807))
Edge(380505,160679,(3,9223372036854775807))
Edge(380635,413697,(3,9223372036854775807))
Edge(380811,101012,(3,9223372036854775807))
Edge(380885,481294,(3,9223372036854775807))
Edge(380971,391888,(3,9223372036854775807))
Edge(381054,369424,(3,9223372036854775807))
Edge(381256,412100,(3,9223372036854775807))
Edge(381294,37527,(1,9223372036854775807))
Edge(381451,170484,(1,9223372036854775807))
Edge(381484,150790,(1,3))
Edge(381842,275442,(1,9223372036854775807))
Edge(382241,346190,(3,9223372036854775807))
Edge(383631,289776,(1,9223372036854775807))
Edge(383865,65574,(3,9223372036854775807))
Edge(383954,61453,(1,3))
Edge(384890,281121,(3,9223372036854775807))
Edge(384955,1474,(3,9223372036854775807))
Edge(385101,298928,(3,9223372036854775807))
Edge(385348,373535,(3,9223372036854775807))
Edge(386181,408168,(3,9223372036854775807))
Edge(386268,266369,(3,9223372036854775807))
Edge(386443,351951,(1,9223372036854775807))
Edge(386864,364616,(3,9223372036854775807))
Edge(387074,454975,(3,9223372036854775807))
Edge(387116,448978,(3,9223372036854775807))
Edge(388021,190978,(3,9223372036854775807))
Edge(388471,158426,(3,9223372036854775807))
Edge(388697,391201,(3,9223372036854775807))
Edge(388734,362677,(3,9223372036854775807))
Edge(389007,489236,(3,9223372036854775807))
Edge(389157,472701,(1,3))
Edge(389271,69210,(3,9223372036854775807))
Edge(389742,264842,(3,9223372036854775807))
Edge(390040,210922,(1,3))
Edge(390061,119399,(3,9223372036854775807))
Edge(390165,198029,(1,9223372036854775807))
Edge(390214,352932,(3,9223372036854775807))
Edge(390323,297814,(1,3))
Edge(390591,44819,(3,9223372036854775807))
Edge(390591,290251,(3,9223372036854775807))
Edge(390847,367987,(3,9223372036854775807))
Edge(391158,498806,(3,9223372036854775807))
Edge(391328,364999,(3,9223372036854775807))
Edge(391433,114363,(3,9223372036854775807))
Edge(391473,78658,(3,9223372036854775807))
Edge(391576,136290,(1,9223372036854775807))
Edge(391882,425105,(1,9223372036854775807))
Edge(392467,269534,(3,9223372036854775807))
Edge(392939,385989,(3,9223372036854775807))
Edge(393214,401596,(3,9223372036854775807))
Edge(393237,114387,(3,9223372036854775807))
Edge(393463,264807,(3,9223372036854775807))
Edge(393533,68690,(1,9223372036854775807))
Edge(393637,323705,(3,9223372036854775807))
Edge(393664,68917,(3,9223372036854775807))
Edge(394137,483970,(3,9223372036854775807))
Edge(394139,467579,(3,9223372036854775807))
Edge(394466,263580,(3,9223372036854775807))
Edge(394522,58540,(3,9223372036854775807))
Edge(394636,226951,(3,9223372036854775807))
Edge(394785,190602,(3,9223372036854775807))
Edge(395145,42424,(1,9223372036854775807))
Edge(395668,440221,(3,9223372036854775807))
Edge(396209,227843,(1,9223372036854775807))
Edge(396235,482675,(1,9223372036854775807))
Edge(396248,434895,(1,9223372036854775807))
Edge(396420,482348,(3,9223372036854775807))
Edge(396720,336261,(3,9223372036854775807))
Edge(396753,456892,(3,9223372036854775807))
Edge(396932,242366,(3,9223372036854775807))
Edge(396961,488195,(3,9223372036854775807))
Edge(397459,25163,(3,9223372036854775807))
Edge(397743,26764,(3,9223372036854775807))
Edge(397894,275274,(3,9223372036854775807))
Edge(397913,146301,(3,9223372036854775807))
Edge(398472,251949,(3,9223372036854775807))
Edge(398912,443579,(3,9223372036854775807))
Edge(398998,160766,(1,3))
Edge(399153,95575,(3,9223372036854775807))
Edge(399345,405815,(3,9223372036854775807))
Edge(399394,285317,(3,9223372036854775807))
Edge(399789,39964,(3,9223372036854775807))
Edge(400287,146543,(1,3))
Edge(400738,321398,(1,3))
Edge(400819,464415,(3,9223372036854775807))
Edge(401467,160271,(3,9223372036854775807))
Edge(401545,155111,(3,9223372036854775807))
Edge(401762,86125,(3,9223372036854775807))
Edge(402215,296263,(3,9223372036854775807))
Edge(402266,270303,(3,9223372036854775807))
Edge(402560,211848,(3,9223372036854775807))
Edge(402714,200954,(3,9223372036854775807))
Edge(403047,471900,(3,9223372036854775807))
Edge(403493,139761,(3,9223372036854775807))
Edge(403631,225813,(3,9223372036854775807))
Edge(404148,241217,(3,9223372036854775807))
Edge(404288,406268,(1,9223372036854775807))
Edge(404664,66075,(3,9223372036854775807))
Edge(405401,201182,(3,9223372036854775807))
Edge(405519,325117,(1,3))
Edge(405864,34146,(3,9223372036854775807))
Edge(405941,9172,(3,9223372036854775807))
Edge(406200,54438,(3,9223372036854775807))
Edge(406209,329798,(3,9223372036854775807))
Edge(406291,109759,(3,9223372036854775807))
Edge(406323,464778,(3,9223372036854775807))
Edge(406983,103619,(3,9223372036854775807))
Edge(407098,318586,(3,9223372036854775807))
Edge(407315,450368,(3,9223372036854775807))
Edge(407374,305916,(3,9223372036854775807))
Edge(407398,376190,(1,9223372036854775807))
Edge(407667,92663,(1,3))
Edge(407677,469188,(3,9223372036854775807))
Edge(408027,201649,(3,9223372036854775807))
Edge(408044,140076,(3,9223372036854775807))
Edge(408648,382583,(3,9223372036854775807))
Edge(409126,266290,(3,9223372036854775807))
Edge(409274,117131,(3,9223372036854775807))
Edge(409484,96696,(3,9223372036854775807))
Edge(409948,348040,(3,9223372036854775807))
Edge(410846,446233,(3,9223372036854775807))
Edge(411297,359056,(3,9223372036854775807))
Edge(411447,265396,(3,9223372036854775807))
Edge(411478,385770,(3,9223372036854775807))
Edge(411592,318958,(3,9223372036854775807))
Edge(411650,348159,(3,9223372036854775807))
Edge(411758,429759,(3,9223372036854775807))
Edge(412384,137226,(3,9223372036854775807))
Edge(412966,402873,(3,9223372036854775807))
Edge(412983,12881,(1,9223372036854775807))
Edge(413113,50785,(3,9223372036854775807))
Edge(413645,395428,(1,3))
Edge(413710,122420,(3,9223372036854775807))
Edge(413830,176608,(1,9223372036854775807))
Edge(413886,306420,(3,9223372036854775807))
Edge(414086,103292,(3,9223372036854775807))
Edge(414188,74835,(3,9223372036854775807))
Edge(414244,88305,(3,9223372036854775807))
Edge(414487,284369,(1,9223372036854775807))
Edge(414589,110138,(3,9223372036854775807))
Edge(414715,419474,(3,9223372036854775807))
Edge(414874,179690,(3,9223372036854775807))
Edge(415223,466745,(1,9223372036854775807))
Edge(415418,22243,(3,9223372036854775807))
Edge(415530,95162,(3,9223372036854775807))
Edge(415604,107298,(3,9223372036854775807))
Edge(415978,161566,(3,9223372036854775807))
Edge(416061,376210,(3,9223372036854775807))
Edge(416693,153342,(3,9223372036854775807))
Edge(416817,271525,(3,9223372036854775807))
Edge(416859,181555,(3,9223372036854775807))
Edge(416895,273695,(3,9223372036854775807))
Edge(416902,319940,(3,9223372036854775807))
Edge(416921,484101,(1,9223372036854775807))
Edge(417102,472305,(3,9223372036854775807))
Edge(418376,69750,(3,9223372036854775807))
Edge(419415,173510,(3,9223372036854775807))
Edge(419441,169247,(3,9223372036854775807))
Edge(419604,342194,(3,9223372036854775807))
Edge(419799,133852,(3,9223372036854775807))
Edge(419843,172264,(3,9223372036854775807))
Edge(420199,156336,(1,9223372036854775807))
Edge(420420,185814,(3,9223372036854775807))
Edge(420467,139564,(3,9223372036854775807))
Edge(420506,344847,(3,9223372036854775807))
Edge(420656,493801,(3,9223372036854775807))
Edge(420968,48235,(1,9223372036854775807))
Edge(420975,409490,(3,9223372036854775807))
Edge(421596,254748,(3,9223372036854775807))
Edge(421764,129109,(3,9223372036854775807))
Edge(421788,105314,(3,9223372036854775807))
Edge(421973,6116,(3,9223372036854775807))
Edge(421994,55669,(3,9223372036854775807))
Edge(422536,202372,(3,9223372036854775807))
Edge(423201,295851,(3,9223372036854775807))
Edge(423708,188635,(1,3))
Edge(424102,233477,(3,9223372036854775807))
Edge(424183,176419,(3,9223372036854775807))
Edge(424236,217454,(3,9223372036854775807))
Edge(424429,494206,(3,9223372036854775807))
Edge(426256,9881,(3,9223372036854775807))
Edge(426309,478986,(1,9223372036854775807))
Edge(426510,301822,(3,9223372036854775807))
Edge(426695,404810,(1,9223372036854775807))
Edge(427042,165411,(3,9223372036854775807))
Edge(427371,230769,(3,9223372036854775807))
Edge(427588,430892,(3,9223372036854775807))
Edge(427694,275728,(1,9223372036854775807))
Edge(427764,141144,(1,3))
Edge(427855,2068,(3,9223372036854775807))
Edge(428262,81005,(1,9223372036854775807))
Edge(428749,346997,(3,9223372036854775807))
Edge(428987,235508,(3,9223372036854775807))
Edge(429004,459594,(3,9223372036854775807))
Edge(429281,257739,(3,9223372036854775807))
Edge(429286,195901,(3,9223372036854775807))
Edge(429631,437417,(1,9223372036854775807))
Edge(429997,176107,(1,9223372036854775807))
Edge(430171,212253,(1,3))
Edge(430308,86557,(3,9223372036854775807))
Edge(430673,58455,(3,9223372036854775807))
Edge(430887,325040,(1,3))
Edge(431250,448487,(3,9223372036854775807))
Edge(431303,66802,(3,9223372036854775807))
Edge(431465,439663,(3,9223372036854775807))
Edge(432200,346946,(3,9223372036854775807))
Edge(432600,267368,(3,9223372036854775807))
Edge(432995,453230,(3,9223372036854775807))
Edge(433077,447226,(3,9223372036854775807))
Edge(433203,286959,(3,9223372036854775807))
Edge(433767,267876,(3,9223372036854775807))
Edge(433816,196360,(1,9223372036854775807))
Edge(433827,482942,(3,9223372036854775807))
Edge(434118,184300,(3,9223372036854775807))
Edge(434183,474439,(3,9223372036854775807))
Edge(434687,384703,(3,9223372036854775807))
Edge(434705,109465,(1,9223372036854775807))
Edge(435434,235665,(3,9223372036854775807))
Edge(435515,174487,(3,9223372036854775807))
Edge(435976,322931,(1,9223372036854775807))
Edge(436008,460581,(1,9223372036854775807))
Edge(436194,9398,(1,9223372036854775807))
Edge(436666,336589,(1,9223372036854775807))
Edge(437124,106614,(3,9223372036854775807))
Edge(437709,179683,(3,9223372036854775807))
Edge(437736,52571,(1,3))
Edge(437758,447052,(1,9223372036854775807))
Edge(437932,317122,(1,3))
Edge(438120,350201,(3,9223372036854775807))
Edge(438220,428106,(3,9223372036854775807))
Edge(438462,306990,(3,9223372036854775807))
Edge(438528,449506,(3,9223372036854775807))
Edge(438776,483957,(3,9223372036854775807))
Edge(438903,405883,(3,9223372036854775807))
Edge(439512,52852,(3,9223372036854775807))
Edge(439835,6095,(3,9223372036854775807))
Edge(439855,13949,(3,9223372036854775807))
Edge(439855,449634,(1,3))
Edge(439906,234258,(3,9223372036854775807))
Edge(440044,432603,(3,9223372036854775807))
Edge(440390,489762,(3,9223372036854775807))
Edge(440623,164154,(3,9223372036854775807))
Edge(440674,333798,(1,3))
Edge(440681,333223,(3,9223372036854775807))
Edge(441271,102476,(3,9223372036854775807))
Edge(441395,425524,(1,9223372036854775807))
Edge(441771,450203,(3,9223372036854775807))
Edge(441828,193171,(3,9223372036854775807))
Edge(442178,357063,(3,9223372036854775807))
Edge(442261,209023,(3,9223372036854775807))
Edge(442311,492865,(3,9223372036854775807))
Edge(442705,495629,(4,9223372036854775807))
Edge(443159,208737,(3,9223372036854775807))
Edge(443198,85761,(1,9223372036854775807))
Edge(443320,68836,(3,9223372036854775807))
Edge(443439,269307,(3,9223372036854775807))
Edge(443498,341949,(1,3))
Edge(443519,131512,(3,9223372036854775807))
Edge(444062,238328,(3,9223372036854775807))
Edge(444080,235059,(3,9223372036854775807))
Edge(444195,179065,(3,9223372036854775807))
Edge(444407,136549,(1,9223372036854775807))
Edge(444545,376166,(3,9223372036854775807))
Edge(444854,219541,(3,9223372036854775807))
Edge(444978,95477,(3,9223372036854775807))
Edge(445129,187254,(1,9223372036854775807))
Edge(445168,307543,(3,9223372036854775807))
Edge(445566,330183,(3,9223372036854775807))
Edge(445708,31226,(3,9223372036854775807))
Edge(445739,64688,(3,9223372036854775807))
Edge(445796,29397,(1,3))
Edge(445977,233084,(3,9223372036854775807))
Edge(446035,436416,(3,9223372036854775807))
Edge(446305,167889,(3,9223372036854775807))
Edge(446597,416385,(1,9223372036854775807))
Edge(446968,338169,(3,9223372036854775807))
Edge(447192,465220,(3,9223372036854775807))
Edge(447470,27317,(1,9223372036854775807))
Edge(447484,176327,(3,9223372036854775807))
Edge(447726,77023,(3,9223372036854775807))
Edge(448848,498917,(3,9223372036854775807))
Edge(448905,470905,(1,3))
Edge(449213,359924,(3,9223372036854775807))
Edge(449502,67673,(1,9223372036854775807))
Edge(450270,75650,(1,9223372036854775807))
Edge(450285,473413,(3,9223372036854775807))
Edge(450339,220159,(3,9223372036854775807))
Edge(450550,260994,(3,9223372036854775807))
Edge(450652,395160,(1,9223372036854775807))
Edge(450695,164286,(3,9223372036854775807))
Edge(450744,35716,(3,9223372036854775807))
Edge(450928,22349,(1,9223372036854775807))
Edge(451295,7660,(3,9223372036854775807))
Edge(451633,426223,(3,9223372036854775807))
Edge(452155,142654,(3,9223372036854775807))
Edge(452342,490272,(3,9223372036854775807))
Edge(452420,371861,(3,9223372036854775807))
Edge(452578,203710,(1,9223372036854775807))
Edge(452632,204568,(3,9223372036854775807))
Edge(452926,152145,(1,3))
Edge(453445,145805,(3,9223372036854775807))
Edge(453728,451278,(1,3))
Edge(453965,415352,(3,9223372036854775807))
Edge(454140,47800,(3,9223372036854775807))
Edge(454430,163019,(3,9223372036854775807))
Edge(454594,76562,(3,9223372036854775807))
Edge(454606,95365,(3,9223372036854775807))
Edge(454713,139883,(3,9223372036854775807))
Edge(456768,444908,(3,9223372036854775807))
Edge(457471,258325,(1,3))
Edge(457615,496623,(3,9223372036854775807))
Edge(457652,438463,(1,3))
Edge(457682,257718,(3,9223372036854775807))
Edge(457743,283227,(3,9223372036854775807))
Edge(457760,66849,(3,9223372036854775807))
Edge(457852,301517,(1,9223372036854775807))
Edge(457961,210369,(1,9223372036854775807))
Edge(458191,331730,(3,9223372036854775807))
Edge(458385,25390,(1,3))
Edge(458599,272505,(3,9223372036854775807))
Edge(459353,498957,(3,9223372036854775807))
Edge(459578,493204,(3,9223372036854775807))
Edge(459606,234781,(3,9223372036854775807))
Edge(460223,224230,(3,9223372036854775807))
Edge(460575,60320,(1,9223372036854775807))
Edge(460712,98920,(3,9223372036854775807))
Edge(460752,203788,(3,9223372036854775807))
Edge(460864,306521,(3,9223372036854775807))
Edge(460907,441254,(3,9223372036854775807))
Edge(460926,476594,(3,9223372036854775807))
Edge(461074,346243,(3,9223372036854775807))
Edge(461337,421219,(3,9223372036854775807))
Edge(461743,331238,(1,9223372036854775807))
Edge(461849,59618,(3,9223372036854775807))
Edge(462046,442086,(3,9223372036854775807))
Edge(462371,440967,(3,9223372036854775807))
Edge(462569,488371,(3,9223372036854775807))
Edge(463619,423279,(3,9223372036854775807))
Edge(463669,260779,(3,9223372036854775807))
Edge(464242,134398,(3,9223372036854775807))
Edge(464347,334890,(1,3))
Edge(464406,369268,(1,9223372036854775807))
Edge(464515,136507,(3,9223372036854775807))
Edge(464560,281846,(3,9223372036854775807))
Edge(464586,270497,(3,9223372036854775807))
Edge(464812,183664,(3,9223372036854775807))
Edge(464930,425640,(1,9223372036854775807))
Edge(464957,310337,(3,9223372036854775807))
Edge(465124,472284,(1,9223372036854775807))
Edge(465207,476796,(3,9223372036854775807))
Edge(465482,219002,(1,9223372036854775807))
Edge(465587,127073,(3,9223372036854775807))
Edge(466244,448502,(3,9223372036854775807))
Edge(466781,449807,(3,9223372036854775807))
Edge(466868,392337,(3,9223372036854775807))
Edge(467449,284247,(1,3))
Edge(467670,182289,(1,9223372036854775807))
Edge(467709,130303,(3,9223372036854775807))
Edge(467738,406667,(1,9223372036854775807))
Edge(468132,9558,(3,9223372036854775807))
Edge(468206,282781,(3,9223372036854775807))
Edge(468316,204800,(3,9223372036854775807))
Edge(468348,72485,(3,9223372036854775807))
Edge(468822,67967,(3,9223372036854775807))
Edge(468838,410249,(3,9223372036854775807))
Edge(469170,317320,(3,9223372036854775807))
Edge(469486,105268,(1,3))
Edge(469563,256457,(3,9223372036854775807))
Edge(469825,413270,(1,9223372036854775807))
Edge(470144,326214,(3,9223372036854775807))
Edge(470156,99312,(1,9223372036854775807))
Edge(470628,135636,(3,9223372036854775807))
Edge(470640,173233,(3,9223372036854775807))
Edge(470813,28570,(1,9223372036854775807))
Edge(471082,252084,(3,9223372036854775807))
Edge(471197,295957,(3,9223372036854775807))
Edge(471292,6638,(3,9223372036854775807))
Edge(471403,84349,(3,9223372036854775807))
Edge(472042,483753,(3,9223372036854775807))
Edge(472191,342132,(3,9223372036854775807))
Edge(472206,236624,(3,9223372036854775807))
Edge(472217,247657,(3,9223372036854775807))
Edge(472544,194313,(3,9223372036854775807))
Edge(472679,303257,(3,9223372036854775807))
Edge(472955,156120,(3,9223372036854775807))
Edge(473032,201801,(3,9223372036854775807))
Edge(473783,185790,(3,9223372036854775807))
Edge(474071,418112,(1,9223372036854775807))
Edge(474274,491896,(1,9223372036854775807))
Edge(474470,366062,(3,9223372036854775807))
Edge(474531,421534,(3,9223372036854775807))
Edge(474581,307416,(1,9223372036854775807))
Edge(475012,499040,(3,9223372036854775807))
Edge(475384,237168,(3,9223372036854775807))
Edge(475423,171054,(1,3))
Edge(475470,85201,(3,9223372036854775807))
Edge(475588,413435,(3,9223372036854775807))
Edge(475644,28536,(3,9223372036854775807))
Edge(476268,27595,(3,9223372036854775807))
Edge(476355,229697,(1,9223372036854775807))
Edge(476580,81756,(1,3))
Edge(476720,290504,(3,9223372036854775807))
Edge(476933,275256,(3,9223372036854775807))
Edge(476936,281479,(3,9223372036854775807))
Edge(476938,468183,(3,9223372036854775807))
Edge(477255,439723,(3,9223372036854775807))
Edge(477672,385459,(3,9223372036854775807))
Edge(477693,242883,(1,9223372036854775807))
Edge(477928,341553,(3,9223372036854775807))
Edge(478482,393642,(3,9223372036854775807))
Edge(479059,438392,(3,9223372036854775807))
Edge(479204,180001,(3,9223372036854775807))
Edge(479966,320387,(1,3))
Edge(480582,57931,(3,9223372036854775807))
Edge(480970,136353,(3,9223372036854775807))
Edge(481111,339742,(1,9223372036854775807))
Edge(482077,25962,(3,9223372036854775807))
Edge(482483,374071,(3,9223372036854775807))
Edge(482582,168114,(3,9223372036854775807))
Edge(483026,123493,(3,9223372036854775807))
Edge(483279,477457,(3,9223372036854775807))
Edge(483342,268863,(3,9223372036854775807))
Edge(483605,295046,(3,9223372036854775807))
Edge(483656,454258,(3,9223372036854775807))
Edge(483948,378788,(3,9223372036854775807))
Edge(483994,467533,(3,9223372036854775807))
Edge(484205,74904,(3,9223372036854775807))
Edge(484332,389597,(3,9223372036854775807))
Edge(484561,378189,(1,9223372036854775807))
Edge(484675,487343,(3,9223372036854775807))
Edge(485402,118403,(3,9223372036854775807))
Edge(485580,142721,(3,9223372036854775807))
Edge(485744,392884,(3,9223372036854775807))
Edge(486022,372419,(3,9223372036854775807))
Edge(486377,118518,(3,9223372036854775807))
Edge(486484,462188,(3,9223372036854775807))
Edge(487877,57437,(3,9223372036854775807))
Edge(488354,255203,(3,9223372036854775807))
Edge(488510,133018,(3,9223372036854775807))
Edge(488820,344838,(3,9223372036854775807))
Edge(488833,253331,(3,9223372036854775807))
Edge(489175,80439,(1,9223372036854775807))
Edge(489235,355522,(3,9223372036854775807))
Edge(489540,75706,(1,3))
Edge(489662,469898,(3,9223372036854775807))
Edge(489781,146837,(3,9223372036854775807))
Edge(490151,190467,(3,9223372036854775807))
Edge(490278,230200,(1,9223372036854775807))
Edge(490324,114556,(3,9223372036854775807))
Edge(490423,177756,(3,9223372036854775807))
Edge(490511,313775,(3,9223372036854775807))
Edge(490800,74889,(3,9223372036854775807))
Edge(491086,262461,(3,9223372036854775807))
Edge(491733,91894,(3,9223372036854775807))
Edge(491793,118886,(3,9223372036854775807))
Edge(492138,362959,(3,9223372036854775807))
Edge(492315,214212,(3,9223372036854775807))
Edge(492614,95437,(4,9223372036854775807))
Edge(492679,338747,(3,9223372036854775807))
Edge(493024,134358,(3,9223372036854775807))
Edge(493133,4198,(1,9223372036854775807))
Edge(493206,358168,(3,9223372036854775807))
Edge(493294,409285,(3,9223372036854775807))
Edge(493398,348881,(3,9223372036854775807))
Edge(493537,294316,(3,9223372036854775807))
Edge(493758,135239,(3,9223372036854775807))
Edge(494621,382671,(3,9223372036854775807))
Edge(494684,122178,(3,9223372036854775807))
Edge(494774,151659,(3,9223372036854775807))
Edge(494858,298407,(3,9223372036854775807))
Edge(495291,499849,(1,9223372036854775807))
Edge(495547,419477,(1,9223372036854775807))
Edge(495637,30811,(3,9223372036854775807))
Edge(495852,21992,(3,9223372036854775807))
Edge(496216,261594,(3,9223372036854775807))
Edge(496291,111257,(1,9223372036854775807))
Edge(496543,141627,(1,9223372036854775807))
Edge(496759,485765,(3,9223372036854775807))
Edge(497207,9180,(3,9223372036854775807))
Edge(497240,461733,(3,9223372036854775807))
Edge(498037,499117,(3,9223372036854775807))
Edge(498306,178860,(1,9223372036854775807))
Edge(498414,281337,(3,9223372036854775807))
Edge(499016,387148,(3,9223372036854775807))
Edge(499356,485420,(3,9223372036854775807))
Edge(499440,285588,(1,9223372036854775807))
Edge(499831,197815,(1,3))
