Edge(183,396012,(1,9223372036854775807))
Edge(934,322109,(3,9223372036854775807))
Edge(1056,355133,(3,9223372036854775807))
Edge(1432,196521,(1,9223372036854775807))
Edge(1670,200901,(3,9223372036854775807))
Edge(1732,16458,(3,9223372036854775807))
Edge(1745,217874,(1,9223372036854775807))
Edge(1950,86690,(1,9223372036854775807))
Edge(1984,393328,(3,9223372036854775807))
Edge(1998,112366,(3,9223372036854775807))
Edge(2103,398816,(3,9223372036854775807))
Edge(2497,452343,(3,9223372036854775807))
Edge(2880,459785,(3,9223372036854775807))
Edge(2897,349808,(1,3))
Edge(3250,312570,(1,9223372036854775807))
Edge(3544,490138,(3,9223372036854775807))
Edge(3588,195230,(3,9223372036854775807))
Edge(3605,382915,(3,9223372036854775807))
Edge(3655,265096,(3,9223372036854775807))
Edge(3766,321326,(3,9223372036854775807))
Edge(4036,161748,(1,3))
Edge(4039,49283,(1,9223372036854775807))
Edge(4082,163100,(3,9223372036854775807))
Edge(4112,307332,(3,9223372036854775807))
Edge(4735,111797,(3,9223372036854775807))
Edge(5008,343670,(3,9223372036854775807))
Edge(5257,155489,(3,9223372036854775807))
Edge(5385,276671,(3,9223372036854775807))
Edge(5943,378224,(1,9223372036854775807))
Edge(6167,6915,(1,9223372036854775807))
Edge(6825,297206,(3,9223372036854775807))
Edge(7310,69149,(3,9223372036854775807))
Edge(7929,373509,(3,9223372036854775807))
Edge(8791,88870,(3,9223372036854775807))
Edge(8795,281119,(3,9223372036854775807))
Edge(8993,298559,(3,9223372036854775807))
Edge(9293,212278,(3,9223372036854775807))
Edge(9340,475050,(3,9223372036854775807))
Edge(9522,466219,(1,9223372036854775807))
Edge(9948,293692,(3,9223372036854775807))
Edge(10097,341302,(3,9223372036854775807))
Edge(10166,285895,(3,9223372036854775807))
Edge(10341,423473,(1,9223372036854775807))
Edge(10535,455202,(1,3))
Edge(10684,275373,(3,9223372036854775807))
Edge(10998,6797,(3,9223372036854775807))
Edge(11085,34019,(3,9223372036854775807))
Edge(11094,121774,(3,9223372036854775807))
Edge(11276,172813,(1,3))
Edge(11517,391625,(1,3))
Edge(11701,459365,(3,9223372036854775807))
Edge(11725,485011,(3,9223372036854775807))
Edge(11845,195156,(3,9223372036854775807))
Edge(12203,321426,(3,9223372036854775807))
Edge(12824,109268,(1,9223372036854775807))
Edge(13087,246562,(3,9223372036854775807))
Edge(13089,102284,(3,9223372036854775807))
Edge(13303,251841,(3,9223372036854775807))
Edge(13404,305927,(3,9223372036854775807))
Edge(13572,342328,(3,9223372036854775807))
Edge(14011,34474,(3,9223372036854775807))
Edge(14087,147474,(1,9223372036854775807))
Edge(14640,138192,(3,9223372036854775807))
Edge(14946,400098,(3,9223372036854775807))
Edge(15353,333147,(3,9223372036854775807))
Edge(15461,332159,(3,9223372036854775807))
Edge(15658,258679,(1,3))
Edge(15806,424479,(3,9223372036854775807))
Edge(15869,340118,(3,9223372036854775807))
Edge(16004,114521,(1,9223372036854775807))
Edge(16062,170225,(1,9223372036854775807))
Edge(16224,294561,(3,9223372036854775807))
Edge(16283,441295,(3,9223372036854775807))
Edge(17316,475177,(3,9223372036854775807))
Edge(17377,23449,(1,9223372036854775807))
Edge(17657,455242,(3,9223372036854775807))
Edge(17668,245355,(3,9223372036854775807))
Edge(17789,33300,(3,9223372036854775807))
Edge(18018,413843,(1,3))
Edge(18366,80692,(3,9223372036854775807))
Edge(18580,406983,(3,9223372036854775807))
Edge(19630,289237,(3,9223372036854775807))
Edge(19645,244556,(3,9223372036854775807))
Edge(19720,108403,(3,9223372036854775807))
Edge(20086,182981,(3,9223372036854775807))
Edge(20220,265447,(3,9223372036854775807))
Edge(20495,231547,(3,9223372036854775807))
Edge(20792,62251,(3,9223372036854775807))
Edge(21321,341555,(3,9223372036854775807))
Edge(21364,107216,(3,9223372036854775807))
Edge(21423,337496,(3,9223372036854775807))
Edge(22086,128350,(3,9223372036854775807))
Edge(22568,405129,(3,9223372036854775807))
Edge(22659,107362,(3,9223372036854775807))
Edge(22667,295300,(1,9223372036854775807))
Edge(22751,375312,(3,9223372036854775807))
Edge(23205,407079,(3,9223372036854775807))
Edge(23616,15219,(3,9223372036854775807))
Edge(23768,465537,(3,9223372036854775807))
Edge(23813,67612,(3,9223372036854775807))
Edge(23869,259983,(1,3))
Edge(23989,249339,(3,9223372036854775807))
Edge(24031,338150,(3,9223372036854775807))
Edge(24943,264821,(3,9223372036854775807))
Edge(25019,280745,(1,9223372036854775807))
Edge(25159,287887,(3,9223372036854775807))
Edge(25815,99797,(3,9223372036854775807))
Edge(25914,92083,(3,9223372036854775807))
Edge(25929,380557,(3,9223372036854775807))
Edge(26180,426063,(3,9223372036854775807))
Edge(26390,53046,(3,9223372036854775807))
Edge(27173,277850,(3,9223372036854775807))
Edge(27238,413526,(3,9223372036854775807))
Edge(27294,167637,(3,9223372036854775807))
Edge(27536,178504,(3,9223372036854775807))
Edge(28079,39007,(3,9223372036854775807))
Edge(28158,157656,(3,9223372036854775807))
Edge(28349,52415,(3,9223372036854775807))
Edge(28626,220124,(3,9223372036854775807))
Edge(28963,59418,(3,9223372036854775807))
Edge(30263,326458,(3,9223372036854775807))
Edge(30636,292292,(3,9223372036854775807))
Edge(30639,254446,(1,3))
Edge(30676,441278,(3,9223372036854775807))
Edge(30866,371795,(3,9223372036854775807))
Edge(31509,170002,(3,9223372036854775807))
Edge(32430,227750,(1,9223372036854775807))
Edge(32550,188137,(3,9223372036854775807))
Edge(32873,467277,(1,9223372036854775807))
Edge(33618,1839,(1,9223372036854775807))
Edge(33997,1010,(3,9223372036854775807))
Edge(34015,481865,(3,9223372036854775807))
Edge(34216,449774,(3,9223372036854775807))
Edge(34226,69562,(3,9223372036854775807))
Edge(34677,472960,(3,9223372036854775807))
Edge(34979,309851,(3,9223372036854775807))
Edge(35168,243467,(1,3))
Edge(35260,236347,(3,9223372036854775807))
Edge(35336,376983,(3,9223372036854775807))
Edge(35501,279998,(4,9223372036854775807))
Edge(35615,73818,(1,9223372036854775807))
Edge(35854,98437,(3,9223372036854775807))
Edge(35987,253504,(1,3))
Edge(36146,20961,(3,9223372036854775807))
Edge(36246,183265,(3,9223372036854775807))
Edge(36290,422991,(3,9223372036854775807))
Edge(36697,25622,(3,9223372036854775807))
Edge(36927,428441,(3,9223372036854775807))
Edge(37025,185553,(1,3))
Edge(37073,276703,(3,9223372036854775807))
Edge(37165,399781,(3,9223372036854775807))
Edge(37790,373789,(3,9223372036854775807))
Edge(38180,53704,(3,9223372036854775807))
Edge(38648,395724,(3,9223372036854775807))
Edge(38944,222578,(3,9223372036854775807))
Edge(39383,482122,(3,9223372036854775807))
Edge(40235,217908,(3,9223372036854775807))
Edge(40336,437635,(3,9223372036854775807))
Edge(41477,325007,(3,9223372036854775807))
Edge(42686,208367,(3,9223372036854775807))
Edge(42846,382677,(3,9223372036854775807))
Edge(43144,59657,(1,3))
Edge(43201,171979,(3,9223372036854775807))
Edge(43217,69007,(3,9223372036854775807))
Edge(43303,111079,(3,9223372036854775807))
Edge(43458,298498,(3,9223372036854775807))
Edge(43675,321351,(3,9223372036854775807))
Edge(43705,166466,(3,9223372036854775807))
Edge(44504,185756,(1,3))
Edge(45075,404429,(3,9223372036854775807))
Edge(45747,389870,(3,9223372036854775807))
Edge(45836,283985,(3,9223372036854775807))
Edge(45841,168817,(3,9223372036854775807))
Edge(46464,241483,(1,3))
Edge(47262,60994,(1,9223372036854775807))
Edge(47667,443652,(3,9223372036854775807))
Edge(48399,58681,(1,3))
Edge(48413,365442,(3,9223372036854775807))
Edge(48707,362842,(3,9223372036854775807))
Edge(48996,436129,(3,9223372036854775807))
Edge(49181,134197,(3,9223372036854775807))
Edge(49191,241989,(1,3))
Edge(49386,234680,(1,9223372036854775807))
Edge(49523,482151,(3,9223372036854775807))
Edge(49559,323788,(3,9223372036854775807))
Edge(49820,212733,(3,9223372036854775807))
Edge(50033,422887,(1,3))
Edge(50447,66363,(3,9223372036854775807))
Edge(50480,371191,(3,9223372036854775807))
Edge(50752,266403,(3,9223372036854775807))
Edge(51138,483328,(1,3))
Edge(51270,211257,(3,9223372036854775807))
Edge(51878,283882,(3,9223372036854775807))
Edge(51952,40182,(3,9223372036854775807))
Edge(52495,40823,(1,9223372036854775807))
Edge(52567,480838,(1,3))
Edge(52627,471654,(1,9223372036854775807))
Edge(52992,21587,(3,9223372036854775807))
Edge(53037,152310,(1,3))
Edge(53736,463749,(3,9223372036854775807))
Edge(53821,238121,(3,9223372036854775807))
Edge(54122,365241,(3,9223372036854775807))
Edge(54272,319441,(1,9223372036854775807))
Edge(54338,49156,(3,9223372036854775807))
Edge(54870,179760,(3,9223372036854775807))
Edge(55026,447192,(1,9223372036854775807))
Edge(55697,269911,(3,9223372036854775807))
Edge(55716,217019,(3,9223372036854775807))
Edge(55988,366554,(3,9223372036854775807))
Edge(55998,82531,(3,9223372036854775807))
Edge(56134,232362,(1,9223372036854775807))
Edge(56389,124038,(3,9223372036854775807))
Edge(56470,490199,(1,9223372036854775807))
Edge(56489,180935,(3,9223372036854775807))
Edge(56994,315476,(1,9223372036854775807))
Edge(57119,134442,(3,9223372036854775807))
Edge(57222,7313,(3,9223372036854775807))
Edge(57555,235554,(1,3))
Edge(57635,343876,(3,9223372036854775807))
Edge(57727,327906,(3,9223372036854775807))
Edge(57746,52660,(3,9223372036854775807))
Edge(58323,251306,(3,9223372036854775807))
Edge(59019,39098,(3,9223372036854775807))
Edge(59152,67644,(3,9223372036854775807))
Edge(59209,341671,(3,9223372036854775807))
Edge(59295,261046,(3,9223372036854775807))
Edge(60022,489440,(3,9223372036854775807))
Edge(60741,225543,(1,3))
Edge(60771,292996,(3,9223372036854775807))
Edge(61297,133209,(3,9223372036854775807))
Edge(61432,300949,(3,9223372036854775807))
Edge(61640,312719,(1,9223372036854775807))
Edge(61692,359391,(3,9223372036854775807))
Edge(61804,308684,(3,9223372036854775807))
Edge(61932,400607,(3,9223372036854775807))
Edge(61986,377894,(3,9223372036854775807))
Edge(62021,430366,(3,9223372036854775807))
Edge(62242,40278,(1,9223372036854775807))
Edge(62524,385638,(3,9223372036854775807))
Edge(62839,20111,(1,9223372036854775807))
Edge(63670,145666,(3,9223372036854775807))
Edge(63907,159113,(1,9223372036854775807))
Edge(64543,350121,(1,9223372036854775807))
Edge(64597,498806,(4,9223372036854775807))
Edge(64642,254868,(3,9223372036854775807))
Edge(64680,345864,(3,9223372036854775807))
Edge(64922,170812,(3,9223372036854775807))
Edge(64983,223516,(3,9223372036854775807))
Edge(65108,152346,(3,9223372036854775807))
Edge(65512,64020,(3,9223372036854775807))
Edge(65584,281235,(3,9223372036854775807))
Edge(65604,409660,(3,9223372036854775807))
Edge(66146,170287,(3,9223372036854775807))
Edge(66279,333897,(3,9223372036854775807))
Edge(66525,136842,(3,9223372036854775807))
Edge(67396,436001,(3,9223372036854775807))
Edge(67554,32312,(3,9223372036854775807))
Edge(67609,374982,(3,9223372036854775807))
Edge(68000,68946,(3,9223372036854775807))
Edge(68432,352305,(3,9223372036854775807))
Edge(68509,347080,(3,9223372036854775807))
Edge(68510,107236,(1,9223372036854775807))
Edge(68929,52381,(3,9223372036854775807))
Edge(69175,413537,(3,9223372036854775807))
Edge(69477,78155,(3,9223372036854775807))
Edge(69713,248485,(3,9223372036854775807))
Edge(70245,386106,(3,9223372036854775807))
Edge(70632,83891,(3,9223372036854775807))
Edge(71099,187781,(3,9223372036854775807))
Edge(72024,239898,(3,9223372036854775807))
Edge(72086,196266,(1,9223372036854775807))
Edge(72712,357835,(3,9223372036854775807))
Edge(72777,414521,(3,9223372036854775807))
Edge(72793,261277,(3,9223372036854775807))
Edge(73427,61293,(1,9223372036854775807))
Edge(73654,497759,(3,9223372036854775807))
Edge(73809,40419,(3,9223372036854775807))
Edge(73930,10863,(1,9223372036854775807))
Edge(74666,78501,(1,3))
Edge(75164,284697,(3,9223372036854775807))
Edge(75261,119066,(1,9223372036854775807))
Edge(75332,240574,(3,9223372036854775807))
Edge(75394,391088,(3,9223372036854775807))
Edge(75456,93965,(1,9223372036854775807))
Edge(75809,303908,(3,9223372036854775807))
Edge(76047,388479,(3,9223372036854775807))
Edge(77343,123479,(3,9223372036854775807))
Edge(77567,457085,(3,9223372036854775807))
Edge(78365,422469,(3,9223372036854775807))
Edge(78376,169603,(3,9223372036854775807))
Edge(78546,45416,(3,9223372036854775807))
Edge(78885,132747,(3,9223372036854775807))
Edge(79235,430217,(3,9223372036854775807))
Edge(79430,246398,(3,9223372036854775807))
Edge(79560,128173,(3,9223372036854775807))
Edge(79611,459338,(3,9223372036854775807))
Edge(79643,325706,(3,9223372036854775807))
Edge(80084,488099,(3,9223372036854775807))
Edge(80498,103409,(3,9223372036854775807))
Edge(80558,380796,(3,9223372036854775807))
Edge(80834,98583,(3,9223372036854775807))
Edge(80859,484888,(3,9223372036854775807))
Edge(80933,263845,(3,9223372036854775807))
Edge(81071,78223,(3,9223372036854775807))
Edge(81564,23070,(3,9223372036854775807))
Edge(81651,314858,(3,9223372036854775807))
Edge(81999,24528,(3,9223372036854775807))
Edge(82087,449637,(3,9223372036854775807))
Edge(82157,70718,(3,9223372036854775807))
Edge(82522,31916,(3,9223372036854775807))
Edge(82714,274031,(3,9223372036854775807))
Edge(83713,413761,(3,9223372036854775807))
Edge(83742,452508,(3,9223372036854775807))
Edge(83851,101665,(3,9223372036854775807))
Edge(84025,286882,(3,9223372036854775807))
Edge(84137,82643,(3,9223372036854775807))
Edge(84198,425779,(3,9223372036854775807))
Edge(84581,148838,(1,9223372036854775807))
Edge(84653,37175,(3,9223372036854775807))
Edge(84737,498054,(3,9223372036854775807))
Edge(84880,443554,(3,9223372036854775807))
Edge(84893,249182,(3,9223372036854775807))
Edge(85128,437116,(3,9223372036854775807))
Edge(85373,14103,(3,9223372036854775807))
Edge(85584,16440,(3,9223372036854775807))
Edge(85723,51562,(3,9223372036854775807))
Edge(85797,411770,(3,9223372036854775807))
Edge(85882,56810,(3,9223372036854775807))
Edge(85907,355233,(1,3))
Edge(86673,425555,(3,9223372036854775807))
Edge(87580,384177,(3,9223372036854775807))
Edge(87636,440761,(3,9223372036854775807))
Edge(87646,446418,(3,9223372036854775807))
Edge(87902,424199,(1,9223372036854775807))
Edge(87905,268095,(3,9223372036854775807))
Edge(88002,128330,(3,9223372036854775807))
Edge(88340,446337,(4,9223372036854775807))
Edge(88681,318370,(1,3))
Edge(88850,403903,(3,9223372036854775807))
Edge(89255,303935,(3,9223372036854775807))
Edge(89443,198915,(1,9223372036854775807))
Edge(89505,247556,(3,9223372036854775807))
Edge(89521,306723,(3,9223372036854775807))
Edge(89729,389571,(3,9223372036854775807))
Edge(89742,73392,(1,9223372036854775807))
Edge(90102,171202,(3,9223372036854775807))
Edge(90326,11631,(1,9223372036854775807))
Edge(90841,449240,(3,9223372036854775807))
Edge(90964,247219,(3,9223372036854775807))
Edge(91377,461431,(3,9223372036854775807))
Edge(91584,397625,(3,9223372036854775807))
Edge(91862,143802,(3,9223372036854775807))
Edge(91905,28471,(3,9223372036854775807))
Edge(92267,114222,(3,9223372036854775807))
Edge(93006,70655,(1,9223372036854775807))
Edge(93540,239923,(3,9223372036854775807))
Edge(93618,35363,(3,9223372036854775807))
Edge(93790,2874,(3,9223372036854775807))
Edge(93878,428457,(3,9223372036854775807))
Edge(93988,319927,(3,9223372036854775807))
Edge(94054,402691,(1,9223372036854775807))
Edge(94578,364430,(1,9223372036854775807))
Edge(94682,39958,(3,9223372036854775807))
Edge(95050,294648,(3,9223372036854775807))
Edge(96269,465671,(3,9223372036854775807))
Edge(96643,291519,(3,9223372036854775807))
Edge(96817,130621,(3,9223372036854775807))
Edge(96999,177329,(3,9223372036854775807))
Edge(97495,173719,(3,9223372036854775807))
Edge(97799,27852,(3,9223372036854775807))
Edge(98285,144141,(3,9223372036854775807))
Edge(98593,320687,(3,9223372036854775807))
Edge(98620,399522,(3,9223372036854775807))
Edge(98859,91328,(3,9223372036854775807))
Edge(99031,361365,(3,9223372036854775807))
Edge(99052,317924,(3,9223372036854775807))
Edge(99728,32816,(3,9223372036854775807))
Edge(99956,22696,(3,9223372036854775807))
Edge(100140,262642,(3,9223372036854775807))
Edge(100353,54594,(3,9223372036854775807))
Edge(100459,139300,(3,9223372036854775807))
Edge(101083,357245,(1,9223372036854775807))
Edge(101275,484240,(3,9223372036854775807))
Edge(101277,121370,(3,9223372036854775807))
Edge(101728,142920,(3,9223372036854775807))
Edge(101805,432594,(1,3))
Edge(101939,406040,(3,9223372036854775807))
Edge(102394,168221,(3,9223372036854775807))
Edge(102488,27415,(3,9223372036854775807))
Edge(102492,319337,(3,9223372036854775807))
Edge(102546,75388,(1,3))
Edge(103204,329531,(1,9223372036854775807))
Edge(103484,73684,(3,9223372036854775807))
Edge(103800,310857,(3,9223372036854775807))
Edge(104079,78469,(1,9223372036854775807))
Edge(104540,262052,(3,9223372036854775807))
Edge(105036,148142,(3,9223372036854775807))
Edge(105182,399407,(3,9223372036854775807))
Edge(105400,87736,(3,9223372036854775807))
Edge(105454,46598,(3,9223372036854775807))
Edge(105482,435494,(3,9223372036854775807))
Edge(106045,402110,(3,9223372036854775807))
Edge(106228,438256,(3,9223372036854775807))
Edge(106255,17356,(3,9223372036854775807))
Edge(106257,88835,(3,9223372036854775807))
Edge(106452,33885,(3,9223372036854775807))
Edge(107049,240223,(1,9223372036854775807))
Edge(107327,66661,(3,9223372036854775807))
Edge(107501,110039,(1,9223372036854775807))
Edge(107872,332458,(3,9223372036854775807))
Edge(108241,491743,(3,9223372036854775807))
Edge(108543,325590,(3,9223372036854775807))
Edge(109118,66647,(3,9223372036854775807))
Edge(109153,423116,(3,9223372036854775807))
Edge(109329,61640,(1,9223372036854775807))
Edge(109575,249771,(3,9223372036854775807))
Edge(109764,218745,(3,9223372036854775807))
Edge(110691,332980,(3,9223372036854775807))
Edge(110759,96467,(1,9223372036854775807))
Edge(110922,123940,(3,9223372036854775807))
Edge(111276,225322,(1,9223372036854775807))
Edge(111537,5017,(3,9223372036854775807))
Edge(111633,119173,(1,3))
Edge(111779,214060,(3,9223372036854775807))
Edge(112551,285443,(3,9223372036854775807))
Edge(112746,57941,(3,9223372036854775807))
Edge(112972,347235,(3,9223372036854775807))
Edge(113000,100960,(3,9223372036854775807))
Edge(113320,220237,(3,9223372036854775807))
Edge(114027,33125,(3,9223372036854775807))
Edge(114157,390499,(3,9223372036854775807))
Edge(114158,266118,(3,9223372036854775807))
Edge(114955,63188,(3,9223372036854775807))
Edge(115235,467637,(1,9223372036854775807))
Edge(116314,127998,(1,9223372036854775807))
Edge(116523,413661,(3,9223372036854775807))
Edge(116897,360697,(3,9223372036854775807))
Edge(117205,359069,(3,9223372036854775807))
Edge(117897,124366,(3,9223372036854775807))
Edge(118097,308036,(1,3))
Edge(118148,61593,(3,9223372036854775807))
Edge(118366,147053,(3,9223372036854775807))
Edge(118781,196114,(3,9223372036854775807))
Edge(119017,199536,(3,9223372036854775807))
Edge(119655,108205,(3,9223372036854775807))
Edge(119793,293004,(3,9223372036854775807))
Edge(119912,378765,(1,9223372036854775807))
Edge(120151,58800,(3,9223372036854775807))
Edge(120376,128811,(3,9223372036854775807))
Edge(120470,369288,(3,9223372036854775807))
Edge(120661,185619,(3,9223372036854775807))
Edge(120777,111644,(3,9223372036854775807))
Edge(120800,210577,(3,9223372036854775807))
Edge(122018,2490,(3,9223372036854775807))
Edge(122209,266612,(3,9223372036854775807))
Edge(122821,275356,(1,3))
Edge(124416,365614,(3,9223372036854775807))
Edge(124445,221406,(1,9223372036854775807))
Edge(124689,386982,(3,9223372036854775807))
Edge(124718,87560,(1,9223372036854775807))
Edge(124828,362114,(3,9223372036854775807))
Edge(125107,93216,(3,9223372036854775807))
Edge(125191,67963,(3,9223372036854775807))
Edge(125356,235727,(3,9223372036854775807))
Edge(125660,218603,(1,3))
Edge(126571,209087,(3,9223372036854775807))
Edge(127542,145410,(3,9223372036854775807))
Edge(127839,395413,(3,9223372036854775807))
Edge(127980,447668,(1,9223372036854775807))
Edge(128064,250892,(3,9223372036854775807))
Edge(128385,14702,(3,9223372036854775807))
Edge(128568,160708,(3,9223372036854775807))
Edge(129001,377927,(3,9223372036854775807))
Edge(129081,231693,(3,9223372036854775807))
Edge(129488,305952,(3,9223372036854775807))
Edge(129665,240521,(1,9223372036854775807))
Edge(129969,119653,(3,9223372036854775807))
Edge(130444,329998,(1,9223372036854775807))
Edge(130477,245240,(3,9223372036854775807))
Edge(130594,92183,(3,9223372036854775807))
Edge(131150,355763,(1,3))
Edge(131175,416656,(3,9223372036854775807))
Edge(131520,171060,(1,9223372036854775807))
Edge(131678,380524,(3,9223372036854775807))
Edge(132418,484145,(3,9223372036854775807))
Edge(132740,184087,(3,9223372036854775807))
Edge(132926,310606,(3,9223372036854775807))
Edge(133068,143885,(3,9223372036854775807))
Edge(133168,4155,(1,3))
Edge(133278,422875,(3,9223372036854775807))
Edge(133336,302008,(1,9223372036854775807))
Edge(133385,182287,(3,9223372036854775807))
Edge(133774,297896,(3,9223372036854775807))
Edge(133953,494497,(1,9223372036854775807))
Edge(134080,251317,(3,9223372036854775807))
Edge(134238,383385,(3,9223372036854775807))
Edge(134330,73659,(3,9223372036854775807))
Edge(134367,434627,(3,9223372036854775807))
Edge(134703,43012,(3,9223372036854775807))
Edge(134878,495763,(1,9223372036854775807))
Edge(134978,258170,(3,9223372036854775807))
Edge(135001,249754,(3,9223372036854775807))
Edge(135287,194969,(3,9223372036854775807))
Edge(135667,97250,(3,9223372036854775807))
Edge(136061,321204,(1,3))
Edge(136155,447173,(3,9223372036854775807))
Edge(136380,320151,(3,9223372036854775807))
Edge(136441,284159,(3,9223372036854775807))
Edge(137385,413521,(1,9223372036854775807))
Edge(138649,324500,(1,3))
Edge(139035,468703,(1,9223372036854775807))
Edge(139557,223597,(3,9223372036854775807))
Edge(140091,402900,(4,9223372036854775807))
Edge(140202,325875,(3,9223372036854775807))
Edge(140228,192330,(3,9223372036854775807))
Edge(140531,98227,(3,9223372036854775807))
Edge(141113,57140,(3,9223372036854775807))
Edge(141199,492598,(3,9223372036854775807))
Edge(141231,152356,(3,9223372036854775807))
Edge(141274,465936,(3,9223372036854775807))
Edge(141700,406961,(3,9223372036854775807))
Edge(141845,290482,(1,9223372036854775807))
Edge(142142,51143,(3,9223372036854775807))
Edge(142837,181980,(3,9223372036854775807))
Edge(142951,86890,(1,9223372036854775807))
Edge(143026,355284,(3,9223372036854775807))
Edge(143273,262443,(1,3))
Edge(144903,275880,(1,9223372036854775807))
Edge(145012,354590,(3,9223372036854775807))
Edge(145307,300948,(3,9223372036854775807))
Edge(145627,273385,(3,9223372036854775807))
Edge(145670,7027,(3,9223372036854775807))
Edge(145977,26181,(1,3))
Edge(146010,369126,(3,9223372036854775807))
Edge(146324,173627,(3,9223372036854775807))
Edge(146453,476405,(3,9223372036854775807))
Edge(146581,177201,(3,9223372036854775807))
Edge(146796,110248,(3,9223372036854775807))
Edge(146903,419757,(1,9223372036854775807))
Edge(146917,40504,(3,9223372036854775807))
Edge(147507,478628,(3,9223372036854775807))
Edge(148343,362661,(3,9223372036854775807))
Edge(148661,166664,(1,9223372036854775807))
Edge(149132,284431,(3,9223372036854775807))
Edge(149204,94491,(3,9223372036854775807))
Edge(149364,4465,(3,9223372036854775807))
Edge(149637,248158,(3,9223372036854775807))
Edge(149810,457764,(3,9223372036854775807))
Edge(149911,296435,(3,9223372036854775807))
Edge(150077,211058,(3,9223372036854775807))
Edge(150104,147226,(1,9223372036854775807))
Edge(150234,262242,(3,9223372036854775807))
Edge(150816,230391,(3,9223372036854775807))
Edge(150821,236363,(3,9223372036854775807))
Edge(151408,379177,(3,9223372036854775807))
Edge(151758,191778,(1,9223372036854775807))
Edge(152411,170157,(3,9223372036854775807))
Edge(152656,144644,(1,9223372036854775807))
Edge(152857,158680,(1,3))
Edge(152892,270928,(3,9223372036854775807))
Edge(153136,189177,(1,9223372036854775807))
Edge(153182,329140,(3,9223372036854775807))
Edge(153865,224345,(3,9223372036854775807))
Edge(154282,248699,(3,9223372036854775807))
Edge(154443,150584,(3,9223372036854775807))
Edge(154587,415536,(3,9223372036854775807))
Edge(154690,245048,(1,9223372036854775807))
Edge(155153,1789,(3,9223372036854775807))
Edge(155398,104293,(1,3))
Edge(155870,383284,(3,9223372036854775807))
Edge(156349,405465,(3,9223372036854775807))
Edge(156787,408204,(3,9223372036854775807))
Edge(157294,406334,(3,9223372036854775807))
Edge(157857,313613,(3,9223372036854775807))
Edge(158095,457122,(3,9223372036854775807))
Edge(158290,250857,(3,9223372036854775807))
Edge(158473,460585,(3,9223372036854775807))
Edge(158707,397042,(3,9223372036854775807))
Edge(158720,498769,(3,9223372036854775807))
Edge(158926,218748,(3,9223372036854775807))
Edge(159093,209573,(3,9223372036854775807))
Edge(159124,442178,(3,9223372036854775807))
Edge(159167,344962,(3,9223372036854775807))
Edge(160252,189386,(1,9223372036854775807))
Edge(160323,91420,(3,9223372036854775807))
Edge(161110,85323,(3,9223372036854775807))
Edge(161191,311590,(3,9223372036854775807))
Edge(161904,19886,(1,9223372036854775807))
Edge(162112,146718,(3,9223372036854775807))
Edge(162977,79509,(1,9223372036854775807))
Edge(163052,268077,(3,9223372036854775807))
Edge(163092,4124,(3,9223372036854775807))
Edge(163391,480761,(3,9223372036854775807))
Edge(163582,499063,(3,9223372036854775807))
Edge(163947,34821,(3,9223372036854775807))
Edge(164171,400551,(1,9223372036854775807))
Edge(164250,296247,(3,9223372036854775807))
Edge(164930,484482,(3,9223372036854775807))
Edge(165502,268825,(3,9223372036854775807))
Edge(166035,301876,(3,9223372036854775807))
Edge(166380,483086,(3,9223372036854775807))
Edge(166818,403275,(3,9223372036854775807))
Edge(167014,105095,(3,9223372036854775807))
Edge(167502,183547,(3,9223372036854775807))
Edge(167654,352752,(3,9223372036854775807))
Edge(167701,477391,(3,9223372036854775807))
Edge(168069,125075,(3,9223372036854775807))
Edge(168455,422478,(3,9223372036854775807))
Edge(168573,478648,(3,9223372036854775807))
Edge(168850,422869,(3,9223372036854775807))
Edge(168884,235323,(3,9223372036854775807))
Edge(168977,272041,(3,9223372036854775807))
Edge(169188,242890,(3,9223372036854775807))
Edge(169349,81510,(1,9223372036854775807))
Edge(169976,209908,(3,9223372036854775807))
Edge(170333,58104,(1,9223372036854775807))
Edge(170745,273526,(3,9223372036854775807))
Edge(170787,403271,(3,9223372036854775807))
Edge(170921,209870,(3,9223372036854775807))
Edge(171041,136004,(3,9223372036854775807))
Edge(171311,76865,(3,9223372036854775807))
Edge(172361,164141,(3,9223372036854775807))
Edge(172420,400212,(3,9223372036854775807))
Edge(173822,286670,(1,9223372036854775807))
Edge(174037,434777,(3,9223372036854775807))
Edge(174131,125990,(1,9223372036854775807))
Edge(174584,373695,(3,9223372036854775807))
Edge(174593,132445,(3,9223372036854775807))
Edge(174832,373422,(3,9223372036854775807))
Edge(174991,360735,(3,9223372036854775807))
Edge(175297,416627,(3,9223372036854775807))
Edge(175327,290182,(3,9223372036854775807))
Edge(175338,307990,(3,9223372036854775807))
Edge(175554,82400,(3,9223372036854775807))
Edge(176057,12673,(1,3))
Edge(176586,327713,(3,9223372036854775807))
Edge(176625,179436,(3,9223372036854775807))
Edge(176812,151633,(3,9223372036854775807))
Edge(176838,397876,(1,9223372036854775807))
Edge(177309,133281,(3,9223372036854775807))
Edge(177569,153533,(3,9223372036854775807))
Edge(178272,428500,(3,9223372036854775807))
Edge(178589,274757,(3,9223372036854775807))
Edge(178815,255881,(1,9223372036854775807))
Edge(178887,279371,(1,9223372036854775807))
Edge(179099,138517,(3,9223372036854775807))
Edge(179121,415397,(3,9223372036854775807))
Edge(179351,155136,(3,9223372036854775807))
Edge(179548,230700,(3,9223372036854775807))
Edge(180463,431441,(3,9223372036854775807))
Edge(180650,475594,(3,9223372036854775807))
Edge(180664,354467,(3,9223372036854775807))
Edge(180761,319471,(3,9223372036854775807))
Edge(180941,183567,(3,9223372036854775807))
Edge(181099,320140,(1,9223372036854775807))
Edge(181561,328846,(3,9223372036854775807))
Edge(181645,472365,(1,3))
Edge(181920,15748,(3,9223372036854775807))
Edge(182366,430876,(3,9223372036854775807))
Edge(182684,7669,(4,9223372036854775807))
Edge(182722,275609,(3,9223372036854775807))
Edge(183213,233970,(3,9223372036854775807))
Edge(183305,425978,(1,9223372036854775807))
Edge(183461,310845,(3,9223372036854775807))
Edge(183785,497456,(3,9223372036854775807))
Edge(184596,498568,(3,9223372036854775807))
Edge(185968,361345,(3,9223372036854775807))
Edge(186132,65206,(3,9223372036854775807))
Edge(186294,423903,(3,9223372036854775807))
Edge(186353,468135,(3,9223372036854775807))
Edge(186541,65883,(1,9223372036854775807))
Edge(186736,474532,(1,3))
Edge(187115,407703,(3,9223372036854775807))
Edge(187687,52819,(3,9223372036854775807))
Edge(188069,148210,(3,9223372036854775807))
Edge(188314,299269,(1,3))
Edge(188419,402986,(3,9223372036854775807))
Edge(188475,24751,(3,9223372036854775807))
Edge(188578,302762,(3,9223372036854775807))
Edge(188580,57440,(3,9223372036854775807))
Edge(189087,446027,(1,9223372036854775807))
Edge(189251,21,(1,9223372036854775807))
Edge(190221,108516,(3,9223372036854775807))
Edge(190801,492009,(3,9223372036854775807))
Edge(191088,340187,(3,9223372036854775807))
Edge(191524,75522,(1,9223372036854775807))
Edge(191855,20347,(3,9223372036854775807))
Edge(192038,429690,(3,9223372036854775807))
Edge(192279,298271,(3,9223372036854775807))
Edge(192281,309438,(3,9223372036854775807))
Edge(192555,450871,(3,9223372036854775807))
Edge(193124,11128,(3,9223372036854775807))
Edge(193163,201386,(3,9223372036854775807))
Edge(193196,171335,(3,9223372036854775807))
Edge(193376,216129,(3,9223372036854775807))
Edge(193902,469203,(3,9223372036854775807))
Edge(194454,470195,(3,9223372036854775807))
Edge(194468,398658,(3,9223372036854775807))
Edge(195643,339429,(3,9223372036854775807))
Edge(195685,322494,(3,9223372036854775807))
Edge(195825,43361,(3,9223372036854775807))
Edge(196381,134768,(1,9223372036854775807))
Edge(196480,428115,(1,9223372036854775807))
Edge(196652,432069,(3,9223372036854775807))
Edge(196829,9373,(3,9223372036854775807))
Edge(197357,236279,(3,9223372036854775807))
Edge(197464,79666,(3,9223372036854775807))
Edge(198421,222664,(3,9223372036854775807))
Edge(198501,225959,(3,9223372036854775807))
Edge(198760,273658,(3,9223372036854775807))
Edge(198968,341549,(3,9223372036854775807))
Edge(199186,293116,(3,9223372036854775807))
Edge(199232,383554,(1,3))
Edge(199457,355846,(1,9223372036854775807))
Edge(199469,295072,(3,9223372036854775807))
Edge(199552,312923,(1,3))
Edge(199628,26135,(3,9223372036854775807))
Edge(200130,176094,(3,9223372036854775807))
Edge(200999,135767,(3,9223372036854775807))
Edge(201261,238761,(3,9223372036854775807))
Edge(201354,262893,(3,9223372036854775807))
Edge(202084,471285,(3,9223372036854775807))
Edge(202345,465926,(3,9223372036854775807))
Edge(202546,53677,(3,9223372036854775807))
Edge(202784,179297,(3,9223372036854775807))
Edge(203157,499171,(4,9223372036854775807))
Edge(203266,380691,(3,9223372036854775807))
Edge(203710,488399,(1,9223372036854775807))
Edge(203743,151796,(3,9223372036854775807))
Edge(203787,112874,(3,9223372036854775807))
Edge(204039,16921,(3,9223372036854775807))
Edge(204279,234224,(3,9223372036854775807))
Edge(204473,377936,(3,9223372036854775807))
Edge(204724,464580,(3,9223372036854775807))
Edge(204755,311452,(1,9223372036854775807))
Edge(204818,6429,(3,9223372036854775807))
Edge(204823,410917,(3,9223372036854775807))
Edge(204861,142238,(3,9223372036854775807))
Edge(204922,35118,(3,9223372036854775807))
Edge(205055,78956,(3,9223372036854775807))
Edge(205337,74571,(3,9223372036854775807))
Edge(205857,211973,(3,9223372036854775807))
Edge(206031,63752,(1,3))
Edge(206295,197326,(3,9223372036854775807))
Edge(206850,338865,(4,9223372036854775807))
Edge(207932,332226,(3,9223372036854775807))
Edge(207984,488069,(3,9223372036854775807))
Edge(208398,233027,(3,9223372036854775807))
Edge(208691,14914,(3,9223372036854775807))
Edge(208813,324364,(3,9223372036854775807))
Edge(209322,456440,(1,3))
Edge(209476,18917,(3,9223372036854775807))
Edge(209676,391949,(1,3))
Edge(210288,424299,(3,9223372036854775807))
Edge(210787,133410,(3,9223372036854775807))
Edge(210804,110740,(3,9223372036854775807))
Edge(210965,350552,(3,9223372036854775807))
Edge(211072,212483,(3,9223372036854775807))
Edge(211212,402280,(3,9223372036854775807))
Edge(211248,32467,(3,9223372036854775807))
Edge(211400,171418,(3,9223372036854775807))
Edge(211454,138709,(3,9223372036854775807))
Edge(211643,17611,(1,9223372036854775807))
Edge(211667,301307,(1,9223372036854775807))
Edge(212051,26686,(1,3))
Edge(212861,160924,(3,9223372036854775807))
Edge(212971,239254,(3,9223372036854775807))
Edge(213506,128364,(3,9223372036854775807))
Edge(215339,482130,(3,9223372036854775807))
Edge(215623,86758,(3,9223372036854775807))
Edge(215991,45025,(3,9223372036854775807))
Edge(216245,136604,(3,9223372036854775807))
Edge(216469,257522,(3,9223372036854775807))
Edge(216628,290237,(3,9223372036854775807))
Edge(216693,210379,(3,9223372036854775807))
Edge(216993,479887,(3,9223372036854775807))
Edge(217071,335208,(3,9223372036854775807))
Edge(217226,133807,(3,9223372036854775807))
Edge(217404,69506,(3,9223372036854775807))
Edge(217487,102375,(3,9223372036854775807))
Edge(217619,435516,(3,9223372036854775807))
Edge(217779,161766,(3,9223372036854775807))
Edge(217964,66461,(1,9223372036854775807))
Edge(218084,73,(3,9223372036854775807))
Edge(218436,88316,(3,9223372036854775807))
Edge(218699,379488,(3,9223372036854775807))
Edge(219191,45071,(3,9223372036854775807))
Edge(219672,62834,(1,9223372036854775807))
Edge(219869,61324,(3,9223372036854775807))
Edge(220281,471814,(1,3))
Edge(220304,4211,(3,9223372036854775807))
Edge(220383,312434,(1,9223372036854775807))
Edge(221018,47764,(3,9223372036854775807))
Edge(221178,451091,(3,9223372036854775807))
Edge(221218,31567,(3,9223372036854775807))
Edge(221350,369540,(3,9223372036854775807))
Edge(222764,371856,(3,9223372036854775807))
Edge(222782,108103,(3,9223372036854775807))
Edge(222999,469886,(3,9223372036854775807))
Edge(223117,16110,(3,9223372036854775807))
Edge(223958,56804,(3,9223372036854775807))
Edge(224066,282615,(3,9223372036854775807))
Edge(224264,126915,(3,9223372036854775807))
Edge(224321,307846,(3,9223372036854775807))
Edge(224428,451747,(3,9223372036854775807))
Edge(224482,22111,(3,9223372036854775807))
Edge(224499,326894,(3,9223372036854775807))
Edge(224603,275554,(3,9223372036854775807))
Edge(224628,227582,(3,9223372036854775807))
Edge(224748,156840,(1,9223372036854775807))
Edge(225467,168307,(3,9223372036854775807))
Edge(225739,58058,(1,3))
Edge(225946,68685,(3,9223372036854775807))
Edge(226338,299888,(3,9223372036854775807))
Edge(226648,84549,(4,9223372036854775807))
Edge(227017,481417,(3,9223372036854775807))
Edge(227381,281819,(3,9223372036854775807))
Edge(227496,102941,(3,9223372036854775807))
Edge(227982,71610,(1,9223372036854775807))
Edge(228151,299577,(3,9223372036854775807))
Edge(228743,202766,(3,9223372036854775807))
Edge(228745,131893,(1,9223372036854775807))
Edge(228749,262425,(3,9223372036854775807))
Edge(228906,367889,(1,3))
Edge(229458,177172,(3,9223372036854775807))
Edge(229789,229011,(3,9223372036854775807))
Edge(229813,316653,(3,9223372036854775807))
Edge(229843,488170,(1,9223372036854775807))
Edge(230008,489701,(1,9223372036854775807))
Edge(230807,121278,(3,9223372036854775807))
Edge(230889,252294,(3,9223372036854775807))
Edge(230966,396839,(1,3))
Edge(231271,331297,(3,9223372036854775807))
Edge(231605,91909,(3,9223372036854775807))
Edge(232110,125708,(3,9223372036854775807))
Edge(232571,142673,(3,9223372036854775807))
Edge(232689,5687,(3,9223372036854775807))
Edge(232718,336956,(3,9223372036854775807))
Edge(232944,125410,(3,9223372036854775807))
Edge(233377,53410,(3,9223372036854775807))
Edge(233383,33720,(3,9223372036854775807))
Edge(233495,482135,(3,9223372036854775807))
Edge(233522,458578,(3,9223372036854775807))
Edge(233736,416799,(3,9223372036854775807))
Edge(233957,140297,(3,9223372036854775807))
Edge(234211,490943,(3,9223372036854775807))
Edge(234419,146628,(3,9223372036854775807))
Edge(234876,800,(3,9223372036854775807))
Edge(235039,183317,(3,9223372036854775807))
Edge(235103,486323,(3,9223372036854775807))
Edge(235205,130240,(3,9223372036854775807))
Edge(235369,310911,(3,9223372036854775807))
Edge(235399,39062,(3,9223372036854775807))
Edge(235416,401970,(1,9223372036854775807))
Edge(235673,371594,(3,9223372036854775807))
Edge(236060,177007,(1,3))
Edge(236092,423257,(3,9223372036854775807))
Edge(236165,109884,(3,9223372036854775807))
Edge(236200,147208,(3,9223372036854775807))
Edge(236219,499907,(3,9223372036854775807))
Edge(236626,158854,(3,9223372036854775807))
Edge(236678,78971,(3,9223372036854775807))
Edge(236976,306291,(1,3))
Edge(237415,380898,(3,9223372036854775807))
Edge(237483,1782,(3,9223372036854775807))
Edge(237489,267562,(1,3))
Edge(237662,303515,(3,9223372036854775807))
Edge(237939,373528,(1,3))
Edge(238030,30161,(3,9223372036854775807))
Edge(238480,108664,(3,9223372036854775807))
Edge(238593,265479,(1,9223372036854775807))
Edge(238771,133483,(3,9223372036854775807))
Edge(239212,168142,(3,9223372036854775807))
Edge(239440,24655,(3,9223372036854775807))
Edge(239899,497481,(3,9223372036854775807))
Edge(240438,473002,(3,9223372036854775807))
Edge(240544,294699,(3,9223372036854775807))
Edge(240619,228772,(3,9223372036854775807))
Edge(241203,125174,(3,9223372036854775807))
Edge(241252,285994,(3,9223372036854775807))
Edge(241526,230368,(3,9223372036854775807))
Edge(241882,410085,(4,9223372036854775807))
Edge(242353,292100,(1,9223372036854775807))
Edge(242386,393773,(3,9223372036854775807))
Edge(242875,438914,(3,9223372036854775807))
Edge(243033,384513,(1,9223372036854775807))
Edge(243238,352343,(3,9223372036854775807))
Edge(243587,297166,(1,9223372036854775807))
Edge(244208,324624,(3,9223372036854775807))
Edge(244549,279142,(3,9223372036854775807))
Edge(244607,54212,(3,9223372036854775807))
Edge(244812,420400,(3,9223372036854775807))
Edge(244925,226363,(3,9223372036854775807))
Edge(245174,33535,(3,9223372036854775807))
Edge(245220,245428,(3,9223372036854775807))
Edge(245271,219611,(3,9223372036854775807))
Edge(245522,352353,(3,9223372036854775807))
Edge(246168,31063,(3,9223372036854775807))
Edge(246987,71467,(4,9223372036854775807))
Edge(247377,274029,(1,9223372036854775807))
Edge(247633,278871,(4,9223372036854775807))
Edge(247801,8894,(3,9223372036854775807))
Edge(247876,122077,(1,3))
Edge(247911,244234,(3,9223372036854775807))
Edge(248022,325060,(3,9223372036854775807))
Edge(248044,263041,(1,9223372036854775807))
Edge(248737,230259,(1,9223372036854775807))
Edge(248953,381381,(3,9223372036854775807))
Edge(249000,148748,(3,9223372036854775807))
Edge(249190,491316,(3,9223372036854775807))
Edge(249378,42875,(1,9223372036854775807))
Edge(249894,116089,(3,9223372036854775807))
Edge(249917,36286,(3,9223372036854775807))
Edge(250268,397163,(1,9223372036854775807))
Edge(250759,455189,(1,3))
Edge(250995,197429,(1,9223372036854775807))
Edge(251087,242171,(3,9223372036854775807))
Edge(251220,279614,(3,9223372036854775807))
Edge(251470,120985,(3,9223372036854775807))
Edge(251997,388760,(3,9223372036854775807))
Edge(252109,346787,(1,9223372036854775807))
Edge(252216,461166,(1,9223372036854775807))
Edge(252230,264588,(1,3))
Edge(252256,184733,(3,9223372036854775807))
Edge(252312,294595,(1,3))
Edge(252753,345132,(3,9223372036854775807))
Edge(253144,249711,(3,9223372036854775807))
Edge(254517,307452,(3,9223372036854775807))
Edge(254620,476399,(1,9223372036854775807))
Edge(254747,264116,(3,9223372036854775807))
Edge(254770,215819,(3,9223372036854775807))
Edge(255299,287426,(3,9223372036854775807))
Edge(256195,410075,(3,9223372036854775807))
Edge(256637,201091,(1,9223372036854775807))
Edge(256849,136684,(3,9223372036854775807))
Edge(256869,353323,(3,9223372036854775807))
Edge(256982,376989,(3,9223372036854775807))
Edge(257181,33832,(1,9223372036854775807))
Edge(257607,276735,(3,9223372036854775807))
Edge(257646,231160,(3,9223372036854775807))
Edge(257892,110821,(3,9223372036854775807))
Edge(258242,415111,(3,9223372036854775807))
Edge(258606,2288,(3,9223372036854775807))
Edge(258695,243903,(3,9223372036854775807))
Edge(258754,338878,(1,3))
Edge(259154,262976,(1,9223372036854775807))
Edge(260516,459085,(3,9223372036854775807))
Edge(260601,439467,(3,9223372036854775807))
Edge(260619,441558,(3,9223372036854775807))
Edge(260680,388276,(3,9223372036854775807))
Edge(260783,73332,(3,9223372036854775807))
Edge(260807,422641,(3,9223372036854775807))
Edge(261147,439254,(3,9223372036854775807))
Edge(261230,157411,(3,9223372036854775807))
Edge(261425,138716,(1,9223372036854775807))
Edge(261580,356701,(3,9223372036854775807))
Edge(262848,11504,(3,9223372036854775807))
Edge(263068,449907,(1,3))
Edge(263126,366963,(3,9223372036854775807))
Edge(263306,377466,(3,9223372036854775807))
Edge(263898,466388,(3,9223372036854775807))
Edge(263936,53959,(1,9223372036854775807))
Edge(264132,107109,(3,9223372036854775807))
Edge(264447,492607,(3,9223372036854775807))
Edge(264684,438395,(3,9223372036854775807))
Edge(265200,110477,(3,9223372036854775807))
Edge(265562,431406,(1,3))
Edge(266143,460193,(3,9223372036854775807))
Edge(266555,190636,(4,9223372036854775807))
Edge(267724,431735,(3,9223372036854775807))
Edge(268128,371826,(3,9223372036854775807))
Edge(268354,269197,(3,9223372036854775807))
Edge(268627,399173,(3,9223372036854775807))
Edge(269879,357618,(3,9223372036854775807))
Edge(270427,303567,(1,9223372036854775807))
Edge(270704,6862,(3,9223372036854775807))
Edge(270959,171788,(3,9223372036854775807))
Edge(270988,325959,(1,9223372036854775807))
Edge(271193,305328,(3,9223372036854775807))
Edge(271653,346626,(3,9223372036854775807))
Edge(272485,165099,(1,9223372036854775807))
Edge(272721,265142,(3,9223372036854775807))
Edge(272764,405832,(1,3))
Edge(273546,129871,(3,9223372036854775807))
Edge(273611,269329,(3,9223372036854775807))
Edge(274246,124445,(3,9223372036854775807))
Edge(274699,36207,(3,9223372036854775807))
Edge(274997,28868,(3,9223372036854775807))
Edge(276055,91641,(1,3))
Edge(276059,24804,(3,9223372036854775807))
Edge(276194,80991,(3,9223372036854775807))
Edge(276273,142675,(3,9223372036854775807))
Edge(276738,163806,(3,9223372036854775807))
Edge(276747,227452,(3,9223372036854775807))
Edge(276782,53589,(1,3))
Edge(277416,187845,(3,9223372036854775807))
Edge(277607,121057,(3,9223372036854775807))
Edge(277643,88280,(3,9223372036854775807))
Edge(278704,303015,(3,9223372036854775807))
Edge(279090,152572,(3,9223372036854775807))
Edge(279423,341490,(3,9223372036854775807))
Edge(280320,293611,(1,3))
Edge(280350,317816,(3,9223372036854775807))
Edge(280363,13935,(3,9223372036854775807))
Edge(280623,56875,(3,9223372036854775807))
Edge(280722,369514,(3,9223372036854775807))
Edge(281985,373142,(3,9223372036854775807))
Edge(282075,207275,(3,9223372036854775807))
Edge(282127,164626,(3,9223372036854775807))
Edge(283534,357638,(3,9223372036854775807))
Edge(283685,413603,(3,9223372036854775807))
Edge(284273,274040,(3,9223372036854775807))
Edge(284466,103793,(1,3))
Edge(284499,77895,(3,9223372036854775807))
Edge(284609,442894,(3,9223372036854775807))
Edge(284825,288611,(3,9223372036854775807))
Edge(285045,292784,(3,9223372036854775807))
Edge(286130,8305,(3,9223372036854775807))
Edge(286167,38756,(1,3))
Edge(286563,484163,(3,9223372036854775807))
Edge(287364,110328,(3,9223372036854775807))
Edge(288199,63046,(3,9223372036854775807))
Edge(288658,335436,(3,9223372036854775807))
Edge(288904,176152,(1,9223372036854775807))
Edge(289459,190088,(3,9223372036854775807))
Edge(289816,450206,(3,9223372036854775807))
Edge(290330,247770,(3,9223372036854775807))
Edge(290364,185329,(3,9223372036854775807))
Edge(290414,197324,(1,3))
Edge(290605,231999,(3,9223372036854775807))
Edge(290928,226706,(3,9223372036854775807))
Edge(291102,307480,(1,9223372036854775807))
Edge(291245,55720,(3,9223372036854775807))
Edge(291528,136094,(3,9223372036854775807))
Edge(291624,180938,(3,9223372036854775807))
Edge(291640,454329,(3,9223372036854775807))
Edge(291907,78686,(3,9223372036854775807))
Edge(292362,52857,(3,9223372036854775807))
Edge(292411,277956,(3,9223372036854775807))
Edge(292769,131105,(1,3))
Edge(293761,273332,(3,9223372036854775807))
Edge(293830,96377,(3,9223372036854775807))
Edge(294044,157049,(1,9223372036854775807))
Edge(295376,162705,(3,9223372036854775807))
Edge(295553,135364,(1,2))
Edge(295679,390123,(1,3))
Edge(295828,96073,(1,3))
Edge(296237,437963,(3,9223372036854775807))
Edge(296656,415494,(3,9223372036854775807))
Edge(296893,316758,(3,9223372036854775807))
Edge(296951,208201,(1,9223372036854775807))
Edge(297237,299601,(3,9223372036854775807))
Edge(297567,67565,(1,9223372036854775807))
Edge(297757,267912,(3,9223372036854775807))
Edge(297863,147635,(3,9223372036854775807))
Edge(297963,212272,(3,9223372036854775807))
Edge(298285,296834,(3,9223372036854775807))
Edge(298428,88783,(1,3))
Edge(299064,337017,(3,9223372036854775807))
Edge(299760,142118,(3,9223372036854775807))
Edge(299877,156619,(3,9223372036854775807))
Edge(299892,83939,(3,9223372036854775807))
Edge(299922,199269,(3,9223372036854775807))
Edge(300115,440624,(1,9223372036854775807))
Edge(300270,358080,(3,9223372036854775807))
Edge(300296,22976,(3,9223372036854775807))
Edge(300518,120838,(3,9223372036854775807))
Edge(300678,77686,(3,9223372036854775807))
Edge(300730,133045,(1,9223372036854775807))
Edge(301129,29725,(1,3))
Edge(301188,357347,(1,9223372036854775807))
Edge(301547,93182,(3,9223372036854775807))
Edge(301682,473899,(3,9223372036854775807))
Edge(301849,128589,(3,9223372036854775807))
Edge(301900,356453,(3,9223372036854775807))
Edge(301910,382394,(3,9223372036854775807))
Edge(302697,64432,(3,9223372036854775807))
Edge(302897,408956,(3,9223372036854775807))
Edge(302931,414950,(3,9223372036854775807))
Edge(303188,138250,(3,9223372036854775807))
Edge(303668,28961,(3,9223372036854775807))
Edge(303831,463496,(3,9223372036854775807))
Edge(304373,137576,(3,9223372036854775807))
Edge(304568,89,(3,9223372036854775807))
Edge(304628,172127,(3,9223372036854775807))
Edge(304817,122055,(3,9223372036854775807))
Edge(304834,409245,(3,9223372036854775807))
Edge(304838,70888,(1,3))
Edge(305151,456683,(3,9223372036854775807))
Edge(306296,22936,(3,9223372036854775807))
Edge(306516,28405,(3,9223372036854775807))
Edge(306517,194062,(3,9223372036854775807))
Edge(306735,455379,(3,9223372036854775807))
Edge(306821,465899,(1,9223372036854775807))
Edge(307028,200739,(3,9223372036854775807))
Edge(307040,106652,(3,9223372036854775807))
Edge(307607,155583,(3,9223372036854775807))
Edge(307627,23983,(3,9223372036854775807))
Edge(307666,391,(3,9223372036854775807))
Edge(307999,223452,(3,9223372036854775807))
Edge(308544,43369,(3,9223372036854775807))
Edge(308668,283877,(3,9223372036854775807))
Edge(309357,165938,(3,9223372036854775807))
Edge(309536,162527,(1,3))
Edge(309655,20285,(3,9223372036854775807))
Edge(309991,20693,(3,9223372036854775807))
Edge(310265,25171,(3,9223372036854775807))
Edge(310283,488578,(1,9223372036854775807))
Edge(310439,268887,(3,9223372036854775807))
Edge(310592,90968,(1,9223372036854775807))
Edge(310786,401803,(3,9223372036854775807))
Edge(310911,419195,(4,9223372036854775807))
Edge(310991,264732,(3,9223372036854775807))
Edge(311516,266566,(3,9223372036854775807))
Edge(311729,204910,(1,9223372036854775807))
Edge(313197,465254,(1,9223372036854775807))
Edge(313215,161106,(3,9223372036854775807))
Edge(313375,461099,(1,3))
Edge(313979,13465,(3,9223372036854775807))
Edge(314378,166895,(3,9223372036854775807))
Edge(314380,86135,(1,3))
Edge(314661,395498,(3,9223372036854775807))
Edge(314780,248164,(3,9223372036854775807))
Edge(314860,30335,(3,9223372036854775807))
Edge(315431,442050,(3,9223372036854775807))
Edge(315648,326513,(3,9223372036854775807))
Edge(315929,346443,(3,9223372036854775807))
Edge(315977,138466,(3,9223372036854775807))
Edge(315999,429134,(1,9223372036854775807))
Edge(316339,326694,(3,9223372036854775807))
Edge(316973,230994,(3,9223372036854775807))
Edge(317074,420303,(1,9223372036854775807))
Edge(317086,488038,(3,9223372036854775807))
Edge(317446,10037,(3,9223372036854775807))
Edge(317868,355495,(3,9223372036854775807))
Edge(318340,1674,(3,9223372036854775807))
Edge(318441,480364,(3,9223372036854775807))
Edge(318867,133039,(1,9223372036854775807))
Edge(319426,357822,(1,3))
Edge(319535,357553,(3,9223372036854775807))
Edge(319657,120424,(3,9223372036854775807))
Edge(319760,16695,(3,9223372036854775807))
Edge(320699,159784,(1,3))
Edge(320825,45005,(3,9223372036854775807))
Edge(320881,113923,(3,9223372036854775807))
Edge(320991,387926,(1,9223372036854775807))
Edge(321698,144331,(3,9223372036854775807))
Edge(322077,122322,(3,9223372036854775807))
Edge(323269,174856,(3,9223372036854775807))
Edge(323962,85036,(3,9223372036854775807))
Edge(324301,461872,(3,9223372036854775807))
Edge(324331,398583,(3,9223372036854775807))
Edge(324577,327155,(3,9223372036854775807))
Edge(324612,443527,(3,9223372036854775807))
Edge(324787,52613,(1,9223372036854775807))
Edge(325085,167510,(1,9223372036854775807))
Edge(325661,451046,(3,9223372036854775807))
Edge(325903,38332,(3,9223372036854775807))
Edge(326084,22778,(3,9223372036854775807))
Edge(327240,492935,(3,9223372036854775807))
Edge(327615,121234,(3,9223372036854775807))
Edge(327645,473384,(3,9223372036854775807))
Edge(327789,398163,(3,9223372036854775807))
Edge(327827,272526,(3,9223372036854775807))
Edge(328629,113318,(1,3))
Edge(328768,476481,(1,9223372036854775807))
Edge(328903,370918,(3,9223372036854775807))
Edge(329119,400016,(3,9223372036854775807))
Edge(329394,480515,(3,9223372036854775807))
Edge(329664,240497,(3,9223372036854775807))
Edge(330297,170401,(3,9223372036854775807))
Edge(330565,367048,(3,9223372036854775807))
Edge(330621,146829,(1,9223372036854775807))
Edge(330926,201447,(3,9223372036854775807))
Edge(331251,213062,(3,9223372036854775807))
Edge(331399,25909,(3,9223372036854775807))
Edge(331672,150389,(3,9223372036854775807))
Edge(333127,325727,(3,9223372036854775807))
Edge(333332,182679,(3,9223372036854775807))
Edge(333581,409736,(1,9223372036854775807))
Edge(333789,159365,(1,9223372036854775807))
Edge(333852,144322,(3,9223372036854775807))
Edge(333954,37498,(3,9223372036854775807))
Edge(334080,18134,(3,9223372036854775807))
Edge(334182,225176,(3,9223372036854775807))
Edge(334463,421085,(1,9223372036854775807))
Edge(334583,312025,(3,9223372036854775807))
Edge(335386,182489,(1,9223372036854775807))
Edge(335719,486379,(3,9223372036854775807))
Edge(335857,177659,(3,9223372036854775807))
Edge(335971,476746,(3,9223372036854775807))
Edge(336012,220541,(1,9223372036854775807))
Edge(336256,340652,(1,9223372036854775807))
Edge(336261,363988,(3,9223372036854775807))
Edge(337758,369469,(3,9223372036854775807))
Edge(338683,403103,(3,9223372036854775807))
Edge(339535,189909,(1,3))
Edge(339557,88714,(3,9223372036854775807))
Edge(339590,442892,(3,9223372036854775807))
Edge(339604,140486,(3,9223372036854775807))
Edge(339731,338390,(3,9223372036854775807))
Edge(340128,263453,(3,9223372036854775807))
Edge(340430,245086,(3,9223372036854775807))
Edge(340540,224151,(3,9223372036854775807))
Edge(340610,472618,(3,9223372036854775807))
Edge(340939,63817,(1,9223372036854775807))
Edge(341091,121602,(3,9223372036854775807))
Edge(341228,239989,(3,9223372036854775807))
Edge(341380,397663,(3,9223372036854775807))
Edge(341746,351454,(3,9223372036854775807))
Edge(342281,70065,(3,9223372036854775807))
Edge(343680,95066,(1,9223372036854775807))
Edge(343855,72014,(1,9223372036854775807))
Edge(344563,114698,(3,9223372036854775807))
Edge(344730,122570,(3,9223372036854775807))
Edge(345064,474423,(1,3))
Edge(345139,138710,(1,3))
Edge(345409,250560,(3,9223372036854775807))
Edge(345413,447726,(3,9223372036854775807))
Edge(345485,21459,(3,9223372036854775807))
Edge(345490,177224,(1,9223372036854775807))
Edge(345676,407376,(3,9223372036854775807))
Edge(346005,368911,(1,9223372036854775807))
Edge(346033,453903,(3,9223372036854775807))
Edge(346198,211714,(3,9223372036854775807))
Edge(346258,151859,(3,9223372036854775807))
Edge(346324,59182,(1,9223372036854775807))
Edge(346640,266400,(3,9223372036854775807))
Edge(346674,106327,(3,9223372036854775807))
Edge(347843,80542,(1,9223372036854775807))
Edge(347940,343042,(3,9223372036854775807))
Edge(347983,184647,(3,9223372036854775807))
Edge(348018,414200,(3,9223372036854775807))
Edge(348262,88068,(3,9223372036854775807))
Edge(348402,35214,(1,3))
Edge(348624,209826,(3,9223372036854775807))
Edge(349813,319902,(1,9223372036854775807))
Edge(350103,423830,(3,9223372036854775807))
Edge(350806,74639,(1,9223372036854775807))
Edge(351211,70107,(3,9223372036854775807))
Edge(351513,170461,(3,9223372036854775807))
Edge(351831,18250,(3,9223372036854775807))
Edge(351852,136438,(3,9223372036854775807))
Edge(352089,395658,(3,9223372036854775807))
Edge(352150,184219,(1,9223372036854775807))
Edge(352535,392819,(3,9223372036854775807))
Edge(353070,119497,(3,9223372036854775807))
Edge(353733,232346,(3,9223372036854775807))
Edge(353775,263402,(1,9223372036854775807))
Edge(354092,246646,(3,9223372036854775807))
Edge(354578,15413,(3,9223372036854775807))
Edge(354939,128306,(3,9223372036854775807))
Edge(355546,108811,(3,9223372036854775807))
Edge(355654,232743,(3,9223372036854775807))
Edge(355884,349906,(4,9223372036854775807))
Edge(355988,11164,(3,9223372036854775807))
Edge(356250,421230,(4,9223372036854775807))
Edge(356355,113159,(3,9223372036854775807))
Edge(356363,388469,(3,9223372036854775807))
Edge(356656,445103,(3,9223372036854775807))
Edge(356789,116572,(3,9223372036854775807))
Edge(356793,49728,(3,9223372036854775807))
Edge(356875,88619,(3,9223372036854775807))
Edge(356958,19476,(3,9223372036854775807))
Edge(357238,293954,(3,9223372036854775807))
Edge(357709,276647,(3,9223372036854775807))
Edge(357749,83141,(3,9223372036854775807))
Edge(357765,141496,(3,9223372036854775807))
Edge(357994,109306,(3,9223372036854775807))
Edge(358394,186913,(1,9223372036854775807))
Edge(358485,157584,(3,9223372036854775807))
Edge(359101,227814,(3,9223372036854775807))
Edge(359180,416478,(3,9223372036854775807))
Edge(359564,46018,(3,9223372036854775807))
Edge(359770,294097,(3,9223372036854775807))
Edge(359958,87134,(3,9223372036854775807))
Edge(359993,89578,(3,9223372036854775807))
Edge(360133,412381,(3,9223372036854775807))
Edge(360237,124151,(3,9223372036854775807))
Edge(360452,287908,(3,9223372036854775807))
Edge(360746,216598,(3,9223372036854775807))
Edge(361319,81013,(3,9223372036854775807))
Edge(361720,382512,(3,9223372036854775807))
Edge(362499,153475,(1,9223372036854775807))
Edge(362711,262721,(3,9223372036854775807))
Edge(362965,298107,(1,9223372036854775807))
Edge(362975,204959,(1,3))
Edge(363053,62755,(3,9223372036854775807))
Edge(363547,223071,(1,9223372036854775807))
Edge(364823,259762,(1,9223372036854775807))
Edge(365311,220230,(3,9223372036854775807))
Edge(365553,212805,(3,9223372036854775807))
Edge(365867,293211,(3,9223372036854775807))
Edge(366217,33695,(3,9223372036854775807))
Edge(366749,339905,(3,9223372036854775807))
Edge(367389,365754,(3,9223372036854775807))
Edge(367582,427331,(3,9223372036854775807))
Edge(368554,15074,(3,9223372036854775807))
Edge(369009,104382,(3,9223372036854775807))
Edge(369151,154531,(3,9223372036854775807))
Edge(369461,216924,(3,9223372036854775807))
Edge(370144,323453,(1,9223372036854775807))
Edge(370523,324659,(3,9223372036854775807))
Edge(370604,367815,(3,9223372036854775807))
Edge(371268,394768,(3,9223372036854775807))
Edge(371407,376896,(1,3))
Edge(372405,117464,(3,9223372036854775807))
Edge(372720,89789,(3,9223372036854775807))
Edge(372898,341051,(3,9223372036854775807))
Edge(372957,320722,(3,9223372036854775807))
Edge(373468,178969,(3,9223372036854775807))
Edge(373626,262873,(3,9223372036854775807))
Edge(374265,423574,(3,9223372036854775807))
Edge(374417,110654,(3,9223372036854775807))
Edge(374755,273925,(1,3))
Edge(374861,403802,(3,9223372036854775807))
Edge(374865,3072,(3,9223372036854775807))
Edge(375150,495282,(3,9223372036854775807))
Edge(375965,380641,(3,9223372036854775807))
Edge(376115,206740,(3,9223372036854775807))
Edge(376121,445249,(3,9223372036854775807))
Edge(376395,85199,(3,9223372036854775807))
Edge(376750,216890,(3,9223372036854775807))
Edge(376883,453009,(3,9223372036854775807))
Edge(376983,199256,(1,9223372036854775807))
Edge(377067,218339,(3,9223372036854775807))
Edge(377619,44095,(3,9223372036854775807))
Edge(377751,283618,(1,9223372036854775807))
Edge(378136,355128,(3,9223372036854775807))
Edge(379011,200742,(3,9223372036854775807))
Edge(379613,152042,(3,9223372036854775807))
Edge(379706,486119,(3,9223372036854775807))
Edge(380235,264026,(3,9223372036854775807))
Edge(380247,150192,(1,9223372036854775807))
Edge(380312,12205,(1,9223372036854775807))
Edge(380314,462185,(3,9223372036854775807))
Edge(380349,415141,(3,9223372036854775807))
Edge(380792,347049,(1,9223372036854775807))
Edge(381216,115042,(3,9223372036854775807))
Edge(381318,15777,(3,9223372036854775807))
Edge(381767,251650,(3,9223372036854775807))
Edge(381918,379942,(3,9223372036854775807))
Edge(382133,57584,(3,9223372036854775807))
Edge(382552,17729,(1,9223372036854775807))
Edge(382859,439456,(1,9223372036854775807))
Edge(383002,342182,(3,9223372036854775807))
Edge(383656,111743,(1,3))
Edge(383737,4958,(3,9223372036854775807))
Edge(384383,373808,(1,9223372036854775807))
Edge(384512,474433,(3,9223372036854775807))
Edge(384789,342950,(3,9223372036854775807))
Edge(384861,156936,(3,9223372036854775807))
Edge(384992,347123,(3,9223372036854775807))
Edge(385081,289540,(3,9223372036854775807))
Edge(385351,317008,(3,9223372036854775807))
Edge(386859,54545,(1,3))
Edge(387125,20447,(1,9223372036854775807))
Edge(387323,53970,(3,9223372036854775807))
Edge(387364,53510,(4,9223372036854775807))
Edge(388020,240910,(3,9223372036854775807))
Edge(388615,124977,(3,9223372036854775807))
Edge(388717,291221,(3,9223372036854775807))
Edge(388739,498944,(3,9223372036854775807))
Edge(388971,244180,(3,9223372036854775807))
Edge(389257,16493,(1,9223372036854775807))
Edge(389684,354422,(3,9223372036854775807))
Edge(389735,303858,(1,9223372036854775807))
Edge(390626,469328,(1,3))
Edge(391440,36522,(3,9223372036854775807))
Edge(391746,283808,(3,9223372036854775807))
Edge(391757,369251,(3,9223372036854775807))
Edge(392221,160733,(3,9223372036854775807))
Edge(392227,90259,(3,9223372036854775807))
Edge(393070,486276,(3,9223372036854775807))
Edge(393133,299767,(3,9223372036854775807))
Edge(393234,61249,(1,9223372036854775807))
Edge(395346,27766,(3,9223372036854775807))
Edge(395563,210516,(3,9223372036854775807))
Edge(395791,101933,(3,9223372036854775807))
Edge(395804,64513,(3,9223372036854775807))
Edge(395954,135925,(3,9223372036854775807))
Edge(396241,228691,(3,9223372036854775807))
Edge(396322,139443,(3,9223372036854775807))
Edge(396366,309122,(3,9223372036854775807))
Edge(396765,46674,(4,9223372036854775807))
Edge(396935,258216,(3,9223372036854775807))
Edge(397014,475976,(3,9223372036854775807))
Edge(397186,103337,(3,9223372036854775807))
Edge(397617,485264,(3,9223372036854775807))
Edge(397618,80620,(1,9223372036854775807))
Edge(397681,476825,(1,9223372036854775807))
Edge(397965,355854,(1,9223372036854775807))
Edge(398430,121829,(3,9223372036854775807))
Edge(398519,287997,(3,9223372036854775807))
Edge(399320,329370,(3,9223372036854775807))
Edge(399594,17455,(3,9223372036854775807))
Edge(399782,490319,(3,9223372036854775807))
Edge(399876,387607,(3,9223372036854775807))
Edge(400016,134752,(3,9223372036854775807))
Edge(400571,410880,(3,9223372036854775807))
Edge(401029,69370,(1,9223372036854775807))
Edge(401811,54379,(3,9223372036854775807))
Edge(401962,433265,(3,9223372036854775807))
Edge(402154,216504,(3,9223372036854775807))
Edge(402208,319983,(3,9223372036854775807))
Edge(402606,34638,(3,9223372036854775807))
Edge(403003,485248,(3,9223372036854775807))
Edge(403031,48171,(3,9223372036854775807))
Edge(403249,457298,(3,9223372036854775807))
Edge(403372,438522,(3,9223372036854775807))
Edge(403383,387734,(3,9223372036854775807))
Edge(403675,69356,(3,9223372036854775807))
Edge(403840,258854,(3,9223372036854775807))
Edge(404100,254235,(1,9223372036854775807))
Edge(404376,338096,(1,9223372036854775807))
Edge(404805,75132,(3,9223372036854775807))
Edge(405546,222548,(3,9223372036854775807))
Edge(405579,4645,(3,9223372036854775807))
Edge(406110,365003,(1,9223372036854775807))
Edge(406630,148918,(3,9223372036854775807))
Edge(406759,339225,(1,3))
Edge(406801,82639,(1,3))
Edge(406906,344678,(3,9223372036854775807))
Edge(407028,439127,(1,9223372036854775807))
Edge(407301,188478,(3,9223372036854775807))
Edge(407398,360507,(3,9223372036854775807))
Edge(407412,92438,(3,9223372036854775807))
Edge(407449,115650,(1,3))
Edge(407804,156794,(3,9223372036854775807))
Edge(408003,411229,(3,9223372036854775807))
Edge(408045,194788,(3,9223372036854775807))
Edge(408057,450269,(3,9223372036854775807))
Edge(408093,46302,(3,9223372036854775807))
Edge(408786,15125,(3,9223372036854775807))
Edge(408852,495486,(3,9223372036854775807))
Edge(408905,346304,(1,3))
Edge(408906,270604,(3,9223372036854775807))
Edge(408965,291257,(3,9223372036854775807))
Edge(409434,181877,(3,9223372036854775807))
Edge(409481,225601,(3,9223372036854775807))
Edge(409801,398765,(1,3))
Edge(409817,482426,(1,9223372036854775807))
Edge(410340,337931,(3,9223372036854775807))
Edge(411395,201971,(1,9223372036854775807))
Edge(411671,353718,(3,9223372036854775807))
Edge(411803,404767,(3,9223372036854775807))
Edge(412116,474703,(3,9223372036854775807))
Edge(412496,61501,(3,9223372036854775807))
Edge(413022,370794,(3,9223372036854775807))
Edge(413142,148418,(3,9223372036854775807))
Edge(413232,314121,(1,3))
Edge(413654,39578,(3,9223372036854775807))
Edge(413981,52003,(3,9223372036854775807))
Edge(414367,215928,(3,9223372036854775807))
Edge(414420,404241,(3,9223372036854775807))
Edge(415008,235513,(3,9223372036854775807))
Edge(415456,101251,(3,9223372036854775807))
Edge(416333,314642,(3,9223372036854775807))
Edge(416339,393558,(3,9223372036854775807))
Edge(416394,81734,(3,9223372036854775807))
Edge(416425,448928,(1,9223372036854775807))
Edge(416556,492181,(3,9223372036854775807))
Edge(416749,143722,(1,9223372036854775807))
Edge(417041,165121,(1,3))
Edge(417275,371839,(1,9223372036854775807))
Edge(417806,135878,(3,9223372036854775807))
Edge(418165,216626,(3,9223372036854775807))
Edge(418572,78070,(3,9223372036854775807))
Edge(418650,162213,(3,9223372036854775807))
Edge(418668,84052,(3,9223372036854775807))
Edge(418722,82238,(3,9223372036854775807))
Edge(418866,250929,(1,9223372036854775807))
Edge(419047,40040,(1,9223372036854775807))
Edge(419082,692,(1,9223372036854775807))
Edge(419227,56854,(3,9223372036854775807))
Edge(419385,71965,(3,9223372036854775807))
Edge(419607,253260,(3,9223372036854775807))
Edge(419705,350536,(3,9223372036854775807))
Edge(419789,43911,(1,9223372036854775807))
Edge(420261,127585,(1,9223372036854775807))
Edge(420427,390416,(3,9223372036854775807))
Edge(420580,358709,(3,9223372036854775807))
Edge(420933,68391,(3,9223372036854775807))
Edge(421504,95406,(3,9223372036854775807))
Edge(421536,295332,(1,9223372036854775807))
Edge(421585,165570,(1,9223372036854775807))
Edge(421678,50825,(4,9223372036854775807))
Edge(422228,360491,(3,9223372036854775807))
Edge(422250,58813,(3,9223372036854775807))
Edge(422517,135736,(3,9223372036854775807))
Edge(422728,373601,(1,9223372036854775807))
Edge(423552,189086,(3,9223372036854775807))
Edge(423830,295509,(1,9223372036854775807))
Edge(424242,464014,(3,9223372036854775807))
Edge(424400,26721,(3,9223372036854775807))
Edge(424587,451681,(1,9223372036854775807))
Edge(424708,420757,(1,9223372036854775807))
Edge(425303,226818,(3,9223372036854775807))
Edge(425459,443526,(1,9223372036854775807))
Edge(426055,36685,(1,9223372036854775807))
Edge(426138,368540,(3,9223372036854775807))
Edge(426186,455171,(3,9223372036854775807))
Edge(426598,291637,(3,9223372036854775807))
Edge(426615,430877,(3,9223372036854775807))
Edge(426782,236791,(3,9223372036854775807))
Edge(428521,493068,(1,9223372036854775807))
Edge(428748,440455,(3,9223372036854775807))
Edge(428785,404361,(3,9223372036854775807))
Edge(429348,182670,(3,9223372036854775807))
Edge(430566,157958,(1,3))
Edge(430617,300850,(1,9223372036854775807))
Edge(430911,311310,(3,9223372036854775807))
Edge(431035,467221,(3,9223372036854775807))
Edge(431178,34296,(3,9223372036854775807))
Edge(431733,115794,(1,9223372036854775807))
Edge(431835,236618,(1,9223372036854775807))
Edge(432276,493621,(3,9223372036854775807))
Edge(432395,277080,(3,9223372036854775807))
Edge(433035,362673,(3,9223372036854775807))
Edge(433152,496063,(3,9223372036854775807))
Edge(433262,93251,(3,9223372036854775807))
Edge(433291,347029,(3,9223372036854775807))
Edge(433455,389430,(3,9223372036854775807))
Edge(433590,65543,(3,9223372036854775807))
Edge(433793,366521,(3,9223372036854775807))
Edge(433928,444941,(3,9223372036854775807))
Edge(434652,272927,(3,9223372036854775807))
Edge(434709,49109,(3,9223372036854775807))
Edge(434862,218822,(3,9223372036854775807))
Edge(435004,298124,(3,9223372036854775807))
Edge(435025,93913,(3,9223372036854775807))
Edge(435376,41375,(3,9223372036854775807))
Edge(435419,332692,(4,9223372036854775807))
Edge(435553,109742,(1,9223372036854775807))
Edge(435752,294583,(3,9223372036854775807))
Edge(435832,33277,(3,9223372036854775807))
Edge(435891,352022,(4,9223372036854775807))
Edge(436020,292223,(3,9223372036854775807))
Edge(436181,275105,(3,9223372036854775807))
Edge(436263,99560,(3,9223372036854775807))
Edge(436742,222591,(3,9223372036854775807))
Edge(436865,100460,(3,9223372036854775807))
Edge(436975,235159,(3,9223372036854775807))
Edge(437228,219789,(3,9223372036854775807))
Edge(437283,50621,(3,9223372036854775807))
Edge(437534,382645,(3,9223372036854775807))
Edge(437707,431488,(3,9223372036854775807))
Edge(437842,262621,(1,3))
Edge(437848,354080,(1,9223372036854775807))
Edge(438373,46075,(3,9223372036854775807))
Edge(438396,446724,(1,9223372036854775807))
Edge(438720,180583,(3,9223372036854775807))
Edge(439525,219763,(1,3))
Edge(439527,455923,(4,9223372036854775807))
Edge(439653,495654,(3,9223372036854775807))
Edge(440645,196242,(3,9223372036854775807))
Edge(441360,470829,(3,9223372036854775807))
Edge(441386,496282,(1,9223372036854775807))
Edge(441956,1186,(3,9223372036854775807))
Edge(442130,484530,(3,9223372036854775807))
Edge(442830,273849,(3,9223372036854775807))
Edge(443156,459982,(3,9223372036854775807))
Edge(444186,218464,(3,9223372036854775807))
Edge(444236,238514,(3,9223372036854775807))
Edge(444261,313089,(3,9223372036854775807))
Edge(444280,14081,(3,9223372036854775807))
Edge(444696,316900,(3,9223372036854775807))
Edge(445053,65813,(3,9223372036854775807))
Edge(445580,246977,(3,9223372036854775807))
Edge(445910,331841,(3,9223372036854775807))
Edge(446018,298086,(3,9223372036854775807))
Edge(446183,4804,(1,9223372036854775807))
Edge(446496,236007,(3,9223372036854775807))
Edge(446592,365793,(3,9223372036854775807))
Edge(446678,330764,(3,9223372036854775807))
Edge(446826,424047,(3,9223372036854775807))
Edge(446936,353192,(3,9223372036854775807))
Edge(447020,379457,(3,9223372036854775807))
Edge(447036,33135,(3,9223372036854775807))
Edge(447195,384124,(3,9223372036854775807))
Edge(447815,384600,(1,9223372036854775807))
Edge(448157,28801,(3,9223372036854775807))
Edge(448770,203877,(3,9223372036854775807))
Edge(449308,287328,(3,9223372036854775807))
Edge(449378,364082,(3,9223372036854775807))
Edge(449898,259763,(3,9223372036854775807))
Edge(449909,110948,(3,9223372036854775807))
Edge(449989,436186,(3,9223372036854775807))
Edge(450531,331094,(3,9223372036854775807))
Edge(450715,339813,(3,9223372036854775807))
Edge(451241,69552,(3,9223372036854775807))
Edge(451423,142182,(3,9223372036854775807))
Edge(451796,466907,(1,9223372036854775807))
Edge(452241,193069,(3,9223372036854775807))
Edge(452247,219216,(1,9223372036854775807))
Edge(452514,214126,(3,9223372036854775807))
Edge(453335,430947,(3,9223372036854775807))
Edge(453772,438803,(3,9223372036854775807))
Edge(453903,302845,(3,9223372036854775807))
Edge(454041,109667,(3,9223372036854775807))
Edge(454182,322692,(3,9223372036854775807))
Edge(454546,66466,(3,9223372036854775807))
Edge(455415,328013,(3,9223372036854775807))
Edge(455503,30551,(3,9223372036854775807))
Edge(455642,391776,(3,9223372036854775807))
Edge(455702,142417,(3,9223372036854775807))
Edge(455973,242442,(1,9223372036854775807))
Edge(456338,397911,(1,9223372036854775807))
Edge(456456,494745,(1,9223372036854775807))
Edge(456542,48745,(3,9223372036854775807))
Edge(456544,398391,(3,9223372036854775807))
Edge(456825,77898,(3,9223372036854775807))
Edge(456937,291363,(3,9223372036854775807))
Edge(456951,20464,(3,9223372036854775807))
Edge(457374,180774,(3,9223372036854775807))
Edge(457583,53968,(3,9223372036854775807))
Edge(458087,188009,(3,9223372036854775807))
Edge(458641,177873,(3,9223372036854775807))
Edge(458694,176398,(1,9223372036854775807))
Edge(458747,225093,(4,9223372036854775807))
Edge(459016,262552,(3,9223372036854775807))
Edge(459342,433234,(3,9223372036854775807))
Edge(459418,83074,(3,9223372036854775807))
Edge(459444,108426,(3,9223372036854775807))
Edge(459615,234699,(3,9223372036854775807))
Edge(460623,250601,(3,9223372036854775807))
Edge(460782,336042,(1,3))
Edge(461097,206680,(3,9223372036854775807))
Edge(461809,278455,(1,9223372036854775807))
Edge(461863,224577,(3,9223372036854775807))
Edge(462198,25851,(1,9223372036854775807))
Edge(462218,273449,(3,9223372036854775807))
Edge(462770,61373,(3,9223372036854775807))
Edge(463468,485956,(1,3))
Edge(463693,355922,(3,9223372036854775807))
Edge(464913,472875,(3,9223372036854775807))
Edge(465824,469994,(1,3))
Edge(465848,462960,(1,9223372036854775807))
Edge(466166,47010,(3,9223372036854775807))
Edge(466331,450165,(3,9223372036854775807))
Edge(466638,2018,(3,9223372036854775807))
Edge(466683,262062,(3,9223372036854775807))
Edge(466784,417327,(3,9223372036854775807))
Edge(466813,117648,(3,9223372036854775807))
Edge(466830,22757,(3,9223372036854775807))
Edge(466958,354595,(3,9223372036854775807))
Edge(467108,254723,(1,9223372036854775807))
Edge(467234,40853,(3,9223372036854775807))
Edge(467396,438499,(3,9223372036854775807))
Edge(467805,491841,(3,9223372036854775807))
Edge(468214,279894,(3,9223372036854775807))
Edge(468360,208363,(3,9223372036854775807))
Edge(468375,202777,(3,9223372036854775807))
Edge(468554,360387,(1,3))
Edge(468658,22072,(1,9223372036854775807))
Edge(469565,135270,(3,9223372036854775807))
Edge(469642,57176,(3,9223372036854775807))
Edge(470013,465618,(3,9223372036854775807))
Edge(470209,477288,(1,9223372036854775807))
Edge(470419,288530,(3,9223372036854775807))
Edge(470423,423892,(3,9223372036854775807))
Edge(470621,493159,(3,9223372036854775807))
Edge(471647,271084,(1,3))
Edge(471856,328561,(1,3))
Edge(472260,90422,(3,9223372036854775807))
Edge(472537,387842,(3,9223372036854775807))
Edge(472818,186154,(3,9223372036854775807))
Edge(473093,30642,(3,9223372036854775807))
Edge(473213,220646,(3,9223372036854775807))
Edge(473380,58616,(3,9223372036854775807))
Edge(473399,436476,(3,9223372036854775807))
Edge(473633,210139,(3,9223372036854775807))
Edge(474105,459577,(3,9223372036854775807))
Edge(474562,330366,(1,9223372036854775807))
Edge(474803,1926,(3,9223372036854775807))
Edge(475271,79711,(3,9223372036854775807))
Edge(475379,315914,(1,3))
Edge(475609,93954,(3,9223372036854775807))
Edge(476074,56504,(3,9223372036854775807))
Edge(476650,194601,(3,9223372036854775807))
Edge(476793,447066,(1,3))
Edge(477128,72598,(3,9223372036854775807))
Edge(477128,213901,(3,9223372036854775807))
Edge(477513,39336,(3,9223372036854775807))
Edge(477528,370458,(3,9223372036854775807))
Edge(477711,148297,(1,3))
Edge(478183,467666,(3,9223372036854775807))
Edge(478389,446708,(3,9223372036854775807))
Edge(478521,187537,(3,9223372036854775807))
Edge(479270,185803,(3,9223372036854775807))
Edge(479448,166665,(3,9223372036854775807))
Edge(479650,37913,(1,3))
Edge(479738,304084,(1,9223372036854775807))
Edge(479907,47896,(1,9223372036854775807))
Edge(479958,489323,(1,3))
Edge(479966,497755,(1,9223372036854775807))
Edge(480183,126255,(1,3))
Edge(480203,209192,(3,9223372036854775807))
Edge(480573,437401,(3,9223372036854775807))
Edge(480620,48048,(1,9223372036854775807))
Edge(480779,164549,(1,9223372036854775807))
Edge(481246,102339,(1,9223372036854775807))
Edge(481596,386413,(3,9223372036854775807))
Edge(482122,468956,(1,9223372036854775807))
Edge(482258,133273,(3,9223372036854775807))
Edge(482478,453069,(3,9223372036854775807))
Edge(482483,402565,(1,3))
Edge(483075,377131,(3,9223372036854775807))
Edge(483172,256502,(3,9223372036854775807))
Edge(483176,33887,(1,3))
Edge(483469,153435,(1,9223372036854775807))
Edge(483531,371693,(3,9223372036854775807))
Edge(483724,359557,(3,9223372036854775807))
Edge(483825,375841,(1,9223372036854775807))
Edge(484576,274247,(1,9223372036854775807))
Edge(484746,358450,(1,9223372036854775807))
Edge(484839,305086,(1,9223372036854775807))
Edge(484843,66311,(3,9223372036854775807))
Edge(485749,370079,(3,9223372036854775807))
Edge(485951,56508,(3,9223372036854775807))
Edge(486045,392265,(3,9223372036854775807))
Edge(486053,223705,(3,9223372036854775807))
Edge(486185,427676,(3,9223372036854775807))
Edge(486188,415125,(3,9223372036854775807))
Edge(486306,404535,(3,9223372036854775807))
Edge(486605,244442,(3,9223372036854775807))
Edge(486671,416999,(3,9223372036854775807))
Edge(486741,416552,(3,9223372036854775807))
Edge(486959,429092,(3,9223372036854775807))
Edge(487257,392190,(3,9223372036854775807))
Edge(487531,177938,(3,9223372036854775807))
Edge(487574,103104,(1,9223372036854775807))
Edge(487876,444516,(1,3))
Edge(488005,183839,(1,3))
Edge(488073,342667,(1,3))
Edge(488841,256239,(3,9223372036854775807))
Edge(489021,227756,(3,9223372036854775807))
Edge(489653,113287,(3,9223372036854775807))
Edge(489699,9301,(3,9223372036854775807))
Edge(490086,191641,(3,9223372036854775807))
Edge(491094,443952,(3,9223372036854775807))
Edge(491238,213204,(3,9223372036854775807))
Edge(491973,157837,(3,9223372036854775807))
Edge(492176,200146,(3,9223372036854775807))
Edge(492363,188602,(3,9223372036854775807))
Edge(493732,285661,(3,9223372036854775807))
Edge(493795,360083,(3,9223372036854775807))
Edge(493844,135696,(3,9223372036854775807))
Edge(494199,410963,(3,9223372036854775807))
Edge(494947,210709,(3,9223372036854775807))
Edge(495129,151763,(1,9223372036854775807))
Edge(495247,460589,(3,9223372036854775807))
Edge(496146,116510,(1,9223372036854775807))
Edge(496154,226436,(1,9223372036854775807))
Edge(496300,8328,(3,9223372036854775807))
Edge(497022,474613,(3,9223372036854775807))
Edge(497096,364396,(1,9223372036854775807))
Edge(497137,140147,(3,9223372036854775807))
Edge(497421,12239,(3,9223372036854775807))
Edge(497603,54720,(3,9223372036854775807))
Edge(497844,381709,(3,9223372036854775807))
Edge(497861,351095,(3,9223372036854775807))
Edge(497946,104053,(1,9223372036854775807))
Edge(498146,167045,(3,9223372036854775807))
Edge(498242,260136,(3,9223372036854775807))
Edge(498626,416056,(1,9223372036854775807))
Edge(498648,152041,(3,9223372036854775807))
Edge(498888,441697,(1,3))
Edge(499104,239674,(1,9223372036854775807))
Edge(499328,239332,(3,9223372036854775807))
Edge(499350,66937,(3,9223372036854775807))
Edge(499626,89081,(3,9223372036854775807))
