Edge(40,476961,(3,9223372036854775807))
Edge(73,482982,(3,9223372036854775807))
Edge(355,275432,(3,9223372036854775807))
Edge(1074,104138,(1,9223372036854775807))
Edge(1265,136395,(1,9223372036854775807))
Edge(1412,44976,(3,9223372036854775807))
Edge(1771,309389,(3,9223372036854775807))
Edge(2010,491356,(3,9223372036854775807))
Edge(2453,304365,(3,9223372036854775807))
Edge(2639,300765,(3,9223372036854775807))
Edge(2653,260064,(3,9223372036854775807))
Edge(2732,19186,(3,9223372036854775807))
Edge(2985,124239,(3,9223372036854775807))
Edge(3167,152600,(1,9223372036854775807))
Edge(3750,423151,(1,9223372036854775807))
Edge(4190,202456,(3,9223372036854775807))
Edge(4388,96028,(3,9223372036854775807))
Edge(4434,263812,(1,9223372036854775807))
Edge(4716,375291,(1,9223372036854775807))
Edge(4772,253013,(3,9223372036854775807))
Edge(5612,416333,(3,9223372036854775807))
Edge(6006,205427,(3,9223372036854775807))
Edge(6050,299703,(3,9223372036854775807))
Edge(6827,212661,(3,9223372036854775807))
Edge(6844,243241,(3,9223372036854775807))
Edge(7164,487749,(3,9223372036854775807))
Edge(8734,346124,(3,9223372036854775807))
Edge(8985,471441,(3,9223372036854775807))
Edge(9190,227808,(3,9223372036854775807))
Edge(9365,286371,(3,9223372036854775807))
Edge(9545,160034,(3,9223372036854775807))
Edge(9601,48247,(3,9223372036854775807))
Edge(9877,380283,(1,3))
Edge(10233,93952,(1,9223372036854775807))
Edge(10395,403785,(3,9223372036854775807))
Edge(10526,397182,(3,9223372036854775807))
Edge(11063,391291,(3,9223372036854775807))
Edge(11168,388077,(3,9223372036854775807))
Edge(12157,58718,(3,9223372036854775807))
Edge(12571,352108,(3,9223372036854775807))
Edge(12803,388602,(3,9223372036854775807))
Edge(13636,426747,(3,9223372036854775807))
Edge(13673,137367,(3,9223372036854775807))
Edge(13840,143968,(3,9223372036854775807))
Edge(14079,417404,(1,9223372036854775807))
Edge(14268,326554,(3,9223372036854775807))
Edge(14290,152866,(1,9223372036854775807))
Edge(14765,288182,(3,9223372036854775807))
Edge(14798,219662,(1,3))
Edge(14861,347834,(3,9223372036854775807))
Edge(15095,88200,(3,9223372036854775807))
Edge(15149,35935,(3,9223372036854775807))
Edge(15189,68749,(3,9223372036854775807))
Edge(15521,357438,(3,9223372036854775807))
Edge(15571,157359,(3,9223372036854775807))
Edge(15612,266593,(3,9223372036854775807))
Edge(15626,367333,(3,9223372036854775807))
Edge(15905,192599,(3,9223372036854775807))
Edge(16096,417937,(3,9223372036854775807))
Edge(16124,124432,(3,9223372036854775807))
Edge(16131,47306,(3,9223372036854775807))
Edge(16180,371472,(1,3))
Edge(16266,461241,(3,9223372036854775807))
Edge(16305,183550,(3,9223372036854775807))
Edge(16352,299881,(3,9223372036854775807))
Edge(16653,181677,(1,9223372036854775807))
Edge(16844,283329,(1,9223372036854775807))
Edge(17035,12507,(3,9223372036854775807))
Edge(17068,131553,(3,9223372036854775807))
Edge(17079,242566,(3,9223372036854775807))
Edge(17237,437769,(3,9223372036854775807))
Edge(17287,226970,(3,9223372036854775807))
Edge(17775,86806,(3,9223372036854775807))
Edge(18121,34113,(3,9223372036854775807))
Edge(18872,264299,(3,9223372036854775807))
Edge(18971,91666,(3,9223372036854775807))
Edge(19459,80829,(3,9223372036854775807))
Edge(19685,151293,(3,9223372036854775807))
Edge(20540,345544,(1,9223372036854775807))
Edge(20737,131003,(1,9223372036854775807))
Edge(20792,17224,(3,9223372036854775807))
Edge(21509,376508,(2,9223372036854775807))
Edge(21539,218759,(3,9223372036854775807))
Edge(21637,64669,(3,9223372036854775807))
Edge(21726,204027,(3,9223372036854775807))
Edge(21877,123269,(3,9223372036854775807))
Edge(22010,92272,(1,9223372036854775807))
Edge(22169,489305,(3,9223372036854775807))
Edge(22790,264411,(3,9223372036854775807))
Edge(23068,325718,(1,9223372036854775807))
Edge(23372,443764,(3,9223372036854775807))
Edge(23608,376277,(3,9223372036854775807))
Edge(23909,498984,(3,9223372036854775807))
Edge(23989,288985,(3,9223372036854775807))
Edge(24164,204010,(3,9223372036854775807))
Edge(24193,119942,(3,9223372036854775807))
Edge(26073,52628,(1,9223372036854775807))
Edge(26167,98692,(3,9223372036854775807))
Edge(26432,14767,(3,9223372036854775807))
Edge(26684,202405,(3,9223372036854775807))
Edge(26719,177536,(1,3))
Edge(27003,72025,(3,9223372036854775807))
Edge(27327,449915,(1,9223372036854775807))
Edge(27399,318053,(3,9223372036854775807))
Edge(27422,173287,(3,9223372036854775807))
Edge(27544,400842,(3,9223372036854775807))
Edge(27964,325256,(3,9223372036854775807))
Edge(28272,390630,(3,9223372036854775807))
Edge(28356,239628,(3,9223372036854775807))
Edge(28587,11976,(3,9223372036854775807))
Edge(29173,460087,(3,9223372036854775807))
Edge(29228,394893,(3,9223372036854775807))
Edge(29253,186276,(3,9223372036854775807))
Edge(29367,411475,(3,9223372036854775807))
Edge(29423,78117,(3,9223372036854775807))
Edge(29585,295421,(3,9223372036854775807))
Edge(29807,89337,(3,9223372036854775807))
Edge(31162,40185,(1,9223372036854775807))
Edge(31546,114393,(3,9223372036854775807))
Edge(31548,196343,(3,9223372036854775807))
Edge(31639,147120,(3,9223372036854775807))
Edge(31865,357675,(3,9223372036854775807))
Edge(31875,34087,(1,3))
Edge(32564,142816,(4,9223372036854775807))
Edge(32570,416945,(3,9223372036854775807))
Edge(33244,196575,(3,9223372036854775807))
Edge(33500,405454,(3,9223372036854775807))
Edge(33603,380986,(3,9223372036854775807))
Edge(34059,342737,(1,9223372036854775807))
Edge(34565,158767,(3,9223372036854775807))
Edge(34862,428947,(3,9223372036854775807))
Edge(35218,450829,(3,9223372036854775807))
Edge(35334,430,(1,9223372036854775807))
Edge(35337,254489,(1,9223372036854775807))
Edge(35511,419491,(3,9223372036854775807))
Edge(35863,314453,(1,9223372036854775807))
Edge(35927,402228,(3,9223372036854775807))
Edge(36092,315154,(1,9223372036854775807))
Edge(36106,135520,(3,9223372036854775807))
Edge(36235,450854,(3,9223372036854775807))
Edge(36400,224939,(3,9223372036854775807))
Edge(36528,410802,(3,9223372036854775807))
Edge(36535,136213,(3,9223372036854775807))
Edge(36908,251365,(3,9223372036854775807))
Edge(37196,372653,(3,9223372036854775807))
Edge(37565,442774,(3,9223372036854775807))
Edge(38159,305979,(3,9223372036854775807))
Edge(38498,104570,(3,9223372036854775807))
Edge(39081,303474,(1,9223372036854775807))
Edge(40000,99678,(3,9223372036854775807))
Edge(40448,178699,(3,9223372036854775807))
Edge(40497,272042,(3,9223372036854775807))
Edge(40688,61884,(1,3))
Edge(40771,442491,(3,9223372036854775807))
Edge(41136,1092,(3,9223372036854775807))
Edge(41163,375762,(3,9223372036854775807))
Edge(41318,239874,(3,9223372036854775807))
Edge(41668,342956,(1,9223372036854775807))
Edge(41701,167563,(3,9223372036854775807))
Edge(41830,89022,(1,9223372036854775807))
Edge(41857,199834,(1,3))
Edge(42073,230604,(1,9223372036854775807))
Edge(42285,259828,(1,3))
Edge(42290,101781,(3,9223372036854775807))
Edge(42475,191274,(3,9223372036854775807))
Edge(43137,278694,(1,3))
Edge(43234,21781,(3,9223372036854775807))
Edge(43300,192562,(3,9223372036854775807))
Edge(43343,288645,(1,9223372036854775807))
Edge(43542,330285,(3,9223372036854775807))
Edge(43841,434905,(3,9223372036854775807))
Edge(43960,284107,(1,9223372036854775807))
Edge(44270,136976,(3,9223372036854775807))
Edge(44873,49688,(1,9223372036854775807))
Edge(45062,229468,(3,9223372036854775807))
Edge(45314,391595,(3,9223372036854775807))
Edge(45468,158092,(1,9223372036854775807))
Edge(45764,50489,(3,9223372036854775807))
Edge(46772,112958,(3,9223372036854775807))
Edge(47062,27728,(3,9223372036854775807))
Edge(47629,185997,(3,9223372036854775807))
Edge(47997,452755,(3,9223372036854775807))
Edge(48224,246087,(3,9223372036854775807))
Edge(48380,393007,(3,9223372036854775807))
Edge(48778,256144,(1,9223372036854775807))
Edge(48926,340277,(1,9223372036854775807))
Edge(49158,116314,(3,9223372036854775807))
Edge(49353,162952,(3,9223372036854775807))
Edge(50253,431301,(3,9223372036854775807))
Edge(50441,258280,(3,9223372036854775807))
Edge(50864,318227,(3,9223372036854775807))
Edge(51394,346045,(3,9223372036854775807))
Edge(51425,365352,(1,9223372036854775807))
Edge(51867,233307,(1,3))
Edge(52079,174134,(3,9223372036854775807))
Edge(52080,123481,(1,9223372036854775807))
Edge(52540,323278,(3,9223372036854775807))
Edge(52728,474733,(3,9223372036854775807))
Edge(52898,185176,(3,9223372036854775807))
Edge(52960,271125,(3,9223372036854775807))
Edge(54175,75025,(3,9223372036854775807))
Edge(54305,411222,(3,9223372036854775807))
Edge(54382,195766,(3,9223372036854775807))
Edge(54867,442015,(1,9223372036854775807))
Edge(55888,464883,(3,9223372036854775807))
Edge(55914,238349,(1,9223372036854775807))
Edge(56157,212160,(3,9223372036854775807))
Edge(56171,275754,(1,9223372036854775807))
Edge(56322,153616,(3,9223372036854775807))
Edge(56789,206264,(3,9223372036854775807))
Edge(57136,129835,(3,9223372036854775807))
Edge(57873,34498,(3,9223372036854775807))
Edge(58048,141026,(3,9223372036854775807))
Edge(58480,234256,(1,3))
Edge(58811,454990,(3,9223372036854775807))
Edge(58856,241160,(3,9223372036854775807))
Edge(59297,48545,(1,3))
Edge(59499,6839,(3,9223372036854775807))
Edge(59726,211601,(3,9223372036854775807))
Edge(60191,234284,(3,9223372036854775807))
Edge(60615,396457,(1,9223372036854775807))
Edge(60653,218902,(3,9223372036854775807))
Edge(60918,470317,(3,9223372036854775807))
Edge(61063,293757,(3,9223372036854775807))
Edge(61181,29970,(1,3))
Edge(62808,467600,(3,9223372036854775807))
Edge(63144,225903,(3,9223372036854775807))
Edge(63188,359154,(3,9223372036854775807))
Edge(63331,84931,(3,9223372036854775807))
Edge(63486,190592,(3,9223372036854775807))
Edge(63555,232269,(3,9223372036854775807))
Edge(63936,230440,(3,9223372036854775807))
Edge(64113,337586,(3,9223372036854775807))
Edge(64613,381789,(1,9223372036854775807))
Edge(64645,416512,(3,9223372036854775807))
Edge(65859,88115,(3,9223372036854775807))
Edge(65878,275987,(3,9223372036854775807))
Edge(65931,169518,(3,9223372036854775807))
Edge(66424,7097,(3,9223372036854775807))
Edge(66552,79916,(3,9223372036854775807))
Edge(66844,273792,(3,9223372036854775807))
Edge(67137,169650,(3,9223372036854775807))
Edge(67312,7112,(3,9223372036854775807))
Edge(68250,163479,(3,9223372036854775807))
Edge(68520,170661,(1,9223372036854775807))
Edge(68807,187173,(3,9223372036854775807))
Edge(68826,303833,(1,9223372036854775807))
Edge(69251,348360,(3,9223372036854775807))
Edge(69436,191306,(1,9223372036854775807))
Edge(69437,386769,(1,3))
Edge(69906,239161,(1,9223372036854775807))
Edge(70256,412121,(3,9223372036854775807))
Edge(70715,58215,(1,3))
Edge(70978,233380,(3,9223372036854775807))
Edge(71074,386023,(3,9223372036854775807))
Edge(71151,167642,(3,9223372036854775807))
Edge(71490,145609,(1,9223372036854775807))
Edge(71659,415867,(1,9223372036854775807))
Edge(71950,376872,(3,9223372036854775807))
Edge(71966,171183,(3,9223372036854775807))
Edge(72071,58501,(1,3))
Edge(72697,16275,(3,9223372036854775807))
Edge(73050,281826,(3,9223372036854775807))
Edge(73062,310601,(3,9223372036854775807))
Edge(73091,444302,(3,9223372036854775807))
Edge(73531,28017,(3,9223372036854775807))
Edge(73724,184445,(3,9223372036854775807))
Edge(73857,223364,(3,9223372036854775807))
Edge(74056,326323,(3,9223372036854775807))
Edge(74682,145317,(3,9223372036854775807))
Edge(75662,322726,(3,9223372036854775807))
Edge(75808,141607,(3,9223372036854775807))
Edge(76158,423811,(3,9223372036854775807))
Edge(76193,12494,(3,9223372036854775807))
Edge(76475,82089,(1,3))
Edge(76836,355449,(3,9223372036854775807))
Edge(77360,429732,(1,3))
Edge(77689,305711,(1,3))
Edge(78261,177539,(1,9223372036854775807))
Edge(78324,164997,(3,9223372036854775807))
Edge(78479,199999,(1,9223372036854775807))
Edge(78705,415057,(3,9223372036854775807))
Edge(78957,451906,(3,9223372036854775807))
Edge(79010,456759,(3,9223372036854775807))
Edge(79033,297820,(3,9223372036854775807))
Edge(79380,268902,(1,3))
Edge(79552,212363,(3,9223372036854775807))
Edge(79568,52992,(3,9223372036854775807))
Edge(79737,385858,(3,9223372036854775807))
Edge(79867,77956,(1,9223372036854775807))
Edge(79926,118841,(3,9223372036854775807))
Edge(80249,146684,(3,9223372036854775807))
Edge(80541,329462,(3,9223372036854775807))
Edge(80713,214840,(3,9223372036854775807))
Edge(81428,450495,(3,9223372036854775807))
Edge(82245,31690,(3,9223372036854775807))
Edge(82311,158043,(3,9223372036854775807))
Edge(82501,434865,(1,9223372036854775807))
Edge(82849,165522,(3,9223372036854775807))
Edge(82925,26622,(3,9223372036854775807))
Edge(83024,286226,(3,9223372036854775807))
Edge(83214,316897,(3,9223372036854775807))
Edge(83375,160405,(3,9223372036854775807))
Edge(83860,63903,(3,9223372036854775807))
Edge(84468,442175,(3,9223372036854775807))
Edge(84812,309999,(3,9223372036854775807))
Edge(85067,110204,(3,9223372036854775807))
Edge(85133,429658,(3,9223372036854775807))
Edge(85178,163338,(3,9223372036854775807))
Edge(85210,319264,(3,9223372036854775807))
Edge(85248,492303,(3,9223372036854775807))
Edge(85603,413289,(3,9223372036854775807))
Edge(86333,163264,(1,9223372036854775807))
Edge(86626,295296,(1,3))
Edge(86728,473397,(3,9223372036854775807))
Edge(88169,433688,(3,9223372036854775807))
Edge(88373,50765,(3,9223372036854775807))
Edge(88485,156780,(3,9223372036854775807))
Edge(88742,187305,(3,9223372036854775807))
Edge(88753,293746,(3,9223372036854775807))
Edge(88825,178076,(3,9223372036854775807))
Edge(88960,423112,(1,3))
Edge(89037,122367,(1,3))
Edge(89481,321245,(3,9223372036854775807))
Edge(89504,238295,(1,9223372036854775807))
Edge(89830,362907,(3,9223372036854775807))
Edge(90341,413128,(1,3))
Edge(91261,430003,(1,9223372036854775807))
Edge(91407,141663,(3,9223372036854775807))
Edge(91421,174182,(3,9223372036854775807))
Edge(91583,196157,(3,9223372036854775807))
Edge(91882,160165,(1,3))
Edge(91969,44224,(3,9223372036854775807))
Edge(92016,185907,(3,9223372036854775807))
Edge(92150,170066,(3,9223372036854775807))
Edge(92270,303737,(1,3))
Edge(92379,285344,(1,9223372036854775807))
Edge(92682,50329,(3,9223372036854775807))
Edge(93156,71356,(3,9223372036854775807))
Edge(93303,314861,(3,9223372036854775807))
Edge(93741,495758,(1,9223372036854775807))
Edge(93784,255135,(3,9223372036854775807))
Edge(94025,141217,(1,3))
Edge(94311,373062,(3,9223372036854775807))
Edge(94451,73850,(3,9223372036854775807))
Edge(94563,220238,(3,9223372036854775807))
Edge(94578,142054,(3,9223372036854775807))
Edge(94787,165810,(3,9223372036854775807))
Edge(94855,470140,(3,9223372036854775807))
Edge(94937,247414,(1,9223372036854775807))
Edge(95295,290960,(3,9223372036854775807))
Edge(95334,113428,(3,9223372036854775807))
Edge(95504,421418,(3,9223372036854775807))
Edge(95805,156905,(1,3))
Edge(95926,280341,(3,9223372036854775807))
Edge(95965,229030,(1,9223372036854775807))
Edge(95967,28107,(3,9223372036854775807))
Edge(96365,229923,(3,9223372036854775807))
Edge(96780,283168,(3,9223372036854775807))
Edge(96793,479581,(3,9223372036854775807))
Edge(97087,432960,(3,9223372036854775807))
Edge(97599,183189,(3,9223372036854775807))
Edge(97893,264020,(3,9223372036854775807))
Edge(97943,336471,(3,9223372036854775807))
Edge(98072,365536,(1,9223372036854775807))
Edge(98317,78636,(1,9223372036854775807))
Edge(98932,467096,(3,9223372036854775807))
Edge(99182,94913,(1,9223372036854775807))
Edge(99226,255477,(3,9223372036854775807))
Edge(99290,494191,(3,9223372036854775807))
Edge(99304,166206,(3,9223372036854775807))
Edge(99380,371986,(3,9223372036854775807))
Edge(100289,245778,(3,9223372036854775807))
Edge(100314,36838,(1,3))
Edge(100565,102015,(3,9223372036854775807))
Edge(101356,493548,(3,9223372036854775807))
Edge(101645,263160,(3,9223372036854775807))
Edge(101969,373109,(1,3))
Edge(102048,403621,(1,3))
Edge(102248,291213,(3,9223372036854775807))
Edge(102918,169687,(3,9223372036854775807))
Edge(103047,351146,(3,9223372036854775807))
Edge(103100,387156,(3,9223372036854775807))
Edge(103265,6296,(3,9223372036854775807))
Edge(103774,424367,(3,9223372036854775807))
Edge(103985,1769,(3,9223372036854775807))
Edge(104126,362171,(3,9223372036854775807))
Edge(104153,71387,(3,9223372036854775807))
Edge(104211,30146,(3,9223372036854775807))
Edge(104429,293794,(3,9223372036854775807))
Edge(104879,367084,(3,9223372036854775807))
Edge(105039,308620,(3,9223372036854775807))
Edge(106137,184710,(3,9223372036854775807))
Edge(106170,493193,(1,9223372036854775807))
Edge(106413,373879,(3,9223372036854775807))
Edge(107058,355269,(3,9223372036854775807))
Edge(107164,65629,(1,9223372036854775807))
Edge(107533,397033,(3,9223372036854775807))
Edge(107641,324784,(3,9223372036854775807))
Edge(108071,216833,(3,9223372036854775807))
Edge(108234,123806,(3,9223372036854775807))
Edge(108406,71266,(1,3))
Edge(108967,26137,(1,9223372036854775807))
Edge(109431,87793,(3,9223372036854775807))
Edge(109819,60740,(3,9223372036854775807))
Edge(110807,298511,(3,9223372036854775807))
Edge(111156,219428,(3,9223372036854775807))
Edge(111159,242268,(3,9223372036854775807))
Edge(111437,471561,(1,9223372036854775807))
Edge(111538,210871,(3,9223372036854775807))
Edge(111716,411579,(3,9223372036854775807))
Edge(112240,374045,(3,9223372036854775807))
Edge(112245,74059,(3,9223372036854775807))
Edge(112248,228915,(3,9223372036854775807))
Edge(112640,205836,(3,9223372036854775807))
Edge(113181,330490,(3,9223372036854775807))
Edge(113695,334,(3,9223372036854775807))
Edge(113711,390471,(1,3))
Edge(114098,25300,(3,9223372036854775807))
Edge(114195,205798,(1,9223372036854775807))
Edge(114406,122529,(3,9223372036854775807))
Edge(114580,159347,(1,9223372036854775807))
Edge(114747,322607,(3,9223372036854775807))
Edge(114910,301051,(1,9223372036854775807))
Edge(115532,338811,(3,9223372036854775807))
Edge(115588,423699,(3,9223372036854775807))
Edge(115998,292507,(3,9223372036854775807))
Edge(116182,443385,(3,9223372036854775807))
Edge(116208,53340,(3,9223372036854775807))
Edge(116430,31930,(3,9223372036854775807))
Edge(116708,365022,(3,9223372036854775807))
Edge(116744,384041,(3,9223372036854775807))
Edge(117089,493896,(3,9223372036854775807))
Edge(118258,120875,(1,3))
Edge(118265,67905,(3,9223372036854775807))
Edge(118697,198528,(3,9223372036854775807))
Edge(118898,238458,(3,9223372036854775807))
Edge(119237,418059,(3,9223372036854775807))
Edge(119314,486404,(3,9223372036854775807))
Edge(119372,259938,(3,9223372036854775807))
Edge(119404,347257,(3,9223372036854775807))
Edge(119534,122021,(3,9223372036854775807))
Edge(119784,244410,(3,9223372036854775807))
Edge(119954,131775,(3,9223372036854775807))
Edge(120180,267397,(3,9223372036854775807))
Edge(120828,1548,(3,9223372036854775807))
Edge(120834,91220,(3,9223372036854775807))
Edge(120857,319210,(3,9223372036854775807))
Edge(121087,476956,(3,9223372036854775807))
Edge(121134,112940,(1,9223372036854775807))
Edge(121417,305223,(1,3))
Edge(121444,9588,(3,9223372036854775807))
Edge(121466,180110,(3,9223372036854775807))
Edge(121641,426427,(3,9223372036854775807))
Edge(121868,214707,(3,9223372036854775807))
Edge(121906,428819,(3,9223372036854775807))
Edge(122334,214593,(1,9223372036854775807))
Edge(122485,82547,(3,9223372036854775807))
Edge(123046,472907,(1,9223372036854775807))
Edge(123362,19993,(3,9223372036854775807))
Edge(123614,66983,(3,9223372036854775807))
Edge(123631,36361,(3,9223372036854775807))
Edge(123639,189367,(3,9223372036854775807))
Edge(123677,13726,(3,9223372036854775807))
Edge(123718,348003,(3,9223372036854775807))
Edge(123735,301122,(3,9223372036854775807))
Edge(124062,99838,(3,9223372036854775807))
Edge(124099,104596,(3,9223372036854775807))
Edge(125051,339372,(3,9223372036854775807))
Edge(125077,105606,(3,9223372036854775807))
Edge(125849,243625,(1,9223372036854775807))
Edge(125986,239023,(3,9223372036854775807))
Edge(125992,115265,(3,9223372036854775807))
Edge(126544,474035,(3,9223372036854775807))
Edge(127088,48941,(3,9223372036854775807))
Edge(127480,13321,(3,9223372036854775807))
Edge(127788,470045,(1,9223372036854775807))
Edge(128132,490946,(3,9223372036854775807))
Edge(128632,45019,(1,9223372036854775807))
Edge(128646,113151,(3,9223372036854775807))
Edge(128785,364275,(3,9223372036854775807))
Edge(128872,182908,(3,9223372036854775807))
Edge(129672,105952,(1,9223372036854775807))
Edge(129948,215252,(3,9223372036854775807))
Edge(129995,34902,(3,9223372036854775807))
Edge(130355,318555,(3,9223372036854775807))
Edge(130470,50174,(3,9223372036854775807))
Edge(130672,151455,(3,9223372036854775807))
Edge(130673,246696,(3,9223372036854775807))
Edge(131260,60066,(3,9223372036854775807))
Edge(131488,225278,(3,9223372036854775807))
Edge(131597,424245,(3,9223372036854775807))
Edge(132052,128038,(3,9223372036854775807))
Edge(132171,97657,(3,9223372036854775807))
Edge(132527,44975,(3,9223372036854775807))
Edge(132722,264302,(1,9223372036854775807))
Edge(133085,98318,(3,9223372036854775807))
Edge(133351,107464,(1,3))
Edge(133800,75355,(3,9223372036854775807))
Edge(134311,92906,(3,9223372036854775807))
Edge(134325,285172,(3,9223372036854775807))
Edge(134681,127394,(1,3))
Edge(135470,105662,(3,9223372036854775807))
Edge(136009,409214,(3,9223372036854775807))
Edge(136071,499918,(3,9223372036854775807))
Edge(136504,245245,(3,9223372036854775807))
Edge(136617,93835,(3,9223372036854775807))
Edge(136967,240282,(3,9223372036854775807))
Edge(137051,272099,(3,9223372036854775807))
Edge(137708,182455,(3,9223372036854775807))
Edge(138213,315203,(1,3))
Edge(138386,258088,(1,9223372036854775807))
Edge(138953,81382,(3,9223372036854775807))
Edge(139082,348079,(3,9223372036854775807))
Edge(139181,330658,(1,9223372036854775807))
Edge(139238,201218,(3,9223372036854775807))
Edge(139664,149669,(1,9223372036854775807))
Edge(140194,172132,(3,9223372036854775807))
Edge(140202,494849,(3,9223372036854775807))
Edge(141003,181321,(1,3))
Edge(141277,486214,(3,9223372036854775807))
Edge(141401,72008,(1,9223372036854775807))
Edge(141829,240028,(3,9223372036854775807))
Edge(141889,229812,(3,9223372036854775807))
Edge(142352,23159,(3,9223372036854775807))
Edge(142684,234131,(1,3))
Edge(142694,406918,(3,9223372036854775807))
Edge(143122,477773,(1,9223372036854775807))
Edge(143125,30717,(1,9223372036854775807))
Edge(143639,287190,(3,9223372036854775807))
Edge(143764,368999,(3,9223372036854775807))
Edge(144241,244790,(3,9223372036854775807))
Edge(144511,184314,(3,9223372036854775807))
Edge(144520,164537,(3,9223372036854775807))
Edge(144807,193149,(1,9223372036854775807))
Edge(145327,51189,(3,9223372036854775807))
Edge(145652,189116,(3,9223372036854775807))
Edge(145739,152450,(1,9223372036854775807))
Edge(145781,47309,(3,9223372036854775807))
Edge(145901,391177,(3,9223372036854775807))
Edge(145990,205573,(3,9223372036854775807))
Edge(146730,285006,(3,9223372036854775807))
Edge(146837,26562,(1,9223372036854775807))
Edge(146932,444105,(3,9223372036854775807))
Edge(147409,373793,(3,9223372036854775807))
Edge(147440,76589,(3,9223372036854775807))
Edge(147447,306028,(3,9223372036854775807))
Edge(147607,481673,(3,9223372036854775807))
Edge(147729,322046,(3,9223372036854775807))
Edge(148130,246360,(1,9223372036854775807))
Edge(148330,299685,(3,9223372036854775807))
Edge(148345,207803,(3,9223372036854775807))
Edge(148690,379447,(1,9223372036854775807))
Edge(148723,222955,(3,9223372036854775807))
Edge(148956,401623,(3,9223372036854775807))
Edge(149010,360816,(3,9223372036854775807))
Edge(149502,201790,(1,9223372036854775807))
Edge(149690,321303,(1,3))
Edge(149908,478059,(3,9223372036854775807))
Edge(150043,252457,(3,9223372036854775807))
Edge(150126,92836,(3,9223372036854775807))
Edge(150162,430734,(1,9223372036854775807))
Edge(150955,50399,(3,9223372036854775807))
Edge(151753,90166,(3,9223372036854775807))
Edge(151786,224076,(4,9223372036854775807))
Edge(152125,382888,(1,9223372036854775807))
Edge(152164,463402,(3,9223372036854775807))
Edge(152588,277635,(3,9223372036854775807))
Edge(152647,349972,(3,9223372036854775807))
Edge(152705,402342,(3,9223372036854775807))
Edge(152765,222418,(3,9223372036854775807))
Edge(152989,61020,(3,9223372036854775807))
Edge(153251,29174,(3,9223372036854775807))
Edge(153413,257606,(3,9223372036854775807))
Edge(153522,135483,(3,9223372036854775807))
Edge(153808,303204,(3,9223372036854775807))
Edge(154043,288529,(1,9223372036854775807))
Edge(154258,367092,(1,3))
Edge(155515,364708,(3,9223372036854775807))
Edge(155736,276292,(3,9223372036854775807))
Edge(155839,431481,(3,9223372036854775807))
Edge(156063,255343,(3,9223372036854775807))
Edge(156393,84666,(3,9223372036854775807))
Edge(156546,409430,(1,3))
Edge(156994,123157,(3,9223372036854775807))
Edge(157449,268619,(3,9223372036854775807))
Edge(157922,372457,(3,9223372036854775807))
Edge(158086,17,(3,9223372036854775807))
Edge(158172,264234,(3,9223372036854775807))
Edge(158420,155947,(3,9223372036854775807))
Edge(158735,237363,(3,9223372036854775807))
Edge(158895,24169,(3,9223372036854775807))
Edge(159134,417835,(3,9223372036854775807))
Edge(159275,386828,(3,9223372036854775807))
Edge(159646,228599,(3,9223372036854775807))
Edge(159941,409087,(3,9223372036854775807))
Edge(160932,427661,(3,9223372036854775807))
Edge(161139,449986,(3,9223372036854775807))
Edge(161297,183117,(3,9223372036854775807))
Edge(161484,359517,(3,9223372036854775807))
Edge(161552,99521,(3,9223372036854775807))
Edge(161685,103086,(3,9223372036854775807))
Edge(162011,433697,(3,9223372036854775807))
Edge(162083,438959,(1,9223372036854775807))
Edge(162302,430279,(3,9223372036854775807))
Edge(163243,120679,(1,9223372036854775807))
Edge(163263,259876,(3,9223372036854775807))
Edge(163831,110573,(1,3))
Edge(164030,499886,(1,9223372036854775807))
Edge(164426,458275,(3,9223372036854775807))
Edge(164728,457722,(3,9223372036854775807))
Edge(165329,105360,(3,9223372036854775807))
Edge(165419,456590,(3,9223372036854775807))
Edge(165591,291137,(3,9223372036854775807))
Edge(165727,12943,(1,3))
Edge(166285,26257,(3,9223372036854775807))
Edge(166296,427770,(3,9223372036854775807))
Edge(167120,23372,(1,3))
Edge(167136,254668,(3,9223372036854775807))
Edge(167227,258839,(3,9223372036854775807))
Edge(167493,28833,(3,9223372036854775807))
Edge(167840,222553,(3,9223372036854775807))
Edge(167954,326748,(3,9223372036854775807))
Edge(167995,360283,(3,9223372036854775807))
Edge(168267,276642,(3,9223372036854775807))
Edge(168394,103502,(3,9223372036854775807))
Edge(168663,207579,(3,9223372036854775807))
Edge(168882,185637,(3,9223372036854775807))
Edge(169298,34169,(3,9223372036854775807))
Edge(169554,179838,(4,9223372036854775807))
Edge(169574,7584,(1,9223372036854775807))
Edge(169771,244406,(3,9223372036854775807))
Edge(170082,161263,(3,9223372036854775807))
Edge(170276,249307,(3,9223372036854775807))
Edge(170329,28096,(3,9223372036854775807))
Edge(170602,196095,(3,9223372036854775807))
Edge(170662,391765,(3,9223372036854775807))
Edge(170753,454386,(3,9223372036854775807))
Edge(170880,321911,(3,9223372036854775807))
Edge(170995,334944,(1,3))
Edge(171061,204930,(3,9223372036854775807))
Edge(171428,56542,(1,9223372036854775807))
Edge(171618,401872,(3,9223372036854775807))
Edge(171812,463894,(3,9223372036854775807))
Edge(172655,4156,(3,9223372036854775807))
Edge(173094,64675,(1,3))
Edge(174145,108528,(3,9223372036854775807))
Edge(174511,163847,(1,3))
Edge(174738,203634,(3,9223372036854775807))
Edge(175410,269343,(3,9223372036854775807))
Edge(175729,404211,(3,9223372036854775807))
Edge(175792,311649,(3,9223372036854775807))
Edge(176383,491360,(1,3))
Edge(176808,199331,(3,9223372036854775807))
Edge(177124,353910,(1,9223372036854775807))
Edge(177455,496923,(3,9223372036854775807))
Edge(177529,191340,(1,9223372036854775807))
Edge(177851,184485,(3,9223372036854775807))
Edge(178167,260337,(3,9223372036854775807))
Edge(178324,27874,(3,9223372036854775807))
Edge(178486,365813,(3,9223372036854775807))
Edge(178787,159753,(3,9223372036854775807))
Edge(179241,313518,(1,9223372036854775807))
Edge(179252,347207,(3,9223372036854775807))
Edge(179397,162601,(3,9223372036854775807))
Edge(179519,211819,(3,9223372036854775807))
Edge(179618,259870,(4,9223372036854775807))
Edge(179869,380160,(3,9223372036854775807))
Edge(179898,382707,(3,9223372036854775807))
Edge(179959,10187,(3,9223372036854775807))
Edge(180164,443721,(1,9223372036854775807))
Edge(180336,391740,(3,9223372036854775807))
Edge(181066,290731,(1,9223372036854775807))
Edge(182227,27245,(3,9223372036854775807))
Edge(182615,432672,(3,9223372036854775807))
Edge(182629,253879,(3,9223372036854775807))
Edge(182707,383640,(1,9223372036854775807))
Edge(182807,305394,(3,9223372036854775807))
Edge(182939,218217,(3,9223372036854775807))
Edge(182992,64387,(1,3))
Edge(183451,406944,(3,9223372036854775807))
Edge(183655,379074,(3,9223372036854775807))
Edge(183881,489162,(3,9223372036854775807))
Edge(184069,206789,(3,9223372036854775807))
Edge(184474,37423,(3,9223372036854775807))
Edge(184791,416258,(3,9223372036854775807))
Edge(184886,170844,(3,9223372036854775807))
Edge(184986,232201,(3,9223372036854775807))
Edge(185123,437513,(3,9223372036854775807))
Edge(185346,113582,(3,9223372036854775807))
Edge(185661,155414,(1,9223372036854775807))
Edge(185839,230525,(3,9223372036854775807))
Edge(185964,19155,(3,9223372036854775807))
Edge(186200,248808,(3,9223372036854775807))
Edge(186797,423508,(3,9223372036854775807))
Edge(186876,63662,(3,9223372036854775807))
Edge(187048,115526,(3,9223372036854775807))
Edge(187322,88057,(3,9223372036854775807))
Edge(187427,175657,(3,9223372036854775807))
Edge(188408,366699,(1,3))
Edge(188612,335198,(3,9223372036854775807))
Edge(189729,143804,(3,9223372036854775807))
Edge(190792,410430,(3,9223372036854775807))
Edge(190919,316622,(3,9223372036854775807))
Edge(191031,128634,(3,9223372036854775807))
Edge(191091,343179,(3,9223372036854775807))
Edge(191939,336104,(3,9223372036854775807))
Edge(192086,371872,(3,9223372036854775807))
Edge(192555,232127,(3,9223372036854775807))
Edge(192733,94963,(3,9223372036854775807))
Edge(192764,62471,(3,9223372036854775807))
Edge(192976,368622,(1,9223372036854775807))
Edge(192995,377061,(3,9223372036854775807))
Edge(193057,425025,(3,9223372036854775807))
Edge(193163,320194,(1,9223372036854775807))
Edge(193324,355461,(3,9223372036854775807))
Edge(193583,277213,(3,9223372036854775807))
Edge(193773,338892,(3,9223372036854775807))
Edge(193778,362976,(1,9223372036854775807))
Edge(193796,304033,(1,9223372036854775807))
Edge(193800,172805,(3,9223372036854775807))
Edge(194442,153506,(3,9223372036854775807))
Edge(194600,30932,(3,9223372036854775807))
Edge(194904,282220,(3,9223372036854775807))
Edge(195004,287712,(3,9223372036854775807))
Edge(195045,19538,(3,9223372036854775807))
Edge(195104,451006,(3,9223372036854775807))
Edge(195343,8813,(3,9223372036854775807))
Edge(195506,85890,(1,9223372036854775807))
Edge(195827,59057,(3,9223372036854775807))
Edge(196002,407714,(3,9223372036854775807))
Edge(196015,88949,(3,9223372036854775807))
Edge(196166,494802,(1,9223372036854775807))
Edge(196631,215369,(3,9223372036854775807))
Edge(197820,66440,(3,9223372036854775807))
Edge(197954,28807,(3,9223372036854775807))
Edge(198263,131684,(3,9223372036854775807))
Edge(198570,136309,(3,9223372036854775807))
Edge(198872,38664,(3,9223372036854775807))
Edge(199102,499373,(3,9223372036854775807))
Edge(199264,6399,(3,9223372036854775807))
Edge(199385,4971,(3,9223372036854775807))
Edge(199398,274868,(3,9223372036854775807))
Edge(199521,168742,(3,9223372036854775807))
Edge(199610,118343,(3,9223372036854775807))
Edge(199963,353599,(3,9223372036854775807))
Edge(200156,472856,(3,9223372036854775807))
Edge(200319,155637,(3,9223372036854775807))
Edge(200571,277442,(3,9223372036854775807))
Edge(200611,71431,(3,9223372036854775807))
Edge(200692,116490,(3,9223372036854775807))
Edge(200946,346894,(3,9223372036854775807))
Edge(200968,330685,(3,9223372036854775807))
Edge(201585,30215,(3,9223372036854775807))
Edge(201669,344492,(3,9223372036854775807))
Edge(201676,99754,(3,9223372036854775807))
Edge(201875,244384,(3,9223372036854775807))
Edge(202157,254247,(3,9223372036854775807))
Edge(203032,397296,(3,9223372036854775807))
Edge(203055,254282,(1,3))
Edge(203123,359396,(3,9223372036854775807))
Edge(203186,243052,(3,9223372036854775807))
Edge(204111,363239,(3,9223372036854775807))
Edge(204281,418763,(3,9223372036854775807))
Edge(204411,333580,(3,9223372036854775807))
Edge(204507,256645,(3,9223372036854775807))
Edge(205073,265335,(3,9223372036854775807))
Edge(205099,384149,(3,9223372036854775807))
Edge(205198,307256,(3,9223372036854775807))
Edge(205330,100208,(3,9223372036854775807))
Edge(205844,301979,(3,9223372036854775807))
Edge(206669,289488,(1,9223372036854775807))
Edge(206921,318152,(3,9223372036854775807))
Edge(207304,450013,(3,9223372036854775807))
Edge(207504,321306,(3,9223372036854775807))
Edge(207904,178989,(3,9223372036854775807))
Edge(207950,33653,(1,9223372036854775807))
Edge(208076,244132,(3,9223372036854775807))
Edge(208302,137045,(1,9223372036854775807))
Edge(208482,76006,(1,9223372036854775807))
Edge(208705,437813,(3,9223372036854775807))
Edge(208730,82496,(3,9223372036854775807))
Edge(209945,475721,(3,9223372036854775807))
Edge(210309,457245,(3,9223372036854775807))
Edge(210574,467844,(3,9223372036854775807))
Edge(210607,233799,(3,9223372036854775807))
Edge(211203,185067,(3,9223372036854775807))
Edge(211401,75207,(3,9223372036854775807))
Edge(211422,418987,(3,9223372036854775807))
Edge(211491,206966,(1,3))
Edge(211512,33478,(3,9223372036854775807))
Edge(211534,340816,(3,9223372036854775807))
Edge(211859,36747,(3,9223372036854775807))
Edge(211943,490200,(3,9223372036854775807))
Edge(212013,124941,(3,9223372036854775807))
Edge(212136,405112,(3,9223372036854775807))
Edge(212541,473668,(3,9223372036854775807))
Edge(212820,226636,(3,9223372036854775807))
Edge(213173,409436,(3,9223372036854775807))
Edge(213285,338944,(3,9223372036854775807))
Edge(213789,482808,(3,9223372036854775807))
Edge(213795,35635,(3,9223372036854775807))
Edge(213915,108945,(1,9223372036854775807))
Edge(214394,124250,(3,9223372036854775807))
Edge(214496,362103,(3,9223372036854775807))
Edge(214526,92741,(1,3))
Edge(214569,151100,(3,9223372036854775807))
Edge(215390,19513,(1,9223372036854775807))
Edge(215699,217944,(3,9223372036854775807))
Edge(217385,447301,(3,9223372036854775807))
Edge(218010,49749,(1,9223372036854775807))
Edge(218257,208034,(1,9223372036854775807))
Edge(218662,345280,(3,9223372036854775807))
Edge(219762,155032,(1,9223372036854775807))
Edge(220016,166307,(3,9223372036854775807))
Edge(220671,451250,(3,9223372036854775807))
Edge(221117,486790,(3,9223372036854775807))
Edge(221266,418025,(3,9223372036854775807))
Edge(221503,195167,(3,9223372036854775807))
Edge(221718,417600,(1,3))
Edge(221765,330458,(3,9223372036854775807))
Edge(221771,274136,(1,9223372036854775807))
Edge(221875,194431,(3,9223372036854775807))
Edge(221912,45263,(3,9223372036854775807))
Edge(221949,6933,(3,9223372036854775807))
Edge(222763,443946,(3,9223372036854775807))
Edge(223278,223896,(1,9223372036854775807))
Edge(223406,240972,(3,9223372036854775807))
Edge(223714,219710,(3,9223372036854775807))
Edge(223854,183720,(3,9223372036854775807))
Edge(224131,123310,(3,9223372036854775807))
Edge(224166,380966,(3,9223372036854775807))
Edge(224238,248988,(1,3))
Edge(224396,464281,(3,9223372036854775807))
Edge(224463,135889,(3,9223372036854775807))
Edge(224570,49433,(3,9223372036854775807))
Edge(224598,101704,(3,9223372036854775807))
Edge(225111,261316,(3,9223372036854775807))
Edge(225228,165588,(3,9223372036854775807))
Edge(225243,111024,(3,9223372036854775807))
Edge(225855,426796,(1,9223372036854775807))
Edge(225877,127125,(3,9223372036854775807))
Edge(226176,102939,(1,9223372036854775807))
Edge(226726,503,(3,9223372036854775807))
Edge(226995,469503,(1,9223372036854775807))
Edge(227074,457352,(3,9223372036854775807))
Edge(227266,265171,(3,9223372036854775807))
Edge(227315,114859,(1,3))
Edge(227447,100676,(3,9223372036854775807))
Edge(227524,483356,(3,9223372036854775807))
Edge(227978,301704,(3,9223372036854775807))
Edge(228033,289929,(1,9223372036854775807))
Edge(228246,448431,(3,9223372036854775807))
Edge(229650,108531,(3,9223372036854775807))
Edge(230207,129704,(3,9223372036854775807))
Edge(230313,5421,(3,9223372036854775807))
Edge(230488,137178,(3,9223372036854775807))
Edge(230825,344971,(3,9223372036854775807))
Edge(231280,196622,(3,9223372036854775807))
Edge(231466,118201,(3,9223372036854775807))
Edge(232231,222008,(3,9223372036854775807))
Edge(232886,290059,(1,9223372036854775807))
Edge(233706,491192,(1,3))
Edge(233904,451631,(3,9223372036854775807))
Edge(234060,450166,(3,9223372036854775807))
Edge(234185,334271,(3,9223372036854775807))
Edge(234325,167470,(3,9223372036854775807))
Edge(234508,442100,(3,9223372036854775807))
Edge(234811,447516,(3,9223372036854775807))
Edge(234822,227475,(1,3))
Edge(235484,381389,(3,9223372036854775807))
Edge(235577,416648,(3,9223372036854775807))
Edge(235588,480819,(3,9223372036854775807))
Edge(236100,22876,(3,9223372036854775807))
Edge(236318,342331,(3,9223372036854775807))
Edge(236328,110810,(3,9223372036854775807))
Edge(236345,136495,(3,9223372036854775807))
Edge(236774,468794,(3,9223372036854775807))
Edge(236829,430846,(3,9223372036854775807))
Edge(237002,14147,(3,9223372036854775807))
Edge(237239,148572,(3,9223372036854775807))
Edge(237415,399193,(3,9223372036854775807))
Edge(237515,258837,(3,9223372036854775807))
Edge(237568,238802,(3,9223372036854775807))
Edge(238199,226481,(3,9223372036854775807))
Edge(238199,408068,(3,9223372036854775807))
Edge(238796,327579,(3,9223372036854775807))
Edge(238845,423566,(1,9223372036854775807))
Edge(238898,288302,(1,9223372036854775807))
Edge(239019,309174,(1,9223372036854775807))
Edge(239178,104003,(3,9223372036854775807))
Edge(239675,245067,(3,9223372036854775807))
Edge(239974,408798,(3,9223372036854775807))
Edge(240216,489152,(3,9223372036854775807))
Edge(240287,75098,(3,9223372036854775807))
Edge(240327,105900,(3,9223372036854775807))
Edge(240434,126380,(3,9223372036854775807))
Edge(240740,336019,(3,9223372036854775807))
Edge(240880,2302,(3,9223372036854775807))
Edge(240901,75246,(3,9223372036854775807))
Edge(241320,353993,(1,9223372036854775807))
Edge(241423,141344,(3,9223372036854775807))
Edge(241747,254709,(3,9223372036854775807))
Edge(241761,235687,(1,3))
Edge(241831,379569,(3,9223372036854775807))
Edge(242116,483563,(3,9223372036854775807))
Edge(242172,489611,(3,9223372036854775807))
Edge(242441,293166,(1,9223372036854775807))
Edge(242482,395970,(1,9223372036854775807))
Edge(242756,124080,(3,9223372036854775807))
Edge(243057,61808,(3,9223372036854775807))
Edge(243251,391211,(3,9223372036854775807))
Edge(243314,115002,(3,9223372036854775807))
Edge(243870,244194,(1,3))
Edge(244163,197544,(3,9223372036854775807))
Edge(244602,228649,(3,9223372036854775807))
Edge(244686,287579,(3,9223372036854775807))
Edge(244805,100502,(3,9223372036854775807))
Edge(245160,43948,(3,9223372036854775807))
Edge(245304,298244,(3,9223372036854775807))
Edge(245382,167868,(1,9223372036854775807))
Edge(245587,8807,(3,9223372036854775807))
Edge(246773,341764,(3,9223372036854775807))
Edge(246909,43718,(1,3))
Edge(247230,427841,(3,9223372036854775807))
Edge(247994,171428,(3,9223372036854775807))
Edge(248140,475441,(1,3))
Edge(248344,296819,(3,9223372036854775807))
Edge(248667,302332,(4,9223372036854775807))
Edge(248821,216910,(1,3))
Edge(249231,24132,(3,9223372036854775807))
Edge(249277,198048,(4,9223372036854775807))
Edge(249435,424130,(3,9223372036854775807))
Edge(249810,181664,(3,9223372036854775807))
Edge(250012,389405,(3,9223372036854775807))
Edge(250639,257676,(3,9223372036854775807))
Edge(250668,260014,(3,9223372036854775807))
Edge(250759,424461,(3,9223372036854775807))
Edge(250808,308175,(3,9223372036854775807))
Edge(251032,148045,(3,9223372036854775807))
Edge(251233,262540,(3,9223372036854775807))
Edge(251411,357429,(4,9223372036854775807))
Edge(251424,324590,(3,9223372036854775807))
Edge(252387,100194,(3,9223372036854775807))
Edge(252517,257826,(1,9223372036854775807))
Edge(252741,482375,(3,9223372036854775807))
Edge(253247,12911,(3,9223372036854775807))
Edge(253935,68449,(3,9223372036854775807))
Edge(254017,60224,(3,9223372036854775807))
Edge(254158,262675,(3,9223372036854775807))
Edge(254324,67697,(3,9223372036854775807))
Edge(254433,413462,(3,9223372036854775807))
Edge(254645,133067,(3,9223372036854775807))
Edge(254765,407115,(3,9223372036854775807))
Edge(255034,235662,(1,3))
Edge(255146,204450,(1,3))
Edge(255226,283871,(3,9223372036854775807))
Edge(255495,479377,(3,9223372036854775807))
Edge(255553,256776,(3,9223372036854775807))
Edge(255559,123066,(3,9223372036854775807))
Edge(256284,288070,(3,9223372036854775807))
Edge(256387,406927,(1,3))
Edge(256450,273714,(1,9223372036854775807))
Edge(256496,277336,(3,9223372036854775807))
Edge(256601,260802,(3,9223372036854775807))
Edge(256619,387841,(1,9223372036854775807))
Edge(256655,190940,(3,9223372036854775807))
Edge(256779,98090,(3,9223372036854775807))
Edge(256871,103796,(3,9223372036854775807))
Edge(256941,142144,(3,9223372036854775807))
Edge(257147,218535,(3,9223372036854775807))
Edge(257299,163430,(3,9223372036854775807))
Edge(257370,274628,(3,9223372036854775807))
Edge(258127,280081,(3,9223372036854775807))
Edge(258613,292350,(3,9223372036854775807))
Edge(258618,169101,(3,9223372036854775807))
Edge(258672,402171,(3,9223372036854775807))
Edge(258990,399048,(3,9223372036854775807))
Edge(258996,201718,(3,9223372036854775807))
Edge(259567,4468,(3,9223372036854775807))
Edge(260168,155619,(3,9223372036854775807))
Edge(260185,351485,(3,9223372036854775807))
Edge(260492,74088,(1,3))
Edge(260600,191327,(3,9223372036854775807))
Edge(260646,6607,(1,9223372036854775807))
Edge(260671,450284,(1,3))
Edge(260697,91532,(1,9223372036854775807))
Edge(260729,128946,(3,9223372036854775807))
Edge(260950,431440,(1,9223372036854775807))
Edge(261126,153999,(3,9223372036854775807))
Edge(261148,205610,(3,9223372036854775807))
Edge(261434,168188,(3,9223372036854775807))
Edge(261525,384266,(3,9223372036854775807))
Edge(261718,227482,(3,9223372036854775807))
Edge(261747,314766,(3,9223372036854775807))
Edge(262033,188202,(3,9223372036854775807))
Edge(262078,102902,(4,9223372036854775807))
Edge(262842,322776,(1,3))
Edge(262848,166203,(1,3))
Edge(263164,463866,(3,9223372036854775807))
Edge(263172,498294,(1,9223372036854775807))
Edge(263342,296265,(1,9223372036854775807))
Edge(263730,38819,(1,9223372036854775807))
Edge(263740,390790,(1,9223372036854775807))
Edge(263898,259902,(1,3))
Edge(264068,264994,(3,9223372036854775807))
Edge(264072,409137,(3,9223372036854775807))
Edge(264452,189797,(3,9223372036854775807))
Edge(264683,186910,(3,9223372036854775807))
Edge(265340,100973,(3,9223372036854775807))
Edge(265725,100293,(3,9223372036854775807))
Edge(266535,361716,(3,9223372036854775807))
Edge(266814,151559,(3,9223372036854775807))
Edge(267336,380916,(3,9223372036854775807))
Edge(267372,97305,(1,9223372036854775807))
Edge(267519,367706,(3,9223372036854775807))
Edge(267912,473024,(3,9223372036854775807))
Edge(268017,277569,(1,3))
Edge(268264,50527,(3,9223372036854775807))
Edge(268290,82881,(3,9223372036854775807))
Edge(268310,42844,(3,9223372036854775807))
Edge(268535,102338,(1,9223372036854775807))
Edge(268829,210949,(3,9223372036854775807))
Edge(269058,181611,(3,9223372036854775807))
Edge(269503,335612,(3,9223372036854775807))
Edge(269518,363307,(3,9223372036854775807))
Edge(270123,151811,(3,9223372036854775807))
Edge(270707,385674,(3,9223372036854775807))
Edge(270789,440975,(3,9223372036854775807))
Edge(271003,59853,(3,9223372036854775807))
Edge(271152,326897,(1,9223372036854775807))
Edge(271470,420965,(3,9223372036854775807))
Edge(271614,382478,(3,9223372036854775807))
Edge(271932,283284,(3,9223372036854775807))
Edge(272087,314679,(1,3))
Edge(272233,69493,(1,9223372036854775807))
Edge(272637,80704,(3,9223372036854775807))
Edge(272847,300806,(1,9223372036854775807))
Edge(272954,4847,(3,9223372036854775807))
Edge(272996,82244,(3,9223372036854775807))
Edge(273314,205307,(3,9223372036854775807))
Edge(274175,263190,(3,9223372036854775807))
Edge(274468,315156,(3,9223372036854775807))
Edge(274557,446187,(1,9223372036854775807))
Edge(274592,272501,(3,9223372036854775807))
Edge(274729,248697,(3,9223372036854775807))
Edge(274765,268985,(3,9223372036854775807))
Edge(274907,313220,(3,9223372036854775807))
Edge(275415,443370,(1,3))
Edge(275479,225507,(3,9223372036854775807))
Edge(275662,359878,(3,9223372036854775807))
Edge(276396,333819,(1,3))
Edge(276548,105342,(3,9223372036854775807))
Edge(277200,343277,(1,9223372036854775807))
Edge(277588,362539,(3,9223372036854775807))
Edge(277896,190724,(3,9223372036854775807))
Edge(278553,172162,(3,9223372036854775807))
Edge(278672,324030,(3,9223372036854775807))
Edge(278949,413066,(3,9223372036854775807))
Edge(279149,140960,(3,9223372036854775807))
Edge(279495,487286,(3,9223372036854775807))
Edge(279517,225632,(3,9223372036854775807))
Edge(279585,289310,(1,9223372036854775807))
Edge(279668,93074,(3,9223372036854775807))
Edge(279998,423042,(3,9223372036854775807))
Edge(280475,437638,(1,9223372036854775807))
Edge(280691,376970,(1,3))
Edge(280979,403044,(3,9223372036854775807))
Edge(281272,277052,(3,9223372036854775807))
Edge(281356,307807,(3,9223372036854775807))
Edge(281628,230508,(3,9223372036854775807))
Edge(282201,480849,(3,9223372036854775807))
Edge(282248,286466,(1,9223372036854775807))
Edge(282350,70086,(3,9223372036854775807))
Edge(282370,405143,(1,9223372036854775807))
Edge(282622,195097,(1,9223372036854775807))
Edge(283012,303205,(1,2))
Edge(283547,115671,(3,9223372036854775807))
Edge(283629,151274,(1,3))
Edge(284210,202845,(3,9223372036854775807))
Edge(284489,232864,(3,9223372036854775807))
Edge(285055,110705,(3,9223372036854775807))
Edge(285078,254016,(3,9223372036854775807))
Edge(285908,72572,(3,9223372036854775807))
Edge(286178,116335,(3,9223372036854775807))
Edge(286290,9121,(3,9223372036854775807))
Edge(286309,264817,(1,3))
Edge(286350,266211,(1,3))
Edge(286647,188179,(1,3))
Edge(286786,83073,(3,9223372036854775807))
Edge(287004,282254,(3,9223372036854775807))
Edge(287142,237874,(3,9223372036854775807))
Edge(287160,112408,(3,9223372036854775807))
Edge(287253,272062,(3,9223372036854775807))
Edge(287421,339986,(3,9223372036854775807))
Edge(287559,177419,(3,9223372036854775807))
Edge(287583,381325,(3,9223372036854775807))
Edge(287928,238623,(3,9223372036854775807))
Edge(288077,436607,(1,9223372036854775807))
Edge(288096,114830,(1,9223372036854775807))
Edge(288298,417064,(3,9223372036854775807))
Edge(288832,155346,(1,9223372036854775807))
Edge(288997,240744,(3,9223372036854775807))
Edge(289114,272335,(1,9223372036854775807))
Edge(289392,299775,(3,9223372036854775807))
Edge(289676,338523,(3,9223372036854775807))
Edge(289770,369316,(3,9223372036854775807))
Edge(290755,319597,(3,9223372036854775807))
Edge(290834,36781,(3,9223372036854775807))
Edge(290847,154503,(3,9223372036854775807))
Edge(290891,277469,(3,9223372036854775807))
Edge(292086,431445,(4,9223372036854775807))
Edge(292184,118686,(3,9223372036854775807))
Edge(292410,195527,(3,9223372036854775807))
Edge(293061,428473,(1,9223372036854775807))
Edge(293125,372315,(3,9223372036854775807))
Edge(293564,192965,(3,9223372036854775807))
Edge(294038,307798,(3,9223372036854775807))
Edge(294173,336819,(3,9223372036854775807))
Edge(294199,317181,(3,9223372036854775807))
Edge(294470,457784,(3,9223372036854775807))
Edge(294741,193385,(1,3))
Edge(294824,292762,(3,9223372036854775807))
Edge(295040,426862,(1,9223372036854775807))
Edge(295083,312611,(3,9223372036854775807))
Edge(295494,31456,(3,9223372036854775807))
Edge(295705,418041,(3,9223372036854775807))
Edge(295957,375672,(1,3))
Edge(296043,29914,(3,9223372036854775807))
Edge(296410,75525,(3,9223372036854775807))
Edge(296536,358519,(3,9223372036854775807))
Edge(296661,248465,(3,9223372036854775807))
Edge(296759,125401,(3,9223372036854775807))
Edge(297099,220479,(1,9223372036854775807))
Edge(297284,283484,(3,9223372036854775807))
Edge(297355,222385,(3,9223372036854775807))
Edge(297607,362105,(3,9223372036854775807))
Edge(297933,104716,(1,9223372036854775807))
Edge(298099,427638,(3,9223372036854775807))
Edge(298121,80514,(3,9223372036854775807))
Edge(298350,12038,(1,9223372036854775807))
Edge(298357,51842,(3,9223372036854775807))
Edge(298473,409014,(3,9223372036854775807))
Edge(298658,206121,(3,9223372036854775807))
Edge(299442,343536,(1,9223372036854775807))
Edge(299467,398983,(3,9223372036854775807))
Edge(299504,314414,(3,9223372036854775807))
Edge(299634,79720,(3,9223372036854775807))
Edge(299828,474218,(1,9223372036854775807))
Edge(299988,71647,(3,9223372036854775807))
Edge(300044,298393,(3,9223372036854775807))
Edge(300290,338170,(3,9223372036854775807))
Edge(300572,496040,(3,9223372036854775807))
Edge(300787,369948,(1,9223372036854775807))
Edge(300808,108546,(3,9223372036854775807))
Edge(300945,106766,(1,3))
Edge(301157,294220,(1,3))
Edge(301214,225747,(3,9223372036854775807))
Edge(301583,77697,(3,9223372036854775807))
Edge(301637,375917,(3,9223372036854775807))
Edge(301673,318846,(3,9223372036854775807))
Edge(301811,494208,(3,9223372036854775807))
Edge(301865,442553,(3,9223372036854775807))
Edge(302641,475864,(3,9223372036854775807))
Edge(302917,381198,(3,9223372036854775807))
Edge(303023,432322,(3,9223372036854775807))
Edge(303163,345849,(3,9223372036854775807))
Edge(303526,139979,(3,9223372036854775807))
Edge(303699,71763,(3,9223372036854775807))
Edge(303848,285439,(3,9223372036854775807))
Edge(303941,411738,(1,3))
Edge(304047,339081,(3,9223372036854775807))
Edge(304197,37087,(3,9223372036854775807))
Edge(304531,427578,(3,9223372036854775807))
Edge(305018,36371,(3,9223372036854775807))
Edge(305394,275930,(3,9223372036854775807))
Edge(305442,360352,(3,9223372036854775807))
Edge(306165,202955,(3,9223372036854775807))
Edge(306394,458367,(3,9223372036854775807))
Edge(306462,439978,(3,9223372036854775807))
Edge(307172,390906,(3,9223372036854775807))
Edge(307522,193276,(3,9223372036854775807))
Edge(307559,236987,(1,9223372036854775807))
Edge(307725,194098,(1,9223372036854775807))
Edge(307882,290200,(3,9223372036854775807))
Edge(308466,373659,(3,9223372036854775807))
Edge(308824,173543,(3,9223372036854775807))
Edge(308983,127241,(3,9223372036854775807))
Edge(309059,132821,(1,9223372036854775807))
Edge(309583,139183,(3,9223372036854775807))
Edge(310748,68154,(3,9223372036854775807))
Edge(311180,326907,(3,9223372036854775807))
Edge(311316,258351,(3,9223372036854775807))
Edge(311566,440144,(1,3))
Edge(311740,16082,(3,9223372036854775807))
Edge(311740,78606,(1,3))
Edge(312548,307195,(1,9223372036854775807))
Edge(312872,30620,(1,9223372036854775807))
Edge(313274,170439,(3,9223372036854775807))
Edge(313497,282157,(3,9223372036854775807))
Edge(314215,157154,(3,9223372036854775807))
Edge(314438,29238,(3,9223372036854775807))
Edge(314445,321027,(3,9223372036854775807))
Edge(314698,406486,(3,9223372036854775807))
Edge(314838,89824,(3,9223372036854775807))
Edge(315206,476521,(3,9223372036854775807))
Edge(315493,484405,(3,9223372036854775807))
Edge(315583,361131,(3,9223372036854775807))
Edge(315663,373443,(3,9223372036854775807))
Edge(315814,385249,(3,9223372036854775807))
Edge(316077,52781,(1,9223372036854775807))
Edge(316428,270634,(1,3))
Edge(316580,480445,(3,9223372036854775807))
Edge(316598,53139,(3,9223372036854775807))
Edge(316706,177353,(3,9223372036854775807))
Edge(316835,281426,(3,9223372036854775807))
Edge(316914,282231,(3,9223372036854775807))
Edge(316999,175077,(1,3))
Edge(317212,251255,(3,9223372036854775807))
Edge(317383,274808,(3,9223372036854775807))
Edge(317820,235834,(1,3))
Edge(317922,443042,(3,9223372036854775807))
Edge(318218,409249,(3,9223372036854775807))
Edge(318277,283733,(3,9223372036854775807))
Edge(318643,331889,(3,9223372036854775807))
Edge(318706,151806,(3,9223372036854775807))
Edge(318721,462319,(3,9223372036854775807))
Edge(318951,287009,(3,9223372036854775807))
Edge(319076,478397,(1,3))
Edge(319407,180451,(3,9223372036854775807))
Edge(319733,246833,(3,9223372036854775807))
Edge(319943,307095,(3,9223372036854775807))
Edge(320055,165654,(3,9223372036854775807))
Edge(320063,170799,(3,9223372036854775807))
Edge(320106,449511,(3,9223372036854775807))
Edge(320148,362309,(3,9223372036854775807))
Edge(320531,84054,(3,9223372036854775807))
Edge(320711,339322,(1,9223372036854775807))
Edge(321374,272155,(3,9223372036854775807))
Edge(321553,96111,(3,9223372036854775807))
Edge(321950,126095,(3,9223372036854775807))
Edge(322036,298624,(3,9223372036854775807))
Edge(322133,363643,(3,9223372036854775807))
Edge(322136,130657,(3,9223372036854775807))
Edge(322140,443407,(3,9223372036854775807))
Edge(322620,93157,(3,9223372036854775807))
Edge(322787,491330,(1,3))
Edge(323278,76706,(3,9223372036854775807))
Edge(323834,131852,(1,3))
Edge(323907,394845,(3,9223372036854775807))
Edge(324203,326596,(3,9223372036854775807))
Edge(324399,417489,(3,9223372036854775807))
Edge(324828,246873,(1,9223372036854775807))
Edge(325045,321519,(3,9223372036854775807))
Edge(325196,476155,(3,9223372036854775807))
Edge(325353,209922,(3,9223372036854775807))
Edge(325916,428732,(3,9223372036854775807))
Edge(326086,472179,(3,9223372036854775807))
Edge(326552,49436,(1,9223372036854775807))
Edge(326624,379397,(3,9223372036854775807))
Edge(326652,246100,(3,9223372036854775807))
Edge(326753,406755,(3,9223372036854775807))
Edge(326849,257094,(1,9223372036854775807))
Edge(326972,396387,(3,9223372036854775807))
Edge(327864,168920,(3,9223372036854775807))
Edge(327884,177182,(3,9223372036854775807))
Edge(327940,302538,(3,9223372036854775807))
Edge(328437,168427,(3,9223372036854775807))
Edge(329581,48798,(1,3))
Edge(329978,336293,(3,9223372036854775807))
Edge(330351,174195,(3,9223372036854775807))
Edge(331003,136421,(1,9223372036854775807))
Edge(331217,383428,(3,9223372036854775807))
Edge(331260,297671,(3,9223372036854775807))
Edge(331657,142,(3,9223372036854775807))
Edge(331869,462140,(3,9223372036854775807))
Edge(331889,49690,(3,9223372036854775807))
Edge(331997,370426,(3,9223372036854775807))
Edge(332579,123384,(1,9223372036854775807))
Edge(332802,248941,(3,9223372036854775807))
Edge(332893,184032,(3,9223372036854775807))
Edge(333115,364076,(3,9223372036854775807))
Edge(333338,352587,(1,9223372036854775807))
Edge(333677,474415,(3,9223372036854775807))
Edge(334037,425723,(1,9223372036854775807))
Edge(334077,206820,(3,9223372036854775807))
Edge(334360,141972,(3,9223372036854775807))
Edge(334607,186873,(1,9223372036854775807))
Edge(335362,476874,(3,9223372036854775807))
Edge(335424,154827,(3,9223372036854775807))
Edge(335432,442669,(3,9223372036854775807))
Edge(335990,183274,(3,9223372036854775807))
Edge(336102,485793,(3,9223372036854775807))
Edge(336376,11477,(3,9223372036854775807))
Edge(336454,233979,(3,9223372036854775807))
Edge(337256,48785,(3,9223372036854775807))
Edge(337261,486516,(3,9223372036854775807))
Edge(337534,190932,(3,9223372036854775807))
Edge(337614,255856,(3,9223372036854775807))
Edge(337763,54853,(3,9223372036854775807))
Edge(337992,71957,(3,9223372036854775807))
Edge(338460,401834,(3,9223372036854775807))
Edge(339243,102036,(3,9223372036854775807))
Edge(339324,441010,(3,9223372036854775807))
Edge(339937,79061,(3,9223372036854775807))
Edge(339949,404991,(3,9223372036854775807))
Edge(340054,458573,(1,3))
Edge(340167,153464,(1,9223372036854775807))
Edge(341338,266580,(3,9223372036854775807))
Edge(341412,313456,(3,9223372036854775807))
Edge(341521,10458,(1,9223372036854775807))
Edge(341598,32361,(1,3))
Edge(341721,236035,(1,9223372036854775807))
Edge(341840,196452,(3,9223372036854775807))
Edge(341970,485996,(1,9223372036854775807))
Edge(343014,286759,(3,9223372036854775807))
Edge(343156,70103,(3,9223372036854775807))
Edge(343442,123356,(3,9223372036854775807))
Edge(343846,13141,(3,9223372036854775807))
Edge(343943,417025,(3,9223372036854775807))
Edge(343969,225300,(3,9223372036854775807))
Edge(344160,40311,(3,9223372036854775807))
Edge(344196,356746,(3,9223372036854775807))
Edge(344301,50897,(1,9223372036854775807))
Edge(344497,188906,(3,9223372036854775807))
Edge(344762,332330,(1,9223372036854775807))
Edge(344826,4102,(3,9223372036854775807))
Edge(344836,364029,(3,9223372036854775807))
Edge(344887,393465,(3,9223372036854775807))
Edge(345235,80747,(1,9223372036854775807))
Edge(345655,86161,(3,9223372036854775807))
Edge(345922,396266,(3,9223372036854775807))
Edge(346075,390933,(3,9223372036854775807))
Edge(346087,492376,(3,9223372036854775807))
Edge(347522,394255,(3,9223372036854775807))
Edge(347560,34622,(3,9223372036854775807))
Edge(348061,149329,(1,9223372036854775807))
Edge(348386,411152,(3,9223372036854775807))
Edge(348501,471250,(3,9223372036854775807))
Edge(349274,366244,(3,9223372036854775807))
Edge(349416,226752,(1,9223372036854775807))
Edge(349429,398325,(3,9223372036854775807))
Edge(349444,118138,(3,9223372036854775807))
Edge(350265,239572,(3,9223372036854775807))
Edge(350795,212261,(3,9223372036854775807))
Edge(350814,73618,(1,9223372036854775807))
Edge(352497,309698,(3,9223372036854775807))
Edge(352585,43674,(3,9223372036854775807))
Edge(352719,324809,(3,9223372036854775807))
Edge(353185,136999,(4,9223372036854775807))
Edge(353434,183060,(3,9223372036854775807))
Edge(353906,459551,(3,9223372036854775807))
Edge(353983,144235,(3,9223372036854775807))
Edge(354602,181122,(3,9223372036854775807))
Edge(354627,354086,(3,9223372036854775807))
Edge(354663,352292,(3,9223372036854775807))
Edge(354818,275788,(3,9223372036854775807))
Edge(354873,430553,(3,9223372036854775807))
Edge(354891,137474,(3,9223372036854775807))
Edge(355393,379662,(1,3))
Edge(355395,44091,(3,9223372036854775807))
Edge(355395,130250,(3,9223372036854775807))
Edge(355436,208278,(3,9223372036854775807))
Edge(355474,475274,(3,9223372036854775807))
Edge(355622,100104,(3,9223372036854775807))
Edge(355794,331588,(3,9223372036854775807))
Edge(356068,297120,(1,9223372036854775807))
Edge(356515,278256,(3,9223372036854775807))
Edge(356960,323739,(1,3))
Edge(357117,242083,(3,9223372036854775807))
Edge(357322,418044,(1,9223372036854775807))
Edge(358192,409923,(3,9223372036854775807))
Edge(358210,491048,(3,9223372036854775807))
Edge(358246,95755,(3,9223372036854775807))
Edge(358292,236585,(3,9223372036854775807))
Edge(358807,201785,(3,9223372036854775807))
Edge(358891,194477,(3,9223372036854775807))
Edge(358926,63433,(3,9223372036854775807))
Edge(359283,9463,(3,9223372036854775807))
Edge(359335,371463,(3,9223372036854775807))
Edge(359923,359701,(3,9223372036854775807))
Edge(360060,471091,(3,9223372036854775807))
Edge(360174,366312,(3,9223372036854775807))
Edge(360242,317339,(1,9223372036854775807))
Edge(360393,460539,(3,9223372036854775807))
Edge(360554,116063,(1,9223372036854775807))
Edge(360564,65568,(3,9223372036854775807))
Edge(360868,225736,(1,9223372036854775807))
Edge(361219,299979,(3,9223372036854775807))
Edge(361251,481663,(3,9223372036854775807))
Edge(361358,498772,(3,9223372036854775807))
Edge(361376,439275,(1,3))
Edge(361385,179340,(3,9223372036854775807))
Edge(361485,220406,(1,3))
Edge(361505,415213,(3,9223372036854775807))
Edge(361758,110202,(3,9223372036854775807))
Edge(362058,22811,(3,9223372036854775807))
Edge(362172,392472,(1,3))
Edge(362264,484638,(1,3))
Edge(362994,135098,(3,9223372036854775807))
Edge(363152,452686,(3,9223372036854775807))
Edge(363157,477529,(1,9223372036854775807))
Edge(363348,274750,(3,9223372036854775807))
Edge(363658,352213,(3,9223372036854775807))
Edge(364131,193348,(3,9223372036854775807))
Edge(364159,224029,(3,9223372036854775807))
Edge(364359,171703,(3,9223372036854775807))
Edge(364442,354724,(3,9223372036854775807))
Edge(364718,495371,(3,9223372036854775807))
Edge(365796,74711,(3,9223372036854775807))
Edge(365853,298581,(1,9223372036854775807))
Edge(366023,480274,(1,9223372036854775807))
Edge(366423,171010,(1,9223372036854775807))
Edge(366621,408046,(3,9223372036854775807))
Edge(366924,289413,(3,9223372036854775807))
Edge(367134,50523,(3,9223372036854775807))
Edge(367777,175438,(3,9223372036854775807))
Edge(368018,255410,(3,9223372036854775807))
Edge(368650,417206,(1,9223372036854775807))
Edge(369118,385221,(3,9223372036854775807))
Edge(369411,386837,(3,9223372036854775807))
Edge(369895,447283,(3,9223372036854775807))
Edge(369930,241730,(3,9223372036854775807))
Edge(370114,210893,(3,9223372036854775807))
Edge(370531,227219,(3,9223372036854775807))
Edge(370640,75923,(3,9223372036854775807))
Edge(370652,389661,(3,9223372036854775807))
Edge(370862,151827,(3,9223372036854775807))
Edge(370903,353181,(3,9223372036854775807))
Edge(371176,394457,(3,9223372036854775807))
Edge(371775,388038,(1,9223372036854775807))
Edge(372017,386067,(3,9223372036854775807))
Edge(372048,103808,(3,9223372036854775807))
Edge(372628,160977,(1,9223372036854775807))
Edge(372650,160158,(1,9223372036854775807))
Edge(373082,497685,(1,3))
Edge(373104,36336,(3,9223372036854775807))
Edge(373109,274738,(3,9223372036854775807))
Edge(373153,120022,(1,3))
Edge(373695,352051,(3,9223372036854775807))
Edge(373718,432276,(1,3))
Edge(373750,441153,(3,9223372036854775807))
Edge(373835,34750,(1,9223372036854775807))
Edge(374687,373227,(3,9223372036854775807))
Edge(375078,114107,(3,9223372036854775807))
Edge(375662,216820,(3,9223372036854775807))
Edge(375696,22185,(3,9223372036854775807))
Edge(375947,351148,(3,9223372036854775807))
Edge(376047,478731,(3,9223372036854775807))
Edge(376350,277214,(3,9223372036854775807))
Edge(377377,365010,(3,9223372036854775807))
Edge(377849,91164,(3,9223372036854775807))
Edge(378380,77263,(3,9223372036854775807))
Edge(378716,271423,(3,9223372036854775807))
Edge(378812,436498,(3,9223372036854775807))
Edge(378814,281013,(3,9223372036854775807))
Edge(379334,291904,(1,9223372036854775807))
Edge(379582,316455,(1,3))
Edge(379984,135671,(1,3))
Edge(380194,212128,(1,3))
Edge(380288,497735,(1,9223372036854775807))
Edge(381209,163204,(1,9223372036854775807))
Edge(381379,318209,(3,9223372036854775807))
Edge(381566,114278,(3,9223372036854775807))
Edge(381742,301152,(3,9223372036854775807))
Edge(381851,83396,(3,9223372036854775807))
Edge(381864,451650,(3,9223372036854775807))
Edge(382095,346198,(3,9223372036854775807))
Edge(382166,225558,(3,9223372036854775807))
Edge(382677,466527,(3,9223372036854775807))
Edge(382945,284135,(1,9223372036854775807))
Edge(383181,173709,(1,9223372036854775807))
Edge(383359,234737,(3,9223372036854775807))
Edge(383674,471636,(3,9223372036854775807))
Edge(383990,35515,(3,9223372036854775807))
Edge(384056,446143,(1,3))
Edge(384406,198796,(3,9223372036854775807))
Edge(384454,72705,(3,9223372036854775807))
Edge(384632,16213,(3,9223372036854775807))
Edge(384997,451949,(3,9223372036854775807))
Edge(385260,345690,(4,9223372036854775807))
Edge(385375,250458,(3,9223372036854775807))
Edge(385453,432259,(1,9223372036854775807))
Edge(385497,291776,(3,9223372036854775807))
Edge(385788,429827,(3,9223372036854775807))
Edge(386021,351842,(1,9223372036854775807))
Edge(386264,231491,(3,9223372036854775807))
Edge(386265,17216,(3,9223372036854775807))
Edge(386342,400337,(3,9223372036854775807))
Edge(386512,96980,(3,9223372036854775807))
Edge(386738,214330,(3,9223372036854775807))
Edge(387537,444888,(3,9223372036854775807))
Edge(387617,138238,(3,9223372036854775807))
Edge(388044,280515,(3,9223372036854775807))
Edge(388563,232336,(3,9223372036854775807))
Edge(388913,394212,(1,3))
Edge(388968,19660,(1,9223372036854775807))
Edge(389492,258442,(3,9223372036854775807))
Edge(389530,417145,(1,9223372036854775807))
Edge(389899,342231,(3,9223372036854775807))
Edge(389920,51436,(3,9223372036854775807))
Edge(389930,356301,(3,9223372036854775807))
Edge(389974,210208,(3,9223372036854775807))
Edge(390096,72450,(3,9223372036854775807))
Edge(390229,38462,(1,9223372036854775807))
Edge(390265,113333,(3,9223372036854775807))
Edge(391129,284806,(1,9223372036854775807))
Edge(391181,49428,(3,9223372036854775807))
Edge(391538,256785,(3,9223372036854775807))
Edge(391707,444127,(3,9223372036854775807))
Edge(392163,332195,(3,9223372036854775807))
Edge(392227,69813,(3,9223372036854775807))
Edge(392404,360904,(3,9223372036854775807))
Edge(392672,26236,(1,9223372036854775807))
Edge(392673,67018,(3,9223372036854775807))
Edge(392773,81268,(3,9223372036854775807))
Edge(392812,355052,(3,9223372036854775807))
Edge(392946,20275,(3,9223372036854775807))
Edge(393203,150220,(3,9223372036854775807))
Edge(393248,161509,(1,9223372036854775807))
Edge(393704,483032,(3,9223372036854775807))
Edge(394057,275347,(3,9223372036854775807))
Edge(394129,52039,(1,9223372036854775807))
Edge(394707,118446,(3,9223372036854775807))
Edge(394749,215377,(1,3))
Edge(394826,491745,(3,9223372036854775807))
Edge(394943,155977,(1,3))
Edge(395057,15145,(3,9223372036854775807))
Edge(395295,402826,(3,9223372036854775807))
Edge(395310,160030,(1,9223372036854775807))
Edge(395795,394643,(3,9223372036854775807))
Edge(395918,244220,(3,9223372036854775807))
Edge(396293,145649,(3,9223372036854775807))
Edge(396612,445605,(3,9223372036854775807))
Edge(396778,457956,(3,9223372036854775807))
Edge(397763,460259,(3,9223372036854775807))
Edge(398046,394369,(3,9223372036854775807))
Edge(398585,111432,(1,9223372036854775807))
Edge(398744,26056,(3,9223372036854775807))
Edge(398764,366182,(3,9223372036854775807))
Edge(398870,455295,(3,9223372036854775807))
Edge(398988,149036,(3,9223372036854775807))
Edge(399260,124568,(3,9223372036854775807))
Edge(399838,366899,(3,9223372036854775807))
Edge(399974,291310,(3,9223372036854775807))
Edge(400122,487330,(3,9223372036854775807))
Edge(400127,86282,(3,9223372036854775807))
Edge(400548,32679,(1,3))
Edge(400742,235961,(3,9223372036854775807))
Edge(400916,464171,(1,3))
Edge(402302,472586,(1,3))
Edge(402515,74953,(1,9223372036854775807))
Edge(402657,369981,(3,9223372036854775807))
Edge(402884,275125,(1,9223372036854775807))
Edge(403073,31399,(3,9223372036854775807))
Edge(403312,224468,(1,9223372036854775807))
Edge(403393,267751,(1,3))
Edge(403632,157124,(1,3))
Edge(403885,112922,(1,3))
Edge(404124,365123,(3,9223372036854775807))
Edge(404297,26326,(3,9223372036854775807))
Edge(404487,272056,(3,9223372036854775807))
Edge(404513,446051,(4,9223372036854775807))
Edge(404609,348320,(3,9223372036854775807))
Edge(404660,153119,(3,9223372036854775807))
Edge(405076,301965,(3,9223372036854775807))
Edge(405120,96066,(1,9223372036854775807))
Edge(405537,417072,(3,9223372036854775807))
Edge(406004,83347,(3,9223372036854775807))
Edge(406751,246952,(3,9223372036854775807))
Edge(406850,243896,(3,9223372036854775807))
Edge(407227,411372,(3,9223372036854775807))
Edge(407432,86790,(3,9223372036854775807))
Edge(407628,315240,(1,3))
Edge(407725,197676,(1,3))
Edge(408108,283094,(1,3))
Edge(408534,52504,(3,9223372036854775807))
Edge(408942,350387,(3,9223372036854775807))
Edge(409057,212800,(3,9223372036854775807))
Edge(409543,254076,(3,9223372036854775807))
Edge(409901,482328,(3,9223372036854775807))
Edge(410009,116439,(3,9223372036854775807))
Edge(410306,162418,(3,9223372036854775807))
Edge(410318,335839,(1,9223372036854775807))
Edge(410402,367070,(1,9223372036854775807))
Edge(410487,37513,(3,9223372036854775807))
Edge(410630,491171,(1,9223372036854775807))
Edge(410842,491381,(3,9223372036854775807))
Edge(410979,498737,(3,9223372036854775807))
Edge(411151,150233,(3,9223372036854775807))
Edge(411355,232095,(1,3))
Edge(411650,12818,(1,9223372036854775807))
Edge(411907,150367,(3,9223372036854775807))
Edge(412075,356690,(3,9223372036854775807))
Edge(412214,330011,(3,9223372036854775807))
Edge(412820,443367,(1,3))
Edge(412977,473470,(3,9223372036854775807))
Edge(413201,467326,(3,9223372036854775807))
Edge(413489,490994,(3,9223372036854775807))
Edge(413917,392598,(3,9223372036854775807))
Edge(413926,467967,(3,9223372036854775807))
Edge(414274,348457,(3,9223372036854775807))
Edge(414501,434014,(1,9223372036854775807))
Edge(414590,331115,(3,9223372036854775807))
Edge(414766,347736,(1,9223372036854775807))
Edge(414834,227254,(3,9223372036854775807))
Edge(414852,356139,(1,9223372036854775807))
Edge(414878,434832,(3,9223372036854775807))
Edge(414952,312463,(3,9223372036854775807))
Edge(414995,379134,(3,9223372036854775807))
Edge(415182,146368,(3,9223372036854775807))
Edge(415284,399397,(4,9223372036854775807))
Edge(415312,392864,(1,9223372036854775807))
Edge(415338,112678,(3,9223372036854775807))
Edge(415354,323907,(3,9223372036854775807))
Edge(416003,74097,(3,9223372036854775807))
Edge(416069,250274,(1,3))
Edge(416530,169955,(1,9223372036854775807))
Edge(416823,25218,(3,9223372036854775807))
Edge(417443,287066,(3,9223372036854775807))
Edge(417454,309615,(1,9223372036854775807))
Edge(417595,154985,(3,9223372036854775807))
Edge(417774,345646,(3,9223372036854775807))
Edge(418303,437953,(3,9223372036854775807))
Edge(418375,63470,(3,9223372036854775807))
Edge(418444,451963,(3,9223372036854775807))
Edge(418544,150723,(3,9223372036854775807))
Edge(419374,7145,(3,9223372036854775807))
Edge(420112,347924,(3,9223372036854775807))
Edge(421279,211448,(3,9223372036854775807))
Edge(421574,12439,(3,9223372036854775807))
Edge(421574,460526,(1,9223372036854775807))
Edge(421963,328426,(3,9223372036854775807))
Edge(421988,116746,(3,9223372036854775807))
Edge(422463,244974,(3,9223372036854775807))
Edge(422935,155166,(3,9223372036854775807))
Edge(423188,452058,(1,9223372036854775807))
Edge(423220,159056,(3,9223372036854775807))
Edge(423255,462937,(3,9223372036854775807))
Edge(423447,297352,(3,9223372036854775807))
Edge(423473,490394,(3,9223372036854775807))
Edge(423958,80084,(3,9223372036854775807))
Edge(423999,114966,(3,9223372036854775807))
Edge(424341,78832,(3,9223372036854775807))
Edge(424562,302844,(3,9223372036854775807))
Edge(425003,389237,(3,9223372036854775807))
Edge(425380,431555,(3,9223372036854775807))
Edge(425522,343668,(3,9223372036854775807))
Edge(425766,305080,(3,9223372036854775807))
Edge(425770,337871,(3,9223372036854775807))
Edge(425809,411599,(3,9223372036854775807))
Edge(425932,482898,(3,9223372036854775807))
Edge(426152,359304,(3,9223372036854775807))
Edge(426169,455606,(3,9223372036854775807))
Edge(426206,285844,(3,9223372036854775807))
Edge(426819,166881,(3,9223372036854775807))
Edge(427582,477313,(3,9223372036854775807))
Edge(427586,222117,(1,3))
Edge(427591,284947,(3,9223372036854775807))
Edge(427946,420980,(3,9223372036854775807))
Edge(428594,289867,(1,3))
Edge(429168,179413,(3,9223372036854775807))
Edge(429673,497013,(3,9223372036854775807))
Edge(430156,55429,(3,9223372036854775807))
Edge(430222,32630,(3,9223372036854775807))
Edge(430953,402766,(4,9223372036854775807))
Edge(430987,398140,(3,9223372036854775807))
Edge(431350,447443,(3,9223372036854775807))
Edge(431440,87007,(1,3))
Edge(431549,496832,(3,9223372036854775807))
Edge(431865,379525,(3,9223372036854775807))
Edge(432301,100846,(3,9223372036854775807))
Edge(432704,485067,(1,9223372036854775807))
Edge(433074,303771,(1,9223372036854775807))
Edge(433090,478288,(1,3))
Edge(433307,307255,(3,9223372036854775807))
Edge(434092,49928,(3,9223372036854775807))
Edge(434285,307589,(1,9223372036854775807))
Edge(434735,182603,(3,9223372036854775807))
Edge(435070,186577,(3,9223372036854775807))
Edge(435603,146387,(3,9223372036854775807))
Edge(436118,80967,(3,9223372036854775807))
Edge(436205,48149,(3,9223372036854775807))
Edge(436316,362693,(3,9223372036854775807))
Edge(436501,403097,(1,9223372036854775807))
Edge(436636,410269,(3,9223372036854775807))
Edge(436644,1108,(3,9223372036854775807))
Edge(437320,417275,(3,9223372036854775807))
Edge(437350,351594,(1,9223372036854775807))
Edge(437476,15566,(3,9223372036854775807))
Edge(437581,223207,(3,9223372036854775807))
Edge(437620,330186,(3,9223372036854775807))
Edge(437734,348264,(1,9223372036854775807))
Edge(437932,393041,(3,9223372036854775807))
Edge(437958,138039,(1,9223372036854775807))
Edge(438071,32202,(3,9223372036854775807))
Edge(438152,493719,(3,9223372036854775807))
Edge(438262,224950,(3,9223372036854775807))
Edge(438705,243965,(3,9223372036854775807))
Edge(438973,280287,(1,9223372036854775807))
Edge(439256,486118,(3,9223372036854775807))
Edge(440800,307279,(1,3))
Edge(440978,276432,(3,9223372036854775807))
Edge(440979,317062,(3,9223372036854775807))
Edge(441471,372691,(1,9223372036854775807))
Edge(441519,318211,(3,9223372036854775807))
Edge(441557,308966,(3,9223372036854775807))
Edge(441620,26336,(3,9223372036854775807))
Edge(441671,139094,(1,9223372036854775807))
Edge(441918,83945,(1,9223372036854775807))
Edge(442415,303755,(3,9223372036854775807))
Edge(442872,452156,(3,9223372036854775807))
Edge(443454,345738,(3,9223372036854775807))
Edge(443659,200296,(1,9223372036854775807))
Edge(443801,464163,(1,9223372036854775807))
Edge(443995,109718,(3,9223372036854775807))
Edge(444323,108659,(3,9223372036854775807))
Edge(444454,46941,(3,9223372036854775807))
Edge(444821,456432,(3,9223372036854775807))
Edge(445004,13915,(3,9223372036854775807))
Edge(445037,430958,(3,9223372036854775807))
Edge(445550,41276,(3,9223372036854775807))
Edge(446011,378574,(3,9223372036854775807))
Edge(446076,370657,(3,9223372036854775807))
Edge(446816,208452,(3,9223372036854775807))
Edge(447102,434735,(1,9223372036854775807))
Edge(447170,146797,(3,9223372036854775807))
Edge(447188,192603,(3,9223372036854775807))
Edge(447264,163873,(3,9223372036854775807))
Edge(447493,410462,(1,9223372036854775807))
Edge(447641,5060,(3,9223372036854775807))
Edge(447651,286337,(3,9223372036854775807))
Edge(447754,289857,(3,9223372036854775807))
Edge(448136,58312,(3,9223372036854775807))
Edge(449032,137065,(3,9223372036854775807))
Edge(449230,360103,(3,9223372036854775807))
Edge(449347,337971,(3,9223372036854775807))
Edge(449436,428459,(3,9223372036854775807))
Edge(449467,449906,(1,9223372036854775807))
Edge(449481,373451,(3,9223372036854775807))
Edge(449519,184562,(3,9223372036854775807))
Edge(449926,483533,(3,9223372036854775807))
Edge(449996,169784,(3,9223372036854775807))
Edge(450467,309704,(1,9223372036854775807))
Edge(450551,29584,(3,9223372036854775807))
Edge(450712,211344,(3,9223372036854775807))
Edge(450831,161069,(1,9223372036854775807))
Edge(451040,21957,(3,9223372036854775807))
Edge(451483,380956,(3,9223372036854775807))
Edge(452405,280728,(1,9223372036854775807))
Edge(452426,48913,(3,9223372036854775807))
Edge(452571,221331,(3,9223372036854775807))
Edge(452958,131164,(3,9223372036854775807))
Edge(453655,388958,(3,9223372036854775807))
Edge(453784,334692,(1,9223372036854775807))
Edge(453873,499431,(3,9223372036854775807))
Edge(453875,449385,(3,9223372036854775807))
Edge(454317,126935,(1,3))
Edge(454339,386785,(1,9223372036854775807))
Edge(454344,210564,(3,9223372036854775807))
Edge(454448,384996,(3,9223372036854775807))
Edge(454764,319863,(3,9223372036854775807))
Edge(454769,360613,(1,3))
Edge(454834,418150,(1,9223372036854775807))
Edge(455114,178575,(3,9223372036854775807))
Edge(455142,165393,(3,9223372036854775807))
Edge(455211,291349,(3,9223372036854775807))
Edge(455474,476039,(1,9223372036854775807))
Edge(455510,200768,(3,9223372036854775807))
Edge(455735,416572,(3,9223372036854775807))
Edge(455926,314802,(3,9223372036854775807))
Edge(455941,128187,(3,9223372036854775807))
Edge(456238,418080,(1,3))
Edge(456317,124267,(3,9223372036854775807))
Edge(457056,174675,(1,9223372036854775807))
Edge(457697,181152,(1,9223372036854775807))
Edge(457831,108728,(3,9223372036854775807))
Edge(458181,290872,(3,9223372036854775807))
Edge(458475,378236,(1,9223372036854775807))
Edge(458863,424600,(3,9223372036854775807))
Edge(459518,378944,(1,9223372036854775807))
Edge(459886,85758,(3,9223372036854775807))
Edge(460231,172990,(3,9223372036854775807))
Edge(460262,354117,(3,9223372036854775807))
Edge(460372,4592,(1,9223372036854775807))
Edge(460691,256161,(1,9223372036854775807))
Edge(460722,290565,(3,9223372036854775807))
Edge(460781,497332,(1,9223372036854775807))
Edge(461279,465959,(3,9223372036854775807))
Edge(461379,189855,(1,9223372036854775807))
Edge(461609,214010,(3,9223372036854775807))
Edge(461841,216789,(3,9223372036854775807))
Edge(461851,480507,(3,9223372036854775807))
Edge(461899,412513,(3,9223372036854775807))
Edge(461947,259396,(3,9223372036854775807))
Edge(461995,78562,(3,9223372036854775807))
Edge(462153,336345,(3,9223372036854775807))
Edge(462198,10158,(1,3))
Edge(462371,132526,(3,9223372036854775807))
Edge(462782,132050,(3,9223372036854775807))
Edge(463677,151997,(3,9223372036854775807))
Edge(463784,271583,(3,9223372036854775807))
Edge(463787,131084,(3,9223372036854775807))
Edge(464241,296386,(3,9223372036854775807))
Edge(465534,231113,(3,9223372036854775807))
Edge(465606,337986,(3,9223372036854775807))
Edge(465758,353859,(1,9223372036854775807))
Edge(465888,123327,(1,3))
Edge(466602,257859,(3,9223372036854775807))
Edge(467525,267046,(3,9223372036854775807))
Edge(467630,81550,(1,9223372036854775807))
Edge(467954,220027,(3,9223372036854775807))
Edge(468241,3285,(3,9223372036854775807))
Edge(468363,229099,(3,9223372036854775807))
Edge(468502,214615,(3,9223372036854775807))
Edge(468605,275524,(3,9223372036854775807))
Edge(469680,123042,(1,9223372036854775807))
Edge(469850,299971,(3,9223372036854775807))
Edge(469992,132554,(3,9223372036854775807))
Edge(470133,472921,(3,9223372036854775807))
Edge(470899,108634,(3,9223372036854775807))
Edge(471188,119329,(1,9223372036854775807))
Edge(471306,402209,(1,9223372036854775807))
Edge(471459,36253,(3,9223372036854775807))
Edge(471997,367264,(3,9223372036854775807))
Edge(472051,267399,(3,9223372036854775807))
Edge(472135,19669,(3,9223372036854775807))
Edge(472356,305259,(3,9223372036854775807))
Edge(472825,328498,(3,9223372036854775807))
Edge(473011,217514,(3,9223372036854775807))
Edge(473498,140459,(3,9223372036854775807))
Edge(473658,351177,(3,9223372036854775807))
Edge(473682,325952,(3,9223372036854775807))
Edge(473804,276029,(3,9223372036854775807))
Edge(474114,417268,(3,9223372036854775807))
Edge(474224,448899,(1,3))
Edge(474305,135040,(3,9223372036854775807))
Edge(474593,133955,(3,9223372036854775807))
Edge(475157,66235,(3,9223372036854775807))
Edge(475316,407258,(3,9223372036854775807))
Edge(475369,153794,(3,9223372036854775807))
Edge(475465,142179,(3,9223372036854775807))
Edge(475527,394435,(3,9223372036854775807))
Edge(475812,66488,(3,9223372036854775807))
Edge(476124,168523,(3,9223372036854775807))
Edge(476540,219427,(1,9223372036854775807))
Edge(476676,239390,(3,9223372036854775807))
Edge(477089,481248,(3,9223372036854775807))
Edge(477504,224207,(1,3))
Edge(477539,335876,(3,9223372036854775807))
Edge(477622,325645,(3,9223372036854775807))
Edge(477946,62362,(1,9223372036854775807))
Edge(478335,152743,(4,9223372036854775807))
Edge(478366,476974,(3,9223372036854775807))
Edge(478529,7807,(1,9223372036854775807))
Edge(478705,44372,(3,9223372036854775807))
Edge(479051,355856,(3,9223372036854775807))
Edge(479417,263686,(1,9223372036854775807))
Edge(479477,124168,(1,3))
Edge(479839,55246,(1,9223372036854775807))
Edge(479893,115608,(1,3))
Edge(479944,182,(3,9223372036854775807))
Edge(479946,304483,(3,9223372036854775807))
Edge(480190,14150,(3,9223372036854775807))
Edge(480860,118298,(3,9223372036854775807))
Edge(480917,126829,(1,9223372036854775807))
Edge(482213,6212,(3,9223372036854775807))
Edge(482241,486026,(3,9223372036854775807))
Edge(482291,131540,(3,9223372036854775807))
Edge(482698,232673,(3,9223372036854775807))
Edge(482907,207458,(1,9223372036854775807))
Edge(483141,124161,(3,9223372036854775807))
Edge(483259,108265,(3,9223372036854775807))
Edge(483841,384712,(3,9223372036854775807))
Edge(483944,351324,(3,9223372036854775807))
Edge(484191,458236,(3,9223372036854775807))
Edge(484258,114164,(3,9223372036854775807))
Edge(484535,393900,(3,9223372036854775807))
Edge(484697,70712,(3,9223372036854775807))
Edge(484930,259782,(1,9223372036854775807))
Edge(485145,427116,(3,9223372036854775807))
Edge(485470,267417,(1,3))
Edge(485652,282621,(3,9223372036854775807))
Edge(485731,165251,(3,9223372036854775807))
Edge(486218,153975,(3,9223372036854775807))
Edge(486270,80733,(3,9223372036854775807))
Edge(486304,47763,(1,9223372036854775807))
Edge(486533,20712,(3,9223372036854775807))
Edge(486786,148020,(3,9223372036854775807))
Edge(487084,383924,(3,9223372036854775807))
Edge(487211,65242,(3,9223372036854775807))
Edge(487255,344049,(3,9223372036854775807))
Edge(487847,369458,(3,9223372036854775807))
Edge(487950,159034,(3,9223372036854775807))
Edge(488207,167068,(1,3))
Edge(488308,224948,(3,9223372036854775807))
Edge(488495,129973,(3,9223372036854775807))
Edge(489185,122047,(3,9223372036854775807))
Edge(489307,329027,(1,9223372036854775807))
Edge(489623,56381,(3,9223372036854775807))
Edge(489915,31171,(3,9223372036854775807))
Edge(489962,427648,(1,3))
Edge(489964,458862,(3,9223372036854775807))
Edge(490042,205314,(1,9223372036854775807))
Edge(490102,257763,(3,9223372036854775807))
Edge(490218,37696,(3,9223372036854775807))
Edge(490857,486819,(1,9223372036854775807))
Edge(491665,211885,(3,9223372036854775807))
Edge(492224,100235,(1,3))
Edge(492404,265236,(3,9223372036854775807))
Edge(492436,154678,(3,9223372036854775807))
Edge(492588,12947,(3,9223372036854775807))
Edge(492723,370810,(3,9223372036854775807))
Edge(492907,179450,(3,9223372036854775807))
Edge(493383,174456,(3,9223372036854775807))
Edge(493643,366161,(3,9223372036854775807))
Edge(494248,282068,(3,9223372036854775807))
Edge(494254,421435,(3,9223372036854775807))
Edge(494404,457694,(1,9223372036854775807))
Edge(494413,9535,(3,9223372036854775807))
Edge(494526,269148,(3,9223372036854775807))
Edge(495341,496631,(3,9223372036854775807))
Edge(495413,178938,(3,9223372036854775807))
Edge(495557,17657,(1,3))
Edge(495807,320999,(1,9223372036854775807))
Edge(495839,128349,(3,9223372036854775807))
Edge(496011,333055,(3,9223372036854775807))
Edge(496074,407439,(3,9223372036854775807))
Edge(496094,48306,(1,9223372036854775807))
Edge(496562,417131,(3,9223372036854775807))
Edge(496941,458819,(3,9223372036854775807))
Edge(497118,103575,(3,9223372036854775807))
Edge(497802,222640,(3,9223372036854775807))
Edge(497811,427442,(1,9223372036854775807))
Edge(498016,289149,(3,9223372036854775807))
Edge(498374,238922,(3,9223372036854775807))
Edge(498435,362968,(3,9223372036854775807))
Edge(498678,321260,(3,9223372036854775807))
Edge(498724,272005,(3,9223372036854775807))
Edge(499330,186765,(1,3))
Edge(499595,498283,(3,9223372036854775807))
Edge(499670,84869,(3,9223372036854775807))
Edge(499812,394231,(3,9223372036854775807))
Edge(499863,461835,(3,9223372036854775807))
