Edge(536,220283,(3,9223372036854775807))
Edge(816,402858,(1,9223372036854775807))
Edge(828,208965,(3,9223372036854775807))
Edge(955,207189,(3,9223372036854775807))
Edge(1253,407909,(3,9223372036854775807))
Edge(1378,195016,(3,9223372036854775807))
Edge(1609,130841,(3,9223372036854775807))
Edge(1795,196008,(3,9223372036854775807))
Edge(2183,397658,(1,9223372036854775807))
Edge(2554,129384,(3,9223372036854775807))
Edge(2918,330943,(3,9223372036854775807))
Edge(3055,452070,(3,9223372036854775807))
Edge(3856,47233,(3,9223372036854775807))
Edge(4103,23950,(3,9223372036854775807))
Edge(4292,434189,(3,9223372036854775807))
Edge(4435,80798,(3,9223372036854775807))
Edge(4795,63434,(3,9223372036854775807))
Edge(4828,372130,(3,9223372036854775807))
Edge(4940,103832,(1,9223372036854775807))
Edge(5344,382219,(3,9223372036854775807))
Edge(5873,457456,(3,9223372036854775807))
Edge(6526,440707,(3,9223372036854775807))
Edge(7305,291905,(3,9223372036854775807))
Edge(8511,4677,(1,9223372036854775807))
Edge(8778,388916,(3,9223372036854775807))
Edge(9303,252060,(3,9223372036854775807))
Edge(9324,100786,(1,9223372036854775807))
Edge(9334,399720,(3,9223372036854775807))
Edge(9602,169730,(1,3))
Edge(9716,38911,(3,9223372036854775807))
Edge(9774,258426,(3,9223372036854775807))
Edge(9899,58694,(3,9223372036854775807))
Edge(10692,110842,(3,9223372036854775807))
Edge(10792,38008,(3,9223372036854775807))
Edge(11158,259747,(3,9223372036854775807))
Edge(11942,327260,(3,9223372036854775807))
Edge(12116,356461,(3,9223372036854775807))
Edge(12410,69030,(3,9223372036854775807))
Edge(12555,146952,(1,3))
Edge(12767,264694,(3,9223372036854775807))
Edge(12877,412320,(1,9223372036854775807))
Edge(12934,344645,(3,9223372036854775807))
Edge(13080,449199,(3,9223372036854775807))
Edge(13189,343597,(3,9223372036854775807))
Edge(13248,252288,(3,9223372036854775807))
Edge(13262,247886,(3,9223372036854775807))
Edge(13396,97039,(3,9223372036854775807))
Edge(13421,314731,(3,9223372036854775807))
Edge(13615,292913,(3,9223372036854775807))
Edge(14100,90987,(3,9223372036854775807))
Edge(14585,402946,(3,9223372036854775807))
Edge(14902,208795,(3,9223372036854775807))
Edge(15285,370561,(3,9223372036854775807))
Edge(15571,494482,(1,3))
Edge(15681,192171,(3,9223372036854775807))
Edge(15805,142580,(3,9223372036854775807))
Edge(16235,465300,(3,9223372036854775807))
Edge(16320,454071,(1,3))
Edge(16617,254761,(3,9223372036854775807))
Edge(16839,163709,(3,9223372036854775807))
Edge(16870,440181,(1,9223372036854775807))
Edge(17980,493546,(1,9223372036854775807))
Edge(18011,400616,(3,9223372036854775807))
Edge(18013,470720,(3,9223372036854775807))
Edge(18045,268160,(3,9223372036854775807))
Edge(18105,299820,(1,3))
Edge(18206,88891,(3,9223372036854775807))
Edge(18377,46677,(3,9223372036854775807))
Edge(18846,437467,(1,9223372036854775807))
Edge(18952,141562,(3,9223372036854775807))
Edge(19028,146524,(3,9223372036854775807))
Edge(19226,374685,(3,9223372036854775807))
Edge(19479,222688,(3,9223372036854775807))
Edge(19816,273378,(3,9223372036854775807))
Edge(20561,484104,(3,9223372036854775807))
Edge(20603,232247,(3,9223372036854775807))
Edge(20766,487649,(3,9223372036854775807))
Edge(21000,271759,(1,3))
Edge(22372,38830,(3,9223372036854775807))
Edge(22600,370142,(1,9223372036854775807))
Edge(23002,338736,(3,9223372036854775807))
Edge(23407,1262,(3,9223372036854775807))
Edge(23593,268292,(3,9223372036854775807))
Edge(23968,209291,(1,3))
Edge(24266,329227,(3,9223372036854775807))
Edge(24836,299139,(3,9223372036854775807))
Edge(25050,154246,(1,9223372036854775807))
Edge(25723,270160,(1,9223372036854775807))
Edge(25810,84678,(3,9223372036854775807))
Edge(25877,464207,(3,9223372036854775807))
Edge(25889,52761,(3,9223372036854775807))
Edge(26349,189948,(1,9223372036854775807))
Edge(26540,241120,(3,9223372036854775807))
Edge(27326,231709,(3,9223372036854775807))
Edge(27395,229572,(3,9223372036854775807))
Edge(27776,298646,(3,9223372036854775807))
Edge(28208,124027,(1,3))
Edge(28542,389222,(3,9223372036854775807))
Edge(28901,128707,(3,9223372036854775807))
Edge(28918,356902,(3,9223372036854775807))
Edge(29126,203107,(1,9223372036854775807))
Edge(29479,224769,(3,9223372036854775807))
Edge(29528,479368,(1,9223372036854775807))
Edge(29677,385724,(3,9223372036854775807))
Edge(30067,29817,(1,9223372036854775807))
Edge(30664,163340,(1,9223372036854775807))
Edge(30952,359990,(1,9223372036854775807))
Edge(31135,1212,(1,9223372036854775807))
Edge(31146,305583,(1,9223372036854775807))
Edge(31204,464960,(3,9223372036854775807))
Edge(31710,247031,(1,9223372036854775807))
Edge(31713,145954,(3,9223372036854775807))
Edge(31895,295657,(1,9223372036854775807))
Edge(32150,309819,(3,9223372036854775807))
Edge(33089,403237,(3,9223372036854775807))
Edge(33577,294274,(1,9223372036854775807))
Edge(34019,196262,(3,9223372036854775807))
Edge(34035,166540,(3,9223372036854775807))
Edge(34080,299373,(3,9223372036854775807))
Edge(34952,290029,(3,9223372036854775807))
Edge(35058,292432,(1,9223372036854775807))
Edge(35331,400714,(3,9223372036854775807))
Edge(35388,311463,(3,9223372036854775807))
Edge(35478,176350,(3,9223372036854775807))
Edge(35565,165956,(3,9223372036854775807))
Edge(35696,445463,(3,9223372036854775807))
Edge(35721,210110,(3,9223372036854775807))
Edge(36555,400080,(3,9223372036854775807))
Edge(37145,480432,(3,9223372036854775807))
Edge(37303,37556,(3,9223372036854775807))
Edge(37359,337402,(3,9223372036854775807))
Edge(37406,133034,(3,9223372036854775807))
Edge(37547,33077,(3,9223372036854775807))
Edge(37560,179895,(3,9223372036854775807))
Edge(37696,115351,(3,9223372036854775807))
Edge(37909,340033,(1,9223372036854775807))
Edge(38019,297024,(3,9223372036854775807))
Edge(38408,114927,(3,9223372036854775807))
Edge(38653,337719,(3,9223372036854775807))
Edge(39057,247321,(3,9223372036854775807))
Edge(39252,495420,(3,9223372036854775807))
Edge(39285,341,(1,9223372036854775807))
Edge(40590,254290,(4,9223372036854775807))
Edge(40688,224396,(1,9223372036854775807))
Edge(40966,163793,(3,9223372036854775807))
Edge(41602,416177,(3,9223372036854775807))
Edge(41960,476570,(3,9223372036854775807))
Edge(42715,243585,(3,9223372036854775807))
Edge(42717,229842,(1,3))
Edge(42717,354873,(1,9223372036854775807))
Edge(42838,219058,(3,9223372036854775807))
Edge(42899,415130,(3,9223372036854775807))
Edge(43981,485364,(3,9223372036854775807))
Edge(44337,349421,(1,9223372036854775807))
Edge(45323,449444,(3,9223372036854775807))
Edge(45350,436384,(1,9223372036854775807))
Edge(45463,201859,(1,9223372036854775807))
Edge(45702,458277,(3,9223372036854775807))
Edge(45733,438828,(3,9223372036854775807))
Edge(46109,155667,(1,9223372036854775807))
Edge(46220,25201,(3,9223372036854775807))
Edge(46325,303564,(3,9223372036854775807))
Edge(46352,75351,(3,9223372036854775807))
Edge(46354,239361,(3,9223372036854775807))
Edge(46407,395102,(3,9223372036854775807))
Edge(46557,253008,(3,9223372036854775807))
Edge(46593,496362,(1,3))
Edge(46740,216306,(3,9223372036854775807))
Edge(46805,423325,(3,9223372036854775807))
Edge(47455,41335,(3,9223372036854775807))
Edge(48976,427753,(3,9223372036854775807))
Edge(49074,61987,(3,9223372036854775807))
Edge(49477,336502,(3,9223372036854775807))
Edge(49737,87957,(1,3))
Edge(50550,117009,(3,9223372036854775807))
Edge(50647,279009,(3,9223372036854775807))
Edge(51135,384901,(3,9223372036854775807))
Edge(51954,300919,(3,9223372036854775807))
Edge(52226,428187,(3,9223372036854775807))
Edge(53135,39646,(1,9223372036854775807))
Edge(53189,391282,(1,9223372036854775807))
Edge(53194,132433,(3,9223372036854775807))
Edge(53354,473904,(3,9223372036854775807))
Edge(53464,41946,(3,9223372036854775807))
Edge(53557,359210,(3,9223372036854775807))
Edge(53582,231742,(3,9223372036854775807))
Edge(53673,448100,(3,9223372036854775807))
Edge(53877,366925,(3,9223372036854775807))
Edge(54200,320109,(3,9223372036854775807))
Edge(55110,499885,(3,9223372036854775807))
Edge(56038,245024,(3,9223372036854775807))
Edge(56106,209699,(3,9223372036854775807))
Edge(56334,200610,(3,9223372036854775807))
Edge(56588,362570,(1,9223372036854775807))
Edge(56853,136229,(3,9223372036854775807))
Edge(57398,97040,(3,9223372036854775807))
Edge(57867,403807,(1,9223372036854775807))
Edge(58160,47319,(3,9223372036854775807))
Edge(58487,401008,(3,9223372036854775807))
Edge(58668,353194,(3,9223372036854775807))
Edge(58785,350784,(3,9223372036854775807))
Edge(58868,290274,(3,9223372036854775807))
Edge(59329,352116,(3,9223372036854775807))
Edge(59444,309591,(3,9223372036854775807))
Edge(59643,104186,(1,9223372036854775807))
Edge(60393,135717,(3,9223372036854775807))
Edge(60632,62937,(3,9223372036854775807))
Edge(61016,235821,(3,9223372036854775807))
Edge(61300,395681,(3,9223372036854775807))
Edge(61910,173779,(3,9223372036854775807))
Edge(62157,159210,(3,9223372036854775807))
Edge(62336,187540,(1,3))
Edge(63444,489639,(3,9223372036854775807))
Edge(63679,37596,(1,9223372036854775807))
Edge(63688,159406,(3,9223372036854775807))
Edge(64001,291638,(3,9223372036854775807))
Edge(64444,92725,(3,9223372036854775807))
Edge(64884,475789,(3,9223372036854775807))
Edge(65385,307406,(3,9223372036854775807))
Edge(65784,317393,(3,9223372036854775807))
Edge(66097,95127,(3,9223372036854775807))
Edge(67015,215103,(3,9223372036854775807))
Edge(67144,343598,(3,9223372036854775807))
Edge(67384,30369,(1,9223372036854775807))
Edge(67390,234044,(3,9223372036854775807))
Edge(67505,75155,(3,9223372036854775807))
Edge(67838,455619,(3,9223372036854775807))
Edge(68193,484937,(4,9223372036854775807))
Edge(68474,83217,(3,9223372036854775807))
Edge(68494,105643,(3,9223372036854775807))
Edge(68594,354351,(3,9223372036854775807))
Edge(68643,325218,(3,9223372036854775807))
Edge(68869,425177,(3,9223372036854775807))
Edge(68921,386228,(3,9223372036854775807))
Edge(69321,214276,(3,9223372036854775807))
Edge(69845,7087,(3,9223372036854775807))
Edge(69983,434900,(1,9223372036854775807))
Edge(70717,264465,(3,9223372036854775807))
Edge(70876,64585,(3,9223372036854775807))
Edge(70894,393462,(3,9223372036854775807))
Edge(71063,347955,(3,9223372036854775807))
Edge(71467,19398,(3,9223372036854775807))
Edge(71767,340620,(3,9223372036854775807))
Edge(71807,112257,(3,9223372036854775807))
Edge(71846,411422,(1,9223372036854775807))
Edge(72245,185648,(3,9223372036854775807))
Edge(72575,348936,(3,9223372036854775807))
Edge(72945,272742,(3,9223372036854775807))
Edge(72991,17561,(3,9223372036854775807))
Edge(73381,459507,(3,9223372036854775807))
Edge(73640,319139,(3,9223372036854775807))
Edge(74009,86791,(3,9223372036854775807))
Edge(74445,317624,(1,3))
Edge(74599,186619,(3,9223372036854775807))
Edge(74801,246964,(3,9223372036854775807))
Edge(74803,248764,(1,9223372036854775807))
Edge(75555,128723,(1,9223372036854775807))
Edge(75747,457574,(3,9223372036854775807))
Edge(75767,26432,(3,9223372036854775807))
Edge(76284,16152,(1,9223372036854775807))
Edge(76835,428402,(1,9223372036854775807))
Edge(77185,52531,(3,9223372036854775807))
Edge(77758,95113,(3,9223372036854775807))
Edge(78018,308130,(1,9223372036854775807))
Edge(78316,366199,(3,9223372036854775807))
Edge(78357,297056,(3,9223372036854775807))
Edge(78365,239214,(3,9223372036854775807))
Edge(78490,145722,(3,9223372036854775807))
Edge(78658,37116,(3,9223372036854775807))
Edge(79022,275847,(3,9223372036854775807))
Edge(79116,196120,(3,9223372036854775807))
Edge(79394,142913,(3,9223372036854775807))
Edge(79666,486310,(3,9223372036854775807))
Edge(79872,372950,(3,9223372036854775807))
Edge(79897,451118,(3,9223372036854775807))
Edge(80252,269665,(1,9223372036854775807))
Edge(81071,430555,(3,9223372036854775807))
Edge(81468,461321,(1,9223372036854775807))
Edge(81630,425656,(3,9223372036854775807))
Edge(82357,384071,(3,9223372036854775807))
Edge(82431,166516,(3,9223372036854775807))
Edge(82538,262960,(3,9223372036854775807))
Edge(83294,354697,(3,9223372036854775807))
Edge(84364,422736,(1,9223372036854775807))
Edge(84972,406979,(3,9223372036854775807))
Edge(85119,322369,(3,9223372036854775807))
Edge(85339,375840,(3,9223372036854775807))
Edge(85447,22272,(3,9223372036854775807))
Edge(85626,318359,(1,9223372036854775807))
Edge(85702,202926,(3,9223372036854775807))
Edge(85842,181220,(3,9223372036854775807))
Edge(85844,177015,(3,9223372036854775807))
Edge(85848,317058,(3,9223372036854775807))
Edge(86577,126351,(1,9223372036854775807))
Edge(86747,52065,(3,9223372036854775807))
Edge(87493,98056,(3,9223372036854775807))
Edge(87647,170339,(1,9223372036854775807))
Edge(87686,304735,(3,9223372036854775807))
Edge(87732,407229,(3,9223372036854775807))
Edge(87831,164618,(3,9223372036854775807))
Edge(88176,325591,(1,3))
Edge(88255,157176,(3,9223372036854775807))
Edge(88272,469026,(3,9223372036854775807))
Edge(88335,141352,(1,3))
Edge(88533,220301,(1,9223372036854775807))
Edge(88614,220035,(1,9223372036854775807))
Edge(88786,46875,(3,9223372036854775807))
Edge(88922,230798,(3,9223372036854775807))
Edge(88930,481159,(4,9223372036854775807))
Edge(89936,99603,(3,9223372036854775807))
Edge(90034,381253,(3,9223372036854775807))
Edge(90100,134108,(1,3))
Edge(90372,119515,(3,9223372036854775807))
Edge(90569,492451,(3,9223372036854775807))
Edge(90677,115031,(3,9223372036854775807))
Edge(90684,392485,(3,9223372036854775807))
Edge(91097,160520,(1,9223372036854775807))
Edge(91108,32212,(3,9223372036854775807))
Edge(91599,93514,(3,9223372036854775807))
Edge(92549,54775,(3,9223372036854775807))
Edge(93233,388146,(3,9223372036854775807))
Edge(93531,381166,(3,9223372036854775807))
Edge(93766,381960,(3,9223372036854775807))
Edge(94162,463480,(3,9223372036854775807))
Edge(96227,400917,(3,9223372036854775807))
Edge(96383,281738,(3,9223372036854775807))
Edge(96675,242940,(3,9223372036854775807))
Edge(97517,93310,(3,9223372036854775807))
Edge(97784,268810,(3,9223372036854775807))
Edge(98319,82478,(3,9223372036854775807))
Edge(98323,396222,(3,9223372036854775807))
Edge(98787,78860,(3,9223372036854775807))
Edge(98888,69389,(3,9223372036854775807))
Edge(98896,328177,(3,9223372036854775807))
Edge(99314,294493,(3,9223372036854775807))
Edge(99327,271089,(3,9223372036854775807))
Edge(99872,356882,(3,9223372036854775807))
Edge(100449,254060,(3,9223372036854775807))
Edge(101147,5178,(3,9223372036854775807))
Edge(101179,251138,(3,9223372036854775807))
Edge(101195,135814,(3,9223372036854775807))
Edge(101225,340117,(3,9223372036854775807))
Edge(101656,385517,(1,9223372036854775807))
Edge(102192,212801,(3,9223372036854775807))
Edge(102582,206407,(1,9223372036854775807))
Edge(103016,239446,(3,9223372036854775807))
Edge(103023,82275,(1,9223372036854775807))
Edge(103032,90004,(3,9223372036854775807))
Edge(103064,399380,(3,9223372036854775807))
Edge(103084,188825,(3,9223372036854775807))
Edge(103371,255505,(3,9223372036854775807))
Edge(104025,50940,(3,9223372036854775807))
Edge(104094,345535,(3,9223372036854775807))
Edge(104852,268102,(3,9223372036854775807))
Edge(104968,23620,(3,9223372036854775807))
Edge(105108,176832,(3,9223372036854775807))
Edge(105151,32413,(1,3))
Edge(105167,147929,(3,9223372036854775807))
Edge(105353,227816,(3,9223372036854775807))
Edge(105412,430822,(3,9223372036854775807))
Edge(105524,168313,(3,9223372036854775807))
Edge(106000,114768,(1,3))
Edge(106368,11177,(3,9223372036854775807))
Edge(106883,353901,(1,9223372036854775807))
Edge(106957,168177,(1,9223372036854775807))
Edge(107301,252781,(3,9223372036854775807))
Edge(107434,121009,(1,3))
Edge(107799,345623,(1,9223372036854775807))
Edge(108159,96543,(3,9223372036854775807))
Edge(108220,130190,(1,9223372036854775807))
Edge(108294,410916,(3,9223372036854775807))
Edge(108322,23922,(3,9223372036854775807))
Edge(109446,35474,(3,9223372036854775807))
Edge(109590,53660,(3,9223372036854775807))
Edge(109810,262564,(3,9223372036854775807))
Edge(111801,143300,(3,9223372036854775807))
Edge(111956,444092,(3,9223372036854775807))
Edge(112144,486044,(3,9223372036854775807))
Edge(112299,319621,(3,9223372036854775807))
Edge(112470,320051,(3,9223372036854775807))
Edge(112527,150370,(3,9223372036854775807))
Edge(112739,88250,(3,9223372036854775807))
Edge(113014,397107,(3,9223372036854775807))
Edge(113367,324289,(3,9223372036854775807))
Edge(113545,220489,(3,9223372036854775807))
Edge(113883,433793,(3,9223372036854775807))
Edge(113947,477138,(3,9223372036854775807))
Edge(114218,301315,(3,9223372036854775807))
Edge(114466,132382,(3,9223372036854775807))
Edge(114662,462701,(3,9223372036854775807))
Edge(114694,68708,(3,9223372036854775807))
Edge(115030,122102,(3,9223372036854775807))
Edge(115155,288650,(3,9223372036854775807))
Edge(115161,225248,(1,9223372036854775807))
Edge(115165,223143,(3,9223372036854775807))
Edge(115891,346255,(3,9223372036854775807))
Edge(116159,173067,(3,9223372036854775807))
Edge(116468,398180,(3,9223372036854775807))
Edge(116598,155747,(3,9223372036854775807))
Edge(116850,51412,(3,9223372036854775807))
Edge(117639,252186,(3,9223372036854775807))
Edge(118739,391216,(1,9223372036854775807))
Edge(118771,262896,(1,9223372036854775807))
Edge(118818,113039,(3,9223372036854775807))
Edge(118818,232671,(3,9223372036854775807))
Edge(119058,28043,(1,9223372036854775807))
Edge(119188,356789,(3,9223372036854775807))
Edge(119659,372626,(3,9223372036854775807))
Edge(119992,385303,(3,9223372036854775807))
Edge(120841,233426,(1,3))
Edge(121026,274627,(3,9223372036854775807))
Edge(121270,103171,(1,9223372036854775807))
Edge(121593,168677,(1,9223372036854775807))
Edge(121735,480039,(3,9223372036854775807))
Edge(122654,17073,(3,9223372036854775807))
Edge(122669,167651,(1,9223372036854775807))
Edge(122878,296830,(3,9223372036854775807))
Edge(122958,311947,(3,9223372036854775807))
Edge(123056,260816,(3,9223372036854775807))
Edge(123122,206859,(1,9223372036854775807))
Edge(123131,498008,(3,9223372036854775807))
Edge(123555,489006,(3,9223372036854775807))
Edge(123655,52932,(3,9223372036854775807))
Edge(124070,99490,(3,9223372036854775807))
Edge(124382,247533,(1,9223372036854775807))
Edge(124679,217745,(3,9223372036854775807))
Edge(124808,115558,(3,9223372036854775807))
Edge(124865,97349,(3,9223372036854775807))
Edge(124997,66816,(1,3))
Edge(125044,231451,(1,9223372036854775807))
Edge(125069,312051,(1,3))
Edge(125176,344244,(3,9223372036854775807))
Edge(125704,352694,(3,9223372036854775807))
Edge(125718,44263,(3,9223372036854775807))
Edge(125803,430841,(3,9223372036854775807))
Edge(125907,149090,(1,9223372036854775807))
Edge(126562,75091,(4,9223372036854775807))
Edge(126778,378680,(1,3))
Edge(126881,20114,(1,9223372036854775807))
Edge(127161,287349,(3,9223372036854775807))
Edge(127289,185786,(3,9223372036854775807))
Edge(127447,76926,(3,9223372036854775807))
Edge(127799,55572,(3,9223372036854775807))
Edge(127924,372529,(3,9223372036854775807))
Edge(127962,207941,(1,3))
Edge(128763,365111,(3,9223372036854775807))
Edge(129108,136805,(3,9223372036854775807))
Edge(129712,241100,(3,9223372036854775807))
Edge(129921,259300,(3,9223372036854775807))
Edge(130284,323218,(3,9223372036854775807))
Edge(130404,118139,(1,9223372036854775807))
Edge(130612,227650,(1,3))
Edge(130837,60057,(1,3))
Edge(131155,442130,(3,9223372036854775807))
Edge(131231,159254,(3,9223372036854775807))
Edge(131260,166427,(3,9223372036854775807))
Edge(131581,163773,(1,3))
Edge(131711,42589,(3,9223372036854775807))
Edge(132140,24841,(3,9223372036854775807))
Edge(132357,141490,(3,9223372036854775807))
Edge(132594,49257,(3,9223372036854775807))
Edge(132919,276430,(3,9223372036854775807))
Edge(133118,89714,(3,9223372036854775807))
Edge(133275,139530,(3,9223372036854775807))
Edge(133327,427856,(3,9223372036854775807))
Edge(133443,47719,(1,9223372036854775807))
Edge(133448,273936,(3,9223372036854775807))
Edge(133715,250762,(3,9223372036854775807))
Edge(133933,74031,(3,9223372036854775807))
Edge(133935,385409,(3,9223372036854775807))
Edge(134030,324108,(1,9223372036854775807))
Edge(134698,52238,(3,9223372036854775807))
Edge(134985,261988,(3,9223372036854775807))
Edge(135284,366070,(3,9223372036854775807))
Edge(135286,112402,(3,9223372036854775807))
Edge(135438,281435,(3,9223372036854775807))
Edge(135861,199999,(4,9223372036854775807))
Edge(136164,26652,(3,9223372036854775807))
Edge(136337,301966,(1,3))
Edge(136647,103514,(3,9223372036854775807))
Edge(136880,467109,(3,9223372036854775807))
Edge(137141,255578,(1,9223372036854775807))
Edge(137480,471949,(3,9223372036854775807))
Edge(137596,247747,(1,9223372036854775807))
Edge(138101,84420,(3,9223372036854775807))
Edge(138133,104021,(1,9223372036854775807))
Edge(138343,200360,(3,9223372036854775807))
Edge(138399,354597,(3,9223372036854775807))
Edge(138595,363235,(3,9223372036854775807))
Edge(138663,304203,(1,3))
Edge(138883,132171,(3,9223372036854775807))
Edge(139165,131224,(3,9223372036854775807))
Edge(139194,431456,(3,9223372036854775807))
Edge(139485,26412,(3,9223372036854775807))
Edge(140649,77589,(3,9223372036854775807))
Edge(140979,425580,(1,9223372036854775807))
Edge(141788,435499,(3,9223372036854775807))
Edge(142048,211537,(3,9223372036854775807))
Edge(142185,383878,(1,9223372036854775807))
Edge(142834,267600,(1,3))
Edge(142894,29165,(4,9223372036854775807))
Edge(143330,451023,(3,9223372036854775807))
Edge(144057,154007,(3,9223372036854775807))
Edge(144137,165618,(1,3))
Edge(144279,350716,(1,9223372036854775807))
Edge(144501,446795,(3,9223372036854775807))
Edge(144528,145656,(3,9223372036854775807))
Edge(144579,476458,(3,9223372036854775807))
Edge(144723,151325,(3,9223372036854775807))
Edge(144747,369072,(1,3))
Edge(145075,436127,(3,9223372036854775807))
Edge(145091,117471,(1,9223372036854775807))
Edge(145795,354039,(3,9223372036854775807))
Edge(145825,422580,(3,9223372036854775807))
Edge(145900,80658,(3,9223372036854775807))
Edge(146148,230614,(3,9223372036854775807))
Edge(146295,378783,(3,9223372036854775807))
Edge(146441,213077,(1,9223372036854775807))
Edge(146485,191828,(1,9223372036854775807))
Edge(146599,485387,(1,3))
Edge(146684,387473,(3,9223372036854775807))
Edge(146800,58347,(1,9223372036854775807))
Edge(146909,195561,(3,9223372036854775807))
Edge(147556,377679,(3,9223372036854775807))
Edge(147559,392842,(3,9223372036854775807))
Edge(147772,206869,(3,9223372036854775807))
Edge(148183,378399,(3,9223372036854775807))
Edge(149223,272918,(3,9223372036854775807))
Edge(149633,28313,(1,9223372036854775807))
Edge(149710,480204,(3,9223372036854775807))
Edge(149854,242262,(3,9223372036854775807))
Edge(150070,244814,(3,9223372036854775807))
Edge(150345,92378,(1,9223372036854775807))
Edge(150415,416006,(3,9223372036854775807))
Edge(150421,418263,(3,9223372036854775807))
Edge(150690,242452,(3,9223372036854775807))
Edge(150887,424029,(3,9223372036854775807))
Edge(151018,200052,(3,9223372036854775807))
Edge(151393,211182,(3,9223372036854775807))
Edge(151395,475688,(3,9223372036854775807))
Edge(151481,201731,(3,9223372036854775807))
Edge(151777,197922,(3,9223372036854775807))
Edge(151830,338339,(3,9223372036854775807))
Edge(152216,403915,(3,9223372036854775807))
Edge(152258,387747,(3,9223372036854775807))
Edge(152286,487964,(3,9223372036854775807))
Edge(152300,129119,(3,9223372036854775807))
Edge(152701,92016,(3,9223372036854775807))
Edge(153347,468735,(3,9223372036854775807))
Edge(153494,192332,(3,9223372036854775807))
Edge(153577,292766,(1,9223372036854775807))
Edge(153919,47184,(3,9223372036854775807))
Edge(154151,242512,(3,9223372036854775807))
Edge(155141,466598,(1,9223372036854775807))
Edge(155253,447884,(1,3))
Edge(155498,457613,(1,9223372036854775807))
Edge(155517,357932,(1,3))
Edge(155641,230462,(3,9223372036854775807))
Edge(156224,398608,(3,9223372036854775807))
Edge(156554,64638,(3,9223372036854775807))
Edge(157121,384401,(3,9223372036854775807))
Edge(157628,430750,(3,9223372036854775807))
Edge(157690,454809,(3,9223372036854775807))
Edge(157992,405053,(3,9223372036854775807))
Edge(158143,385596,(1,3))
Edge(159450,102596,(1,9223372036854775807))
Edge(159542,361808,(1,9223372036854775807))
Edge(159623,115076,(3,9223372036854775807))
Edge(159776,350070,(3,9223372036854775807))
Edge(159844,235607,(3,9223372036854775807))
Edge(160034,395167,(3,9223372036854775807))
Edge(160984,270215,(3,9223372036854775807))
Edge(161029,134581,(3,9223372036854775807))
Edge(161162,482388,(3,9223372036854775807))
Edge(161755,184186,(1,9223372036854775807))
Edge(161944,96248,(3,9223372036854775807))
Edge(162075,242440,(3,9223372036854775807))
Edge(162243,379051,(3,9223372036854775807))
Edge(162593,69124,(3,9223372036854775807))
Edge(162854,497288,(3,9223372036854775807))
Edge(162913,465681,(3,9223372036854775807))
Edge(163150,25824,(3,9223372036854775807))
Edge(163435,352772,(3,9223372036854775807))
Edge(163854,189647,(3,9223372036854775807))
Edge(164020,215107,(3,9223372036854775807))
Edge(164387,56718,(3,9223372036854775807))
Edge(164474,398930,(3,9223372036854775807))
Edge(164507,467185,(3,9223372036854775807))
Edge(165311,408040,(3,9223372036854775807))
Edge(165322,417990,(3,9223372036854775807))
Edge(165610,358422,(1,9223372036854775807))
Edge(165838,254497,(3,9223372036854775807))
Edge(167403,137130,(3,9223372036854775807))
Edge(167521,131145,(3,9223372036854775807))
Edge(168071,499256,(3,9223372036854775807))
Edge(168676,387213,(3,9223372036854775807))
Edge(168696,17876,(3,9223372036854775807))
Edge(169172,435852,(3,9223372036854775807))
Edge(169307,430061,(3,9223372036854775807))
Edge(169624,34988,(3,9223372036854775807))
Edge(169670,259988,(3,9223372036854775807))
Edge(170089,25293,(3,9223372036854775807))
Edge(170433,43994,(3,9223372036854775807))
Edge(170632,6807,(3,9223372036854775807))
Edge(171183,383312,(3,9223372036854775807))
Edge(171303,443363,(3,9223372036854775807))
Edge(171622,471837,(3,9223372036854775807))
Edge(171928,147839,(3,9223372036854775807))
Edge(171929,27039,(1,9223372036854775807))
Edge(172044,310878,(3,9223372036854775807))
Edge(172057,384811,(3,9223372036854775807))
Edge(172152,47718,(1,9223372036854775807))
Edge(172704,128254,(3,9223372036854775807))
Edge(172794,221507,(3,9223372036854775807))
Edge(172860,492803,(1,9223372036854775807))
Edge(172876,271514,(3,9223372036854775807))
Edge(173133,106534,(3,9223372036854775807))
Edge(173247,387952,(3,9223372036854775807))
Edge(173471,390981,(3,9223372036854775807))
Edge(173554,363498,(1,9223372036854775807))
Edge(173824,35537,(1,3))
Edge(173861,29032,(3,9223372036854775807))
Edge(174248,177591,(3,9223372036854775807))
Edge(174761,62360,(3,9223372036854775807))
Edge(175375,148974,(3,9223372036854775807))
Edge(175436,112632,(3,9223372036854775807))
Edge(175600,38300,(3,9223372036854775807))
Edge(175924,342929,(3,9223372036854775807))
Edge(175977,178924,(1,9223372036854775807))
Edge(176127,53335,(3,9223372036854775807))
Edge(176496,115706,(3,9223372036854775807))
Edge(176512,297833,(3,9223372036854775807))
Edge(176763,208126,(3,9223372036854775807))
Edge(177094,428349,(3,9223372036854775807))
Edge(177176,290099,(3,9223372036854775807))
Edge(177316,302795,(3,9223372036854775807))
Edge(177422,177238,(3,9223372036854775807))
Edge(178220,237828,(3,9223372036854775807))
Edge(178930,97687,(1,9223372036854775807))
Edge(179547,279586,(3,9223372036854775807))
Edge(179628,26990,(1,9223372036854775807))
Edge(179697,112500,(3,9223372036854775807))
Edge(179937,321310,(1,9223372036854775807))
Edge(180120,305860,(3,9223372036854775807))
Edge(180319,260162,(3,9223372036854775807))
Edge(180331,405115,(1,9223372036854775807))
Edge(180405,324154,(3,9223372036854775807))
Edge(180419,156986,(3,9223372036854775807))
Edge(180485,56019,(3,9223372036854775807))
Edge(180495,471572,(4,9223372036854775807))
Edge(180578,256658,(3,9223372036854775807))
Edge(180672,196164,(3,9223372036854775807))
Edge(180908,72793,(1,9223372036854775807))
Edge(180913,66762,(3,9223372036854775807))
Edge(181058,208007,(3,9223372036854775807))
Edge(181097,80868,(3,9223372036854775807))
Edge(181523,28541,(3,9223372036854775807))
Edge(181552,196029,(1,9223372036854775807))
Edge(181708,474017,(3,9223372036854775807))
Edge(181867,375205,(1,3))
Edge(181942,326824,(3,9223372036854775807))
Edge(182035,88465,(1,9223372036854775807))
Edge(182077,43535,(1,9223372036854775807))
Edge(182188,270858,(3,9223372036854775807))
Edge(182656,107867,(3,9223372036854775807))
Edge(182784,326870,(1,9223372036854775807))
Edge(183034,20829,(3,9223372036854775807))
Edge(183556,409787,(1,9223372036854775807))
Edge(184849,300811,(3,9223372036854775807))
Edge(184915,497436,(3,9223372036854775807))
Edge(184953,419775,(3,9223372036854775807))
Edge(184973,399140,(1,9223372036854775807))
Edge(185295,134974,(3,9223372036854775807))
Edge(185518,318035,(3,9223372036854775807))
Edge(186204,226140,(3,9223372036854775807))
Edge(186207,112869,(1,3))
Edge(186248,304097,(3,9223372036854775807))
Edge(186277,17028,(3,9223372036854775807))
Edge(186634,22863,(3,9223372036854775807))
Edge(186642,36144,(3,9223372036854775807))
Edge(186713,361540,(3,9223372036854775807))
Edge(186819,268833,(3,9223372036854775807))
Edge(186943,304312,(1,3))
Edge(187177,284405,(3,9223372036854775807))
Edge(187363,272751,(3,9223372036854775807))
Edge(187427,141085,(3,9223372036854775807))
Edge(188142,385577,(3,9223372036854775807))
Edge(188411,234287,(1,9223372036854775807))
Edge(188707,228703,(3,9223372036854775807))
Edge(189320,464552,(3,9223372036854775807))
Edge(189341,36377,(3,9223372036854775807))
Edge(189361,253897,(3,9223372036854775807))
Edge(190070,170216,(3,9223372036854775807))
Edge(190403,73771,(3,9223372036854775807))
Edge(190937,161525,(1,9223372036854775807))
Edge(190962,488180,(3,9223372036854775807))
Edge(191385,119563,(3,9223372036854775807))
Edge(191516,45141,(3,9223372036854775807))
Edge(192017,5368,(3,9223372036854775807))
Edge(192114,362559,(3,9223372036854775807))
Edge(192800,50048,(1,9223372036854775807))
Edge(193670,393354,(1,9223372036854775807))
Edge(194103,143653,(3,9223372036854775807))
Edge(194421,483361,(1,9223372036854775807))
Edge(194685,319270,(3,9223372036854775807))
Edge(195255,477063,(3,9223372036854775807))
Edge(195440,441815,(1,3))
Edge(196025,305798,(3,9223372036854775807))
Edge(196078,488419,(3,9223372036854775807))
Edge(196347,193459,(1,9223372036854775807))
Edge(196455,276782,(3,9223372036854775807))
Edge(196486,331437,(3,4))
Edge(196645,430449,(3,9223372036854775807))
Edge(196847,435184,(1,9223372036854775807))
Edge(197306,154432,(1,3))
Edge(197389,384631,(1,9223372036854775807))
Edge(197561,155244,(3,9223372036854775807))
Edge(197852,179137,(3,9223372036854775807))
Edge(197876,140594,(3,9223372036854775807))
Edge(198056,267982,(1,9223372036854775807))
Edge(198237,44613,(3,9223372036854775807))
Edge(198258,114020,(3,9223372036854775807))
Edge(198324,465833,(3,9223372036854775807))
Edge(198469,103722,(3,9223372036854775807))
Edge(199303,6814,(1,3))
Edge(199324,262295,(3,9223372036854775807))
Edge(199428,398258,(3,9223372036854775807))
Edge(199513,313648,(3,9223372036854775807))
Edge(199602,374680,(3,9223372036854775807))
Edge(201380,23755,(3,9223372036854775807))
Edge(201477,185401,(1,9223372036854775807))
Edge(201637,498416,(3,9223372036854775807))
Edge(202020,150308,(1,3))
Edge(202153,278562,(3,9223372036854775807))
Edge(202277,478164,(3,9223372036854775807))
Edge(202308,316566,(1,9223372036854775807))
Edge(202377,25555,(3,9223372036854775807))
Edge(202720,40307,(1,9223372036854775807))
Edge(203141,28224,(3,9223372036854775807))
Edge(203162,488735,(3,9223372036854775807))
Edge(203357,243928,(3,9223372036854775807))
Edge(203676,315901,(3,9223372036854775807))
Edge(203782,205919,(3,9223372036854775807))
Edge(203791,310503,(3,9223372036854775807))
Edge(203828,90639,(3,9223372036854775807))
Edge(203841,453763,(3,9223372036854775807))
Edge(204184,123852,(1,9223372036854775807))
Edge(204879,232960,(3,9223372036854775807))
Edge(205487,352525,(3,9223372036854775807))
Edge(205511,184670,(3,9223372036854775807))
Edge(205647,40526,(1,9223372036854775807))
Edge(205656,24474,(1,9223372036854775807))
Edge(205934,197836,(3,9223372036854775807))
Edge(206659,438262,(3,9223372036854775807))
Edge(206806,391556,(1,9223372036854775807))
Edge(207009,26076,(3,9223372036854775807))
Edge(207111,152332,(3,9223372036854775807))
Edge(207664,372275,(3,9223372036854775807))
Edge(207972,394407,(3,9223372036854775807))
Edge(208131,273376,(3,9223372036854775807))
Edge(208347,13977,(3,9223372036854775807))
Edge(208801,110309,(3,9223372036854775807))
Edge(208912,326284,(4,9223372036854775807))
Edge(209667,322176,(1,9223372036854775807))
Edge(209865,261871,(3,9223372036854775807))
Edge(209997,201471,(1,9223372036854775807))
Edge(210186,310865,(3,9223372036854775807))
Edge(210221,333392,(3,9223372036854775807))
Edge(210383,7366,(3,9223372036854775807))
Edge(210407,221309,(3,9223372036854775807))
Edge(210494,249913,(1,9223372036854775807))
Edge(210690,425565,(3,9223372036854775807))
Edge(211038,117958,(3,9223372036854775807))
Edge(211214,407119,(1,9223372036854775807))
Edge(211698,21901,(3,9223372036854775807))
Edge(211706,109611,(1,3))
Edge(211899,472369,(3,9223372036854775807))
Edge(212147,477469,(1,9223372036854775807))
Edge(212725,164106,(1,9223372036854775807))
Edge(212766,207075,(1,3))
Edge(212895,213672,(1,9223372036854775807))
Edge(213082,223339,(3,9223372036854775807))
Edge(213344,487022,(3,9223372036854775807))
Edge(214103,379287,(3,9223372036854775807))
Edge(214287,322,(3,9223372036854775807))
Edge(214366,134066,(3,9223372036854775807))
Edge(214763,46712,(3,9223372036854775807))
Edge(214892,305464,(3,9223372036854775807))
Edge(214943,324015,(3,9223372036854775807))
Edge(214990,272879,(1,9223372036854775807))
Edge(215036,378551,(3,9223372036854775807))
Edge(215046,80376,(3,9223372036854775807))
Edge(215134,450891,(3,9223372036854775807))
Edge(215150,302811,(3,9223372036854775807))
Edge(216569,6491,(3,9223372036854775807))
Edge(216628,241629,(3,9223372036854775807))
Edge(216676,197709,(3,9223372036854775807))
Edge(216759,166941,(3,9223372036854775807))
Edge(217002,393538,(3,9223372036854775807))
Edge(217304,318854,(3,9223372036854775807))
Edge(217619,315178,(3,9223372036854775807))
Edge(217675,127993,(3,9223372036854775807))
Edge(218024,35034,(1,3))
Edge(218039,326972,(3,9223372036854775807))
Edge(218300,473439,(1,3))
Edge(218525,199123,(3,9223372036854775807))
Edge(219057,203929,(3,9223372036854775807))
Edge(219546,104996,(3,9223372036854775807))
Edge(220121,362451,(3,9223372036854775807))
Edge(220934,205816,(1,9223372036854775807))
Edge(221049,393180,(3,9223372036854775807))
Edge(221390,303009,(3,9223372036854775807))
Edge(221713,71788,(1,9223372036854775807))
Edge(222181,429700,(3,9223372036854775807))
Edge(222795,220936,(1,9223372036854775807))
Edge(223065,406960,(1,3))
Edge(223129,436257,(3,9223372036854775807))
Edge(223404,346506,(1,3))
Edge(223632,336681,(3,9223372036854775807))
Edge(223751,233617,(3,9223372036854775807))
Edge(224060,63496,(3,9223372036854775807))
Edge(224297,260537,(3,9223372036854775807))
Edge(224506,304896,(3,9223372036854775807))
Edge(224560,45481,(3,9223372036854775807))
Edge(224586,49485,(3,9223372036854775807))
Edge(224593,74138,(3,9223372036854775807))
Edge(224883,254463,(3,9223372036854775807))
Edge(224898,35460,(1,3))
Edge(225075,419790,(3,9223372036854775807))
Edge(225397,69644,(3,9223372036854775807))
Edge(225400,175634,(3,9223372036854775807))
Edge(225783,219568,(1,9223372036854775807))
Edge(226119,2671,(3,9223372036854775807))
Edge(227184,363542,(3,9223372036854775807))
Edge(227418,138922,(1,9223372036854775807))
Edge(227803,13989,(3,9223372036854775807))
Edge(227997,224042,(1,9223372036854775807))
Edge(228148,267758,(3,9223372036854775807))
Edge(228784,181656,(3,9223372036854775807))
Edge(229136,129524,(3,9223372036854775807))
Edge(229271,180081,(3,9223372036854775807))
Edge(229312,214527,(3,9223372036854775807))
Edge(229348,190163,(3,9223372036854775807))
Edge(229596,235720,(3,9223372036854775807))
Edge(229886,175624,(1,9223372036854775807))
Edge(229948,221238,(1,9223372036854775807))
Edge(230287,171190,(3,9223372036854775807))
Edge(230611,126097,(3,9223372036854775807))
Edge(231324,423872,(3,9223372036854775807))
Edge(231775,43589,(3,9223372036854775807))
Edge(231955,274649,(3,9223372036854775807))
Edge(232253,467980,(3,9223372036854775807))
Edge(232574,185588,(3,9223372036854775807))
Edge(232792,28729,(3,9223372036854775807))
Edge(232906,466350,(3,9223372036854775807))
Edge(233009,266480,(3,9223372036854775807))
Edge(233220,340674,(1,9223372036854775807))
Edge(233448,139719,(3,9223372036854775807))
Edge(233782,23762,(3,9223372036854775807))
Edge(234007,443401,(3,9223372036854775807))
Edge(234599,270810,(3,9223372036854775807))
Edge(234709,346010,(3,9223372036854775807))
Edge(235656,160739,(1,3))
Edge(235662,129379,(3,9223372036854775807))
Edge(235694,119977,(3,9223372036854775807))
Edge(236217,176502,(1,9223372036854775807))
Edge(236775,491312,(3,9223372036854775807))
Edge(237553,392895,(3,9223372036854775807))
Edge(237863,152243,(1,9223372036854775807))
Edge(238651,259745,(3,9223372036854775807))
Edge(239069,31334,(3,9223372036854775807))
Edge(239904,188167,(3,9223372036854775807))
Edge(240032,449648,(1,9223372036854775807))
Edge(240549,272599,(3,9223372036854775807))
Edge(240660,116424,(3,9223372036854775807))
Edge(240744,459570,(3,9223372036854775807))
Edge(240989,115238,(3,9223372036854775807))
Edge(241232,341030,(3,9223372036854775807))
Edge(241550,460999,(3,9223372036854775807))
Edge(241691,482640,(3,9223372036854775807))
Edge(241850,471443,(3,9223372036854775807))
Edge(241993,378099,(3,9223372036854775807))
Edge(242148,485399,(3,9223372036854775807))
Edge(242490,150955,(1,9223372036854775807))
Edge(242856,44317,(3,9223372036854775807))
Edge(243125,393240,(1,3))
Edge(243445,210758,(3,9223372036854775807))
Edge(243706,63815,(3,9223372036854775807))
Edge(244073,5875,(3,9223372036854775807))
Edge(244131,42056,(3,9223372036854775807))
Edge(244351,219488,(3,9223372036854775807))
Edge(244631,136212,(3,9223372036854775807))
Edge(244723,31271,(3,9223372036854775807))
Edge(245110,365319,(3,9223372036854775807))
Edge(245128,282842,(3,9223372036854775807))
Edge(245173,291974,(1,9223372036854775807))
Edge(245218,474162,(3,9223372036854775807))
Edge(245287,74141,(1,9223372036854775807))
Edge(245885,329733,(1,9223372036854775807))
Edge(245890,271665,(1,9223372036854775807))
Edge(246203,253813,(3,9223372036854775807))
Edge(246204,85137,(1,9223372036854775807))
Edge(246244,173345,(3,9223372036854775807))
Edge(246275,71352,(3,9223372036854775807))
Edge(246619,187247,(3,9223372036854775807))
Edge(246690,168283,(3,9223372036854775807))
Edge(247161,270662,(3,9223372036854775807))
Edge(247267,297052,(3,9223372036854775807))
Edge(247905,264303,(1,9223372036854775807))
Edge(248187,28933,(3,9223372036854775807))
Edge(248453,169249,(3,9223372036854775807))
Edge(248459,227426,(3,9223372036854775807))
Edge(248854,25365,(3,9223372036854775807))
Edge(249455,3315,(3,9223372036854775807))
Edge(249461,395505,(3,9223372036854775807))
Edge(250098,109673,(1,3))
Edge(251199,178496,(3,9223372036854775807))
Edge(251381,372218,(3,9223372036854775807))
Edge(251977,25046,(3,9223372036854775807))
Edge(252089,315266,(3,9223372036854775807))
Edge(252203,187941,(3,9223372036854775807))
Edge(252263,44611,(3,9223372036854775807))
Edge(252458,46394,(3,9223372036854775807))
Edge(252926,353159,(3,9223372036854775807))
Edge(253282,467385,(3,9223372036854775807))
Edge(253914,82996,(3,9223372036854775807))
Edge(254151,370972,(3,9223372036854775807))
Edge(254257,57861,(3,9223372036854775807))
Edge(254306,115395,(3,9223372036854775807))
Edge(254592,124160,(1,9223372036854775807))
Edge(254598,221768,(3,9223372036854775807))
Edge(254640,380161,(1,9223372036854775807))
Edge(254663,424447,(4,9223372036854775807))
Edge(254692,24335,(3,9223372036854775807))
Edge(254736,317918,(3,9223372036854775807))
Edge(255394,94283,(3,9223372036854775807))
Edge(256557,306112,(1,9223372036854775807))
Edge(257312,253584,(3,9223372036854775807))
Edge(257513,29186,(3,9223372036854775807))
Edge(257618,408851,(3,9223372036854775807))
Edge(257781,258963,(3,9223372036854775807))
Edge(257933,410972,(3,9223372036854775807))
Edge(258558,475983,(3,9223372036854775807))
Edge(258686,349449,(3,9223372036854775807))
Edge(258698,451215,(3,9223372036854775807))
Edge(259150,119347,(3,9223372036854775807))
Edge(259314,469147,(3,9223372036854775807))
Edge(259679,225352,(1,3))
Edge(259733,183427,(3,9223372036854775807))
Edge(259951,305480,(3,9223372036854775807))
Edge(260134,257849,(3,9223372036854775807))
Edge(260345,46586,(1,3))
Edge(260423,447559,(3,9223372036854775807))
Edge(260603,175637,(3,9223372036854775807))
Edge(260650,297927,(3,9223372036854775807))
Edge(261015,215225,(3,9223372036854775807))
Edge(261309,280946,(3,9223372036854775807))
Edge(261431,108038,(3,9223372036854775807))
Edge(261627,449516,(3,9223372036854775807))
Edge(261696,469790,(3,9223372036854775807))
Edge(262031,8035,(3,9223372036854775807))
Edge(262441,119812,(3,9223372036854775807))
Edge(263200,148356,(3,9223372036854775807))
Edge(263543,457999,(3,9223372036854775807))
Edge(263638,445069,(3,9223372036854775807))
Edge(263858,492004,(3,9223372036854775807))
Edge(263979,78747,(1,3))
Edge(264426,22033,(3,9223372036854775807))
Edge(264603,456730,(3,9223372036854775807))
Edge(265041,157110,(3,9223372036854775807))
Edge(265427,457148,(1,3))
Edge(265476,118361,(3,9223372036854775807))
Edge(265866,333102,(3,9223372036854775807))
Edge(266286,338062,(3,9223372036854775807))
Edge(266620,403953,(3,9223372036854775807))
Edge(266680,140722,(3,9223372036854775807))
Edge(267142,19469,(3,9223372036854775807))
Edge(267168,433593,(3,9223372036854775807))
Edge(267261,254865,(3,9223372036854775807))
Edge(267473,439795,(3,9223372036854775807))
Edge(267797,223264,(1,9223372036854775807))
Edge(267921,202268,(3,9223372036854775807))
Edge(267932,151182,(3,9223372036854775807))
Edge(268161,204006,(1,9223372036854775807))
Edge(268204,420911,(3,9223372036854775807))
Edge(268382,395368,(3,9223372036854775807))
Edge(268455,48032,(1,9223372036854775807))
Edge(269502,93270,(3,9223372036854775807))
Edge(269806,191322,(3,9223372036854775807))
Edge(270157,460429,(3,9223372036854775807))
Edge(270468,422606,(3,9223372036854775807))
Edge(270518,334159,(3,9223372036854775807))
Edge(270698,353653,(3,9223372036854775807))
Edge(270752,118109,(1,9223372036854775807))
Edge(270794,99068,(3,9223372036854775807))
Edge(270998,5039,(3,9223372036854775807))
Edge(271175,144709,(3,9223372036854775807))
Edge(271332,418266,(3,9223372036854775807))
Edge(271609,272566,(1,9223372036854775807))
Edge(272108,370400,(3,9223372036854775807))
Edge(272790,19555,(3,9223372036854775807))
Edge(273112,499192,(3,9223372036854775807))
Edge(273628,286202,(1,9223372036854775807))
Edge(273731,333241,(1,9223372036854775807))
Edge(273898,458629,(3,9223372036854775807))
Edge(273905,469789,(1,9223372036854775807))
Edge(274222,325133,(1,9223372036854775807))
Edge(274444,311130,(3,9223372036854775807))
Edge(274493,394123,(1,3))
Edge(274496,67297,(3,9223372036854775807))
Edge(274525,442381,(3,9223372036854775807))
Edge(274656,63663,(3,9223372036854775807))
Edge(274663,181593,(3,9223372036854775807))
Edge(274943,71716,(3,9223372036854775807))
Edge(275112,430848,(3,9223372036854775807))
Edge(275187,249586,(3,9223372036854775807))
Edge(275275,474908,(1,9223372036854775807))
Edge(275327,120179,(3,9223372036854775807))
Edge(276309,60152,(3,9223372036854775807))
Edge(276424,367671,(1,9223372036854775807))
Edge(276479,215188,(3,9223372036854775807))
Edge(276937,439935,(1,9223372036854775807))
Edge(277058,343887,(3,9223372036854775807))
Edge(277139,289037,(3,9223372036854775807))
Edge(277209,411119,(1,9223372036854775807))
Edge(277810,23552,(3,9223372036854775807))
Edge(278057,25921,(1,9223372036854775807))
Edge(278444,215495,(3,9223372036854775807))
Edge(278473,77698,(3,9223372036854775807))
Edge(278517,269015,(3,9223372036854775807))
Edge(278882,426256,(3,9223372036854775807))
Edge(278944,244780,(3,9223372036854775807))
Edge(279132,492710,(1,3))
Edge(279433,80996,(4,9223372036854775807))
Edge(279478,77640,(3,9223372036854775807))
Edge(279630,114613,(3,9223372036854775807))
Edge(279860,88857,(3,9223372036854775807))
Edge(280211,383891,(3,9223372036854775807))
Edge(280297,123215,(3,9223372036854775807))
Edge(280522,228181,(3,9223372036854775807))
Edge(280542,232410,(3,9223372036854775807))
Edge(280854,307905,(3,9223372036854775807))
Edge(280943,59110,(3,9223372036854775807))
Edge(281052,39509,(3,9223372036854775807))
Edge(281255,37204,(3,9223372036854775807))
Edge(281528,2398,(3,9223372036854775807))
Edge(281673,149376,(1,9223372036854775807))
Edge(281769,485624,(3,9223372036854775807))
Edge(281823,281114,(3,9223372036854775807))
Edge(282821,64210,(3,9223372036854775807))
Edge(283058,334165,(3,9223372036854775807))
Edge(283519,355710,(1,9223372036854775807))
Edge(283549,497570,(3,9223372036854775807))
Edge(283737,331501,(1,9223372036854775807))
Edge(283812,383614,(3,9223372036854775807))
Edge(284348,40888,(3,9223372036854775807))
Edge(284478,422319,(1,9223372036854775807))
Edge(284619,495467,(3,9223372036854775807))
Edge(284624,459433,(1,9223372036854775807))
Edge(284711,214463,(1,9223372036854775807))
Edge(284715,342359,(3,9223372036854775807))
Edge(284798,259006,(3,9223372036854775807))
Edge(284811,104383,(3,9223372036854775807))
Edge(285998,199127,(3,9223372036854775807))
Edge(287297,201547,(3,9223372036854775807))
Edge(287489,483336,(1,9223372036854775807))
Edge(287538,273276,(3,9223372036854775807))
Edge(287939,4042,(1,9223372036854775807))
Edge(288232,300924,(1,3))
Edge(288284,401202,(3,9223372036854775807))
Edge(288501,251024,(3,9223372036854775807))
Edge(288582,359022,(3,9223372036854775807))
Edge(288639,171607,(3,9223372036854775807))
Edge(289251,145306,(1,3))
Edge(289840,277684,(3,9223372036854775807))
Edge(290442,322332,(3,9223372036854775807))
Edge(290575,282041,(3,9223372036854775807))
Edge(290617,236188,(3,9223372036854775807))
Edge(290694,492395,(3,9223372036854775807))
Edge(290988,212302,(3,9223372036854775807))
Edge(291339,56491,(3,9223372036854775807))
Edge(291385,403611,(3,9223372036854775807))
Edge(291413,262771,(3,9223372036854775807))
Edge(291508,422950,(3,9223372036854775807))
Edge(291515,249398,(3,9223372036854775807))
Edge(291589,99580,(3,9223372036854775807))
Edge(291651,135541,(1,3))
Edge(291729,62750,(1,9223372036854775807))
Edge(292370,332841,(3,9223372036854775807))
Edge(292721,108980,(3,9223372036854775807))
Edge(292750,257122,(3,9223372036854775807))
Edge(293437,161148,(3,9223372036854775807))
Edge(293809,210924,(3,9223372036854775807))
Edge(293990,442922,(3,9223372036854775807))
Edge(294281,30475,(3,9223372036854775807))
Edge(294603,65872,(3,9223372036854775807))
Edge(294653,262155,(1,3))
Edge(294721,387736,(3,9223372036854775807))
Edge(294758,262624,(3,9223372036854775807))
Edge(295867,169026,(1,3))
Edge(295965,392267,(3,9223372036854775807))
Edge(296256,208256,(3,9223372036854775807))
Edge(296722,158375,(3,9223372036854775807))
Edge(296809,37459,(3,9223372036854775807))
Edge(297242,185132,(1,9223372036854775807))
Edge(297392,73864,(1,9223372036854775807))
Edge(297896,344547,(3,9223372036854775807))
Edge(298049,183262,(1,9223372036854775807))
Edge(298482,151093,(3,9223372036854775807))
Edge(298538,137400,(3,9223372036854775807))
Edge(298818,244435,(3,9223372036854775807))
Edge(298964,298789,(1,9223372036854775807))
Edge(299305,170937,(3,9223372036854775807))
Edge(299552,31642,(1,9223372036854775807))
Edge(300188,354399,(1,9223372036854775807))
Edge(300405,26443,(3,9223372036854775807))
Edge(300580,498847,(3,9223372036854775807))
Edge(300970,436820,(3,9223372036854775807))
Edge(301275,244459,(3,9223372036854775807))
Edge(301567,344941,(3,9223372036854775807))
Edge(301632,481343,(3,9223372036854775807))
Edge(301931,292951,(3,9223372036854775807))
Edge(302215,108496,(3,9223372036854775807))
Edge(302398,363832,(3,9223372036854775807))
Edge(302458,414488,(3,9223372036854775807))
Edge(302777,90039,(3,9223372036854775807))
Edge(303087,493722,(3,9223372036854775807))
Edge(303275,452642,(3,9223372036854775807))
Edge(303297,310068,(3,9223372036854775807))
Edge(303647,456084,(3,9223372036854775807))
Edge(303845,233851,(1,9223372036854775807))
Edge(304128,151670,(1,9223372036854775807))
Edge(304271,290773,(3,9223372036854775807))
Edge(304365,114947,(3,9223372036854775807))
Edge(304489,36842,(3,9223372036854775807))
Edge(304717,303127,(3,9223372036854775807))
Edge(305198,162434,(3,9223372036854775807))
Edge(305365,456202,(1,9223372036854775807))
Edge(305469,226441,(3,9223372036854775807))
Edge(305882,388681,(3,9223372036854775807))
Edge(305898,95372,(3,9223372036854775807))
Edge(306098,68612,(3,9223372036854775807))
Edge(306805,71854,(3,9223372036854775807))
Edge(307272,398659,(3,9223372036854775807))
Edge(307890,461405,(3,9223372036854775807))
Edge(308131,388053,(3,9223372036854775807))
Edge(308166,21596,(1,9223372036854775807))
Edge(308414,95347,(1,9223372036854775807))
Edge(308440,77538,(3,9223372036854775807))
Edge(308477,281956,(3,9223372036854775807))
Edge(308777,417219,(3,9223372036854775807))
Edge(308792,247104,(1,9223372036854775807))
Edge(308886,131410,(3,9223372036854775807))
Edge(309629,398900,(3,9223372036854775807))
Edge(309637,152752,(3,9223372036854775807))
Edge(309986,175387,(3,9223372036854775807))
Edge(310078,111361,(3,9223372036854775807))
Edge(310113,488650,(3,9223372036854775807))
Edge(310310,248228,(3,9223372036854775807))
Edge(310661,282150,(3,9223372036854775807))
Edge(310699,302991,(3,9223372036854775807))
Edge(310709,49007,(1,3))
Edge(311541,361695,(1,9223372036854775807))
Edge(311712,326397,(3,9223372036854775807))
Edge(311913,407982,(3,9223372036854775807))
Edge(312061,66969,(3,9223372036854775807))
Edge(312343,360821,(1,9223372036854775807))
Edge(312505,85158,(3,9223372036854775807))
Edge(313285,249919,(3,9223372036854775807))
Edge(313469,485135,(3,9223372036854775807))
Edge(313478,242989,(3,9223372036854775807))
Edge(313780,299116,(3,9223372036854775807))
Edge(313859,316011,(3,9223372036854775807))
Edge(313902,303004,(3,9223372036854775807))
Edge(314221,293845,(3,9223372036854775807))
Edge(314285,369029,(3,9223372036854775807))
Edge(314411,137389,(3,9223372036854775807))
Edge(314775,271911,(3,9223372036854775807))
Edge(315243,193365,(3,9223372036854775807))
Edge(315781,352815,(3,9223372036854775807))
Edge(315973,119854,(1,9223372036854775807))
Edge(316688,234860,(1,3))
Edge(317318,66012,(3,9223372036854775807))
Edge(317457,359081,(3,9223372036854775807))
Edge(317830,238506,(3,9223372036854775807))
Edge(318544,109371,(3,9223372036854775807))
Edge(318599,142325,(3,9223372036854775807))
Edge(318688,425610,(3,9223372036854775807))
Edge(319703,142173,(3,9223372036854775807))
Edge(319716,345420,(3,9223372036854775807))
Edge(320885,94746,(3,9223372036854775807))
Edge(321022,203510,(3,9223372036854775807))
Edge(321188,408825,(3,9223372036854775807))
Edge(321814,136687,(3,9223372036854775807))
Edge(322042,465502,(3,9223372036854775807))
Edge(322888,137606,(3,9223372036854775807))
Edge(323248,422201,(3,9223372036854775807))
Edge(323389,34971,(3,9223372036854775807))
Edge(323454,191164,(3,9223372036854775807))
Edge(323588,202525,(3,9223372036854775807))
Edge(323829,29732,(3,9223372036854775807))
Edge(323890,461271,(3,9223372036854775807))
Edge(324354,223652,(3,9223372036854775807))
Edge(324454,16037,(3,9223372036854775807))
Edge(324941,148278,(1,9223372036854775807))
Edge(325106,145063,(3,9223372036854775807))
Edge(325228,69247,(1,9223372036854775807))
Edge(325754,31190,(3,9223372036854775807))
Edge(325973,266827,(3,9223372036854775807))
Edge(326090,41971,(3,9223372036854775807))
Edge(326095,155507,(1,9223372036854775807))
Edge(326124,1323,(1,9223372036854775807))
Edge(326323,72603,(3,9223372036854775807))
Edge(327054,481104,(3,9223372036854775807))
Edge(327122,24275,(3,9223372036854775807))
Edge(327678,152001,(3,9223372036854775807))
Edge(327782,111129,(3,9223372036854775807))
Edge(327943,449461,(3,9223372036854775807))
Edge(328029,298262,(1,3))
Edge(328177,134996,(3,9223372036854775807))
Edge(328623,37744,(1,9223372036854775807))
Edge(328869,284419,(1,3))
Edge(328942,240366,(3,9223372036854775807))
Edge(329682,137743,(3,9223372036854775807))
Edge(329684,343001,(3,9223372036854775807))
Edge(329948,213201,(3,9223372036854775807))
Edge(330207,175501,(3,9223372036854775807))
Edge(330531,328675,(3,9223372036854775807))
Edge(330863,24826,(3,9223372036854775807))
Edge(330974,338311,(3,9223372036854775807))
Edge(331309,201104,(3,9223372036854775807))
Edge(331395,286250,(3,9223372036854775807))
Edge(331579,182359,(3,9223372036854775807))
Edge(331829,387499,(3,9223372036854775807))
Edge(331918,418591,(3,9223372036854775807))
Edge(332364,163643,(1,3))
Edge(332724,164179,(3,9223372036854775807))
Edge(332795,198112,(3,9223372036854775807))
Edge(332896,206186,(1,3))
Edge(332971,333664,(3,9223372036854775807))
Edge(333364,74927,(3,9223372036854775807))
Edge(333629,483188,(1,9223372036854775807))
Edge(333746,100047,(3,9223372036854775807))
Edge(333807,367193,(3,9223372036854775807))
Edge(333927,305698,(3,9223372036854775807))
Edge(334141,342663,(3,9223372036854775807))
Edge(334359,262374,(3,9223372036854775807))
Edge(334469,305413,(3,9223372036854775807))
Edge(334611,116185,(3,9223372036854775807))
Edge(334638,486650,(1,3))
Edge(334644,341313,(1,9223372036854775807))
Edge(334862,416266,(1,9223372036854775807))
Edge(335293,347841,(1,9223372036854775807))
Edge(335523,254073,(3,9223372036854775807))
Edge(335531,191773,(3,9223372036854775807))
Edge(336058,344549,(3,9223372036854775807))
Edge(336217,196071,(3,9223372036854775807))
Edge(336629,77122,(3,9223372036854775807))
Edge(336820,496436,(3,9223372036854775807))
Edge(336901,359446,(3,9223372036854775807))
Edge(337115,230681,(3,9223372036854775807))
Edge(337926,86287,(3,9223372036854775807))
Edge(337974,149500,(3,9223372036854775807))
Edge(338138,309703,(1,9223372036854775807))
Edge(338370,362516,(3,9223372036854775807))
Edge(338810,121503,(3,9223372036854775807))
Edge(338978,87380,(3,9223372036854775807))
Edge(339013,64979,(3,9223372036854775807))
Edge(339034,176770,(3,9223372036854775807))
Edge(340406,488734,(3,9223372036854775807))
Edge(340838,264124,(1,9223372036854775807))
Edge(340859,494945,(3,9223372036854775807))
Edge(340872,258996,(3,9223372036854775807))
Edge(340963,7275,(3,9223372036854775807))
Edge(341211,477178,(3,9223372036854775807))
Edge(341548,407743,(3,9223372036854775807))
Edge(341579,238008,(1,3))
Edge(341828,493776,(3,9223372036854775807))
Edge(341995,174165,(3,9223372036854775807))
Edge(342460,254791,(1,9223372036854775807))
Edge(342545,479265,(3,9223372036854775807))
Edge(342573,406262,(3,9223372036854775807))
Edge(342835,224508,(3,9223372036854775807))
Edge(343208,227290,(1,3))
Edge(343549,138807,(3,9223372036854775807))
Edge(343561,40325,(3,9223372036854775807))
Edge(343812,115573,(3,9223372036854775807))
Edge(344059,35967,(3,9223372036854775807))
Edge(344370,410078,(3,9223372036854775807))
Edge(344458,397103,(3,9223372036854775807))
Edge(344464,208318,(1,9223372036854775807))
Edge(344566,360147,(3,9223372036854775807))
Edge(344799,121224,(3,9223372036854775807))
Edge(345080,267277,(1,9223372036854775807))
Edge(345173,148013,(1,9223372036854775807))
Edge(345645,213456,(1,9223372036854775807))
Edge(345950,74808,(4,9223372036854775807))
Edge(346120,912,(3,9223372036854775807))
Edge(346186,104589,(3,9223372036854775807))
Edge(346429,18086,(3,9223372036854775807))
Edge(346803,286334,(3,9223372036854775807))
Edge(346979,100171,(3,9223372036854775807))
Edge(347261,59763,(3,9223372036854775807))
Edge(347694,188645,(3,9223372036854775807))
Edge(347906,389762,(3,9223372036854775807))
Edge(347943,416427,(3,9223372036854775807))
Edge(347992,378118,(1,9223372036854775807))
Edge(348187,269743,(1,9223372036854775807))
Edge(348297,6056,(3,9223372036854775807))
Edge(348502,274522,(3,9223372036854775807))
Edge(348710,30057,(3,9223372036854775807))
Edge(349012,401238,(1,3))
Edge(349091,298772,(3,9223372036854775807))
Edge(349121,445954,(3,9223372036854775807))
Edge(349237,235170,(3,9223372036854775807))
Edge(349337,389758,(3,9223372036854775807))
Edge(349381,41247,(3,9223372036854775807))
Edge(349425,338807,(3,9223372036854775807))
Edge(349742,93727,(1,9223372036854775807))
Edge(349912,81505,(3,9223372036854775807))
Edge(350534,434561,(3,9223372036854775807))
Edge(351386,132838,(1,9223372036854775807))
Edge(351411,323871,(1,9223372036854775807))
Edge(351588,224261,(3,9223372036854775807))
Edge(351882,79946,(3,9223372036854775807))
Edge(351912,114408,(1,9223372036854775807))
Edge(352126,461430,(1,9223372036854775807))
Edge(352225,423995,(3,9223372036854775807))
Edge(352356,318524,(1,3))
Edge(352858,35124,(3,9223372036854775807))
Edge(352874,332176,(3,9223372036854775807))
Edge(352948,15167,(1,9223372036854775807))
Edge(353107,495025,(3,9223372036854775807))
Edge(353160,260851,(3,9223372036854775807))
Edge(353216,307997,(3,9223372036854775807))
Edge(353314,142977,(1,3))
Edge(353463,473964,(3,9223372036854775807))
Edge(353466,296866,(3,9223372036854775807))
Edge(353578,43875,(3,9223372036854775807))
Edge(353621,339089,(3,9223372036854775807))
Edge(353774,473743,(3,9223372036854775807))
Edge(353987,145504,(3,9223372036854775807))
Edge(354068,445482,(3,9223372036854775807))
Edge(354477,53386,(3,9223372036854775807))
Edge(354627,14868,(3,9223372036854775807))
Edge(354779,210703,(3,9223372036854775807))
Edge(354864,415916,(3,9223372036854775807))
Edge(355234,423376,(3,9223372036854775807))
Edge(355815,183645,(3,9223372036854775807))
Edge(355925,112889,(3,9223372036854775807))
Edge(356005,194224,(3,9223372036854775807))
Edge(356114,162671,(3,9223372036854775807))
Edge(356181,102588,(1,9223372036854775807))
Edge(357033,291551,(4,9223372036854775807))
Edge(357297,398266,(1,9223372036854775807))
Edge(357298,320251,(3,9223372036854775807))
Edge(357741,119742,(3,9223372036854775807))
Edge(357943,464996,(3,9223372036854775807))
Edge(358087,357205,(3,9223372036854775807))
Edge(358340,35411,(3,9223372036854775807))
Edge(358374,136035,(3,9223372036854775807))
Edge(359375,331373,(1,9223372036854775807))
Edge(359608,331602,(3,9223372036854775807))
Edge(360122,144755,(3,9223372036854775807))
Edge(360628,242323,(3,9223372036854775807))
Edge(360711,447454,(1,9223372036854775807))
Edge(360919,367064,(1,9223372036854775807))
Edge(361077,31653,(1,9223372036854775807))
Edge(361218,107846,(3,9223372036854775807))
Edge(361417,385404,(3,9223372036854775807))
Edge(361647,463760,(3,9223372036854775807))
Edge(361820,494170,(3,9223372036854775807))
Edge(362138,141740,(3,9223372036854775807))
Edge(362321,73167,(3,9223372036854775807))
Edge(362691,24040,(3,9223372036854775807))
Edge(362734,456513,(3,9223372036854775807))
Edge(362847,465305,(3,9223372036854775807))
Edge(363152,4815,(3,9223372036854775807))
Edge(363462,469131,(1,3))
Edge(363664,362716,(3,9223372036854775807))
Edge(363844,185517,(3,9223372036854775807))
Edge(363885,375740,(1,9223372036854775807))
Edge(363911,372340,(3,9223372036854775807))
Edge(364364,218969,(3,9223372036854775807))
Edge(364739,245115,(3,9223372036854775807))
Edge(365388,443654,(1,9223372036854775807))
Edge(365785,53616,(1,9223372036854775807))
Edge(366053,50152,(1,9223372036854775807))
Edge(366371,329533,(3,9223372036854775807))
Edge(366379,223759,(3,9223372036854775807))
Edge(366439,201837,(3,9223372036854775807))
Edge(366457,160653,(3,9223372036854775807))
Edge(366589,371441,(3,9223372036854775807))
Edge(366889,379811,(1,3))
Edge(366954,234104,(3,9223372036854775807))
Edge(367111,480355,(3,9223372036854775807))
Edge(367306,47655,(3,9223372036854775807))
Edge(367621,106030,(1,9223372036854775807))
Edge(368062,122388,(3,9223372036854775807))
Edge(368653,140727,(3,9223372036854775807))
Edge(368724,181318,(3,9223372036854775807))
Edge(368969,225807,(3,9223372036854775807))
Edge(368989,155555,(3,9223372036854775807))
Edge(369026,443279,(3,9223372036854775807))
Edge(369182,497680,(1,9223372036854775807))
Edge(369293,473013,(1,9223372036854775807))
Edge(369915,484823,(3,9223372036854775807))
Edge(370069,407935,(1,9223372036854775807))
Edge(370254,497563,(3,9223372036854775807))
Edge(370281,214792,(3,9223372036854775807))
Edge(371359,16754,(3,9223372036854775807))
Edge(371817,17571,(3,9223372036854775807))
Edge(372933,6415,(3,9223372036854775807))
Edge(373266,52118,(3,9223372036854775807))
Edge(373509,288458,(1,9223372036854775807))
Edge(373706,89681,(1,9223372036854775807))
Edge(373747,26900,(1,9223372036854775807))
Edge(373769,13581,(3,9223372036854775807))
Edge(374078,259048,(4,9223372036854775807))
Edge(374822,196061,(3,9223372036854775807))
Edge(374906,427174,(1,9223372036854775807))
Edge(375550,256371,(3,9223372036854775807))
Edge(375676,341919,(3,9223372036854775807))
Edge(375906,318573,(1,9223372036854775807))
Edge(375911,355007,(3,9223372036854775807))
Edge(376364,446896,(4,9223372036854775807))
Edge(376419,423014,(1,9223372036854775807))
Edge(376756,403914,(1,9223372036854775807))
Edge(377142,253364,(3,9223372036854775807))
Edge(377547,238484,(1,9223372036854775807))
Edge(377600,85594,(3,9223372036854775807))
Edge(377729,445892,(3,9223372036854775807))
Edge(377734,261539,(3,9223372036854775807))
Edge(377929,416379,(1,9223372036854775807))
Edge(378148,381994,(3,9223372036854775807))
Edge(378200,219169,(3,9223372036854775807))
Edge(378668,453902,(3,9223372036854775807))
Edge(379032,60528,(3,9223372036854775807))
Edge(379151,178163,(3,9223372036854775807))
Edge(379296,217172,(3,9223372036854775807))
Edge(379721,400241,(1,9223372036854775807))
Edge(380122,95189,(3,9223372036854775807))
Edge(380392,309399,(3,9223372036854775807))
Edge(380536,302821,(3,9223372036854775807))
Edge(380705,248929,(3,9223372036854775807))
Edge(380734,373974,(1,9223372036854775807))
Edge(380981,357170,(3,9223372036854775807))
Edge(381393,294133,(3,9223372036854775807))
Edge(381452,343474,(3,9223372036854775807))
Edge(381599,8668,(3,9223372036854775807))
Edge(381689,214785,(3,9223372036854775807))
Edge(382089,249281,(3,9223372036854775807))
Edge(382558,297142,(3,9223372036854775807))
Edge(382851,117317,(3,9223372036854775807))
Edge(383030,393352,(3,9223372036854775807))
Edge(383193,419306,(3,9223372036854775807))
Edge(383370,136374,(3,9223372036854775807))
Edge(383468,233740,(3,9223372036854775807))
Edge(384346,306548,(3,9223372036854775807))
Edge(384631,150175,(1,3))
Edge(384884,358929,(3,9223372036854775807))
Edge(384944,346233,(3,9223372036854775807))
Edge(385429,94618,(3,9223372036854775807))
Edge(385708,301819,(3,9223372036854775807))
Edge(385775,462861,(3,9223372036854775807))
Edge(386100,35028,(1,9223372036854775807))
Edge(386102,358262,(3,9223372036854775807))
Edge(386106,251532,(3,9223372036854775807))
Edge(386208,158206,(3,9223372036854775807))
Edge(386583,442688,(3,9223372036854775807))
Edge(386835,67383,(1,9223372036854775807))
Edge(387184,224671,(3,9223372036854775807))
Edge(387199,173900,(3,9223372036854775807))
Edge(387344,149359,(3,9223372036854775807))
Edge(387425,97251,(3,9223372036854775807))
Edge(387664,102769,(3,9223372036854775807))
Edge(388001,335411,(1,9223372036854775807))
Edge(388024,189988,(3,9223372036854775807))
Edge(388785,246437,(3,9223372036854775807))
Edge(388897,56020,(3,9223372036854775807))
Edge(389111,193462,(3,9223372036854775807))
Edge(389310,273437,(3,9223372036854775807))
Edge(389996,61152,(3,9223372036854775807))
Edge(390060,357549,(3,9223372036854775807))
Edge(390167,72035,(3,9223372036854775807))
Edge(390399,436891,(1,9223372036854775807))
Edge(390420,424428,(3,9223372036854775807))
Edge(390625,25868,(3,9223372036854775807))
Edge(391307,99064,(3,9223372036854775807))
Edge(391453,393077,(1,3))
Edge(391528,21664,(3,9223372036854775807))
Edge(392660,88878,(1,9223372036854775807))
Edge(392717,451884,(3,9223372036854775807))
Edge(393317,167474,(3,9223372036854775807))
Edge(393646,244674,(1,9223372036854775807))
Edge(393718,212974,(1,3))
Edge(394360,426015,(3,9223372036854775807))
Edge(394791,198187,(3,9223372036854775807))
Edge(395619,438853,(3,9223372036854775807))
Edge(395853,348379,(3,9223372036854775807))
Edge(396212,492644,(3,9223372036854775807))
Edge(396320,455555,(3,9223372036854775807))
Edge(396907,89144,(3,9223372036854775807))
Edge(396931,214672,(3,9223372036854775807))
Edge(396947,475337,(3,9223372036854775807))
Edge(396977,79481,(1,9223372036854775807))
Edge(397453,488144,(1,3))
Edge(398015,94406,(3,9223372036854775807))
Edge(398214,82163,(3,9223372036854775807))
Edge(398575,142344,(1,3))
Edge(398828,417068,(3,9223372036854775807))
Edge(399742,230076,(3,9223372036854775807))
Edge(399802,164859,(3,9223372036854775807))
Edge(399956,355777,(3,9223372036854775807))
Edge(400053,326125,(1,3))
Edge(400053,398746,(3,9223372036854775807))
Edge(400764,159005,(1,3))
Edge(401423,123168,(3,9223372036854775807))
Edge(401715,139257,(1,3))
Edge(401889,384050,(3,9223372036854775807))
Edge(401960,411909,(3,9223372036854775807))
Edge(402269,416026,(3,9223372036854775807))
Edge(402318,98697,(1,9223372036854775807))
Edge(402327,466169,(3,9223372036854775807))
Edge(402781,425086,(3,9223372036854775807))
Edge(402786,355081,(1,9223372036854775807))
Edge(402832,247218,(1,9223372036854775807))
Edge(403133,221741,(3,9223372036854775807))
Edge(403432,488872,(3,9223372036854775807))
Edge(403603,488639,(3,9223372036854775807))
Edge(403681,467905,(3,9223372036854775807))
Edge(404443,176882,(3,9223372036854775807))
Edge(404804,247565,(1,3))
Edge(404811,499288,(3,9223372036854775807))
Edge(405091,128014,(3,9223372036854775807))
Edge(405242,460735,(1,9223372036854775807))
Edge(405421,484075,(3,9223372036854775807))
Edge(405640,23344,(3,9223372036854775807))
Edge(405809,306375,(1,3))
Edge(406015,294370,(4,9223372036854775807))
Edge(406618,41259,(3,9223372036854775807))
Edge(406765,296244,(3,9223372036854775807))
Edge(406795,109993,(3,9223372036854775807))
Edge(407085,482290,(3,9223372036854775807))
Edge(407110,77545,(3,9223372036854775807))
Edge(407224,36537,(3,9223372036854775807))
Edge(407272,491076,(1,9223372036854775807))
Edge(407349,68157,(1,9223372036854775807))
Edge(407480,50087,(1,9223372036854775807))
Edge(407533,473611,(4,9223372036854775807))
Edge(407716,6758,(1,9223372036854775807))
Edge(408006,133535,(3,9223372036854775807))
Edge(408136,372354,(3,9223372036854775807))
Edge(408268,287545,(3,9223372036854775807))
Edge(408636,135594,(1,9223372036854775807))
Edge(408658,477290,(3,9223372036854775807))
Edge(408733,326046,(3,9223372036854775807))
Edge(408741,363871,(3,9223372036854775807))
Edge(409522,211611,(1,3))
Edge(410134,273285,(3,9223372036854775807))
Edge(410392,356872,(3,9223372036854775807))
Edge(410956,144890,(3,9223372036854775807))
Edge(410969,463303,(3,9223372036854775807))
Edge(411056,142042,(1,9223372036854775807))
Edge(411222,161039,(3,9223372036854775807))
Edge(411227,467000,(3,9223372036854775807))
Edge(411234,387979,(3,9223372036854775807))
Edge(411848,49629,(3,9223372036854775807))
Edge(412478,396911,(3,9223372036854775807))
Edge(412926,206713,(3,9223372036854775807))
Edge(413846,443897,(3,9223372036854775807))
Edge(414067,408445,(3,4))
Edge(414174,156051,(3,9223372036854775807))
Edge(414206,126668,(3,9223372036854775807))
Edge(414288,180985,(3,9223372036854775807))
Edge(414591,90665,(3,9223372036854775807))
Edge(414943,244666,(3,9223372036854775807))
Edge(415288,39894,(3,9223372036854775807))
Edge(415636,113649,(3,9223372036854775807))
Edge(415759,313460,(1,9223372036854775807))
Edge(415892,127653,(3,9223372036854775807))
Edge(416428,378167,(1,9223372036854775807))
Edge(417167,64534,(3,9223372036854775807))
Edge(417506,471833,(3,9223372036854775807))
Edge(417560,134044,(3,9223372036854775807))
Edge(417780,435461,(3,9223372036854775807))
Edge(418309,152229,(3,9223372036854775807))
Edge(418372,158915,(3,9223372036854775807))
Edge(418619,142272,(1,9223372036854775807))
Edge(418633,102399,(1,9223372036854775807))
Edge(418719,362176,(3,9223372036854775807))
Edge(418724,207123,(3,9223372036854775807))
Edge(418859,208387,(3,9223372036854775807))
Edge(418995,237514,(3,9223372036854775807))
Edge(419155,38018,(3,9223372036854775807))
Edge(419448,133244,(3,9223372036854775807))
Edge(419608,120710,(3,9223372036854775807))
Edge(420287,171005,(3,9223372036854775807))
Edge(420300,206735,(3,9223372036854775807))
Edge(420343,48951,(3,9223372036854775807))
Edge(421162,5799,(3,9223372036854775807))
Edge(421323,387624,(3,9223372036854775807))
Edge(421398,257562,(3,9223372036854775807))
Edge(421931,140622,(3,9223372036854775807))
Edge(422272,299150,(3,9223372036854775807))
Edge(422382,263662,(1,3))
Edge(422539,223096,(1,9223372036854775807))
Edge(422728,132705,(3,9223372036854775807))
Edge(422819,238776,(1,9223372036854775807))
Edge(422920,494273,(3,9223372036854775807))
Edge(422956,421426,(1,3))
Edge(423111,340351,(3,9223372036854775807))
Edge(423161,71090,(3,9223372036854775807))
Edge(423703,445616,(1,9223372036854775807))
Edge(423942,474213,(3,9223372036854775807))
Edge(423967,391987,(3,9223372036854775807))
Edge(424223,222159,(3,9223372036854775807))
Edge(424348,427044,(1,3))
Edge(424577,47766,(3,9223372036854775807))
Edge(424932,493709,(1,9223372036854775807))
Edge(425127,128846,(3,9223372036854775807))
Edge(426268,308938,(3,9223372036854775807))
Edge(426629,490952,(3,9223372036854775807))
Edge(426906,271160,(3,9223372036854775807))
Edge(427445,93495,(3,9223372036854775807))
Edge(427633,472990,(3,9223372036854775807))
Edge(428171,88356,(3,9223372036854775807))
Edge(428514,163617,(3,9223372036854775807))
Edge(428520,55112,(1,9223372036854775807))
Edge(428659,37582,(3,9223372036854775807))
Edge(428815,276820,(3,9223372036854775807))
Edge(428914,492661,(3,9223372036854775807))
Edge(429398,356024,(3,9223372036854775807))
Edge(429603,435796,(1,3))
Edge(429750,37404,(3,9223372036854775807))
Edge(429774,200252,(1,9223372036854775807))
Edge(429828,6002,(1,9223372036854775807))
Edge(430677,73111,(3,9223372036854775807))
Edge(430785,316535,(1,3))
Edge(431254,416959,(3,9223372036854775807))
Edge(431701,214603,(3,9223372036854775807))
Edge(431715,52215,(3,9223372036854775807))
Edge(432213,211667,(3,9223372036854775807))
Edge(432334,38983,(1,9223372036854775807))
Edge(432528,317790,(3,9223372036854775807))
Edge(433224,158483,(1,3))
Edge(433520,20382,(3,9223372036854775807))
Edge(433548,282822,(1,9223372036854775807))
Edge(433753,153098,(3,9223372036854775807))
Edge(433851,283917,(3,9223372036854775807))
Edge(434194,41893,(3,9223372036854775807))
Edge(434546,368033,(1,9223372036854775807))
Edge(434787,262785,(3,9223372036854775807))
Edge(434853,7375,(3,9223372036854775807))
Edge(434938,127956,(3,9223372036854775807))
Edge(436045,185572,(3,9223372036854775807))
Edge(436724,287494,(3,9223372036854775807))
Edge(436879,375078,(3,9223372036854775807))
Edge(437506,433404,(3,9223372036854775807))
Edge(437830,134028,(3,9223372036854775807))
Edge(438667,261985,(1,3))
Edge(438686,463294,(3,9223372036854775807))
Edge(438854,302459,(3,9223372036854775807))
Edge(438991,381266,(3,9223372036854775807))
Edge(439048,453780,(3,9223372036854775807))
Edge(439326,485438,(3,9223372036854775807))
Edge(439747,422955,(3,9223372036854775807))
Edge(440117,222210,(1,9223372036854775807))
Edge(440428,380119,(3,9223372036854775807))
Edge(440571,450106,(3,9223372036854775807))
Edge(440598,49382,(3,9223372036854775807))
Edge(440644,382439,(3,9223372036854775807))
Edge(441002,178312,(3,9223372036854775807))
Edge(441637,6951,(1,9223372036854775807))
Edge(441834,456909,(3,9223372036854775807))
Edge(442426,224761,(1,3))
Edge(442674,66607,(3,9223372036854775807))
Edge(443409,70640,(3,9223372036854775807))
Edge(443603,26506,(3,9223372036854775807))
Edge(443688,467256,(3,9223372036854775807))
Edge(443872,110730,(3,9223372036854775807))
Edge(443984,326232,(3,9223372036854775807))
Edge(444319,180597,(3,9223372036854775807))
Edge(444866,259338,(3,9223372036854775807))
Edge(445120,76835,(3,9223372036854775807))
Edge(445404,409061,(3,9223372036854775807))
Edge(445477,405382,(3,9223372036854775807))
Edge(445556,470469,(1,3))
Edge(446306,492725,(3,9223372036854775807))
Edge(446881,110760,(1,9223372036854775807))
Edge(446998,410864,(3,9223372036854775807))
Edge(447275,365949,(3,9223372036854775807))
Edge(447309,24540,(3,9223372036854775807))
Edge(447571,187434,(3,9223372036854775807))
Edge(447585,333540,(3,9223372036854775807))
Edge(448198,225969,(1,3))
Edge(448251,212060,(3,9223372036854775807))
Edge(448718,94478,(3,9223372036854775807))
Edge(448761,280722,(3,9223372036854775807))
Edge(449250,158960,(3,9223372036854775807))
Edge(449786,118258,(3,9223372036854775807))
Edge(450425,160786,(1,9223372036854775807))
Edge(450568,138813,(3,9223372036854775807))
Edge(450786,206683,(3,9223372036854775807))
Edge(450849,316268,(3,9223372036854775807))
Edge(451081,25042,(3,9223372036854775807))
Edge(451087,42078,(1,9223372036854775807))
Edge(451334,390804,(3,9223372036854775807))
Edge(451488,205159,(3,9223372036854775807))
Edge(451930,331962,(3,9223372036854775807))
Edge(452292,486962,(1,3))
Edge(452950,262604,(3,9223372036854775807))
Edge(453008,281311,(3,9223372036854775807))
Edge(453267,461280,(3,9223372036854775807))
Edge(453633,328892,(3,9223372036854775807))
Edge(453667,133313,(3,9223372036854775807))
Edge(453937,288944,(3,9223372036854775807))
Edge(454220,452099,(3,9223372036854775807))
Edge(454262,33805,(3,9223372036854775807))
Edge(454268,60441,(3,9223372036854775807))
Edge(454662,141476,(3,9223372036854775807))
Edge(454681,90581,(3,9223372036854775807))
Edge(455208,196371,(3,9223372036854775807))
Edge(455278,185072,(3,9223372036854775807))
Edge(455386,254852,(3,9223372036854775807))
Edge(455411,482065,(3,9223372036854775807))
Edge(455765,16239,(1,3))
Edge(455836,69922,(3,9223372036854775807))
Edge(456716,191992,(3,9223372036854775807))
Edge(456780,440651,(3,9223372036854775807))
Edge(457229,11167,(3,9223372036854775807))
Edge(457463,358364,(3,9223372036854775807))
Edge(457517,312397,(3,9223372036854775807))
Edge(457547,372148,(3,9223372036854775807))
Edge(457962,47816,(3,9223372036854775807))
Edge(458228,65660,(3,9223372036854775807))
Edge(458280,78869,(3,9223372036854775807))
Edge(458451,75052,(3,9223372036854775807))
Edge(458695,307654,(3,9223372036854775807))
Edge(458747,80567,(3,9223372036854775807))
Edge(459100,422441,(3,9223372036854775807))
Edge(459106,284285,(3,9223372036854775807))
Edge(459521,452135,(3,9223372036854775807))
Edge(459660,197226,(3,9223372036854775807))
Edge(460261,1174,(3,9223372036854775807))
Edge(460369,81350,(3,9223372036854775807))
Edge(460926,477608,(1,9223372036854775807))
Edge(461222,43710,(3,9223372036854775807))
Edge(461597,337879,(3,9223372036854775807))
Edge(462054,381966,(3,9223372036854775807))
Edge(462103,322946,(3,9223372036854775807))
Edge(462191,14161,(3,9223372036854775807))
Edge(462228,400671,(3,9223372036854775807))
Edge(462251,249975,(1,9223372036854775807))
Edge(462408,241132,(3,9223372036854775807))
Edge(462734,95335,(3,9223372036854775807))
Edge(463256,124560,(3,9223372036854775807))
Edge(463398,170554,(3,9223372036854775807))
Edge(463737,81846,(3,9223372036854775807))
Edge(463828,201283,(3,9223372036854775807))
Edge(463871,364802,(3,9223372036854775807))
Edge(464587,68158,(3,9223372036854775807))
Edge(464636,46007,(1,9223372036854775807))
Edge(464928,372422,(3,9223372036854775807))
Edge(464928,422599,(3,9223372036854775807))
Edge(465090,407604,(3,9223372036854775807))
Edge(465161,411961,(3,9223372036854775807))
Edge(465221,338261,(3,9223372036854775807))
Edge(465226,88988,(3,9223372036854775807))
Edge(465279,114227,(3,9223372036854775807))
Edge(465705,85033,(3,9223372036854775807))
Edge(466471,219793,(3,9223372036854775807))
Edge(466476,92345,(1,3))
Edge(466602,90586,(3,9223372036854775807))
Edge(466797,301674,(1,9223372036854775807))
Edge(467199,12962,(1,9223372036854775807))
Edge(467232,408619,(3,9223372036854775807))
Edge(468187,417746,(3,9223372036854775807))
Edge(468318,469444,(1,9223372036854775807))
Edge(468978,100212,(3,9223372036854775807))
Edge(469070,94159,(3,9223372036854775807))
Edge(469141,266822,(3,9223372036854775807))
Edge(469934,61865,(3,9223372036854775807))
Edge(469963,422350,(3,9223372036854775807))
Edge(470263,321664,(3,9223372036854775807))
Edge(470940,393224,(3,9223372036854775807))
Edge(471085,272617,(3,9223372036854775807))
Edge(471677,152408,(3,9223372036854775807))
Edge(471802,222765,(3,9223372036854775807))
Edge(472053,127162,(1,9223372036854775807))
Edge(472071,13116,(3,9223372036854775807))
Edge(472075,39317,(1,9223372036854775807))
Edge(472309,247529,(3,9223372036854775807))
Edge(472380,351985,(3,9223372036854775807))
Edge(472716,117933,(3,9223372036854775807))
Edge(472775,400162,(3,9223372036854775807))
Edge(473232,420989,(3,9223372036854775807))
Edge(473664,75063,(3,9223372036854775807))
Edge(473676,201424,(1,9223372036854775807))
Edge(473859,406735,(3,9223372036854775807))
Edge(473992,363561,(3,9223372036854775807))
Edge(474057,468925,(3,9223372036854775807))
Edge(474185,120575,(1,9223372036854775807))
Edge(474468,68706,(3,9223372036854775807))
Edge(474491,472834,(1,3))
Edge(474722,172826,(3,9223372036854775807))
Edge(475139,78680,(1,9223372036854775807))
Edge(475177,442185,(3,9223372036854775807))
Edge(475380,434837,(3,9223372036854775807))
Edge(475458,304919,(1,9223372036854775807))
Edge(475630,98516,(1,9223372036854775807))
Edge(476042,308082,(3,9223372036854775807))
Edge(476225,420200,(1,9223372036854775807))
Edge(476448,474658,(3,9223372036854775807))
Edge(476532,393882,(3,9223372036854775807))
Edge(476596,173529,(3,9223372036854775807))
Edge(477362,250987,(3,9223372036854775807))
Edge(477385,164296,(1,9223372036854775807))
Edge(477977,203463,(3,9223372036854775807))
Edge(478456,118632,(1,3))
Edge(478961,313622,(3,9223372036854775807))
Edge(479515,485490,(3,9223372036854775807))
Edge(479922,230184,(3,9223372036854775807))
Edge(480124,106163,(1,9223372036854775807))
Edge(480253,282789,(3,9223372036854775807))
Edge(480305,144090,(3,9223372036854775807))
Edge(480423,252097,(3,9223372036854775807))
Edge(480535,451100,(3,9223372036854775807))
Edge(480836,30045,(3,9223372036854775807))
Edge(481183,38194,(3,9223372036854775807))
Edge(481648,334122,(3,9223372036854775807))
Edge(481711,148355,(3,9223372036854775807))
Edge(481739,171803,(1,9223372036854775807))
Edge(482588,426714,(1,3))
Edge(482780,240153,(3,9223372036854775807))
Edge(483265,147452,(3,9223372036854775807))
Edge(483282,369877,(3,9223372036854775807))
Edge(483745,85778,(3,9223372036854775807))
Edge(484050,2921,(3,9223372036854775807))
Edge(484143,279885,(3,9223372036854775807))
Edge(484587,430363,(3,9223372036854775807))
Edge(485250,412283,(3,9223372036854775807))
Edge(486131,166812,(1,9223372036854775807))
Edge(486540,264237,(3,9223372036854775807))
Edge(486735,238091,(1,3))
Edge(486810,349356,(3,9223372036854775807))
Edge(487966,203406,(3,9223372036854775807))
Edge(488270,477610,(3,9223372036854775807))
Edge(488353,49707,(3,9223372036854775807))
Edge(488567,499321,(1,3))
Edge(488825,350270,(3,9223372036854775807))
Edge(489132,173826,(1,9223372036854775807))
Edge(489736,44867,(3,9223372036854775807))
Edge(490263,498273,(3,9223372036854775807))
Edge(490373,407084,(3,9223372036854775807))
Edge(490380,200347,(1,3))
Edge(490623,356314,(1,9223372036854775807))
Edge(490794,34155,(1,3))
Edge(490997,401947,(3,9223372036854775807))
Edge(491077,299957,(3,9223372036854775807))
Edge(491185,190311,(3,9223372036854775807))
Edge(491543,17926,(3,9223372036854775807))
Edge(491937,342173,(3,9223372036854775807))
Edge(492308,319771,(3,9223372036854775807))
Edge(493015,22784,(1,9223372036854775807))
Edge(493236,188812,(3,9223372036854775807))
Edge(493440,128446,(1,9223372036854775807))
Edge(493623,10218,(3,9223372036854775807))
Edge(493648,391479,(3,9223372036854775807))
Edge(493689,271431,(3,9223372036854775807))
Edge(493771,298803,(3,9223372036854775807))
Edge(494617,438852,(3,9223372036854775807))
Edge(495069,376752,(3,9223372036854775807))
Edge(495195,89226,(3,9223372036854775807))
Edge(495580,69104,(3,9223372036854775807))
Edge(495636,300058,(3,9223372036854775807))
Edge(495854,11564,(3,9223372036854775807))
Edge(495886,352832,(3,9223372036854775807))
Edge(496075,140908,(1,3))
Edge(496175,43676,(3,9223372036854775807))
Edge(496181,344061,(1,3))
Edge(496199,58009,(1,9223372036854775807))
Edge(496277,249494,(3,9223372036854775807))
Edge(496345,25223,(3,9223372036854775807))
Edge(496347,404349,(3,9223372036854775807))
Edge(496432,406869,(3,9223372036854775807))
Edge(496453,306754,(3,9223372036854775807))
Edge(496647,229095,(3,9223372036854775807))
Edge(497595,217304,(3,9223372036854775807))
Edge(497954,453664,(1,9223372036854775807))
Edge(498332,464844,(1,3))
Edge(498516,117029,(3,9223372036854775807))
Edge(498568,4706,(3,9223372036854775807))
Edge(498785,498920,(3,9223372036854775807))
Edge(498790,374886,(3,9223372036854775807))
Edge(498932,406067,(3,9223372036854775807))
Edge(499104,262473,(3,9223372036854775807))
Edge(499112,362613,(3,9223372036854775807))
Edge(499327,441233,(1,9223372036854775807))
Edge(499425,467218,(3,9223372036854775807))
Edge(499739,214891,(1,9223372036854775807))
