Edge(180,423354,(3,9223372036854775807))
Edge(910,153632,(3,9223372036854775807))
Edge(1120,245443,(3,9223372036854775807))
Edge(1130,104944,(1,9223372036854775807))
Edge(1149,440165,(3,9223372036854775807))
Edge(1350,446014,(3,9223372036854775807))
Edge(1421,179614,(3,9223372036854775807))
Edge(1421,294534,(3,9223372036854775807))
Edge(1676,349874,(3,9223372036854775807))
Edge(1934,397692,(3,9223372036854775807))
Edge(2024,190351,(3,9223372036854775807))
Edge(2352,496082,(3,9223372036854775807))
Edge(2618,207554,(3,9223372036854775807))
Edge(2752,308243,(3,9223372036854775807))
Edge(2764,19791,(3,9223372036854775807))
Edge(2805,155487,(3,9223372036854775807))
Edge(2820,472345,(3,9223372036854775807))
Edge(2826,355730,(1,9223372036854775807))
Edge(3002,291946,(3,9223372036854775807))
Edge(3109,271891,(1,3))
Edge(4337,148104,(3,9223372036854775807))
Edge(4938,275029,(3,9223372036854775807))
Edge(5529,237428,(3,9223372036854775807))
Edge(5628,487006,(3,9223372036854775807))
Edge(6332,396785,(3,9223372036854775807))
Edge(6505,143630,(3,9223372036854775807))
Edge(6602,470370,(3,9223372036854775807))
Edge(6877,121812,(3,9223372036854775807))
Edge(6988,423061,(3,9223372036854775807))
Edge(7017,450101,(3,9223372036854775807))
Edge(7118,451729,(3,9223372036854775807))
Edge(7191,417085,(3,9223372036854775807))
Edge(7462,252853,(3,9223372036854775807))
Edge(7782,208187,(3,9223372036854775807))
Edge(7956,155474,(3,9223372036854775807))
Edge(8158,267435,(3,9223372036854775807))
Edge(8365,272340,(3,9223372036854775807))
Edge(8469,223609,(3,9223372036854775807))
Edge(8828,474924,(3,9223372036854775807))
Edge(10156,409223,(3,9223372036854775807))
Edge(10358,266076,(1,3))
Edge(10396,37734,(3,9223372036854775807))
Edge(10936,488737,(3,9223372036854775807))
Edge(10977,127461,(1,9223372036854775807))
Edge(11113,159508,(3,9223372036854775807))
Edge(11681,163404,(3,9223372036854775807))
Edge(11778,65688,(3,9223372036854775807))
Edge(12686,55776,(3,9223372036854775807))
Edge(13383,278296,(3,9223372036854775807))
Edge(14198,173112,(3,9223372036854775807))
Edge(14955,397825,(3,9223372036854775807))
Edge(14964,499930,(3,9223372036854775807))
Edge(14991,65895,(3,9223372036854775807))
Edge(15397,194930,(1,9223372036854775807))
Edge(15569,361785,(3,9223372036854775807))
Edge(15607,187282,(3,9223372036854775807))
Edge(15803,483896,(3,9223372036854775807))
Edge(15990,48170,(3,9223372036854775807))
Edge(16244,429424,(3,9223372036854775807))
Edge(17113,333032,(3,9223372036854775807))
Edge(17223,320834,(3,9223372036854775807))
Edge(17335,206879,(3,9223372036854775807))
Edge(17519,382603,(3,9223372036854775807))
Edge(17522,197396,(3,9223372036854775807))
Edge(18114,71030,(3,9223372036854775807))
Edge(18390,357390,(1,9223372036854775807))
Edge(18441,113556,(3,9223372036854775807))
Edge(18445,84572,(3,9223372036854775807))
Edge(18596,359361,(3,9223372036854775807))
Edge(19892,178909,(3,9223372036854775807))
Edge(19892,483636,(3,9223372036854775807))
Edge(20692,346518,(1,3))
Edge(20782,178906,(3,9223372036854775807))
Edge(21222,330913,(3,9223372036854775807))
Edge(21775,33672,(3,9223372036854775807))
Edge(22176,259237,(3,9223372036854775807))
Edge(22452,79424,(1,9223372036854775807))
Edge(22953,357720,(3,9223372036854775807))
Edge(23578,109217,(3,9223372036854775807))
Edge(24123,316250,(3,9223372036854775807))
Edge(24364,140997,(3,9223372036854775807))
Edge(24392,457401,(3,9223372036854775807))
Edge(24465,428583,(3,9223372036854775807))
Edge(24582,496715,(3,9223372036854775807))
Edge(24613,391754,(3,9223372036854775807))
Edge(24992,225702,(3,9223372036854775807))
Edge(25352,30407,(3,9223372036854775807))
Edge(26001,96272,(3,9223372036854775807))
Edge(26336,62473,(1,9223372036854775807))
Edge(26496,203637,(3,9223372036854775807))
Edge(27194,328796,(3,9223372036854775807))
Edge(27557,396563,(3,9223372036854775807))
Edge(27603,226062,(3,9223372036854775807))
Edge(27605,113192,(3,9223372036854775807))
Edge(28474,210761,(3,9223372036854775807))
Edge(29629,262267,(1,9223372036854775807))
Edge(29721,124666,(3,9223372036854775807))
Edge(29806,297758,(3,9223372036854775807))
Edge(29973,221991,(3,9223372036854775807))
Edge(30151,418362,(3,9223372036854775807))
Edge(30288,382550,(3,9223372036854775807))
Edge(30655,99358,(1,3))
Edge(30839,5535,(3,9223372036854775807))
Edge(31486,129970,(3,9223372036854775807))
Edge(31658,441983,(3,9223372036854775807))
Edge(31899,281123,(3,9223372036854775807))
Edge(32458,129954,(1,2))
Edge(33452,188989,(1,9223372036854775807))
Edge(33601,102179,(3,9223372036854775807))
Edge(34040,87139,(3,9223372036854775807))
Edge(34166,365906,(1,3))
Edge(35016,485103,(3,9223372036854775807))
Edge(35541,213365,(1,9223372036854775807))
Edge(35860,340358,(3,9223372036854775807))
Edge(36436,141308,(3,9223372036854775807))
Edge(36438,475367,(3,9223372036854775807))
Edge(36512,219513,(3,9223372036854775807))
Edge(37041,135707,(3,9223372036854775807))
Edge(37110,268247,(3,9223372036854775807))
Edge(37447,56266,(3,9223372036854775807))
Edge(38388,293720,(3,9223372036854775807))
Edge(38519,258161,(1,9223372036854775807))
Edge(38589,78180,(3,9223372036854775807))
Edge(39417,411037,(3,9223372036854775807))
Edge(39875,394626,(3,9223372036854775807))
Edge(40104,211272,(3,9223372036854775807))
Edge(40162,331870,(3,9223372036854775807))
Edge(40731,329874,(3,9223372036854775807))
Edge(40751,391346,(1,9223372036854775807))
Edge(40886,67274,(3,9223372036854775807))
Edge(41124,442859,(3,9223372036854775807))
Edge(41162,157239,(1,9223372036854775807))
Edge(41457,495252,(3,9223372036854775807))
Edge(41821,366122,(3,9223372036854775807))
Edge(42003,10953,(3,9223372036854775807))
Edge(42855,246730,(3,9223372036854775807))
Edge(43374,422543,(1,9223372036854775807))
Edge(43486,129740,(3,9223372036854775807))
Edge(43644,165066,(1,9223372036854775807))
Edge(43787,46042,(3,9223372036854775807))
Edge(44025,170573,(3,9223372036854775807))
Edge(44485,401674,(3,9223372036854775807))
Edge(44711,379327,(3,9223372036854775807))
Edge(45072,19856,(3,9223372036854775807))
Edge(45207,497015,(1,9223372036854775807))
Edge(45322,355234,(1,3))
Edge(45339,392845,(3,9223372036854775807))
Edge(45708,88446,(3,9223372036854775807))
Edge(46363,277625,(3,9223372036854775807))
Edge(46667,287062,(3,9223372036854775807))
Edge(46717,92395,(3,9223372036854775807))
Edge(47265,382971,(3,9223372036854775807))
Edge(48130,334800,(3,9223372036854775807))
Edge(48524,127199,(3,9223372036854775807))
Edge(48900,378937,(3,9223372036854775807))
Edge(48965,25437,(3,9223372036854775807))
Edge(49838,175244,(3,9223372036854775807))
Edge(49963,347682,(1,3))
Edge(50197,284664,(3,9223372036854775807))
Edge(50360,439684,(4,9223372036854775807))
Edge(50589,130809,(3,9223372036854775807))
Edge(50728,98253,(3,9223372036854775807))
Edge(51345,196223,(3,9223372036854775807))
Edge(51887,324485,(3,9223372036854775807))
Edge(52041,141364,(3,9223372036854775807))
Edge(52067,327487,(3,9223372036854775807))
Edge(52112,286230,(3,9223372036854775807))
Edge(52144,335142,(3,9223372036854775807))
Edge(52535,469630,(3,9223372036854775807))
Edge(52721,88932,(1,3))
Edge(52868,310421,(3,9223372036854775807))
Edge(53155,331551,(3,9223372036854775807))
Edge(53642,282468,(3,9223372036854775807))
Edge(53713,125904,(3,9223372036854775807))
Edge(53780,38797,(3,9223372036854775807))
Edge(53946,301519,(3,9223372036854775807))
Edge(54061,73011,(1,3))
Edge(54070,330831,(3,9223372036854775807))
Edge(54392,364301,(3,9223372036854775807))
Edge(54506,76162,(3,9223372036854775807))
Edge(54516,303886,(3,9223372036854775807))
Edge(54655,178359,(3,9223372036854775807))
Edge(54687,495658,(1,9223372036854775807))
Edge(54955,226209,(3,9223372036854775807))
Edge(55155,437532,(3,9223372036854775807))
Edge(55640,142090,(1,9223372036854775807))
Edge(55677,252247,(3,9223372036854775807))
Edge(55783,108081,(3,9223372036854775807))
Edge(56535,55475,(3,9223372036854775807))
Edge(56641,383534,(3,9223372036854775807))
Edge(56655,337066,(3,9223372036854775807))
Edge(56660,162900,(3,9223372036854775807))
Edge(56813,308359,(1,3))
Edge(56990,25553,(3,9223372036854775807))
Edge(57319,427903,(3,9223372036854775807))
Edge(57920,259683,(3,9223372036854775807))
Edge(58099,293080,(3,9223372036854775807))
Edge(58333,296568,(3,9223372036854775807))
Edge(58882,62616,(3,9223372036854775807))
Edge(58973,190403,(3,9223372036854775807))
Edge(59324,156793,(1,9223372036854775807))
Edge(59515,370576,(3,9223372036854775807))
Edge(59517,12751,(1,9223372036854775807))
Edge(59571,479876,(3,9223372036854775807))
Edge(59644,274601,(3,9223372036854775807))
Edge(59821,470503,(3,9223372036854775807))
Edge(60139,368357,(3,9223372036854775807))
Edge(61422,189014,(3,9223372036854775807))
Edge(61770,356636,(3,9223372036854775807))
Edge(61883,357532,(3,9223372036854775807))
Edge(61947,314859,(3,9223372036854775807))
Edge(62145,449993,(3,9223372036854775807))
Edge(62225,325658,(3,9223372036854775807))
Edge(62300,34060,(3,9223372036854775807))
Edge(62408,45861,(3,9223372036854775807))
Edge(62706,37525,(3,9223372036854775807))
Edge(62956,131002,(1,9223372036854775807))
Edge(63079,10343,(3,9223372036854775807))
Edge(63263,235925,(3,9223372036854775807))
Edge(63391,61291,(1,3))
Edge(63665,497421,(3,9223372036854775807))
Edge(63846,268061,(3,9223372036854775807))
Edge(63956,112193,(3,9223372036854775807))
Edge(64041,152778,(1,9223372036854775807))
Edge(64238,107597,(1,9223372036854775807))
Edge(64343,454676,(3,9223372036854775807))
Edge(64516,277489,(3,9223372036854775807))
Edge(65198,368445,(3,9223372036854775807))
Edge(65205,365922,(3,9223372036854775807))
Edge(65581,242236,(3,9223372036854775807))
Edge(65758,177459,(3,9223372036854775807))
Edge(65991,220345,(3,9223372036854775807))
Edge(66067,380080,(1,9223372036854775807))
Edge(66203,115389,(3,9223372036854775807))
Edge(66418,75461,(3,9223372036854775807))
Edge(66732,297868,(1,9223372036854775807))
Edge(66874,459882,(3,9223372036854775807))
Edge(67121,264154,(3,9223372036854775807))
Edge(67402,147042,(3,9223372036854775807))
Edge(67809,119312,(3,9223372036854775807))
Edge(67934,178854,(3,9223372036854775807))
Edge(68082,26680,(3,9223372036854775807))
Edge(68211,452690,(3,9223372036854775807))
Edge(68290,236667,(3,9223372036854775807))
Edge(68393,385519,(3,9223372036854775807))
Edge(69381,214866,(3,9223372036854775807))
Edge(69458,351790,(3,9223372036854775807))
Edge(69870,127066,(3,9223372036854775807))
Edge(69914,317600,(1,9223372036854775807))
Edge(70089,305441,(3,9223372036854775807))
Edge(70126,125546,(3,9223372036854775807))
Edge(70145,245104,(3,9223372036854775807))
Edge(70608,386494,(3,9223372036854775807))
Edge(70620,189129,(3,9223372036854775807))
Edge(70967,9288,(3,9223372036854775807))
Edge(71200,431130,(3,9223372036854775807))
Edge(71253,444312,(3,9223372036854775807))
Edge(71496,120106,(3,9223372036854775807))
Edge(71555,126419,(3,9223372036854775807))
Edge(71582,160239,(3,9223372036854775807))
Edge(71989,97972,(3,9223372036854775807))
Edge(72313,299625,(3,9223372036854775807))
Edge(72458,341289,(3,9223372036854775807))
Edge(73428,265546,(3,9223372036854775807))
Edge(73650,271475,(1,3))
Edge(73943,388764,(3,9223372036854775807))
Edge(74063,165927,(3,9223372036854775807))
Edge(74088,170202,(3,9223372036854775807))
Edge(74352,362713,(3,9223372036854775807))
Edge(74939,401308,(1,9223372036854775807))
Edge(75262,135828,(1,3))
Edge(75330,256591,(1,3))
Edge(75444,356360,(3,9223372036854775807))
Edge(75552,188369,(3,9223372036854775807))
Edge(75556,307156,(3,9223372036854775807))
Edge(75824,388674,(3,9223372036854775807))
Edge(77937,92904,(1,3))
Edge(78287,411442,(3,9223372036854775807))
Edge(78589,259257,(3,9223372036854775807))
Edge(78709,364505,(3,9223372036854775807))
Edge(78757,28714,(3,9223372036854775807))
Edge(78788,187195,(3,9223372036854775807))
Edge(78971,60437,(3,9223372036854775807))
Edge(79831,450144,(3,9223372036854775807))
Edge(79944,202861,(3,9223372036854775807))
Edge(80127,245876,(3,9223372036854775807))
Edge(80642,320529,(3,9223372036854775807))
Edge(80693,186586,(3,9223372036854775807))
Edge(80825,486416,(3,9223372036854775807))
Edge(80894,9714,(3,9223372036854775807))
Edge(81200,52618,(3,9223372036854775807))
Edge(81265,415147,(3,9223372036854775807))
Edge(81484,205964,(3,9223372036854775807))
Edge(81594,186719,(3,9223372036854775807))
Edge(81746,117209,(3,9223372036854775807))
Edge(81923,431019,(3,9223372036854775807))
Edge(82579,229341,(3,9223372036854775807))
Edge(82757,8522,(3,9223372036854775807))
Edge(82765,190489,(3,9223372036854775807))
Edge(82882,325542,(1,9223372036854775807))
Edge(83043,181948,(3,9223372036854775807))
Edge(83229,272268,(3,9223372036854775807))
Edge(83351,333494,(3,9223372036854775807))
Edge(83453,458538,(3,9223372036854775807))
Edge(83641,379786,(3,9223372036854775807))
Edge(84533,422773,(1,9223372036854775807))
Edge(84741,51451,(3,9223372036854775807))
Edge(84867,484415,(3,9223372036854775807))
Edge(85499,171373,(1,9223372036854775807))
Edge(85788,64515,(3,9223372036854775807))
Edge(85793,67667,(3,9223372036854775807))
Edge(85811,187649,(3,9223372036854775807))
Edge(86107,18192,(3,9223372036854775807))
Edge(86180,4024,(3,9223372036854775807))
Edge(86383,198692,(3,9223372036854775807))
Edge(86861,374331,(3,9223372036854775807))
Edge(86975,430490,(3,9223372036854775807))
Edge(87116,243151,(3,9223372036854775807))
Edge(87744,145617,(1,9223372036854775807))
Edge(87767,162111,(3,9223372036854775807))
Edge(87886,219516,(3,9223372036854775807))
Edge(88209,93066,(3,9223372036854775807))
Edge(88383,481285,(3,9223372036854775807))
Edge(88754,16766,(3,9223372036854775807))
Edge(88780,368836,(3,9223372036854775807))
Edge(89434,23664,(3,9223372036854775807))
Edge(89930,346048,(1,9223372036854775807))
Edge(90318,160779,(3,9223372036854775807))
Edge(90391,206501,(3,9223372036854775807))
Edge(91102,333372,(3,9223372036854775807))
Edge(91376,112296,(3,9223372036854775807))
Edge(91438,293759,(1,9223372036854775807))
Edge(91469,78146,(1,9223372036854775807))
Edge(91508,460520,(3,9223372036854775807))
Edge(91519,155160,(3,9223372036854775807))
Edge(91593,166076,(1,9223372036854775807))
Edge(91655,419555,(3,9223372036854775807))
Edge(91887,193570,(3,9223372036854775807))
Edge(92393,429285,(3,9223372036854775807))
Edge(92416,248541,(3,9223372036854775807))
Edge(92682,57492,(3,9223372036854775807))
Edge(92722,395841,(3,9223372036854775807))
Edge(92769,270494,(3,9223372036854775807))
Edge(92853,225037,(3,9223372036854775807))
Edge(93075,212176,(3,9223372036854775807))
Edge(93148,481894,(1,9223372036854775807))
Edge(93210,362874,(3,9223372036854775807))
Edge(93316,464712,(3,9223372036854775807))
Edge(93599,284639,(3,9223372036854775807))
Edge(93710,259066,(3,9223372036854775807))
Edge(93946,464750,(3,9223372036854775807))
Edge(93959,152065,(3,9223372036854775807))
Edge(94906,485719,(3,9223372036854775807))
Edge(95091,424364,(1,3))
Edge(95322,49606,(3,9223372036854775807))
Edge(95402,124523,(1,3))
Edge(95587,354929,(3,9223372036854775807))
Edge(95676,90175,(3,9223372036854775807))
Edge(96313,46708,(3,9223372036854775807))
Edge(96328,90515,(3,9223372036854775807))
Edge(96419,449542,(1,9223372036854775807))
Edge(96904,335108,(1,9223372036854775807))
Edge(96948,91084,(3,9223372036854775807))
Edge(96964,90960,(3,9223372036854775807))
Edge(96991,73979,(3,9223372036854775807))
Edge(96993,397766,(1,9223372036854775807))
Edge(97644,390896,(3,9223372036854775807))
Edge(98123,287865,(3,9223372036854775807))
Edge(98133,212349,(3,9223372036854775807))
Edge(98337,322436,(3,9223372036854775807))
Edge(98928,371269,(3,9223372036854775807))
Edge(98979,60037,(3,9223372036854775807))
Edge(99014,7713,(3,9223372036854775807))
Edge(99336,206551,(3,9223372036854775807))
Edge(100640,417965,(3,9223372036854775807))
Edge(100768,230707,(3,9223372036854775807))
Edge(101082,204444,(3,9223372036854775807))
Edge(101153,112590,(1,9223372036854775807))
Edge(101463,230924,(4,9223372036854775807))
Edge(101628,69918,(3,9223372036854775807))
Edge(101656,84603,(3,9223372036854775807))
Edge(102012,347793,(3,9223372036854775807))
Edge(102160,14307,(1,9223372036854775807))
Edge(102168,270788,(3,9223372036854775807))
Edge(102254,370600,(3,9223372036854775807))
Edge(102593,297645,(3,9223372036854775807))
Edge(102598,287851,(3,9223372036854775807))
Edge(102661,35549,(3,9223372036854775807))
Edge(102779,85372,(1,9223372036854775807))
Edge(103169,109610,(3,9223372036854775807))
Edge(103817,401094,(3,9223372036854775807))
Edge(104051,13307,(3,9223372036854775807))
Edge(104072,241530,(3,9223372036854775807))
Edge(104087,25890,(3,9223372036854775807))
Edge(104304,122942,(3,9223372036854775807))
Edge(104403,171706,(3,9223372036854775807))
Edge(104430,64519,(1,3))
Edge(104638,201959,(3,9223372036854775807))
Edge(106041,112137,(3,9223372036854775807))
Edge(106255,270247,(3,9223372036854775807))
Edge(106706,424754,(1,3))
Edge(106875,299228,(3,9223372036854775807))
Edge(107036,388228,(3,9223372036854775807))
Edge(107257,328259,(4,9223372036854775807))
Edge(108179,329394,(3,9223372036854775807))
Edge(108503,163071,(3,9223372036854775807))
Edge(108871,462796,(1,9223372036854775807))
Edge(109320,368,(3,9223372036854775807))
Edge(109650,343218,(3,9223372036854775807))
Edge(109674,310093,(3,9223372036854775807))
Edge(109799,311332,(3,9223372036854775807))
Edge(109853,362019,(3,9223372036854775807))
Edge(109996,17246,(3,9223372036854775807))
Edge(110162,475857,(3,9223372036854775807))
Edge(110250,12111,(3,9223372036854775807))
Edge(110365,355151,(1,3))
Edge(110447,240291,(3,9223372036854775807))
Edge(110492,5150,(3,9223372036854775807))
Edge(110677,71546,(3,9223372036854775807))
Edge(111098,317970,(3,9223372036854775807))
Edge(111124,241331,(3,9223372036854775807))
Edge(112196,369013,(1,9223372036854775807))
Edge(112237,451112,(3,9223372036854775807))
Edge(112681,309062,(3,9223372036854775807))
Edge(113401,17021,(3,9223372036854775807))
Edge(113870,280466,(3,9223372036854775807))
Edge(113956,33838,(3,9223372036854775807))
Edge(114470,463744,(3,9223372036854775807))
Edge(115352,458550,(1,9223372036854775807))
Edge(115374,206516,(3,9223372036854775807))
Edge(116052,442773,(3,9223372036854775807))
Edge(116072,219778,(3,9223372036854775807))
Edge(116903,365134,(3,9223372036854775807))
Edge(116906,446547,(3,9223372036854775807))
Edge(116971,297656,(4,9223372036854775807))
Edge(117071,184277,(3,9223372036854775807))
Edge(117747,149985,(3,9223372036854775807))
Edge(117811,20373,(1,3))
Edge(117830,236000,(3,9223372036854775807))
Edge(118629,135651,(1,9223372036854775807))
Edge(118645,292050,(3,9223372036854775807))
Edge(118806,31409,(3,9223372036854775807))
Edge(118845,469729,(3,9223372036854775807))
Edge(118901,137422,(3,9223372036854775807))
Edge(119279,33293,(3,9223372036854775807))
Edge(119368,192896,(3,9223372036854775807))
Edge(119374,278325,(3,9223372036854775807))
Edge(119377,275904,(1,3))
Edge(119774,268987,(3,9223372036854775807))
Edge(120292,337702,(3,9223372036854775807))
Edge(120361,145384,(3,9223372036854775807))
Edge(120453,137024,(1,9223372036854775807))
Edge(120546,225993,(3,9223372036854775807))
Edge(120562,374863,(3,9223372036854775807))
Edge(121126,198208,(1,3))
Edge(121158,492818,(3,9223372036854775807))
Edge(121815,296828,(3,9223372036854775807))
Edge(122144,457746,(1,3))
Edge(122287,280796,(3,9223372036854775807))
Edge(122400,48429,(1,3))
Edge(123163,135609,(3,9223372036854775807))
Edge(123916,12725,(3,9223372036854775807))
Edge(123981,124577,(3,9223372036854775807))
Edge(124061,248591,(1,9223372036854775807))
Edge(124281,428432,(1,3))
Edge(124455,175536,(3,9223372036854775807))
Edge(124638,76805,(1,3))
Edge(124747,48603,(3,9223372036854775807))
Edge(125027,177606,(3,9223372036854775807))
Edge(125193,124725,(3,9223372036854775807))
Edge(125342,266940,(3,9223372036854775807))
Edge(125550,316703,(3,9223372036854775807))
Edge(125611,19352,(3,9223372036854775807))
Edge(125626,148885,(1,9223372036854775807))
Edge(126252,156807,(3,9223372036854775807))
Edge(126301,109844,(3,9223372036854775807))
Edge(126617,254103,(3,9223372036854775807))
Edge(126722,390286,(3,9223372036854775807))
Edge(127068,388452,(3,9223372036854775807))
Edge(127077,493741,(1,9223372036854775807))
Edge(127451,54829,(3,9223372036854775807))
Edge(127467,176741,(1,9223372036854775807))
Edge(127531,4054,(3,9223372036854775807))
Edge(128745,421028,(3,9223372036854775807))
Edge(129027,362123,(1,9223372036854775807))
Edge(129319,480600,(3,9223372036854775807))
Edge(130127,323250,(3,9223372036854775807))
Edge(130796,491945,(1,3))
Edge(130960,414562,(3,9223372036854775807))
Edge(131644,130172,(3,9223372036854775807))
Edge(131754,125490,(3,9223372036854775807))
Edge(132046,345656,(3,9223372036854775807))
Edge(132051,35209,(1,9223372036854775807))
Edge(132258,254387,(3,9223372036854775807))
Edge(132490,228273,(3,9223372036854775807))
Edge(132702,146570,(3,9223372036854775807))
Edge(132753,445858,(3,9223372036854775807))
Edge(132826,29932,(3,9223372036854775807))
Edge(132976,119123,(1,9223372036854775807))
Edge(133043,497846,(3,9223372036854775807))
Edge(133542,138094,(3,9223372036854775807))
Edge(133693,446288,(3,9223372036854775807))
Edge(133801,285702,(3,9223372036854775807))
Edge(134412,258536,(1,9223372036854775807))
Edge(134448,456331,(3,9223372036854775807))
Edge(135016,351534,(3,9223372036854775807))
Edge(136033,86007,(1,3))
Edge(136121,404038,(3,9223372036854775807))
Edge(136201,454597,(3,9223372036854775807))
Edge(136217,435128,(1,3))
Edge(136376,86245,(3,9223372036854775807))
Edge(136511,479174,(1,9223372036854775807))
Edge(136927,330859,(3,9223372036854775807))
Edge(137124,453535,(1,9223372036854775807))
Edge(137156,422596,(3,9223372036854775807))
Edge(137281,152786,(3,9223372036854775807))
Edge(137430,153436,(3,9223372036854775807))
Edge(137629,208208,(3,9223372036854775807))
Edge(137753,21261,(3,9223372036854775807))
Edge(137754,34249,(3,9223372036854775807))
Edge(137944,73672,(1,9223372036854775807))
Edge(138216,195771,(3,9223372036854775807))
Edge(138416,365833,(3,9223372036854775807))
Edge(139197,321067,(3,9223372036854775807))
Edge(139225,205865,(3,9223372036854775807))
Edge(139322,218085,(3,9223372036854775807))
Edge(140027,240404,(3,9223372036854775807))
Edge(140321,190278,(3,9223372036854775807))
Edge(140987,275525,(3,9223372036854775807))
Edge(141114,485321,(3,9223372036854775807))
Edge(141226,340493,(3,9223372036854775807))
Edge(141472,462430,(3,9223372036854775807))
Edge(141716,401576,(3,9223372036854775807))
Edge(141892,476203,(3,9223372036854775807))
Edge(141983,3287,(3,9223372036854775807))
Edge(142003,399464,(1,9223372036854775807))
Edge(143206,137657,(1,9223372036854775807))
Edge(143693,330588,(3,9223372036854775807))
Edge(143972,225105,(3,9223372036854775807))
Edge(144695,372744,(3,9223372036854775807))
Edge(144711,85164,(3,9223372036854775807))
Edge(144990,302564,(3,9223372036854775807))
Edge(145440,453209,(3,9223372036854775807))
Edge(146004,283811,(3,9223372036854775807))
Edge(146274,89833,(3,9223372036854775807))
Edge(146447,215626,(1,9223372036854775807))
Edge(146508,161527,(3,9223372036854775807))
Edge(146930,187726,(1,3))
Edge(147063,450304,(3,9223372036854775807))
Edge(147177,263003,(3,9223372036854775807))
Edge(147432,47261,(3,9223372036854775807))
Edge(147591,171660,(3,9223372036854775807))
Edge(148277,376098,(3,9223372036854775807))
Edge(148482,335381,(3,9223372036854775807))
Edge(148490,415321,(3,9223372036854775807))
Edge(149034,439735,(1,9223372036854775807))
Edge(149364,494764,(3,9223372036854775807))
Edge(149748,190375,(1,9223372036854775807))
Edge(150085,320464,(3,9223372036854775807))
Edge(150948,228504,(1,3))
Edge(150959,461006,(1,3))
Edge(151156,482931,(1,9223372036854775807))
Edge(151462,168068,(3,9223372036854775807))
Edge(151642,45106,(3,9223372036854775807))
Edge(151762,177448,(3,9223372036854775807))
Edge(151764,485347,(3,9223372036854775807))
Edge(151884,241242,(3,9223372036854775807))
Edge(153030,205024,(3,9223372036854775807))
Edge(153433,486240,(3,9223372036854775807))
Edge(153698,491058,(3,9223372036854775807))
Edge(153712,124538,(3,9223372036854775807))
Edge(153931,164793,(3,9223372036854775807))
Edge(154039,262742,(1,3))
Edge(154180,122362,(3,9223372036854775807))
Edge(154764,230256,(3,9223372036854775807))
Edge(154866,307769,(3,9223372036854775807))
Edge(154886,394843,(3,9223372036854775807))
Edge(155315,209808,(3,9223372036854775807))
Edge(155622,210252,(3,9223372036854775807))
Edge(156018,116564,(3,9223372036854775807))
Edge(156143,262693,(3,9223372036854775807))
Edge(156646,273606,(3,9223372036854775807))
Edge(156651,213268,(3,9223372036854775807))
Edge(156910,7761,(3,9223372036854775807))
Edge(157017,436497,(3,9223372036854775807))
Edge(157044,15855,(3,9223372036854775807))
Edge(157351,465337,(3,9223372036854775807))
Edge(157661,418210,(3,9223372036854775807))
Edge(157842,331783,(3,9223372036854775807))
Edge(158157,304791,(3,9223372036854775807))
Edge(158573,377833,(1,9223372036854775807))
Edge(158734,107793,(1,3))
Edge(159308,28597,(3,9223372036854775807))
Edge(159503,128951,(3,9223372036854775807))
Edge(159596,286608,(1,3))
Edge(159930,7247,(3,9223372036854775807))
Edge(160447,284848,(3,9223372036854775807))
Edge(160583,389187,(3,9223372036854775807))
Edge(160637,377655,(3,9223372036854775807))
Edge(160811,258047,(3,9223372036854775807))
Edge(161089,30906,(3,9223372036854775807))
Edge(161097,249653,(3,9223372036854775807))
Edge(161286,385734,(3,9223372036854775807))
Edge(161530,207471,(1,9223372036854775807))
Edge(161595,37990,(3,9223372036854775807))
Edge(161753,223836,(3,9223372036854775807))
Edge(161965,126510,(3,9223372036854775807))
Edge(162675,452917,(3,9223372036854775807))
Edge(162818,238320,(3,9223372036854775807))
Edge(162835,419811,(1,9223372036854775807))
Edge(162852,127004,(3,9223372036854775807))
Edge(162889,498460,(3,9223372036854775807))
Edge(162914,217452,(1,9223372036854775807))
Edge(163276,293608,(3,9223372036854775807))
Edge(163280,495696,(1,9223372036854775807))
Edge(163854,7224,(3,9223372036854775807))
Edge(164354,465132,(3,9223372036854775807))
Edge(164632,207734,(3,9223372036854775807))
Edge(165349,401076,(3,9223372036854775807))
Edge(165759,156245,(3,9223372036854775807))
Edge(165809,99092,(3,9223372036854775807))
Edge(165904,449824,(3,9223372036854775807))
Edge(166016,112855,(3,9223372036854775807))
Edge(166231,440701,(3,9223372036854775807))
Edge(166470,274090,(3,9223372036854775807))
Edge(166546,32096,(3,9223372036854775807))
Edge(166655,115245,(3,9223372036854775807))
Edge(167524,449279,(3,9223372036854775807))
Edge(167873,114817,(3,9223372036854775807))
Edge(168107,221307,(3,9223372036854775807))
Edge(168191,488355,(3,9223372036854775807))
Edge(168302,471008,(3,9223372036854775807))
Edge(168371,52886,(3,9223372036854775807))
Edge(169100,226575,(1,9223372036854775807))
Edge(169288,232011,(3,9223372036854775807))
Edge(169692,196909,(3,9223372036854775807))
Edge(169729,323564,(3,9223372036854775807))
Edge(170288,343894,(1,3))
Edge(170370,322400,(1,3))
Edge(170470,54672,(3,9223372036854775807))
Edge(171508,257497,(3,9223372036854775807))
Edge(171569,27859,(3,9223372036854775807))
Edge(172259,260503,(3,9223372036854775807))
Edge(172298,80689,(3,9223372036854775807))
Edge(172317,485540,(1,9223372036854775807))
Edge(173041,490876,(1,9223372036854775807))
Edge(173220,30847,(3,9223372036854775807))
Edge(173354,303187,(3,9223372036854775807))
Edge(173403,80843,(3,9223372036854775807))
Edge(174488,200559,(3,9223372036854775807))
Edge(175119,458659,(3,9223372036854775807))
Edge(175330,116509,(1,9223372036854775807))
Edge(175334,306729,(3,9223372036854775807))
Edge(175733,280247,(3,9223372036854775807))
Edge(175813,81587,(3,9223372036854775807))
Edge(175988,432129,(3,9223372036854775807))
Edge(175995,53910,(3,9223372036854775807))
Edge(176045,450282,(3,9223372036854775807))
Edge(176198,376548,(3,9223372036854775807))
Edge(176253,451142,(3,9223372036854775807))
Edge(176469,432666,(3,9223372036854775807))
Edge(176636,481947,(3,9223372036854775807))
Edge(177232,95550,(3,9223372036854775807))
Edge(177280,327669,(3,9223372036854775807))
Edge(177556,225311,(1,3))
Edge(177828,84024,(3,9223372036854775807))
Edge(178124,484697,(1,9223372036854775807))
Edge(178339,478124,(3,9223372036854775807))
Edge(178533,265070,(3,9223372036854775807))
Edge(178666,495093,(3,9223372036854775807))
Edge(179079,230608,(1,9223372036854775807))
Edge(179257,437747,(3,9223372036854775807))
Edge(179533,266266,(1,9223372036854775807))
Edge(179691,344208,(3,9223372036854775807))
Edge(180375,334485,(3,9223372036854775807))
Edge(180655,461549,(3,9223372036854775807))
Edge(180795,333776,(1,9223372036854775807))
Edge(181628,491274,(3,9223372036854775807))
Edge(181717,257609,(3,9223372036854775807))
Edge(181783,231626,(3,9223372036854775807))
Edge(181810,81539,(1,9223372036854775807))
Edge(181855,136818,(1,3))
Edge(182112,177698,(1,9223372036854775807))
Edge(182302,355145,(3,9223372036854775807))
Edge(182483,202262,(3,9223372036854775807))
Edge(182546,414962,(1,9223372036854775807))
Edge(182679,418989,(3,9223372036854775807))
Edge(182972,302642,(1,9223372036854775807))
Edge(183046,368176,(3,9223372036854775807))
Edge(183076,159349,(3,9223372036854775807))
Edge(183301,66320,(3,9223372036854775807))
Edge(183339,399415,(3,9223372036854775807))
Edge(183762,118594,(3,9223372036854775807))
Edge(183874,471875,(1,9223372036854775807))
Edge(183971,267765,(3,9223372036854775807))
Edge(184674,126132,(3,9223372036854775807))
Edge(184773,487227,(3,9223372036854775807))
Edge(186267,302864,(3,9223372036854775807))
Edge(186281,357257,(3,9223372036854775807))
Edge(186486,87798,(3,9223372036854775807))
Edge(186970,289164,(3,9223372036854775807))
Edge(187214,132099,(3,9223372036854775807))
Edge(187358,54494,(3,9223372036854775807))
Edge(187589,327853,(3,9223372036854775807))
Edge(187876,251054,(3,9223372036854775807))
Edge(188022,444951,(3,9223372036854775807))
Edge(188200,229384,(3,9223372036854775807))
Edge(188794,347600,(3,9223372036854775807))
Edge(188844,24063,(1,9223372036854775807))
Edge(189027,6115,(3,9223372036854775807))
Edge(189129,321969,(3,9223372036854775807))
Edge(189797,279390,(1,3))
Edge(190181,267714,(3,9223372036854775807))
Edge(190317,140527,(3,9223372036854775807))
Edge(190727,125182,(4,9223372036854775807))
Edge(190826,476421,(3,9223372036854775807))
Edge(190954,413738,(3,9223372036854775807))
Edge(192046,123074,(3,9223372036854775807))
Edge(192118,261075,(3,9223372036854775807))
Edge(192308,400712,(3,9223372036854775807))
Edge(192550,185956,(3,9223372036854775807))
Edge(192586,98032,(3,9223372036854775807))
Edge(192619,40292,(3,9223372036854775807))
Edge(192928,118977,(1,9223372036854775807))
Edge(193258,39387,(3,9223372036854775807))
Edge(193629,225109,(3,9223372036854775807))
Edge(194159,97635,(3,9223372036854775807))
Edge(194628,372523,(3,9223372036854775807))
Edge(194925,71943,(1,9223372036854775807))
Edge(195099,46103,(3,9223372036854775807))
Edge(195914,383794,(1,9223372036854775807))
Edge(195924,383730,(1,9223372036854775807))
Edge(196159,349903,(3,9223372036854775807))
Edge(196324,47535,(3,9223372036854775807))
Edge(196453,474824,(3,9223372036854775807))
Edge(196501,1910,(3,9223372036854775807))
Edge(196619,269524,(3,9223372036854775807))
Edge(196994,316502,(3,9223372036854775807))
Edge(197080,61129,(3,9223372036854775807))
Edge(197121,83494,(3,9223372036854775807))
Edge(197463,376889,(3,9223372036854775807))
Edge(197707,227322,(3,9223372036854775807))
Edge(198044,194109,(3,9223372036854775807))
Edge(198618,228513,(3,9223372036854775807))
Edge(198975,195999,(1,9223372036854775807))
Edge(199468,240184,(3,9223372036854775807))
Edge(199671,162174,(3,9223372036854775807))
Edge(199783,341753,(3,9223372036854775807))
Edge(200234,122764,(1,9223372036854775807))
Edge(200257,240740,(1,9223372036854775807))
Edge(200695,41196,(1,9223372036854775807))
Edge(200855,86095,(3,9223372036854775807))
Edge(201198,226494,(1,9223372036854775807))
Edge(201482,14588,(3,9223372036854775807))
Edge(201814,187496,(1,3))
Edge(202030,321652,(3,9223372036854775807))
Edge(202036,1796,(1,9223372036854775807))
Edge(202266,211132,(1,3))
Edge(202360,82785,(3,9223372036854775807))
Edge(202393,179116,(1,3))
Edge(202560,275776,(3,9223372036854775807))
Edge(202725,153865,(3,9223372036854775807))
Edge(203549,87528,(3,9223372036854775807))
Edge(203585,298008,(3,9223372036854775807))
Edge(204001,217199,(1,3))
Edge(204167,284439,(3,9223372036854775807))
Edge(204183,441526,(3,9223372036854775807))
Edge(204200,495523,(3,9223372036854775807))
Edge(205037,467629,(3,9223372036854775807))
Edge(205162,152377,(1,3))
Edge(205339,137729,(3,9223372036854775807))
Edge(205771,420358,(3,9223372036854775807))
Edge(205819,42888,(3,9223372036854775807))
Edge(206552,268743,(3,9223372036854775807))
Edge(206810,328037,(3,9223372036854775807))
Edge(207231,349230,(3,9223372036854775807))
Edge(207394,178874,(3,9223372036854775807))
Edge(207787,226212,(3,9223372036854775807))
Edge(207838,203559,(3,9223372036854775807))
Edge(207869,279262,(1,9223372036854775807))
Edge(208227,475928,(1,9223372036854775807))
Edge(208912,168936,(3,9223372036854775807))
Edge(209025,368091,(3,9223372036854775807))
Edge(209196,424632,(3,9223372036854775807))
Edge(209683,468552,(3,9223372036854775807))
Edge(209733,478354,(1,9223372036854775807))
Edge(210024,282285,(3,9223372036854775807))
Edge(210479,177062,(3,9223372036854775807))
Edge(211178,103195,(3,9223372036854775807))
Edge(211433,184337,(1,9223372036854775807))
Edge(211492,172285,(3,9223372036854775807))
Edge(211500,456612,(3,9223372036854775807))
Edge(211806,56043,(1,9223372036854775807))
Edge(211807,126735,(3,9223372036854775807))
Edge(211856,498458,(3,9223372036854775807))
Edge(211920,493250,(3,9223372036854775807))
Edge(211979,460534,(3,9223372036854775807))
Edge(212452,53583,(3,9223372036854775807))
Edge(212470,47889,(3,9223372036854775807))
Edge(212800,277657,(1,9223372036854775807))
Edge(212836,314168,(3,9223372036854775807))
Edge(212878,210717,(1,9223372036854775807))
Edge(213466,193449,(3,9223372036854775807))
Edge(213642,74487,(3,9223372036854775807))
Edge(213843,281737,(3,9223372036854775807))
Edge(213943,474637,(3,9223372036854775807))
Edge(214552,165987,(3,9223372036854775807))
Edge(215157,324280,(3,9223372036854775807))
Edge(215545,286168,(3,9223372036854775807))
Edge(215736,296813,(3,9223372036854775807))
Edge(216001,163536,(1,9223372036854775807))
Edge(217634,187716,(3,9223372036854775807))
Edge(217764,312598,(3,9223372036854775807))
Edge(217781,155327,(1,9223372036854775807))
Edge(217874,150879,(3,9223372036854775807))
Edge(218096,94698,(3,9223372036854775807))
Edge(218146,141979,(3,9223372036854775807))
Edge(218317,181381,(3,9223372036854775807))
Edge(218451,200504,(3,9223372036854775807))
Edge(218797,196236,(3,9223372036854775807))
Edge(218864,301607,(1,9223372036854775807))
Edge(220254,353466,(3,9223372036854775807))
Edge(220646,61058,(3,9223372036854775807))
Edge(220671,67287,(1,9223372036854775807))
Edge(220777,249014,(3,9223372036854775807))
Edge(221034,336752,(3,9223372036854775807))
Edge(221406,480042,(3,9223372036854775807))
Edge(221545,300528,(3,9223372036854775807))
Edge(221657,436866,(3,9223372036854775807))
Edge(221737,330828,(3,9223372036854775807))
Edge(222197,410405,(3,9223372036854775807))
Edge(222530,250510,(3,9223372036854775807))
Edge(222629,315366,(4,9223372036854775807))
Edge(222711,330100,(3,9223372036854775807))
Edge(222766,78955,(3,9223372036854775807))
Edge(222799,214219,(3,9223372036854775807))
Edge(222973,34015,(3,9223372036854775807))
Edge(223155,498426,(3,9223372036854775807))
Edge(223587,367146,(3,9223372036854775807))
Edge(223923,316085,(3,9223372036854775807))
Edge(224014,419836,(3,9223372036854775807))
Edge(224044,455912,(3,9223372036854775807))
Edge(224575,332774,(1,3))
Edge(224936,278514,(3,9223372036854775807))
Edge(225439,232904,(3,9223372036854775807))
Edge(225612,428609,(3,9223372036854775807))
Edge(226316,188529,(3,9223372036854775807))
Edge(226603,366009,(4,9223372036854775807))
Edge(226702,68094,(1,9223372036854775807))
Edge(226819,55830,(3,9223372036854775807))
Edge(227003,477212,(1,3))
Edge(227120,83159,(3,9223372036854775807))
Edge(227176,374722,(3,9223372036854775807))
Edge(227636,245386,(3,9223372036854775807))
Edge(227764,445759,(1,9223372036854775807))
Edge(227868,220698,(3,9223372036854775807))
Edge(228049,296116,(3,9223372036854775807))
Edge(228093,166913,(3,9223372036854775807))
Edge(228351,27413,(3,9223372036854775807))
Edge(228753,77344,(3,9223372036854775807))
Edge(229254,250327,(1,3))
Edge(229636,84326,(3,9223372036854775807))
Edge(229760,477943,(3,9223372036854775807))
Edge(229868,169671,(1,9223372036854775807))
Edge(230336,165137,(3,9223372036854775807))
Edge(231178,121054,(1,9223372036854775807))
Edge(231641,193251,(3,9223372036854775807))
Edge(232759,334276,(3,9223372036854775807))
Edge(233008,359658,(3,9223372036854775807))
Edge(233046,482565,(4,9223372036854775807))
Edge(233201,170178,(3,9223372036854775807))
Edge(233585,79861,(1,9223372036854775807))
Edge(233757,114618,(3,9223372036854775807))
Edge(233788,423510,(3,9223372036854775807))
Edge(234317,74038,(3,9223372036854775807))
Edge(234581,357888,(3,9223372036854775807))
Edge(234631,403812,(3,9223372036854775807))
Edge(234681,345521,(3,9223372036854775807))
Edge(234926,202313,(3,9223372036854775807))
Edge(235050,9370,(3,9223372036854775807))
Edge(235262,289340,(3,9223372036854775807))
Edge(235469,386783,(3,9223372036854775807))
Edge(235668,187350,(3,9223372036854775807))
Edge(235782,383911,(1,9223372036854775807))
Edge(237132,379904,(3,9223372036854775807))
Edge(237680,44598,(3,9223372036854775807))
Edge(237999,241427,(3,9223372036854775807))
Edge(238055,421449,(1,9223372036854775807))
Edge(238100,355486,(3,9223372036854775807))
Edge(238335,134674,(3,9223372036854775807))
Edge(238689,334945,(1,3))
Edge(238914,454271,(3,9223372036854775807))
Edge(238927,461829,(3,9223372036854775807))
Edge(238995,213462,(3,9223372036854775807))
Edge(239272,459227,(1,9223372036854775807))
Edge(240230,430547,(3,9223372036854775807))
Edge(240285,193413,(1,9223372036854775807))
Edge(240456,260056,(3,9223372036854775807))
Edge(240537,186459,(1,3))
Edge(240616,55015,(1,3))
Edge(240667,351621,(3,9223372036854775807))
Edge(240967,165680,(3,9223372036854775807))
Edge(241321,211546,(1,3))
Edge(242068,56583,(3,9223372036854775807))
Edge(242446,378581,(1,9223372036854775807))
Edge(243026,230593,(3,9223372036854775807))
Edge(243386,313853,(3,9223372036854775807))
Edge(243544,386855,(3,9223372036854775807))
Edge(243553,6204,(3,9223372036854775807))
Edge(243906,157159,(3,9223372036854775807))
Edge(243981,278590,(1,3))
Edge(244104,13028,(3,9223372036854775807))
Edge(244281,239577,(3,9223372036854775807))
Edge(245051,41286,(3,9223372036854775807))
Edge(245786,316603,(1,9223372036854775807))
Edge(246276,286471,(3,9223372036854775807))
Edge(246445,418057,(3,9223372036854775807))
Edge(246451,446019,(3,9223372036854775807))
Edge(246555,94956,(3,9223372036854775807))
Edge(246668,361534,(3,9223372036854775807))
Edge(247108,161977,(3,9223372036854775807))
Edge(247187,264168,(3,9223372036854775807))
Edge(247447,118063,(3,9223372036854775807))
Edge(247627,36546,(3,9223372036854775807))
Edge(247641,411159,(3,9223372036854775807))
Edge(247865,166108,(3,9223372036854775807))
Edge(248135,353363,(1,3))
Edge(248373,239549,(3,9223372036854775807))
Edge(248424,484706,(1,9223372036854775807))
Edge(248898,354050,(1,3))
Edge(249281,400382,(3,9223372036854775807))
Edge(249633,481287,(3,9223372036854775807))
Edge(249801,375622,(3,9223372036854775807))
Edge(249811,348718,(3,9223372036854775807))
Edge(250991,327020,(3,9223372036854775807))
Edge(251401,321631,(3,9223372036854775807))
Edge(251696,10146,(3,9223372036854775807))
Edge(251895,180679,(1,3))
Edge(252000,469316,(3,9223372036854775807))
Edge(252004,441903,(1,9223372036854775807))
Edge(252092,463701,(3,9223372036854775807))
Edge(252101,259868,(3,9223372036854775807))
Edge(252155,390029,(3,9223372036854775807))
Edge(252325,83064,(3,9223372036854775807))
Edge(252412,177496,(3,9223372036854775807))
Edge(252650,110353,(3,9223372036854775807))
Edge(253150,394996,(3,9223372036854775807))
Edge(253298,374507,(3,9223372036854775807))
Edge(253365,226086,(3,9223372036854775807))
Edge(253547,389072,(3,9223372036854775807))
Edge(253732,341510,(1,9223372036854775807))
Edge(254183,100036,(1,9223372036854775807))
Edge(254183,296679,(3,9223372036854775807))
Edge(254937,98859,(3,9223372036854775807))
Edge(255181,275199,(3,9223372036854775807))
Edge(255470,415849,(3,9223372036854775807))
Edge(256076,104197,(3,9223372036854775807))
Edge(256984,390460,(3,9223372036854775807))
Edge(257244,136174,(1,9223372036854775807))
Edge(257417,402548,(3,9223372036854775807))
Edge(257884,294242,(3,9223372036854775807))
Edge(258191,258320,(3,9223372036854775807))
Edge(258303,252788,(3,9223372036854775807))
Edge(258614,114292,(3,9223372036854775807))
Edge(258933,170444,(3,9223372036854775807))
Edge(259129,89561,(3,9223372036854775807))
Edge(259173,192886,(3,9223372036854775807))
Edge(259327,400971,(3,9223372036854775807))
Edge(259570,296277,(3,9223372036854775807))
Edge(259881,381535,(3,9223372036854775807))
Edge(260069,267690,(3,9223372036854775807))
Edge(260184,164073,(3,9223372036854775807))
Edge(260190,79270,(3,9223372036854775807))
Edge(261270,420665,(3,9223372036854775807))
Edge(261588,228280,(3,9223372036854775807))
Edge(261963,422221,(3,9223372036854775807))
Edge(262155,434442,(3,9223372036854775807))
Edge(262305,52999,(3,9223372036854775807))
Edge(262410,259492,(3,9223372036854775807))
Edge(263094,287116,(3,9223372036854775807))
Edge(263296,165525,(3,9223372036854775807))
Edge(263394,201590,(1,3))
Edge(264091,465504,(1,9223372036854775807))
Edge(264338,114470,(3,9223372036854775807))
Edge(265568,121303,(3,9223372036854775807))
Edge(265694,454179,(3,9223372036854775807))
Edge(265781,236146,(3,9223372036854775807))
Edge(265811,105546,(3,9223372036854775807))
Edge(265977,187438,(3,9223372036854775807))
Edge(266745,18839,(1,9223372036854775807))
Edge(266831,158156,(1,9223372036854775807))
Edge(267012,469859,(3,9223372036854775807))
Edge(268078,215354,(3,9223372036854775807))
Edge(268235,252320,(1,9223372036854775807))
Edge(268290,412123,(3,9223372036854775807))
Edge(268827,310043,(3,9223372036854775807))
Edge(268894,447000,(3,9223372036854775807))
Edge(269211,455084,(3,9223372036854775807))
Edge(269226,45195,(3,9223372036854775807))
Edge(269338,264356,(3,9223372036854775807))
Edge(269351,198470,(3,9223372036854775807))
Edge(269400,447438,(3,9223372036854775807))
Edge(269777,114725,(3,9223372036854775807))
Edge(270074,274975,(3,9223372036854775807))
Edge(270480,365702,(3,9223372036854775807))
Edge(270853,14755,(3,9223372036854775807))
Edge(270976,421861,(3,9223372036854775807))
Edge(271117,278948,(3,9223372036854775807))
Edge(271149,283317,(3,9223372036854775807))
Edge(271367,201987,(1,9223372036854775807))
Edge(271483,252650,(3,9223372036854775807))
Edge(271688,468114,(3,9223372036854775807))
Edge(271850,19924,(3,9223372036854775807))
Edge(272096,253403,(3,9223372036854775807))
Edge(272313,270103,(1,9223372036854775807))
Edge(272475,480540,(3,9223372036854775807))
Edge(273040,162176,(3,9223372036854775807))
Edge(273261,222368,(3,9223372036854775807))
Edge(273267,440045,(1,3))
Edge(273664,327277,(3,9223372036854775807))
Edge(274215,397739,(3,9223372036854775807))
Edge(274243,379590,(3,9223372036854775807))
Edge(274265,332617,(3,9223372036854775807))
Edge(274313,87860,(3,9223372036854775807))
Edge(274356,77224,(3,9223372036854775807))
Edge(274644,412581,(3,9223372036854775807))
Edge(274698,80451,(1,9223372036854775807))
Edge(274945,275965,(3,9223372036854775807))
Edge(275078,5726,(3,9223372036854775807))
Edge(275242,468440,(3,9223372036854775807))
Edge(275363,86653,(3,9223372036854775807))
Edge(275668,164320,(3,9223372036854775807))
Edge(275789,270881,(3,9223372036854775807))
Edge(275977,370805,(3,9223372036854775807))
Edge(277855,5018,(3,9223372036854775807))
Edge(277861,118064,(3,9223372036854775807))
Edge(278018,32540,(1,9223372036854775807))
Edge(278041,144802,(3,9223372036854775807))
Edge(278106,317981,(3,9223372036854775807))
Edge(278287,245194,(1,3))
Edge(278460,213863,(1,9223372036854775807))
Edge(278941,243101,(1,3))
Edge(278943,133082,(3,9223372036854775807))
Edge(279280,123956,(3,9223372036854775807))
Edge(279476,399746,(3,9223372036854775807))
Edge(279916,347559,(3,9223372036854775807))
Edge(279969,10927,(1,9223372036854775807))
Edge(280173,391269,(3,9223372036854775807))
Edge(280289,39984,(3,9223372036854775807))
Edge(280308,175316,(3,9223372036854775807))
Edge(280446,328867,(3,9223372036854775807))
Edge(280567,63467,(3,9223372036854775807))
Edge(280636,27685,(3,9223372036854775807))
Edge(281075,83455,(3,9223372036854775807))
Edge(282452,340968,(3,9223372036854775807))
Edge(282576,29220,(1,9223372036854775807))
Edge(283307,455799,(3,9223372036854775807))
Edge(283711,343169,(1,9223372036854775807))
Edge(283884,145060,(3,9223372036854775807))
Edge(284211,266936,(1,9223372036854775807))
Edge(284432,151467,(1,9223372036854775807))
Edge(284433,74535,(3,9223372036854775807))
Edge(284640,85578,(1,9223372036854775807))
Edge(285480,108101,(1,3))
Edge(285545,101490,(3,9223372036854775807))
Edge(285549,473600,(3,9223372036854775807))
Edge(285660,35415,(1,9223372036854775807))
Edge(285671,39242,(3,9223372036854775807))
Edge(285928,337169,(3,9223372036854775807))
Edge(286184,259268,(3,9223372036854775807))
Edge(286359,167313,(1,9223372036854775807))
Edge(286518,72873,(3,9223372036854775807))
Edge(286782,226014,(3,9223372036854775807))
Edge(286857,166218,(3,9223372036854775807))
Edge(286933,331970,(3,9223372036854775807))
Edge(287029,231732,(3,9223372036854775807))
Edge(287172,422196,(3,9223372036854775807))
Edge(287250,178602,(3,9223372036854775807))
Edge(287502,228454,(3,9223372036854775807))
Edge(287624,164986,(3,9223372036854775807))
Edge(287650,430469,(3,9223372036854775807))
Edge(287832,366326,(3,9223372036854775807))
Edge(287990,435788,(3,9223372036854775807))
Edge(288047,492180,(1,3))
Edge(288818,409837,(3,9223372036854775807))
Edge(289581,189088,(3,9223372036854775807))
Edge(289736,48542,(3,9223372036854775807))
Edge(289921,93311,(3,9223372036854775807))
Edge(290264,459652,(1,3))
Edge(290283,129998,(3,9223372036854775807))
Edge(290375,423167,(3,9223372036854775807))
Edge(290502,112492,(3,9223372036854775807))
Edge(290554,139543,(3,9223372036854775807))
Edge(290848,209780,(3,9223372036854775807))
Edge(291022,265889,(3,9223372036854775807))
Edge(291441,150515,(3,9223372036854775807))
Edge(291459,454121,(3,9223372036854775807))
Edge(291664,295422,(3,9223372036854775807))
Edge(292718,98240,(3,9223372036854775807))
Edge(292868,164681,(3,9223372036854775807))
Edge(292928,103591,(3,9223372036854775807))
Edge(293792,384455,(1,9223372036854775807))
Edge(294095,107541,(1,9223372036854775807))
Edge(294778,229440,(3,9223372036854775807))
Edge(295102,405657,(1,3))
Edge(295273,459525,(3,9223372036854775807))
Edge(295776,46657,(3,9223372036854775807))
Edge(296644,247051,(1,9223372036854775807))
Edge(296708,405930,(3,9223372036854775807))
Edge(296792,141010,(3,9223372036854775807))
Edge(296919,99002,(3,9223372036854775807))
Edge(297028,54129,(3,9223372036854775807))
Edge(297308,450599,(3,9223372036854775807))
Edge(297471,433337,(3,9223372036854775807))
Edge(297525,445087,(1,9223372036854775807))
Edge(297928,327419,(3,9223372036854775807))
Edge(298137,442971,(3,9223372036854775807))
Edge(298269,175866,(3,9223372036854775807))
Edge(298316,142315,(3,9223372036854775807))
Edge(298357,493771,(3,9223372036854775807))
Edge(298532,291008,(3,9223372036854775807))
Edge(298609,415474,(1,3))
Edge(298664,388203,(3,9223372036854775807))
Edge(298846,58663,(3,9223372036854775807))
Edge(299311,206280,(3,9223372036854775807))
Edge(299458,206762,(3,9223372036854775807))
Edge(299623,342294,(3,9223372036854775807))
Edge(299624,26162,(3,9223372036854775807))
Edge(300887,493144,(1,9223372036854775807))
Edge(300925,430821,(3,9223372036854775807))
Edge(301091,390102,(3,9223372036854775807))
Edge(301287,372122,(3,9223372036854775807))
Edge(301778,151393,(1,9223372036854775807))
Edge(301820,18753,(3,9223372036854775807))
Edge(301850,148769,(1,3))
Edge(301882,171267,(1,9223372036854775807))
Edge(301941,491937,(3,9223372036854775807))
Edge(302219,489718,(1,3))
Edge(302415,443689,(3,9223372036854775807))
Edge(302625,366459,(3,9223372036854775807))
Edge(302758,9010,(3,9223372036854775807))
Edge(303103,365422,(1,9223372036854775807))
Edge(303596,372991,(3,9223372036854775807))
Edge(303944,473683,(3,9223372036854775807))
Edge(304237,317578,(3,9223372036854775807))
Edge(304424,138102,(1,3))
Edge(304585,283921,(1,3))
Edge(304638,405607,(3,9223372036854775807))
Edge(305843,191560,(3,9223372036854775807))
Edge(307048,335449,(3,9223372036854775807))
Edge(307068,156737,(3,9223372036854775807))
Edge(307143,208861,(3,9223372036854775807))
Edge(307328,444713,(3,9223372036854775807))
Edge(307362,149189,(3,9223372036854775807))
Edge(307539,349157,(1,3))
Edge(307560,314330,(3,9223372036854775807))
Edge(307561,141922,(3,9223372036854775807))
Edge(307695,8584,(3,9223372036854775807))
Edge(307819,172751,(1,9223372036854775807))
Edge(308341,463386,(3,9223372036854775807))
Edge(308773,394463,(3,9223372036854775807))
Edge(309593,207815,(3,9223372036854775807))
Edge(309654,419634,(3,9223372036854775807))
Edge(310051,268830,(3,9223372036854775807))
Edge(310164,21235,(3,9223372036854775807))
Edge(310406,110509,(3,9223372036854775807))
Edge(310623,244393,(1,9223372036854775807))
Edge(310804,132818,(3,9223372036854775807))
Edge(310808,60888,(1,3))
Edge(310988,116233,(1,9223372036854775807))
Edge(311179,219824,(1,9223372036854775807))
Edge(311357,16499,(3,9223372036854775807))
Edge(311420,259021,(3,9223372036854775807))
Edge(311534,33001,(3,9223372036854775807))
Edge(311686,159889,(1,3))
Edge(312035,390194,(3,9223372036854775807))
Edge(312588,157092,(1,9223372036854775807))
Edge(312634,467714,(1,9223372036854775807))
Edge(312738,38127,(1,3))
Edge(313671,318247,(3,9223372036854775807))
Edge(313725,254211,(3,9223372036854775807))
Edge(313849,196003,(3,9223372036854775807))
Edge(314130,119212,(1,3))
Edge(314537,17037,(3,9223372036854775807))
Edge(315467,264127,(1,9223372036854775807))
Edge(315956,350413,(3,9223372036854775807))
Edge(316617,413213,(1,9223372036854775807))
Edge(317502,468167,(1,9223372036854775807))
Edge(317687,275180,(3,9223372036854775807))
Edge(317887,427016,(1,3))
Edge(318134,380729,(3,9223372036854775807))
Edge(318234,140352,(3,9223372036854775807))
Edge(318593,100577,(1,3))
Edge(319329,44021,(3,9223372036854775807))
Edge(319477,201831,(1,9223372036854775807))
Edge(320518,495182,(1,9223372036854775807))
Edge(320561,401029,(3,9223372036854775807))
Edge(320857,468671,(3,9223372036854775807))
Edge(321011,336728,(3,9223372036854775807))
Edge(321763,262751,(3,9223372036854775807))
Edge(321829,497697,(3,9223372036854775807))
Edge(321942,33487,(1,3))
Edge(322243,73929,(3,9223372036854775807))
Edge(322338,24722,(3,9223372036854775807))
Edge(322836,104970,(3,9223372036854775807))
Edge(322991,427791,(3,9223372036854775807))
Edge(322998,106627,(3,9223372036854775807))
Edge(323010,473686,(3,9223372036854775807))
Edge(323145,462424,(1,3))
Edge(323617,493195,(3,9223372036854775807))
Edge(323977,166059,(3,9223372036854775807))
Edge(324184,85083,(3,9223372036854775807))
Edge(324225,270400,(3,9223372036854775807))
Edge(325146,381366,(3,9223372036854775807))
Edge(325263,467371,(3,9223372036854775807))
Edge(325775,174202,(3,9223372036854775807))
Edge(326358,29251,(3,9223372036854775807))
Edge(326709,325992,(1,9223372036854775807))
Edge(326733,369610,(3,9223372036854775807))
Edge(326805,469969,(3,9223372036854775807))
Edge(326831,15244,(3,9223372036854775807))
Edge(326954,215720,(3,9223372036854775807))
Edge(327028,84895,(3,9223372036854775807))
Edge(327177,34518,(1,3))
Edge(327270,50584,(3,9223372036854775807))
Edge(328399,456797,(1,9223372036854775807))
Edge(328413,16895,(3,9223372036854775807))
Edge(328687,156049,(3,9223372036854775807))
Edge(328692,204855,(1,3))
Edge(328760,53664,(3,9223372036854775807))
Edge(329050,65222,(3,9223372036854775807))
Edge(329123,219066,(3,9223372036854775807))
Edge(329128,299157,(1,9223372036854775807))
Edge(329339,165469,(3,9223372036854775807))
Edge(329373,418673,(3,9223372036854775807))
Edge(329651,239148,(3,9223372036854775807))
Edge(329780,441228,(3,9223372036854775807))
Edge(330010,314938,(3,9223372036854775807))
Edge(330367,496111,(3,9223372036854775807))
Edge(330836,63096,(3,9223372036854775807))
Edge(330941,339536,(3,9223372036854775807))
Edge(331327,305523,(3,9223372036854775807))
Edge(331373,2634,(3,9223372036854775807))
Edge(331787,389184,(3,9223372036854775807))
Edge(331881,314816,(3,9223372036854775807))
Edge(332301,28749,(3,9223372036854775807))
Edge(333086,6072,(1,3))
Edge(333669,197189,(3,9223372036854775807))
Edge(333676,184391,(3,9223372036854775807))
Edge(333696,151250,(3,9223372036854775807))
Edge(333922,127033,(3,9223372036854775807))
Edge(333978,472565,(3,9223372036854775807))
Edge(334075,63547,(3,9223372036854775807))
Edge(334619,171801,(3,9223372036854775807))
Edge(334888,249615,(3,9223372036854775807))
Edge(334927,179362,(1,9223372036854775807))
Edge(335018,366018,(3,9223372036854775807))
Edge(335235,320341,(3,9223372036854775807))
Edge(335418,169157,(3,9223372036854775807))
Edge(335506,123538,(3,9223372036854775807))
Edge(335552,483529,(3,9223372036854775807))
Edge(335802,101762,(3,9223372036854775807))
Edge(336947,699,(1,9223372036854775807))
Edge(336955,486731,(3,9223372036854775807))
Edge(337524,64707,(1,9223372036854775807))
Edge(337763,359179,(3,9223372036854775807))
Edge(337931,183073,(3,9223372036854775807))
Edge(338504,266538,(3,9223372036854775807))
Edge(338613,69614,(3,9223372036854775807))
Edge(338642,63921,(3,9223372036854775807))
Edge(338642,407192,(3,9223372036854775807))
Edge(338690,22334,(1,9223372036854775807))
Edge(339508,69045,(3,9223372036854775807))
Edge(339807,478007,(3,9223372036854775807))
Edge(339929,264406,(1,3))
Edge(340014,97236,(3,9223372036854775807))
Edge(340205,130833,(3,9223372036854775807))
Edge(340278,436817,(1,3))
Edge(340428,5382,(3,9223372036854775807))
Edge(341098,16607,(3,9223372036854775807))
Edge(341487,264569,(3,9223372036854775807))
Edge(341788,329880,(1,9223372036854775807))
Edge(341877,167669,(3,9223372036854775807))
Edge(342257,325538,(1,3))
Edge(342370,409302,(3,9223372036854775807))
Edge(342399,446253,(1,3))
Edge(342587,285954,(3,9223372036854775807))
Edge(342654,452283,(1,9223372036854775807))
Edge(343244,486020,(3,9223372036854775807))
Edge(343404,462953,(3,9223372036854775807))
Edge(343846,389917,(3,9223372036854775807))
Edge(343937,357630,(3,9223372036854775807))
Edge(344034,93016,(3,9223372036854775807))
Edge(344586,98611,(3,9223372036854775807))
Edge(344990,397893,(3,9223372036854775807))
Edge(345037,476701,(3,9223372036854775807))
Edge(345084,466860,(3,9223372036854775807))
Edge(345191,453468,(1,3))
Edge(345626,166232,(3,9223372036854775807))
Edge(345886,398277,(3,9223372036854775807))
Edge(346586,403824,(1,9223372036854775807))
Edge(347171,191268,(1,3))
Edge(347316,308052,(3,9223372036854775807))
Edge(347491,191413,(1,3))
Edge(347949,367559,(3,9223372036854775807))
Edge(348653,358828,(3,9223372036854775807))
Edge(348705,107568,(3,9223372036854775807))
Edge(348967,23613,(3,9223372036854775807))
Edge(348968,465848,(3,9223372036854775807))
Edge(348985,428112,(3,9223372036854775807))
Edge(349137,295044,(3,9223372036854775807))
Edge(349191,117255,(3,9223372036854775807))
Edge(349410,285072,(3,9223372036854775807))
Edge(350059,408528,(1,9223372036854775807))
Edge(350782,101256,(3,9223372036854775807))
Edge(351435,36325,(1,3))
Edge(351545,156750,(3,9223372036854775807))
Edge(351604,405673,(3,9223372036854775807))
Edge(351636,358397,(3,9223372036854775807))
Edge(351692,220264,(1,9223372036854775807))
Edge(351923,38636,(3,9223372036854775807))
Edge(352095,38735,(3,9223372036854775807))
Edge(352517,292832,(3,9223372036854775807))
Edge(352697,41197,(3,9223372036854775807))
Edge(353176,47488,(3,9223372036854775807))
Edge(353380,187555,(1,3))
Edge(353471,404402,(3,9223372036854775807))
Edge(353648,414947,(3,9223372036854775807))
Edge(353740,299756,(3,9223372036854775807))
Edge(353753,88104,(3,9223372036854775807))
Edge(354264,398196,(3,9223372036854775807))
Edge(354290,426329,(3,9223372036854775807))
Edge(354419,153862,(1,3))
Edge(354819,258688,(3,9223372036854775807))
Edge(354873,475659,(1,3))
Edge(355034,297421,(3,9223372036854775807))
Edge(355284,389330,(3,9223372036854775807))
Edge(355586,194307,(3,9223372036854775807))
Edge(355680,157907,(3,9223372036854775807))
Edge(356064,304448,(1,9223372036854775807))
Edge(356196,343625,(3,9223372036854775807))
Edge(356436,455210,(3,9223372036854775807))
Edge(356677,162629,(3,9223372036854775807))
Edge(356700,181855,(3,9223372036854775807))
Edge(356737,353839,(1,3))
Edge(357172,303846,(3,9223372036854775807))
Edge(357236,130518,(3,9223372036854775807))
Edge(357622,275690,(3,9223372036854775807))
Edge(358015,314183,(3,9223372036854775807))
Edge(358855,275677,(3,9223372036854775807))
Edge(358912,138970,(3,9223372036854775807))
Edge(358980,349877,(1,3))
Edge(359523,150414,(3,9223372036854775807))
Edge(359891,130684,(3,9223372036854775807))
Edge(360505,127971,(1,9223372036854775807))
Edge(360603,398324,(3,9223372036854775807))
Edge(360648,53967,(3,9223372036854775807))
Edge(360720,297193,(1,3))
Edge(361106,288323,(3,9223372036854775807))
Edge(361136,427905,(3,9223372036854775807))
Edge(361187,109048,(3,9223372036854775807))
Edge(361370,237397,(3,9223372036854775807))
Edge(361519,235046,(3,9223372036854775807))
Edge(361892,314528,(1,3))
Edge(361959,173273,(3,9223372036854775807))
Edge(362087,316932,(1,9223372036854775807))
Edge(362721,124727,(1,9223372036854775807))
Edge(362982,361836,(3,9223372036854775807))
Edge(363329,145608,(1,3))
Edge(363552,126405,(3,9223372036854775807))
Edge(364339,336101,(3,9223372036854775807))
Edge(364544,21187,(3,9223372036854775807))
Edge(365690,148823,(1,9223372036854775807))
Edge(366067,497366,(3,9223372036854775807))
Edge(366494,137327,(3,9223372036854775807))
Edge(366529,201495,(3,9223372036854775807))
Edge(366853,497866,(3,9223372036854775807))
Edge(366919,353246,(1,3))
Edge(367874,438587,(1,9223372036854775807))
Edge(368005,14760,(3,9223372036854775807))
Edge(368202,309177,(3,9223372036854775807))
Edge(368252,208039,(3,9223372036854775807))
Edge(368310,237386,(1,9223372036854775807))
Edge(368367,260028,(3,9223372036854775807))
Edge(368378,52099,(1,9223372036854775807))
Edge(368713,283556,(3,9223372036854775807))
Edge(369102,114328,(3,9223372036854775807))
Edge(369768,171527,(3,9223372036854775807))
Edge(369796,133242,(3,9223372036854775807))
Edge(369867,352509,(3,9223372036854775807))
Edge(369970,127377,(4,9223372036854775807))
Edge(370440,111955,(3,9223372036854775807))
Edge(370703,190742,(1,9223372036854775807))
Edge(370754,3090,(3,9223372036854775807))
Edge(371001,428675,(1,9223372036854775807))
Edge(371399,401254,(3,9223372036854775807))
Edge(371434,115135,(3,9223372036854775807))
Edge(371618,412460,(3,9223372036854775807))
Edge(371619,315866,(1,3))
Edge(372631,220571,(3,9223372036854775807))
Edge(372808,165094,(1,9223372036854775807))
Edge(372845,200262,(3,9223372036854775807))
Edge(372952,415719,(3,9223372036854775807))
Edge(372957,144352,(3,9223372036854775807))
Edge(373072,298613,(3,9223372036854775807))
Edge(373112,154994,(3,9223372036854775807))
Edge(373163,184191,(3,9223372036854775807))
Edge(373335,77949,(3,9223372036854775807))
Edge(374012,262332,(3,9223372036854775807))
Edge(374099,41555,(3,9223372036854775807))
Edge(374461,98637,(3,9223372036854775807))
Edge(375013,99902,(1,9223372036854775807))
Edge(375013,264108,(3,9223372036854775807))
Edge(375180,280200,(3,9223372036854775807))
Edge(375191,370779,(3,9223372036854775807))
Edge(375677,11182,(3,9223372036854775807))
Edge(375723,434906,(1,9223372036854775807))
Edge(375753,239293,(1,9223372036854775807))
Edge(375793,185656,(3,9223372036854775807))
Edge(375849,196681,(3,9223372036854775807))
Edge(375902,355326,(3,9223372036854775807))
Edge(376058,161023,(3,9223372036854775807))
Edge(376366,40622,(3,9223372036854775807))
Edge(376385,453577,(3,9223372036854775807))
Edge(376456,271397,(1,9223372036854775807))
Edge(376687,33775,(3,9223372036854775807))
Edge(377033,289228,(3,9223372036854775807))
Edge(377259,316538,(3,9223372036854775807))
Edge(377426,371049,(3,9223372036854775807))
Edge(377826,399348,(3,9223372036854775807))
Edge(378002,195246,(3,9223372036854775807))
Edge(378119,268616,(3,9223372036854775807))
Edge(378121,127374,(3,9223372036854775807))
Edge(378319,148751,(3,9223372036854775807))
Edge(378341,91858,(3,9223372036854775807))
Edge(378641,148582,(3,9223372036854775807))
Edge(378873,283490,(3,9223372036854775807))
Edge(379042,117017,(1,3))
Edge(379134,221149,(3,9223372036854775807))
Edge(379341,102970,(3,9223372036854775807))
Edge(379356,292987,(3,9223372036854775807))
Edge(379546,249489,(3,9223372036854775807))
Edge(379696,404498,(3,9223372036854775807))
Edge(379729,243319,(3,9223372036854775807))
Edge(379901,156219,(3,9223372036854775807))
Edge(380253,280021,(3,9223372036854775807))
Edge(380423,264506,(3,9223372036854775807))
Edge(381104,487131,(3,9223372036854775807))
Edge(383081,9240,(3,9223372036854775807))
Edge(383341,366005,(3,9223372036854775807))
Edge(383525,41073,(1,9223372036854775807))
Edge(383578,211343,(3,9223372036854775807))
Edge(383767,53544,(3,9223372036854775807))
Edge(383882,121410,(3,9223372036854775807))
Edge(384071,292104,(2,9223372036854775807))
Edge(384278,37407,(3,9223372036854775807))
Edge(384502,25729,(3,9223372036854775807))
Edge(384503,234089,(1,9223372036854775807))
Edge(384616,255298,(3,9223372036854775807))
Edge(384626,444220,(3,9223372036854775807))
Edge(385171,59221,(3,9223372036854775807))
Edge(385644,65564,(3,9223372036854775807))
Edge(385990,324734,(1,9223372036854775807))
Edge(386278,135964,(1,9223372036854775807))
Edge(386787,378168,(3,9223372036854775807))
Edge(387068,136768,(1,9223372036854775807))
Edge(387493,44882,(3,9223372036854775807))
Edge(387512,206828,(3,9223372036854775807))
Edge(387574,276473,(1,3))
Edge(387628,317456,(3,9223372036854775807))
Edge(387750,419544,(1,9223372036854775807))
Edge(387908,46092,(3,9223372036854775807))
Edge(387986,466557,(1,9223372036854775807))
Edge(388087,94550,(3,9223372036854775807))
Edge(388623,87069,(3,9223372036854775807))
Edge(388699,178476,(3,9223372036854775807))
Edge(389010,78834,(3,9223372036854775807))
Edge(389134,446089,(3,9223372036854775807))
Edge(389704,12877,(1,3))
Edge(389737,247971,(3,9223372036854775807))
Edge(389741,361149,(3,9223372036854775807))
Edge(389921,77343,(3,9223372036854775807))
Edge(390141,480848,(3,9223372036854775807))
Edge(390298,300705,(1,9223372036854775807))
Edge(390343,369599,(3,9223372036854775807))
Edge(390376,470748,(1,3))
Edge(390677,127336,(3,9223372036854775807))
Edge(390725,35984,(3,9223372036854775807))
Edge(391650,460938,(1,9223372036854775807))
Edge(392834,188005,(3,9223372036854775807))
Edge(393206,229792,(3,9223372036854775807))
Edge(393383,126979,(3,9223372036854775807))
Edge(393442,240855,(3,9223372036854775807))
Edge(394283,358583,(3,9223372036854775807))
Edge(394338,428774,(3,9223372036854775807))
Edge(394491,114314,(1,9223372036854775807))
Edge(395062,478448,(3,9223372036854775807))
Edge(395375,454006,(3,9223372036854775807))
Edge(395381,450134,(3,9223372036854775807))
Edge(395675,205538,(3,9223372036854775807))
Edge(396588,240989,(3,9223372036854775807))
Edge(397236,83782,(1,9223372036854775807))
Edge(397293,200568,(3,9223372036854775807))
Edge(397347,383361,(3,9223372036854775807))
Edge(397379,344746,(3,9223372036854775807))
Edge(397487,489725,(3,9223372036854775807))
Edge(398217,104759,(3,9223372036854775807))
Edge(398247,272512,(1,9223372036854775807))
Edge(398254,425167,(3,9223372036854775807))
Edge(398489,214784,(3,9223372036854775807))
Edge(398542,258440,(1,3))
Edge(398683,340413,(1,9223372036854775807))
Edge(398741,67427,(3,9223372036854775807))
Edge(398839,28386,(3,9223372036854775807))
Edge(399278,92505,(1,9223372036854775807))
Edge(399378,362430,(3,9223372036854775807))
Edge(399541,64724,(3,9223372036854775807))
Edge(400181,158182,(1,3))
Edge(400271,3954,(3,9223372036854775807))
Edge(400331,29060,(3,9223372036854775807))
Edge(400610,324861,(3,9223372036854775807))
Edge(400698,441994,(3,9223372036854775807))
Edge(400946,179809,(3,9223372036854775807))
Edge(401073,329310,(3,9223372036854775807))
Edge(401213,307120,(3,9223372036854775807))
Edge(401628,16273,(3,9223372036854775807))
Edge(401657,260288,(1,9223372036854775807))
Edge(402851,128474,(3,9223372036854775807))
Edge(403009,417638,(3,9223372036854775807))
Edge(403053,452828,(3,9223372036854775807))
Edge(403139,300590,(3,9223372036854775807))
Edge(403149,62333,(3,9223372036854775807))
Edge(403580,418354,(3,9223372036854775807))
Edge(404422,111689,(3,9223372036854775807))
Edge(405205,459926,(3,9223372036854775807))
Edge(405218,186588,(3,9223372036854775807))
Edge(405662,166005,(3,9223372036854775807))
Edge(405788,93948,(3,9223372036854775807))
Edge(405947,316560,(3,9223372036854775807))
Edge(406335,163775,(3,9223372036854775807))
Edge(406803,123827,(3,9223372036854775807))
Edge(406929,434127,(1,3))
Edge(407095,195990,(1,9223372036854775807))
Edge(407288,139714,(3,9223372036854775807))
Edge(407304,231047,(1,9223372036854775807))
Edge(407382,419082,(3,9223372036854775807))
Edge(407668,385155,(3,9223372036854775807))
Edge(407850,369700,(3,9223372036854775807))
Edge(408475,317132,(3,9223372036854775807))
Edge(408738,217277,(3,9223372036854775807))
Edge(408764,423973,(3,9223372036854775807))
Edge(410254,399465,(3,9223372036854775807))
Edge(410706,360723,(3,9223372036854775807))
Edge(410934,144691,(3,9223372036854775807))
Edge(411166,184395,(1,9223372036854775807))
Edge(411330,172438,(3,9223372036854775807))
Edge(411374,69780,(3,9223372036854775807))
Edge(411471,448045,(3,9223372036854775807))
Edge(411575,63427,(3,9223372036854775807))
Edge(412091,109094,(1,9223372036854775807))
Edge(412100,208546,(3,9223372036854775807))
Edge(412901,140991,(1,9223372036854775807))
Edge(412974,209246,(3,9223372036854775807))
Edge(413426,468699,(3,9223372036854775807))
Edge(413601,437279,(3,9223372036854775807))
Edge(413715,406362,(3,9223372036854775807))
Edge(413844,387775,(3,9223372036854775807))
Edge(414351,69766,(3,9223372036854775807))
Edge(414548,52887,(1,9223372036854775807))
Edge(414551,351946,(3,9223372036854775807))
Edge(414796,423121,(3,9223372036854775807))
Edge(414989,337480,(1,3))
Edge(415227,286296,(3,9223372036854775807))
Edge(415287,429122,(1,3))
Edge(415475,381252,(3,9223372036854775807))
Edge(415476,8804,(3,9223372036854775807))
Edge(415778,259561,(3,9223372036854775807))
Edge(416184,489749,(1,9223372036854775807))
Edge(416602,181825,(3,9223372036854775807))
Edge(416668,34194,(1,9223372036854775807))
Edge(417505,284422,(3,9223372036854775807))
Edge(417507,46588,(3,9223372036854775807))
Edge(417573,88063,(1,9223372036854775807))
Edge(417830,88406,(3,9223372036854775807))
Edge(418030,151726,(3,9223372036854775807))
Edge(418035,465561,(3,9223372036854775807))
Edge(418464,484997,(1,9223372036854775807))
Edge(418589,114447,(3,9223372036854775807))
Edge(418612,277316,(1,3))
Edge(418658,327422,(3,9223372036854775807))
Edge(418897,256894,(3,9223372036854775807))
Edge(419464,38768,(3,9223372036854775807))
Edge(419514,208143,(3,9223372036854775807))
Edge(419530,30878,(3,9223372036854775807))
Edge(419635,89134,(3,9223372036854775807))
Edge(419669,97946,(3,9223372036854775807))
Edge(420069,1749,(3,9223372036854775807))
Edge(420367,232055,(3,9223372036854775807))
Edge(420526,102366,(3,9223372036854775807))
Edge(420547,441561,(3,9223372036854775807))
Edge(420569,316800,(3,9223372036854775807))
Edge(420826,186467,(1,9223372036854775807))
Edge(421074,376329,(1,9223372036854775807))
Edge(421249,36505,(3,9223372036854775807))
Edge(421338,416092,(3,9223372036854775807))
Edge(421432,203056,(1,9223372036854775807))
Edge(421579,493266,(3,9223372036854775807))
Edge(422071,456117,(1,9223372036854775807))
Edge(422096,395440,(3,9223372036854775807))
Edge(422982,374641,(3,9223372036854775807))
Edge(422995,159575,(1,9223372036854775807))
Edge(423099,330479,(3,9223372036854775807))
Edge(423308,310304,(3,9223372036854775807))
Edge(423389,19777,(3,9223372036854775807))
Edge(424032,259262,(3,9223372036854775807))
Edge(424109,144112,(3,9223372036854775807))
Edge(424389,484687,(3,9223372036854775807))
Edge(424676,5413,(3,9223372036854775807))
Edge(424734,466166,(3,9223372036854775807))
Edge(425223,320665,(3,9223372036854775807))
Edge(425258,248629,(1,9223372036854775807))
Edge(425450,191873,(1,9223372036854775807))
Edge(426283,201814,(3,9223372036854775807))
Edge(426915,64016,(3,9223372036854775807))
Edge(427309,374287,(3,9223372036854775807))
Edge(427400,477996,(3,9223372036854775807))
Edge(427538,30078,(3,9223372036854775807))
Edge(428258,79776,(3,9223372036854775807))
Edge(428337,237652,(1,3))
Edge(428340,245845,(3,9223372036854775807))
Edge(428768,37483,(3,9223372036854775807))
Edge(428768,46144,(3,9223372036854775807))
Edge(429466,63861,(1,9223372036854775807))
Edge(429945,227445,(3,9223372036854775807))
Edge(430141,438457,(1,9223372036854775807))
Edge(430261,435884,(3,9223372036854775807))
Edge(430478,456131,(1,3))
Edge(430608,465312,(3,9223372036854775807))
Edge(431520,442084,(1,3))
Edge(431949,240876,(1,9223372036854775807))
Edge(432087,198924,(1,9223372036854775807))
Edge(432174,35227,(3,9223372036854775807))
Edge(432208,488431,(3,9223372036854775807))
Edge(432263,2355,(3,9223372036854775807))
Edge(432395,15039,(3,9223372036854775807))
Edge(432642,139269,(3,9223372036854775807))
Edge(433037,458641,(3,9223372036854775807))
Edge(433119,103214,(3,9223372036854775807))
Edge(433156,345780,(3,9223372036854775807))
Edge(433559,306020,(3,9223372036854775807))
Edge(433979,443659,(1,3))
Edge(434087,205794,(3,9223372036854775807))
Edge(434635,251929,(3,9223372036854775807))
Edge(434681,202964,(1,3))
Edge(434712,234533,(3,9223372036854775807))
Edge(434855,321836,(3,9223372036854775807))
Edge(434944,372366,(3,9223372036854775807))
Edge(435163,487342,(3,9223372036854775807))
Edge(435457,149095,(1,9223372036854775807))
Edge(435516,331735,(4,9223372036854775807))
Edge(435898,293802,(1,9223372036854775807))
Edge(436241,390218,(3,9223372036854775807))
Edge(436242,109114,(3,9223372036854775807))
Edge(436385,465503,(3,9223372036854775807))
Edge(436555,119183,(1,3))
Edge(436617,181231,(3,9223372036854775807))
Edge(437019,362163,(3,9223372036854775807))
Edge(437081,328681,(3,9223372036854775807))
Edge(437118,176436,(3,9223372036854775807))
Edge(437403,292886,(3,9223372036854775807))
Edge(437724,418075,(3,9223372036854775807))
Edge(438095,497417,(3,9223372036854775807))
Edge(438417,476549,(3,9223372036854775807))
Edge(438758,18700,(3,9223372036854775807))
Edge(439074,47925,(3,9223372036854775807))
Edge(439107,370278,(3,9223372036854775807))
Edge(439118,415470,(3,9223372036854775807))
Edge(439128,279301,(1,3))
Edge(439269,406552,(3,9223372036854775807))
Edge(439310,464194,(3,9223372036854775807))
Edge(439569,262193,(1,9223372036854775807))
Edge(439648,176668,(3,9223372036854775807))
Edge(439956,410715,(3,9223372036854775807))
Edge(440042,7924,(1,9223372036854775807))
Edge(440679,56782,(3,9223372036854775807))
Edge(440745,266331,(1,9223372036854775807))
Edge(440836,476611,(3,9223372036854775807))
Edge(441107,208552,(1,9223372036854775807))
Edge(441623,105540,(1,9223372036854775807))
Edge(441714,98677,(3,9223372036854775807))
Edge(441803,135031,(1,3))
Edge(442113,120429,(3,9223372036854775807))
Edge(442568,152094,(1,3))
Edge(443289,7421,(3,9223372036854775807))
Edge(443743,470640,(3,9223372036854775807))
Edge(444104,325648,(1,9223372036854775807))
Edge(444311,122929,(3,9223372036854775807))
Edge(444785,240134,(3,9223372036854775807))
Edge(444863,368092,(3,9223372036854775807))
Edge(445178,370868,(3,9223372036854775807))
Edge(445344,439983,(3,9223372036854775807))
Edge(445425,117926,(1,9223372036854775807))
Edge(445508,183261,(3,9223372036854775807))
Edge(445900,450108,(3,9223372036854775807))
Edge(445905,217923,(3,9223372036854775807))
Edge(446055,329887,(3,9223372036854775807))
Edge(446640,66967,(3,9223372036854775807))
Edge(446735,321645,(1,9223372036854775807))
Edge(446788,483540,(3,9223372036854775807))
Edge(447289,106545,(1,3))
Edge(447341,17024,(1,9223372036854775807))
Edge(447349,412406,(3,9223372036854775807))
Edge(447362,499139,(3,9223372036854775807))
Edge(447544,481958,(3,9223372036854775807))
Edge(447740,420497,(3,9223372036854775807))
Edge(448068,89536,(1,9223372036854775807))
Edge(448270,64037,(3,9223372036854775807))
Edge(448859,204192,(1,9223372036854775807))
Edge(448966,149028,(3,9223372036854775807))
Edge(449503,140370,(3,9223372036854775807))
Edge(449585,30873,(3,9223372036854775807))
Edge(449618,354554,(3,9223372036854775807))
Edge(449848,464697,(1,3))
Edge(449896,371515,(3,9223372036854775807))
Edge(450013,314639,(3,9223372036854775807))
Edge(450508,292709,(3,9223372036854775807))
Edge(450541,408494,(3,9223372036854775807))
Edge(450609,210990,(3,9223372036854775807))
Edge(451239,496750,(3,9223372036854775807))
Edge(451556,471425,(3,9223372036854775807))
Edge(451719,295658,(3,9223372036854775807))
Edge(452039,91161,(3,9223372036854775807))
Edge(452124,470254,(3,9223372036854775807))
Edge(452979,56203,(1,3))
Edge(453330,34410,(3,9223372036854775807))
Edge(453877,412936,(3,9223372036854775807))
Edge(453966,153716,(3,9223372036854775807))
Edge(454339,291586,(3,9223372036854775807))
Edge(454599,223645,(3,9223372036854775807))
Edge(454754,349955,(3,9223372036854775807))
Edge(454994,424370,(3,9223372036854775807))
Edge(455889,264009,(3,9223372036854775807))
Edge(456164,272378,(3,9223372036854775807))
Edge(456467,442985,(3,9223372036854775807))
Edge(456617,437546,(3,9223372036854775807))
Edge(456727,21275,(1,9223372036854775807))
Edge(457057,306910,(3,9223372036854775807))
Edge(457609,383331,(3,9223372036854775807))
Edge(457621,360164,(3,9223372036854775807))
Edge(457686,39669,(3,9223372036854775807))
Edge(458044,83568,(3,9223372036854775807))
Edge(458085,420300,(3,9223372036854775807))
Edge(458141,254936,(3,9223372036854775807))
Edge(458356,143567,(3,9223372036854775807))
Edge(458408,133831,(3,9223372036854775807))
Edge(458686,198831,(3,9223372036854775807))
Edge(458691,359323,(3,9223372036854775807))
Edge(458692,17487,(3,9223372036854775807))
Edge(458764,458628,(1,3))
Edge(459292,241525,(3,9223372036854775807))
Edge(459452,305612,(3,9223372036854775807))
Edge(459609,425778,(1,9223372036854775807))
Edge(459745,490614,(3,9223372036854775807))
Edge(459793,333532,(3,9223372036854775807))
Edge(460101,109687,(3,9223372036854775807))
Edge(460408,419119,(3,9223372036854775807))
Edge(460568,436278,(3,9223372036854775807))
Edge(460763,76044,(3,9223372036854775807))
Edge(460997,361828,(3,9223372036854775807))
Edge(461121,56988,(3,9223372036854775807))
Edge(461493,258363,(3,9223372036854775807))
Edge(461835,309008,(3,9223372036854775807))
Edge(461860,381801,(3,9223372036854775807))
Edge(461873,48058,(3,9223372036854775807))
Edge(461890,82397,(1,3))
Edge(462123,1508,(3,9223372036854775807))
Edge(462299,191080,(3,9223372036854775807))
Edge(462313,178821,(3,9223372036854775807))
Edge(462385,47391,(1,3))
Edge(462654,132749,(3,9223372036854775807))
Edge(462751,418419,(3,9223372036854775807))
Edge(463131,5839,(3,9223372036854775807))
Edge(463348,57221,(3,9223372036854775807))
Edge(464173,137535,(1,9223372036854775807))
Edge(464594,478337,(3,9223372036854775807))
Edge(465181,102046,(3,9223372036854775807))
Edge(465283,84435,(3,9223372036854775807))
Edge(465353,276138,(3,9223372036854775807))
Edge(465862,425272,(3,9223372036854775807))
Edge(466224,464847,(3,9223372036854775807))
Edge(466358,209480,(3,9223372036854775807))
Edge(467175,82818,(3,9223372036854775807))
Edge(467183,44942,(3,9223372036854775807))
Edge(467331,72640,(3,9223372036854775807))
Edge(467358,260293,(3,9223372036854775807))
Edge(467545,383774,(3,9223372036854775807))
Edge(467639,110208,(3,9223372036854775807))
Edge(467841,180797,(3,9223372036854775807))
Edge(468104,201842,(3,9223372036854775807))
Edge(468358,209150,(3,9223372036854775807))
Edge(468536,358804,(1,9223372036854775807))
Edge(468865,158397,(3,9223372036854775807))
Edge(468957,444859,(1,9223372036854775807))
Edge(469007,451788,(3,9223372036854775807))
Edge(469025,4532,(3,9223372036854775807))
Edge(469310,318334,(3,9223372036854775807))
Edge(469425,126719,(1,9223372036854775807))
Edge(469861,79457,(1,9223372036854775807))
Edge(470333,436220,(1,9223372036854775807))
Edge(470421,370822,(3,9223372036854775807))
Edge(470578,136310,(3,9223372036854775807))
Edge(470832,237695,(3,9223372036854775807))
Edge(470963,97918,(3,9223372036854775807))
Edge(471746,184200,(3,9223372036854775807))
Edge(472115,153009,(3,9223372036854775807))
Edge(472202,292320,(3,9223372036854775807))
Edge(472352,365682,(1,9223372036854775807))
Edge(472388,219095,(3,9223372036854775807))
Edge(472395,439924,(3,9223372036854775807))
Edge(472435,239537,(3,9223372036854775807))
Edge(472449,386856,(3,9223372036854775807))
Edge(472561,209898,(1,3))
Edge(472988,41127,(3,9223372036854775807))
Edge(473059,53004,(1,9223372036854775807))
Edge(473113,186145,(3,9223372036854775807))
Edge(473174,138228,(1,3))
Edge(473822,63938,(3,9223372036854775807))
Edge(473935,371410,(3,9223372036854775807))
Edge(474217,273724,(3,9223372036854775807))
Edge(474310,369057,(1,9223372036854775807))
Edge(474494,24636,(3,9223372036854775807))
Edge(474599,102878,(3,9223372036854775807))
Edge(474656,139779,(3,9223372036854775807))
Edge(474811,136147,(3,9223372036854775807))
Edge(474881,297778,(3,9223372036854775807))
Edge(474885,39675,(1,9223372036854775807))
Edge(474927,267422,(3,9223372036854775807))
Edge(475054,284504,(3,9223372036854775807))
Edge(475184,170682,(3,9223372036854775807))
Edge(475224,51516,(3,9223372036854775807))
Edge(475327,165387,(3,9223372036854775807))
Edge(476133,414365,(3,9223372036854775807))
Edge(476144,16362,(1,3))
Edge(476215,99435,(1,3))
Edge(476292,201886,(1,9223372036854775807))
Edge(476732,119085,(3,9223372036854775807))
Edge(477098,109018,(1,9223372036854775807))
Edge(477150,345279,(3,9223372036854775807))
Edge(477414,258626,(3,9223372036854775807))
Edge(477611,83010,(3,9223372036854775807))
Edge(477720,187125,(3,9223372036854775807))
Edge(478819,298948,(3,9223372036854775807))
Edge(478826,390091,(1,3))
Edge(478958,484057,(3,9223372036854775807))
Edge(479431,195850,(3,9223372036854775807))
Edge(479504,121631,(1,9223372036854775807))
Edge(480030,205480,(3,9223372036854775807))
Edge(480054,86909,(3,9223372036854775807))
Edge(480659,76896,(3,9223372036854775807))
Edge(480814,222776,(3,9223372036854775807))
Edge(480994,300121,(3,9223372036854775807))
Edge(481334,373770,(3,9223372036854775807))
Edge(481420,271231,(1,9223372036854775807))
Edge(482137,34804,(3,9223372036854775807))
Edge(482280,292426,(3,9223372036854775807))
Edge(482475,467864,(3,9223372036854775807))
Edge(482797,435218,(3,9223372036854775807))
Edge(483321,237229,(3,9223372036854775807))
Edge(483744,134255,(3,9223372036854775807))
Edge(483874,487936,(3,9223372036854775807))
Edge(483982,446125,(3,9223372036854775807))
Edge(484380,489304,(3,9223372036854775807))
Edge(484650,465894,(3,9223372036854775807))
Edge(485389,474047,(1,9223372036854775807))
Edge(485693,91103,(3,9223372036854775807))
Edge(485853,338453,(3,9223372036854775807))
Edge(485993,481395,(3,9223372036854775807))
Edge(486003,109017,(3,9223372036854775807))
Edge(486265,332552,(3,9223372036854775807))
Edge(486713,234121,(3,9223372036854775807))
Edge(486940,323362,(1,9223372036854775807))
Edge(487049,335667,(3,9223372036854775807))
Edge(487362,86797,(3,9223372036854775807))
Edge(487554,43823,(3,9223372036854775807))
Edge(488662,244150,(3,9223372036854775807))
Edge(489006,338146,(3,9223372036854775807))
Edge(489715,152194,(3,9223372036854775807))
Edge(489739,338235,(3,9223372036854775807))
Edge(490048,175250,(3,9223372036854775807))
Edge(490236,400864,(3,9223372036854775807))
Edge(490363,461617,(3,9223372036854775807))
Edge(490380,454344,(3,9223372036854775807))
Edge(490484,432226,(3,9223372036854775807))
Edge(490609,266738,(3,9223372036854775807))
Edge(490951,456464,(1,9223372036854775807))
Edge(490977,271794,(3,9223372036854775807))
Edge(490993,460706,(3,9223372036854775807))
Edge(491427,225000,(3,9223372036854775807))
Edge(491612,461935,(3,9223372036854775807))
Edge(492255,243435,(3,9223372036854775807))
Edge(492304,218648,(3,9223372036854775807))
Edge(492305,374858,(3,9223372036854775807))
Edge(492572,305532,(3,9223372036854775807))
Edge(492670,208578,(3,9223372036854775807))
Edge(492949,141281,(3,9223372036854775807))
Edge(492981,379635,(3,9223372036854775807))
Edge(493129,429769,(3,9223372036854775807))
Edge(493202,402178,(3,9223372036854775807))
Edge(493480,120024,(3,9223372036854775807))
Edge(493510,148847,(1,9223372036854775807))
Edge(493549,440522,(1,9223372036854775807))
Edge(493612,420756,(3,9223372036854775807))
Edge(493797,17292,(1,9223372036854775807))
Edge(494026,209855,(3,9223372036854775807))
Edge(494099,99684,(3,9223372036854775807))
Edge(494540,35523,(3,9223372036854775807))
Edge(494656,168291,(3,9223372036854775807))
Edge(494813,213067,(1,9223372036854775807))
Edge(495165,490308,(3,9223372036854775807))
Edge(495433,303468,(3,9223372036854775807))
Edge(495585,393264,(3,9223372036854775807))
Edge(495617,408069,(3,9223372036854775807))
Edge(495888,325207,(3,9223372036854775807))
Edge(496165,224118,(1,9223372036854775807))
Edge(496667,189393,(3,9223372036854775807))
Edge(496670,480615,(3,9223372036854775807))
Edge(496676,20816,(3,9223372036854775807))
Edge(497676,435449,(3,9223372036854775807))
Edge(497686,72266,(3,9223372036854775807))
Edge(497715,201566,(3,9223372036854775807))
Edge(497880,380648,(3,9223372036854775807))
Edge(498843,55648,(3,9223372036854775807))
Edge(498975,95183,(1,9223372036854775807))
Edge(499205,1726,(3,9223372036854775807))
Edge(499223,290770,(3,9223372036854775807))
Edge(499234,499728,(1,9223372036854775807))
