Edge(131,213885,(3,9223372036854775807))
Edge(183,437878,(3,9223372036854775807))
Edge(363,61213,(3,9223372036854775807))
Edge(1207,337968,(3,9223372036854775807))
Edge(1629,3947,(3,9223372036854775807))
Edge(1858,225480,(3,9223372036854775807))
Edge(1867,194915,(3,9223372036854775807))
Edge(1939,401999,(1,9223372036854775807))
Edge(2310,129162,(3,9223372036854775807))
Edge(2619,261728,(3,9223372036854775807))
Edge(2739,211336,(3,9223372036854775807))
Edge(3793,12821,(3,9223372036854775807))
Edge(3826,401570,(3,9223372036854775807))
Edge(3843,487358,(1,9223372036854775807))
Edge(3872,453940,(3,9223372036854775807))
Edge(4097,294723,(3,9223372036854775807))
Edge(4492,422167,(3,9223372036854775807))
Edge(4636,101037,(3,9223372036854775807))
Edge(4689,64654,(3,9223372036854775807))
Edge(5178,197632,(1,9223372036854775807))
Edge(5309,47951,(3,9223372036854775807))
Edge(5581,400151,(3,9223372036854775807))
Edge(5852,47577,(3,9223372036854775807))
Edge(5903,350431,(3,9223372036854775807))
Edge(6793,230341,(3,9223372036854775807))
Edge(7021,411908,(1,9223372036854775807))
Edge(7096,54041,(3,9223372036854775807))
Edge(7243,494871,(1,3))
Edge(7278,478020,(3,9223372036854775807))
Edge(7638,242707,(3,9223372036854775807))
Edge(7812,292389,(3,9223372036854775807))
Edge(8115,238006,(3,9223372036854775807))
Edge(8283,382887,(3,9223372036854775807))
Edge(8303,39454,(3,9223372036854775807))
Edge(8448,78450,(3,9223372036854775807))
Edge(8674,457503,(3,9223372036854775807))
Edge(9061,421074,(3,9223372036854775807))
Edge(9104,43416,(3,9223372036854775807))
Edge(9533,241470,(3,9223372036854775807))
Edge(10226,367211,(3,9223372036854775807))
Edge(10529,361306,(3,9223372036854775807))
Edge(10696,30134,(1,9223372036854775807))
Edge(10753,18707,(3,9223372036854775807))
Edge(10900,42658,(3,9223372036854775807))
Edge(11015,294122,(1,9223372036854775807))
Edge(11440,310140,(1,9223372036854775807))
Edge(11495,164938,(1,9223372036854775807))
Edge(11823,37684,(3,9223372036854775807))
Edge(12024,335553,(4,9223372036854775807))
Edge(12791,4960,(3,9223372036854775807))
Edge(12869,206637,(3,9223372036854775807))
Edge(12921,254533,(3,9223372036854775807))
Edge(13149,94493,(3,9223372036854775807))
Edge(13152,493517,(1,3))
Edge(13357,24358,(1,9223372036854775807))
Edge(13797,493942,(1,9223372036854775807))
Edge(13927,30790,(1,3))
Edge(13959,349501,(1,9223372036854775807))
Edge(14370,395003,(3,9223372036854775807))
Edge(14521,396284,(3,9223372036854775807))
Edge(14612,421042,(3,9223372036854775807))
Edge(14666,169550,(3,9223372036854775807))
Edge(15047,180077,(3,9223372036854775807))
Edge(15113,296178,(3,9223372036854775807))
Edge(15172,379722,(3,9223372036854775807))
Edge(15174,471457,(3,9223372036854775807))
Edge(15332,243123,(3,9223372036854775807))
Edge(16326,92210,(3,9223372036854775807))
Edge(17164,27307,(3,9223372036854775807))
Edge(17178,200545,(3,9223372036854775807))
Edge(17712,133493,(3,9223372036854775807))
Edge(17733,343784,(1,9223372036854775807))
Edge(17739,231766,(3,9223372036854775807))
Edge(17976,364353,(3,9223372036854775807))
Edge(18046,209182,(3,9223372036854775807))
Edge(19130,450136,(3,9223372036854775807))
Edge(19251,36588,(3,9223372036854775807))
Edge(19496,357869,(3,9223372036854775807))
Edge(20892,377881,(3,9223372036854775807))
Edge(20899,119600,(3,9223372036854775807))
Edge(21130,348043,(3,9223372036854775807))
Edge(21632,435705,(3,9223372036854775807))
Edge(21644,329911,(1,3))
Edge(21844,283570,(3,9223372036854775807))
Edge(21963,256802,(1,9223372036854775807))
Edge(22020,490321,(3,9223372036854775807))
Edge(22318,214184,(3,9223372036854775807))
Edge(22539,277307,(3,9223372036854775807))
Edge(22891,336933,(3,9223372036854775807))
Edge(23649,108972,(3,9223372036854775807))
Edge(23901,176201,(3,9223372036854775807))
Edge(24417,160978,(3,9223372036854775807))
Edge(24578,90199,(3,9223372036854775807))
Edge(24721,250665,(3,9223372036854775807))
Edge(25711,269164,(3,9223372036854775807))
Edge(25748,674,(3,9223372036854775807))
Edge(25978,176422,(3,9223372036854775807))
Edge(26315,121635,(3,9223372036854775807))
Edge(26388,366871,(3,9223372036854775807))
Edge(26389,487366,(3,9223372036854775807))
Edge(26543,117088,(3,9223372036854775807))
Edge(26565,368672,(3,9223372036854775807))
Edge(26773,150970,(3,9223372036854775807))
Edge(27103,345619,(1,3))
Edge(27452,490936,(3,9223372036854775807))
Edge(27929,5534,(3,9223372036854775807))
Edge(28243,369973,(3,9223372036854775807))
Edge(28511,490159,(3,9223372036854775807))
Edge(28587,354012,(1,3))
Edge(28701,184804,(1,9223372036854775807))
Edge(28932,458003,(3,9223372036854775807))
Edge(29039,394323,(3,9223372036854775807))
Edge(29220,308460,(3,9223372036854775807))
Edge(29450,54250,(3,9223372036854775807))
Edge(29726,188378,(3,9223372036854775807))
Edge(29726,329980,(3,9223372036854775807))
Edge(29822,82364,(3,9223372036854775807))
Edge(30194,426405,(3,9223372036854775807))
Edge(31314,48391,(3,9223372036854775807))
Edge(31655,53661,(3,9223372036854775807))
Edge(31681,331072,(3,9223372036854775807))
Edge(31731,39948,(3,9223372036854775807))
Edge(32030,324740,(3,9223372036854775807))
Edge(32186,454724,(3,9223372036854775807))
Edge(32480,173461,(3,9223372036854775807))
Edge(32854,420818,(3,9223372036854775807))
Edge(33580,86932,(1,9223372036854775807))
Edge(33688,27444,(3,9223372036854775807))
Edge(33733,401687,(3,9223372036854775807))
Edge(34027,315346,(3,9223372036854775807))
Edge(34254,72869,(3,9223372036854775807))
Edge(34295,93276,(3,9223372036854775807))
Edge(34310,21769,(3,9223372036854775807))
Edge(34492,300758,(3,9223372036854775807))
Edge(34780,322047,(3,9223372036854775807))
Edge(35407,279765,(1,9223372036854775807))
Edge(36466,117720,(3,9223372036854775807))
Edge(36605,210553,(3,9223372036854775807))
Edge(36615,482299,(3,9223372036854775807))
Edge(36649,203190,(3,9223372036854775807))
Edge(36689,490899,(3,9223372036854775807))
Edge(36692,489521,(1,9223372036854775807))
Edge(37103,329513,(1,9223372036854775807))
Edge(37379,289749,(3,9223372036854775807))
Edge(37887,69098,(3,9223372036854775807))
Edge(38419,159278,(3,9223372036854775807))
Edge(38606,391058,(3,9223372036854775807))
Edge(39213,125537,(3,9223372036854775807))
Edge(39359,188,(3,9223372036854775807))
Edge(39434,336244,(3,9223372036854775807))
Edge(39804,368953,(3,9223372036854775807))
Edge(40066,410426,(4,9223372036854775807))
Edge(40069,171271,(3,9223372036854775807))
Edge(40507,454658,(1,9223372036854775807))
Edge(40681,67464,(3,9223372036854775807))
Edge(40939,252216,(3,9223372036854775807))
Edge(41107,450997,(3,9223372036854775807))
Edge(41739,104046,(3,9223372036854775807))
Edge(41931,223929,(1,9223372036854775807))
Edge(42524,308652,(1,9223372036854775807))
Edge(43014,112230,(1,3))
Edge(43086,419295,(3,9223372036854775807))
Edge(43094,483423,(1,9223372036854775807))
Edge(43124,33970,(1,9223372036854775807))
Edge(44305,428137,(3,9223372036854775807))
Edge(44325,348085,(3,9223372036854775807))
Edge(44826,429303,(1,9223372036854775807))
Edge(44914,459600,(1,9223372036854775807))
Edge(45867,453013,(3,9223372036854775807))
Edge(46492,124234,(1,3))
Edge(46914,73466,(3,9223372036854775807))
Edge(47249,316028,(3,9223372036854775807))
Edge(47405,277688,(3,9223372036854775807))
Edge(47439,438691,(3,9223372036854775807))
Edge(47442,268508,(3,9223372036854775807))
Edge(47616,248027,(1,9223372036854775807))
Edge(47967,203794,(3,9223372036854775807))
Edge(48260,298547,(1,9223372036854775807))
Edge(48627,259445,(3,9223372036854775807))
Edge(49383,221312,(3,9223372036854775807))
Edge(49893,495622,(3,9223372036854775807))
Edge(49938,96120,(3,9223372036854775807))
Edge(50189,399904,(1,3))
Edge(50544,191588,(3,9223372036854775807))
Edge(50703,178888,(1,3))
Edge(52233,63981,(3,9223372036854775807))
Edge(52632,399138,(3,9223372036854775807))
Edge(53125,72351,(3,9223372036854775807))
Edge(53135,142847,(3,9223372036854775807))
Edge(53335,127283,(1,9223372036854775807))
Edge(53339,80378,(1,9223372036854775807))
Edge(54328,350895,(3,9223372036854775807))
Edge(54610,7712,(3,9223372036854775807))
Edge(54664,333478,(3,9223372036854775807))
Edge(54679,329818,(3,9223372036854775807))
Edge(54697,410910,(3,9223372036854775807))
Edge(54708,351087,(1,9223372036854775807))
Edge(55030,391097,(3,9223372036854775807))
Edge(55032,492427,(3,9223372036854775807))
Edge(55049,408785,(1,9223372036854775807))
Edge(55153,39029,(1,9223372036854775807))
Edge(55206,76982,(3,9223372036854775807))
Edge(55299,284990,(3,9223372036854775807))
Edge(55708,43068,(1,9223372036854775807))
Edge(55801,479308,(3,9223372036854775807))
Edge(55868,482409,(1,9223372036854775807))
Edge(56021,107578,(1,9223372036854775807))
Edge(56094,179823,(1,9223372036854775807))
Edge(56137,411044,(3,9223372036854775807))
Edge(56148,424078,(3,9223372036854775807))
Edge(56447,445475,(3,9223372036854775807))
Edge(56724,227934,(3,9223372036854775807))
Edge(57197,209142,(3,9223372036854775807))
Edge(57303,99595,(3,9223372036854775807))
Edge(57513,444414,(3,9223372036854775807))
Edge(57897,99341,(3,9223372036854775807))
Edge(58220,413242,(3,9223372036854775807))
Edge(58384,175426,(3,9223372036854775807))
Edge(58933,451301,(3,9223372036854775807))
Edge(59756,37736,(3,9223372036854775807))
Edge(59901,365945,(3,9223372036854775807))
Edge(60006,149862,(3,9223372036854775807))
Edge(60309,408473,(3,9223372036854775807))
Edge(60662,458931,(1,9223372036854775807))
Edge(61146,104932,(3,9223372036854775807))
Edge(61228,492316,(1,3))
Edge(61274,8436,(3,9223372036854775807))
Edge(61708,416781,(1,9223372036854775807))
Edge(62052,260935,(3,9223372036854775807))
Edge(62206,261745,(3,9223372036854775807))
Edge(62430,413769,(3,9223372036854775807))
Edge(62918,175759,(3,9223372036854775807))
Edge(63023,496640,(1,9223372036854775807))
Edge(63031,244818,(3,9223372036854775807))
Edge(63341,243348,(3,9223372036854775807))
Edge(63501,414147,(3,9223372036854775807))
Edge(64112,203481,(3,9223372036854775807))
Edge(64171,257666,(3,9223372036854775807))
Edge(64269,215042,(3,9223372036854775807))
Edge(64516,149142,(1,9223372036854775807))
Edge(65352,191149,(3,9223372036854775807))
Edge(65353,287621,(3,9223372036854775807))
Edge(65904,357661,(1,3))
Edge(66286,136532,(3,9223372036854775807))
Edge(66313,319892,(3,9223372036854775807))
Edge(67270,468678,(3,9223372036854775807))
Edge(67447,486309,(1,9223372036854775807))
Edge(68141,336896,(1,9223372036854775807))
Edge(68252,214689,(3,9223372036854775807))
Edge(69306,332661,(1,9223372036854775807))
Edge(69975,195194,(3,9223372036854775807))
Edge(70433,266684,(3,9223372036854775807))
Edge(70626,329209,(3,9223372036854775807))
Edge(71264,195931,(3,9223372036854775807))
Edge(71424,373493,(3,9223372036854775807))
Edge(71640,159493,(3,9223372036854775807))
Edge(71737,204557,(3,9223372036854775807))
Edge(72064,304658,(1,9223372036854775807))
Edge(72103,312777,(3,9223372036854775807))
Edge(72454,443537,(3,9223372036854775807))
Edge(72634,192300,(3,9223372036854775807))
Edge(72805,244745,(3,9223372036854775807))
Edge(74506,221670,(3,9223372036854775807))
Edge(74511,378912,(3,9223372036854775807))
Edge(74712,273433,(3,9223372036854775807))
Edge(74751,45731,(3,9223372036854775807))
Edge(74973,424531,(3,9223372036854775807))
Edge(75002,277142,(3,9223372036854775807))
Edge(75378,451372,(3,9223372036854775807))
Edge(75900,485291,(3,9223372036854775807))
Edge(76002,428788,(1,9223372036854775807))
Edge(76017,463779,(3,9223372036854775807))
Edge(76039,79702,(3,9223372036854775807))
Edge(76644,455016,(3,9223372036854775807))
Edge(76677,149969,(3,9223372036854775807))
Edge(76770,180216,(1,9223372036854775807))
Edge(77507,425390,(3,9223372036854775807))
Edge(77869,391756,(3,9223372036854775807))
Edge(78067,225512,(3,9223372036854775807))
Edge(78185,432827,(1,9223372036854775807))
Edge(78414,115680,(3,9223372036854775807))
Edge(78796,455315,(3,9223372036854775807))
Edge(78801,487682,(3,9223372036854775807))
Edge(78802,161744,(4,9223372036854775807))
Edge(79114,462390,(3,9223372036854775807))
Edge(79540,408309,(1,9223372036854775807))
Edge(79906,174042,(3,9223372036854775807))
Edge(79920,101170,(3,9223372036854775807))
Edge(80758,288333,(3,9223372036854775807))
Edge(81207,402623,(3,9223372036854775807))
Edge(81259,340825,(3,9223372036854775807))
Edge(82021,95734,(1,9223372036854775807))
Edge(82301,95885,(3,9223372036854775807))
Edge(82367,140277,(3,9223372036854775807))
Edge(83450,397418,(1,9223372036854775807))
Edge(83940,206558,(3,9223372036854775807))
Edge(84664,337443,(3,9223372036854775807))
Edge(84747,363939,(3,9223372036854775807))
Edge(84881,403139,(1,9223372036854775807))
Edge(85443,313442,(3,9223372036854775807))
Edge(85616,58308,(1,9223372036854775807))
Edge(86018,299399,(3,9223372036854775807))
Edge(87065,215542,(1,3))
Edge(87153,94729,(3,9223372036854775807))
Edge(87265,174428,(1,9223372036854775807))
Edge(87265,261709,(3,9223372036854775807))
Edge(87473,68276,(3,9223372036854775807))
Edge(87623,497385,(3,9223372036854775807))
Edge(88233,274030,(3,9223372036854775807))
Edge(88319,134229,(3,9223372036854775807))
Edge(88389,259892,(1,9223372036854775807))
Edge(88535,292854,(3,9223372036854775807))
Edge(88674,307730,(3,9223372036854775807))
Edge(89201,177797,(3,9223372036854775807))
Edge(89307,97372,(3,9223372036854775807))
Edge(89496,19800,(3,9223372036854775807))
Edge(89806,157004,(1,3))
Edge(89879,150231,(3,9223372036854775807))
Edge(90281,233149,(3,9223372036854775807))
Edge(90554,383785,(3,9223372036854775807))
Edge(90624,118039,(3,9223372036854775807))
Edge(90943,141960,(3,9223372036854775807))
Edge(91426,435545,(3,9223372036854775807))
Edge(92029,424905,(1,9223372036854775807))
Edge(92381,422384,(3,9223372036854775807))
Edge(93163,87225,(1,9223372036854775807))
Edge(93174,79143,(3,9223372036854775807))
Edge(93402,334414,(1,9223372036854775807))
Edge(93425,82350,(3,9223372036854775807))
Edge(93560,264912,(3,9223372036854775807))
Edge(94394,48750,(3,9223372036854775807))
Edge(94522,226245,(1,9223372036854775807))
Edge(94663,97586,(3,9223372036854775807))
Edge(94882,37450,(3,9223372036854775807))
Edge(95402,449330,(3,9223372036854775807))
Edge(95509,157130,(3,9223372036854775807))
Edge(95556,171694,(1,9223372036854775807))
Edge(95717,413397,(3,9223372036854775807))
Edge(95958,408576,(3,9223372036854775807))
Edge(96426,119614,(3,9223372036854775807))
Edge(96548,36935,(3,9223372036854775807))
Edge(97113,318879,(3,9223372036854775807))
Edge(97451,277853,(3,9223372036854775807))
Edge(98189,386555,(3,9223372036854775807))
Edge(98652,44983,(3,9223372036854775807))
Edge(98700,428088,(1,9223372036854775807))
Edge(98779,452043,(3,9223372036854775807))
Edge(99584,156211,(1,9223372036854775807))
Edge(99779,196277,(3,9223372036854775807))
Edge(100153,308583,(3,9223372036854775807))
Edge(100236,267460,(1,9223372036854775807))
Edge(100822,44028,(3,9223372036854775807))
Edge(100843,278220,(3,9223372036854775807))
Edge(101079,235132,(1,3))
Edge(101136,143532,(3,9223372036854775807))
Edge(101152,481634,(3,9223372036854775807))
Edge(101548,76639,(1,9223372036854775807))
Edge(101719,456869,(1,9223372036854775807))
Edge(101966,494941,(1,3))
Edge(101987,142084,(1,3))
Edge(102029,241211,(3,9223372036854775807))
Edge(102451,295234,(3,9223372036854775807))
Edge(102520,11384,(3,9223372036854775807))
Edge(102742,283736,(3,9223372036854775807))
Edge(103168,158763,(3,9223372036854775807))
Edge(103677,490969,(3,9223372036854775807))
Edge(103701,430197,(3,9223372036854775807))
Edge(103831,397005,(3,9223372036854775807))
Edge(104995,386744,(3,9223372036854775807))
Edge(105003,480234,(3,9223372036854775807))
Edge(105249,354509,(3,9223372036854775807))
Edge(105665,423793,(3,9223372036854775807))
Edge(105669,233123,(3,9223372036854775807))
Edge(106013,334808,(3,9223372036854775807))
Edge(106258,327046,(3,9223372036854775807))
Edge(106825,404342,(1,9223372036854775807))
Edge(107537,133777,(1,9223372036854775807))
Edge(107756,373159,(3,9223372036854775807))
Edge(107925,214504,(3,9223372036854775807))
Edge(108062,350458,(1,3))
Edge(108137,208771,(3,9223372036854775807))
Edge(108208,193261,(1,9223372036854775807))
Edge(108282,126404,(3,9223372036854775807))
Edge(108775,362897,(1,9223372036854775807))
Edge(109232,71070,(3,9223372036854775807))
Edge(109711,234618,(3,9223372036854775807))
Edge(110757,452891,(1,3))
Edge(111466,200038,(3,9223372036854775807))
Edge(112086,140343,(3,9223372036854775807))
Edge(112300,218035,(3,9223372036854775807))
Edge(112630,210612,(3,9223372036854775807))
Edge(113067,391989,(3,9223372036854775807))
Edge(113951,337458,(3,9223372036854775807))
Edge(114078,49338,(3,9223372036854775807))
Edge(114499,391383,(3,9223372036854775807))
Edge(114543,199442,(3,9223372036854775807))
Edge(114787,402594,(3,9223372036854775807))
Edge(114974,271205,(3,9223372036854775807))
Edge(116112,496438,(3,9223372036854775807))
Edge(116505,211934,(3,9223372036854775807))
Edge(116705,452605,(3,9223372036854775807))
Edge(116739,60374,(1,9223372036854775807))
Edge(116883,341404,(3,9223372036854775807))
Edge(117096,489245,(3,9223372036854775807))
Edge(117532,6749,(1,9223372036854775807))
Edge(117929,222651,(3,9223372036854775807))
Edge(117995,134032,(3,9223372036854775807))
Edge(118005,286662,(3,9223372036854775807))
Edge(118067,329689,(3,9223372036854775807))
Edge(118111,387131,(1,9223372036854775807))
Edge(118497,184598,(1,3))
Edge(118570,354709,(3,9223372036854775807))
Edge(118714,445168,(1,9223372036854775807))
Edge(121135,46294,(3,9223372036854775807))
Edge(121295,211107,(3,9223372036854775807))
Edge(122351,49394,(3,9223372036854775807))
Edge(122403,36923,(1,9223372036854775807))
Edge(122420,299336,(3,9223372036854775807))
Edge(122565,17553,(1,3))
Edge(123248,498220,(3,9223372036854775807))
Edge(123543,364176,(1,9223372036854775807))
Edge(124213,354643,(1,3))
Edge(124836,451775,(3,9223372036854775807))
Edge(124999,239309,(3,9223372036854775807))
Edge(125077,421794,(3,9223372036854775807))
Edge(125128,52370,(1,9223372036854775807))
Edge(125488,186446,(3,9223372036854775807))
Edge(125863,132342,(3,9223372036854775807))
Edge(125973,184640,(1,9223372036854775807))
Edge(126465,188679,(1,9223372036854775807))
Edge(126579,254258,(3,9223372036854775807))
Edge(127042,211721,(1,3))
Edge(127086,3286,(3,9223372036854775807))
Edge(127244,479885,(3,9223372036854775807))
Edge(127300,338200,(3,9223372036854775807))
Edge(127500,293088,(1,9223372036854775807))
Edge(128134,261208,(3,9223372036854775807))
Edge(128261,3892,(3,9223372036854775807))
Edge(128525,95055,(3,9223372036854775807))
Edge(129194,475654,(3,9223372036854775807))
Edge(129458,272283,(1,3))
Edge(129687,204539,(3,9223372036854775807))
Edge(129998,125989,(3,9223372036854775807))
Edge(130134,94812,(3,9223372036854775807))
Edge(130189,361204,(3,9223372036854775807))
Edge(130369,328890,(3,9223372036854775807))
Edge(130440,352921,(3,9223372036854775807))
Edge(130563,48640,(3,9223372036854775807))
Edge(130844,74574,(3,9223372036854775807))
Edge(131220,347455,(1,3))
Edge(131319,239657,(3,9223372036854775807))
Edge(131362,221271,(3,9223372036854775807))
Edge(131494,209883,(3,9223372036854775807))
Edge(131766,377207,(1,9223372036854775807))
Edge(131900,31002,(3,9223372036854775807))
Edge(132026,418856,(3,9223372036854775807))
Edge(132189,307290,(1,9223372036854775807))
Edge(132361,246699,(3,9223372036854775807))
Edge(132657,497822,(3,9223372036854775807))
Edge(132880,173883,(1,9223372036854775807))
Edge(132892,445366,(3,9223372036854775807))
Edge(133542,136729,(3,9223372036854775807))
Edge(133774,64421,(1,3))
Edge(133797,274206,(1,9223372036854775807))
Edge(134103,93328,(3,9223372036854775807))
Edge(134149,358095,(3,9223372036854775807))
Edge(134176,321693,(1,9223372036854775807))
Edge(134706,391932,(1,3))
Edge(134850,109996,(3,9223372036854775807))
Edge(135206,308039,(3,9223372036854775807))
Edge(135403,161953,(3,9223372036854775807))
Edge(135455,202939,(3,9223372036854775807))
Edge(135626,376370,(3,9223372036854775807))
Edge(135726,353665,(3,9223372036854775807))
Edge(135753,326615,(3,9223372036854775807))
Edge(136128,357551,(1,3))
Edge(136320,127146,(3,9223372036854775807))
Edge(136899,261453,(3,9223372036854775807))
Edge(137822,468614,(3,9223372036854775807))
Edge(137825,311113,(1,9223372036854775807))
Edge(137996,91194,(3,9223372036854775807))
Edge(138292,16878,(3,9223372036854775807))
Edge(138803,16489,(3,9223372036854775807))
Edge(138974,371593,(3,9223372036854775807))
Edge(139065,387389,(3,9223372036854775807))
Edge(139262,54007,(3,9223372036854775807))
Edge(139345,459895,(3,9223372036854775807))
Edge(139628,108509,(3,9223372036854775807))
Edge(139770,148971,(3,9223372036854775807))
Edge(140088,96165,(3,9223372036854775807))
Edge(140092,20897,(1,9223372036854775807))
Edge(140136,166778,(1,9223372036854775807))
Edge(140503,27986,(3,9223372036854775807))
Edge(140522,369641,(3,9223372036854775807))
Edge(140542,475228,(3,9223372036854775807))
Edge(140614,398521,(3,9223372036854775807))
Edge(140776,257404,(3,9223372036854775807))
Edge(141259,148455,(3,9223372036854775807))
Edge(141509,462552,(3,9223372036854775807))
Edge(141574,204479,(3,9223372036854775807))
Edge(141575,52612,(3,9223372036854775807))
Edge(141943,422648,(1,9223372036854775807))
Edge(142197,83662,(3,9223372036854775807))
Edge(142472,425106,(1,9223372036854775807))
Edge(142655,432765,(3,9223372036854775807))
Edge(142701,82011,(3,9223372036854775807))
Edge(142874,466711,(3,9223372036854775807))
Edge(143379,219394,(3,9223372036854775807))
Edge(143394,179431,(3,9223372036854775807))
Edge(143505,189463,(3,9223372036854775807))
Edge(144349,488426,(3,9223372036854775807))
Edge(144414,74019,(3,9223372036854775807))
Edge(144495,238903,(3,9223372036854775807))
Edge(144961,58678,(3,9223372036854775807))
Edge(145345,364159,(1,3))
Edge(145707,448197,(3,9223372036854775807))
Edge(146040,487804,(3,9223372036854775807))
Edge(146363,127256,(3,9223372036854775807))
Edge(146553,150540,(3,9223372036854775807))
Edge(146907,204550,(3,9223372036854775807))
Edge(147305,51890,(3,9223372036854775807))
Edge(147421,91428,(3,9223372036854775807))
Edge(147514,200503,(1,9223372036854775807))
Edge(147688,295746,(3,4))
Edge(147954,130896,(1,9223372036854775807))
Edge(148092,52463,(3,9223372036854775807))
Edge(148155,108244,(3,9223372036854775807))
Edge(148248,243409,(1,9223372036854775807))
Edge(148309,440425,(3,9223372036854775807))
Edge(148865,228614,(3,9223372036854775807))
Edge(148988,116802,(1,9223372036854775807))
Edge(149166,210517,(3,9223372036854775807))
Edge(149289,107997,(3,9223372036854775807))
Edge(149546,202339,(3,9223372036854775807))
Edge(149575,166015,(3,9223372036854775807))
Edge(149714,108450,(1,9223372036854775807))
Edge(149759,347303,(3,9223372036854775807))
Edge(149775,355552,(3,9223372036854775807))
Edge(150051,205461,(3,9223372036854775807))
Edge(150326,12746,(3,9223372036854775807))
Edge(150352,439031,(1,9223372036854775807))
Edge(151139,202201,(3,9223372036854775807))
Edge(151569,351545,(3,9223372036854775807))
Edge(152011,306093,(3,9223372036854775807))
Edge(152407,48321,(3,9223372036854775807))
Edge(152605,125164,(1,9223372036854775807))
Edge(152634,56468,(3,9223372036854775807))
Edge(153165,491384,(1,9223372036854775807))
Edge(153233,311676,(3,9223372036854775807))
Edge(153336,233720,(3,9223372036854775807))
Edge(153620,465360,(3,9223372036854775807))
Edge(154206,288214,(3,9223372036854775807))
Edge(154378,251139,(3,9223372036854775807))
Edge(154430,446793,(1,9223372036854775807))
Edge(154457,27691,(1,3))
Edge(155043,259465,(3,9223372036854775807))
Edge(155059,428241,(3,9223372036854775807))
Edge(155118,224444,(3,9223372036854775807))
Edge(155570,265188,(1,9223372036854775807))
Edge(155613,411201,(3,9223372036854775807))
Edge(155959,157636,(3,9223372036854775807))
Edge(156342,331904,(1,9223372036854775807))
Edge(156358,478185,(3,9223372036854775807))
Edge(156584,428622,(3,9223372036854775807))
Edge(156625,78769,(1,9223372036854775807))
Edge(156769,452561,(1,9223372036854775807))
Edge(156892,10903,(1,9223372036854775807))
Edge(157209,463518,(3,9223372036854775807))
Edge(158726,20894,(3,9223372036854775807))
Edge(158790,151123,(3,9223372036854775807))
Edge(158922,487973,(3,9223372036854775807))
Edge(159585,267809,(3,9223372036854775807))
Edge(159592,394961,(3,9223372036854775807))
Edge(159630,15467,(3,9223372036854775807))
Edge(160876,220689,(1,9223372036854775807))
Edge(161077,408134,(3,9223372036854775807))
Edge(161274,14891,(3,9223372036854775807))
Edge(162159,40497,(3,9223372036854775807))
Edge(162532,43679,(1,9223372036854775807))
Edge(162641,111056,(3,9223372036854775807))
Edge(162728,38196,(3,9223372036854775807))
Edge(162784,302865,(3,9223372036854775807))
Edge(163411,390925,(3,9223372036854775807))
Edge(163615,403062,(3,9223372036854775807))
Edge(163936,391811,(3,9223372036854775807))
Edge(163948,321674,(3,9223372036854775807))
Edge(164172,211073,(3,9223372036854775807))
Edge(164672,476524,(3,9223372036854775807))
Edge(164674,34760,(3,9223372036854775807))
Edge(164923,160872,(3,9223372036854775807))
Edge(165128,157638,(3,9223372036854775807))
Edge(165290,306162,(3,9223372036854775807))
Edge(165334,163552,(3,9223372036854775807))
Edge(165712,119143,(1,9223372036854775807))
Edge(165809,127519,(3,9223372036854775807))
Edge(165923,238065,(3,9223372036854775807))
Edge(166338,141292,(3,9223372036854775807))
Edge(167090,350631,(3,9223372036854775807))
Edge(167125,236642,(3,9223372036854775807))
Edge(167133,49418,(3,9223372036854775807))
Edge(167209,154159,(1,3))
Edge(167253,17874,(3,9223372036854775807))
Edge(167439,302326,(1,9223372036854775807))
Edge(167551,44320,(1,9223372036854775807))
Edge(167819,53923,(3,9223372036854775807))
Edge(168046,128921,(1,9223372036854775807))
Edge(168280,82057,(3,9223372036854775807))
Edge(168307,477985,(1,9223372036854775807))
Edge(168742,209265,(1,9223372036854775807))
Edge(169016,186682,(3,9223372036854775807))
Edge(169209,359974,(3,9223372036854775807))
Edge(169391,371622,(3,9223372036854775807))
Edge(169875,336407,(3,9223372036854775807))
Edge(170327,96623,(3,9223372036854775807))
Edge(170937,471603,(3,9223372036854775807))
Edge(170998,350665,(3,9223372036854775807))
Edge(171067,279420,(1,9223372036854775807))
Edge(171465,337521,(1,3))
Edge(172392,64428,(1,9223372036854775807))
Edge(172492,332308,(3,9223372036854775807))
Edge(172814,244426,(3,9223372036854775807))
Edge(172864,190095,(3,9223372036854775807))
Edge(173210,208666,(3,9223372036854775807))
Edge(173290,206742,(3,9223372036854775807))
Edge(173321,333393,(3,9223372036854775807))
Edge(173471,6969,(3,9223372036854775807))
Edge(173592,261064,(1,9223372036854775807))
Edge(173625,150060,(1,9223372036854775807))
Edge(174141,439112,(3,9223372036854775807))
Edge(174245,36771,(3,9223372036854775807))
Edge(174766,432480,(3,9223372036854775807))
Edge(174932,398386,(1,9223372036854775807))
Edge(175201,480824,(1,9223372036854775807))
Edge(175403,49698,(3,9223372036854775807))
Edge(175665,97942,(3,9223372036854775807))
Edge(176422,447282,(3,9223372036854775807))
Edge(176901,416997,(3,9223372036854775807))
Edge(177001,416783,(3,9223372036854775807))
Edge(177558,416560,(3,9223372036854775807))
Edge(177810,223382,(1,9223372036854775807))
Edge(178056,398938,(3,9223372036854775807))
Edge(178233,438784,(3,9223372036854775807))
Edge(178325,470466,(3,9223372036854775807))
Edge(178692,452012,(3,9223372036854775807))
Edge(178869,399924,(3,9223372036854775807))
Edge(179149,77524,(3,9223372036854775807))
Edge(179642,487578,(3,9223372036854775807))
Edge(179713,408199,(3,9223372036854775807))
Edge(179951,53149,(3,9223372036854775807))
Edge(180147,467041,(3,9223372036854775807))
Edge(180375,429907,(3,9223372036854775807))
Edge(180464,83998,(3,9223372036854775807))
Edge(181288,321005,(3,9223372036854775807))
Edge(181322,10203,(3,9223372036854775807))
Edge(181575,425664,(3,9223372036854775807))
Edge(181886,485681,(3,9223372036854775807))
Edge(182355,373882,(3,9223372036854775807))
Edge(182737,476223,(3,9223372036854775807))
Edge(183051,4725,(3,9223372036854775807))
Edge(183651,400810,(1,9223372036854775807))
Edge(183813,120988,(3,9223372036854775807))
Edge(183821,262544,(1,9223372036854775807))
Edge(183862,407075,(3,9223372036854775807))
Edge(184313,173960,(3,9223372036854775807))
Edge(184422,404627,(3,9223372036854775807))
Edge(184623,459248,(3,9223372036854775807))
Edge(185667,275947,(1,3))
Edge(185707,414477,(3,9223372036854775807))
Edge(185719,169051,(3,9223372036854775807))
Edge(185735,284705,(3,9223372036854775807))
Edge(186345,434211,(3,9223372036854775807))
Edge(186813,411172,(1,9223372036854775807))
Edge(186873,216155,(1,9223372036854775807))
Edge(187821,174798,(3,9223372036854775807))
Edge(188063,193310,(3,9223372036854775807))
Edge(188302,316041,(3,9223372036854775807))
Edge(188315,304415,(3,9223372036854775807))
Edge(188749,411480,(3,9223372036854775807))
Edge(188923,272266,(3,9223372036854775807))
Edge(189041,307868,(3,9223372036854775807))
Edge(189373,284192,(3,9223372036854775807))
Edge(189832,232999,(3,9223372036854775807))
Edge(190025,282355,(3,9223372036854775807))
Edge(190698,341599,(3,9223372036854775807))
Edge(190819,315735,(1,9223372036854775807))
Edge(191129,94585,(3,9223372036854775807))
Edge(191782,21179,(1,9223372036854775807))
Edge(191846,185104,(3,9223372036854775807))
Edge(191998,476089,(3,9223372036854775807))
Edge(192143,102465,(3,9223372036854775807))
Edge(192172,31290,(3,9223372036854775807))
Edge(192578,404508,(3,9223372036854775807))
Edge(192626,493161,(3,9223372036854775807))
Edge(192871,190829,(3,9223372036854775807))
Edge(192909,364968,(1,9223372036854775807))
Edge(193095,162592,(3,9223372036854775807))
Edge(193323,215809,(3,9223372036854775807))
Edge(193520,53277,(3,9223372036854775807))
Edge(193873,71446,(3,9223372036854775807))
Edge(194102,346116,(1,3))
Edge(194224,307791,(1,9223372036854775807))
Edge(194280,97162,(3,9223372036854775807))
Edge(194719,31241,(3,9223372036854775807))
Edge(194835,259850,(3,9223372036854775807))
Edge(194869,371307,(3,9223372036854775807))
Edge(194976,156032,(1,9223372036854775807))
Edge(195025,368292,(3,9223372036854775807))
Edge(195129,490696,(3,9223372036854775807))
Edge(195763,124759,(3,9223372036854775807))
Edge(196049,401295,(3,9223372036854775807))
Edge(196428,428385,(1,9223372036854775807))
Edge(196429,108848,(1,3))
Edge(196507,81358,(3,9223372036854775807))
Edge(196703,447744,(3,9223372036854775807))
Edge(197084,145145,(3,9223372036854775807))
Edge(197572,368384,(1,9223372036854775807))
Edge(198041,293755,(3,9223372036854775807))
Edge(198320,431990,(3,9223372036854775807))
Edge(198460,305821,(3,9223372036854775807))
Edge(198546,20918,(3,9223372036854775807))
Edge(198716,166169,(3,9223372036854775807))
Edge(198808,151149,(3,9223372036854775807))
Edge(199074,82065,(3,9223372036854775807))
Edge(199580,219091,(3,9223372036854775807))
Edge(199768,414794,(3,9223372036854775807))
Edge(200528,443344,(3,9223372036854775807))
Edge(200630,404944,(1,9223372036854775807))
Edge(200986,282896,(3,9223372036854775807))
Edge(201141,477236,(3,9223372036854775807))
Edge(201151,57313,(1,3))
Edge(201482,303013,(1,9223372036854775807))
Edge(201496,213498,(3,9223372036854775807))
Edge(201715,474161,(3,9223372036854775807))
Edge(201742,200531,(1,9223372036854775807))
Edge(202079,243520,(3,9223372036854775807))
Edge(202254,390101,(3,9223372036854775807))
Edge(202613,446295,(3,9223372036854775807))
Edge(202922,93162,(3,9223372036854775807))
Edge(202963,437949,(3,9223372036854775807))
Edge(203174,442890,(1,9223372036854775807))
Edge(203863,99901,(1,3))
Edge(203885,277132,(3,9223372036854775807))
Edge(204030,5621,(3,9223372036854775807))
Edge(204040,154277,(3,9223372036854775807))
Edge(204259,40691,(1,9223372036854775807))
Edge(204675,345980,(1,9223372036854775807))
Edge(204905,474650,(3,9223372036854775807))
Edge(204907,80839,(3,9223372036854775807))
Edge(205147,189923,(1,9223372036854775807))
Edge(206102,38775,(3,9223372036854775807))
Edge(206139,23626,(1,9223372036854775807))
Edge(206367,456154,(3,9223372036854775807))
Edge(206612,383127,(3,9223372036854775807))
Edge(206949,198472,(3,9223372036854775807))
Edge(207312,257556,(3,9223372036854775807))
Edge(207434,37103,(3,9223372036854775807))
Edge(207818,154311,(3,9223372036854775807))
Edge(208014,338055,(3,9223372036854775807))
Edge(208370,211971,(1,9223372036854775807))
Edge(208569,490049,(1,9223372036854775807))
Edge(208580,122023,(3,9223372036854775807))
Edge(208604,5418,(1,9223372036854775807))
Edge(208624,422611,(3,9223372036854775807))
Edge(208637,3729,(3,9223372036854775807))
Edge(208802,277935,(3,9223372036854775807))
Edge(209143,156440,(1,9223372036854775807))
Edge(209999,308121,(3,9223372036854775807))
Edge(210092,481524,(1,9223372036854775807))
Edge(210140,238934,(1,9223372036854775807))
Edge(210225,379319,(3,9223372036854775807))
Edge(210583,6393,(3,9223372036854775807))
Edge(211254,69883,(3,9223372036854775807))
Edge(211492,192052,(3,9223372036854775807))
Edge(211695,8260,(3,9223372036854775807))
Edge(211968,64725,(3,9223372036854775807))
Edge(212026,263629,(3,9223372036854775807))
Edge(212049,437220,(3,9223372036854775807))
Edge(212293,56849,(3,9223372036854775807))
Edge(212482,225017,(3,9223372036854775807))
Edge(212617,394040,(3,9223372036854775807))
Edge(212717,295162,(3,9223372036854775807))
Edge(213190,132184,(1,9223372036854775807))
Edge(213253,439727,(3,9223372036854775807))
Edge(213338,199333,(1,9223372036854775807))
Edge(213892,101074,(1,9223372036854775807))
Edge(213962,443691,(3,9223372036854775807))
Edge(214118,85275,(3,9223372036854775807))
Edge(214287,341646,(3,9223372036854775807))
Edge(214549,192611,(1,9223372036854775807))
Edge(214589,275447,(3,9223372036854775807))
Edge(214724,462468,(3,9223372036854775807))
Edge(215184,101272,(3,9223372036854775807))
Edge(215314,3068,(3,9223372036854775807))
Edge(215876,55567,(3,9223372036854775807))
Edge(216020,28537,(3,9223372036854775807))
Edge(216179,124428,(3,9223372036854775807))
Edge(216461,225672,(3,9223372036854775807))
Edge(217129,257433,(3,9223372036854775807))
Edge(217496,28913,(1,3))
Edge(217787,443811,(1,9223372036854775807))
Edge(218638,78107,(3,9223372036854775807))
Edge(218776,403918,(3,9223372036854775807))
Edge(218826,111392,(3,9223372036854775807))
Edge(218936,394713,(1,9223372036854775807))
Edge(218971,224766,(3,9223372036854775807))
Edge(219121,183017,(3,9223372036854775807))
Edge(219276,104900,(3,9223372036854775807))
Edge(219285,359822,(3,9223372036854775807))
Edge(219499,496720,(3,9223372036854775807))
Edge(219522,173267,(1,9223372036854775807))
Edge(219559,108710,(1,9223372036854775807))
Edge(219605,146152,(3,9223372036854775807))
Edge(219905,44045,(3,9223372036854775807))
Edge(220392,53404,(1,9223372036854775807))
Edge(220702,285108,(3,9223372036854775807))
Edge(221154,54183,(3,9223372036854775807))
Edge(221191,93581,(3,9223372036854775807))
Edge(221691,64805,(3,9223372036854775807))
Edge(221724,83449,(3,9223372036854775807))
Edge(221790,125521,(3,9223372036854775807))
Edge(222149,406186,(3,9223372036854775807))
Edge(222203,401270,(3,9223372036854775807))
Edge(222529,377124,(3,9223372036854775807))
Edge(222697,389767,(3,9223372036854775807))
Edge(223164,47941,(1,9223372036854775807))
Edge(223327,189918,(1,9223372036854775807))
Edge(223480,155681,(3,9223372036854775807))
Edge(223993,61109,(3,9223372036854775807))
Edge(224089,457747,(3,9223372036854775807))
Edge(224155,205246,(1,9223372036854775807))
Edge(224824,400634,(3,9223372036854775807))
Edge(225152,154639,(1,3))
Edge(225676,378601,(3,9223372036854775807))
Edge(225974,472000,(3,9223372036854775807))
Edge(226471,77268,(1,9223372036854775807))
Edge(226564,487341,(1,9223372036854775807))
Edge(226937,74396,(3,9223372036854775807))
Edge(227001,56937,(3,9223372036854775807))
Edge(227094,240917,(3,9223372036854775807))
Edge(227179,219079,(3,9223372036854775807))
Edge(227285,350601,(3,9223372036854775807))
Edge(227365,495061,(3,4))
Edge(227444,431805,(3,9223372036854775807))
Edge(227847,251431,(3,9223372036854775807))
Edge(227964,433385,(3,9223372036854775807))
Edge(227973,124760,(1,3))
Edge(228124,384955,(3,9223372036854775807))
Edge(228199,285544,(3,9223372036854775807))
Edge(228200,379588,(3,9223372036854775807))
Edge(228418,178851,(3,9223372036854775807))
Edge(228462,68736,(3,9223372036854775807))
Edge(228615,78159,(3,9223372036854775807))
Edge(228731,438071,(3,9223372036854775807))
Edge(229049,259547,(3,9223372036854775807))
Edge(229779,296739,(3,9223372036854775807))
Edge(230258,25542,(1,9223372036854775807))
Edge(231277,267773,(3,9223372036854775807))
Edge(231440,335944,(3,9223372036854775807))
Edge(231587,244692,(3,9223372036854775807))
Edge(231622,260506,(3,9223372036854775807))
Edge(231978,139230,(4,9223372036854775807))
Edge(232270,65915,(3,9223372036854775807))
Edge(233013,281135,(3,9223372036854775807))
Edge(233204,1845,(3,9223372036854775807))
Edge(233580,397698,(3,9223372036854775807))
Edge(233794,199595,(3,9223372036854775807))
Edge(233832,465701,(3,9223372036854775807))
Edge(235145,100143,(1,9223372036854775807))
Edge(235311,470523,(1,9223372036854775807))
Edge(235476,295472,(1,9223372036854775807))
Edge(235689,153265,(3,9223372036854775807))
Edge(235929,303248,(3,9223372036854775807))
Edge(236441,456493,(3,9223372036854775807))
Edge(237103,122729,(3,9223372036854775807))
Edge(237134,205109,(3,9223372036854775807))
Edge(237381,334550,(3,9223372036854775807))
Edge(237585,421949,(3,9223372036854775807))
Edge(237599,70019,(3,9223372036854775807))
Edge(238615,373698,(3,9223372036854775807))
Edge(238663,166717,(1,3))
Edge(239988,376101,(3,9223372036854775807))
Edge(239989,475977,(1,9223372036854775807))
Edge(240009,316725,(3,9223372036854775807))
Edge(240448,286572,(3,9223372036854775807))
Edge(240623,79507,(1,9223372036854775807))
Edge(241756,174679,(1,3))
Edge(241781,324886,(3,9223372036854775807))
Edge(242161,84505,(3,9223372036854775807))
Edge(243738,48786,(1,3))
Edge(243890,226270,(1,3))
Edge(244076,422715,(1,9223372036854775807))
Edge(244326,318776,(3,9223372036854775807))
Edge(244435,290759,(3,9223372036854775807))
Edge(244504,20049,(3,9223372036854775807))
Edge(244664,387418,(3,9223372036854775807))
Edge(244902,496721,(3,9223372036854775807))
Edge(245015,177024,(3,9223372036854775807))
Edge(245306,97,(3,9223372036854775807))
Edge(245487,308315,(1,3))
Edge(245493,394749,(3,9223372036854775807))
Edge(245609,269666,(4,9223372036854775807))
Edge(245612,112485,(1,9223372036854775807))
Edge(245725,142621,(3,9223372036854775807))
Edge(245766,161260,(3,9223372036854775807))
Edge(245783,463886,(3,9223372036854775807))
Edge(246124,420544,(1,3))
Edge(246903,167457,(3,9223372036854775807))
Edge(247205,161544,(1,3))
Edge(247237,368835,(3,9223372036854775807))
Edge(247454,326559,(3,9223372036854775807))
Edge(247466,121666,(3,9223372036854775807))
Edge(247935,360131,(3,9223372036854775807))
Edge(248203,236197,(1,3))
Edge(248891,336893,(1,9223372036854775807))
Edge(250014,262986,(3,9223372036854775807))
Edge(250086,338270,(3,9223372036854775807))
Edge(251529,376960,(1,9223372036854775807))
Edge(251594,21738,(3,9223372036854775807))
Edge(251647,274594,(3,9223372036854775807))
Edge(252058,94431,(3,9223372036854775807))
Edge(252100,145753,(3,9223372036854775807))
Edge(252347,63616,(3,9223372036854775807))
Edge(253203,14226,(3,9223372036854775807))
Edge(253234,264078,(3,9223372036854775807))
Edge(253402,173578,(3,9223372036854775807))
Edge(253685,321792,(3,9223372036854775807))
Edge(253905,168558,(1,3))
Edge(253954,370013,(3,9223372036854775807))
Edge(253998,271560,(3,9223372036854775807))
Edge(254948,306794,(3,9223372036854775807))
Edge(255038,291437,(1,9223372036854775807))
Edge(255153,307636,(1,9223372036854775807))
Edge(255488,253099,(3,9223372036854775807))
Edge(255511,329323,(3,9223372036854775807))
Edge(255612,161363,(3,9223372036854775807))
Edge(255928,114547,(3,9223372036854775807))
Edge(255985,89125,(3,9223372036854775807))
Edge(256222,447255,(3,9223372036854775807))
Edge(256770,415561,(3,9223372036854775807))
Edge(257138,271210,(3,9223372036854775807))
Edge(257253,222072,(3,9223372036854775807))
Edge(257339,324771,(3,9223372036854775807))
Edge(257733,162858,(1,9223372036854775807))
Edge(257795,120613,(1,9223372036854775807))
Edge(257908,347481,(3,9223372036854775807))
Edge(258520,18659,(3,9223372036854775807))
Edge(258664,253294,(1,9223372036854775807))
Edge(258665,1385,(1,9223372036854775807))
Edge(258781,346936,(3,9223372036854775807))
Edge(259036,107161,(3,9223372036854775807))
Edge(259083,67231,(3,9223372036854775807))
Edge(259271,437910,(3,9223372036854775807))
Edge(259607,114677,(3,9223372036854775807))
Edge(260095,172566,(3,9223372036854775807))
Edge(260314,223297,(1,3))
Edge(260323,118075,(3,9223372036854775807))
Edge(260398,98536,(3,9223372036854775807))
Edge(260486,298771,(3,9223372036854775807))
Edge(260517,86403,(1,3))
Edge(260618,348129,(3,9223372036854775807))
Edge(260817,35794,(3,9223372036854775807))
Edge(261062,421439,(1,9223372036854775807))
Edge(261401,405093,(3,9223372036854775807))
Edge(261728,380395,(1,3))
Edge(261912,333117,(3,9223372036854775807))
Edge(261996,442981,(1,9223372036854775807))
Edge(262069,19733,(3,9223372036854775807))
Edge(262599,499996,(3,9223372036854775807))
Edge(262891,457239,(3,9223372036854775807))
Edge(262901,19120,(3,9223372036854775807))
Edge(263029,268467,(1,9223372036854775807))
Edge(263098,417758,(3,9223372036854775807))
Edge(263228,491039,(3,9223372036854775807))
Edge(263290,317885,(3,9223372036854775807))
Edge(263475,167092,(3,9223372036854775807))
Edge(263514,151143,(3,9223372036854775807))
Edge(263586,429329,(3,9223372036854775807))
Edge(263601,127021,(3,9223372036854775807))
Edge(263655,277597,(3,9223372036854775807))
Edge(263884,234540,(3,9223372036854775807))
Edge(263943,196428,(3,9223372036854775807))
Edge(264020,213849,(3,9223372036854775807))
Edge(264147,474672,(3,9223372036854775807))
Edge(264407,52016,(3,9223372036854775807))
Edge(264735,209720,(4,9223372036854775807))
Edge(264777,79859,(3,9223372036854775807))
Edge(265410,318487,(1,9223372036854775807))
Edge(265705,4565,(3,9223372036854775807))
Edge(265823,340761,(1,3))
Edge(266036,263242,(3,9223372036854775807))
Edge(267530,263526,(3,9223372036854775807))
Edge(267848,318005,(3,9223372036854775807))
Edge(268105,149926,(3,9223372036854775807))
Edge(268117,315957,(3,9223372036854775807))
Edge(268154,409643,(1,9223372036854775807))
Edge(268626,382086,(3,9223372036854775807))
Edge(268741,394837,(3,9223372036854775807))
Edge(268849,100554,(3,9223372036854775807))
Edge(268872,464220,(3,9223372036854775807))
Edge(268898,444271,(3,9223372036854775807))
Edge(269597,212178,(3,9223372036854775807))
Edge(269977,79315,(3,9223372036854775807))
Edge(270454,365963,(1,9223372036854775807))
Edge(270713,145282,(3,9223372036854775807))
Edge(271079,188162,(1,3))
Edge(271157,82308,(3,9223372036854775807))
Edge(271373,436922,(3,9223372036854775807))
Edge(271479,31175,(3,9223372036854775807))
Edge(271973,394586,(1,9223372036854775807))
Edge(272119,244122,(3,9223372036854775807))
Edge(272370,14466,(3,9223372036854775807))
Edge(272543,497333,(3,9223372036854775807))
Edge(272840,354945,(3,9223372036854775807))
Edge(273083,219853,(3,9223372036854775807))
Edge(273112,238271,(3,9223372036854775807))
Edge(273361,63135,(3,9223372036854775807))
Edge(273410,240622,(3,9223372036854775807))
Edge(273848,376169,(3,9223372036854775807))
Edge(274200,52906,(3,9223372036854775807))
Edge(274389,163838,(3,9223372036854775807))
Edge(274465,306863,(3,9223372036854775807))
Edge(274613,396578,(3,9223372036854775807))
Edge(274871,156160,(4,9223372036854775807))
Edge(274912,299101,(3,9223372036854775807))
Edge(275466,448830,(3,9223372036854775807))
Edge(275944,147457,(3,9223372036854775807))
Edge(276059,256914,(3,9223372036854775807))
Edge(276427,177898,(3,9223372036854775807))
Edge(276592,102443,(3,9223372036854775807))
Edge(276732,28146,(3,9223372036854775807))
Edge(277179,353229,(1,9223372036854775807))
Edge(277623,363088,(3,9223372036854775807))
Edge(278302,217190,(1,9223372036854775807))
Edge(278366,66310,(3,9223372036854775807))
Edge(278877,218877,(1,3))
Edge(279003,192182,(1,3))
Edge(279713,5899,(3,9223372036854775807))
Edge(280465,194957,(3,9223372036854775807))
Edge(281141,191142,(1,9223372036854775807))
Edge(281241,239540,(3,9223372036854775807))
Edge(282284,396378,(1,9223372036854775807))
Edge(282508,461710,(1,9223372036854775807))
Edge(282692,438553,(3,9223372036854775807))
Edge(282726,96917,(3,9223372036854775807))
Edge(283258,418227,(3,9223372036854775807))
Edge(283988,31368,(3,9223372036854775807))
Edge(284021,3533,(3,9223372036854775807))
Edge(284425,21576,(3,9223372036854775807))
Edge(284556,18400,(1,3))
Edge(285082,17299,(1,9223372036854775807))
Edge(285159,170064,(3,9223372036854775807))
Edge(285658,23769,(3,9223372036854775807))
Edge(285665,238055,(3,9223372036854775807))
Edge(285839,335825,(1,3))
Edge(286022,94781,(3,9223372036854775807))
Edge(286678,287785,(3,9223372036854775807))
Edge(286799,144140,(3,9223372036854775807))
Edge(287926,211996,(3,9223372036854775807))
Edge(288049,117560,(3,9223372036854775807))
Edge(288101,71262,(1,9223372036854775807))
Edge(288241,397666,(3,9223372036854775807))
Edge(288501,344200,(3,9223372036854775807))
Edge(288638,33294,(1,3))
Edge(289757,490852,(3,9223372036854775807))
Edge(290233,484524,(3,9223372036854775807))
Edge(290257,87205,(1,9223372036854775807))
Edge(291082,31528,(3,9223372036854775807))
Edge(291192,341552,(3,9223372036854775807))
Edge(291595,94327,(3,9223372036854775807))
Edge(291648,181984,(3,9223372036854775807))
Edge(292177,45215,(3,9223372036854775807))
Edge(292184,227833,(3,9223372036854775807))
Edge(292281,97871,(3,9223372036854775807))
Edge(292574,184057,(3,9223372036854775807))
Edge(292605,220199,(1,9223372036854775807))
Edge(292728,450601,(1,3))
Edge(292758,23551,(3,9223372036854775807))
Edge(292817,41578,(1,9223372036854775807))
Edge(293150,44856,(3,9223372036854775807))
Edge(294190,388920,(3,9223372036854775807))
Edge(294262,267788,(3,9223372036854775807))
Edge(294361,353115,(3,9223372036854775807))
Edge(295022,488000,(3,9223372036854775807))
Edge(295152,76554,(3,9223372036854775807))
Edge(295498,180281,(3,9223372036854775807))
Edge(295717,321405,(1,9223372036854775807))
Edge(296058,249946,(1,9223372036854775807))
Edge(296106,379949,(3,9223372036854775807))
Edge(296651,480635,(3,9223372036854775807))
Edge(296674,386788,(3,9223372036854775807))
Edge(297035,262877,(3,9223372036854775807))
Edge(297121,234832,(3,9223372036854775807))
Edge(297431,176322,(3,9223372036854775807))
Edge(297454,109487,(3,9223372036854775807))
Edge(297740,180595,(3,9223372036854775807))
Edge(297848,462989,(1,3))
Edge(297993,344533,(3,9223372036854775807))
Edge(298005,410128,(1,9223372036854775807))
Edge(298626,390963,(3,9223372036854775807))
Edge(299106,206756,(3,9223372036854775807))
Edge(299218,71335,(3,9223372036854775807))
Edge(299620,161197,(3,9223372036854775807))
Edge(299676,190348,(3,9223372036854775807))
Edge(299818,336850,(3,9223372036854775807))
Edge(300474,450592,(1,9223372036854775807))
Edge(300564,316090,(3,9223372036854775807))
Edge(301107,237257,(3,9223372036854775807))
Edge(301250,392179,(3,9223372036854775807))
Edge(301508,406276,(3,9223372036854775807))
Edge(301561,274476,(3,9223372036854775807))
Edge(301852,15737,(3,9223372036854775807))
Edge(301937,109783,(3,9223372036854775807))
Edge(301943,252823,(1,3))
Edge(302496,312087,(1,9223372036854775807))
Edge(302961,386450,(1,3))
Edge(303770,439958,(3,9223372036854775807))
Edge(303838,144909,(1,9223372036854775807))
Edge(304195,403863,(1,9223372036854775807))
Edge(304662,77294,(3,9223372036854775807))
Edge(304702,376427,(1,3))
Edge(304919,358171,(3,9223372036854775807))
Edge(305023,157137,(3,9223372036854775807))
Edge(305184,496031,(3,9223372036854775807))
Edge(306024,68947,(3,9223372036854775807))
Edge(306525,449087,(1,9223372036854775807))
Edge(306577,25740,(3,9223372036854775807))
Edge(306667,115563,(3,9223372036854775807))
Edge(307092,265539,(3,9223372036854775807))
Edge(307230,457488,(3,9223372036854775807))
Edge(307792,251371,(3,9223372036854775807))
Edge(307879,404223,(3,9223372036854775807))
Edge(308202,211691,(3,9223372036854775807))
Edge(308251,257736,(1,3))
Edge(308333,43142,(1,9223372036854775807))
Edge(308506,52791,(3,9223372036854775807))
Edge(308538,169485,(3,9223372036854775807))
Edge(308546,465601,(3,9223372036854775807))
Edge(308597,470355,(1,9223372036854775807))
Edge(308771,107078,(3,9223372036854775807))
Edge(308830,229811,(1,9223372036854775807))
Edge(308847,457515,(3,9223372036854775807))
Edge(308963,72879,(3,9223372036854775807))
Edge(309050,168938,(1,9223372036854775807))
Edge(309158,189766,(3,9223372036854775807))
Edge(309877,60788,(3,9223372036854775807))
Edge(310199,18456,(3,9223372036854775807))
Edge(310432,130535,(3,9223372036854775807))
Edge(310461,342558,(3,9223372036854775807))
Edge(310503,270635,(3,9223372036854775807))
Edge(310507,251486,(3,9223372036854775807))
Edge(310520,141230,(3,9223372036854775807))
Edge(310563,406261,(1,9223372036854775807))
Edge(310730,191471,(3,9223372036854775807))
Edge(310815,102411,(3,9223372036854775807))
Edge(310987,110568,(3,9223372036854775807))
Edge(311040,476030,(3,9223372036854775807))
Edge(311302,71714,(1,9223372036854775807))
Edge(311374,477307,(1,3))
Edge(311465,84960,(3,9223372036854775807))
Edge(311481,431836,(3,9223372036854775807))
Edge(311857,478843,(3,9223372036854775807))
Edge(312259,223367,(3,9223372036854775807))
Edge(312329,396865,(3,9223372036854775807))
Edge(312350,2370,(1,3))
Edge(312433,18252,(3,9223372036854775807))
Edge(312691,152484,(3,9223372036854775807))
Edge(312921,370590,(3,9223372036854775807))
Edge(313065,59201,(3,9223372036854775807))
Edge(313122,306207,(3,9223372036854775807))
Edge(314077,233922,(3,9223372036854775807))
Edge(314130,495777,(3,9223372036854775807))
Edge(314264,443298,(3,9223372036854775807))
Edge(314619,294783,(1,9223372036854775807))
Edge(314818,182947,(3,9223372036854775807))
Edge(315300,215923,(3,9223372036854775807))
Edge(315380,46373,(3,9223372036854775807))
Edge(315658,438540,(3,9223372036854775807))
Edge(315848,410648,(3,9223372036854775807))
Edge(315931,137991,(3,9223372036854775807))
Edge(316643,94417,(3,9223372036854775807))
Edge(316774,275063,(1,9223372036854775807))
Edge(316854,247323,(3,9223372036854775807))
Edge(317214,294329,(3,9223372036854775807))
Edge(317526,17175,(3,9223372036854775807))
Edge(317612,372138,(1,9223372036854775807))
Edge(317947,297349,(3,9223372036854775807))
Edge(317971,460349,(3,9223372036854775807))
Edge(318364,170074,(3,9223372036854775807))
Edge(318887,294420,(3,9223372036854775807))
Edge(319350,495590,(3,9223372036854775807))
Edge(319703,133391,(3,9223372036854775807))
Edge(319921,377139,(3,9223372036854775807))
Edge(320070,439820,(3,9223372036854775807))
Edge(320404,202298,(3,9223372036854775807))
Edge(320859,427218,(3,9223372036854775807))
Edge(321070,220651,(1,9223372036854775807))
Edge(321104,170671,(3,9223372036854775807))
Edge(321129,127979,(1,9223372036854775807))
Edge(321301,132353,(3,9223372036854775807))
Edge(321671,215869,(3,9223372036854775807))
Edge(321671,347354,(3,9223372036854775807))
Edge(321680,216899,(3,9223372036854775807))
Edge(322073,185561,(3,9223372036854775807))
Edge(322143,303065,(3,9223372036854775807))
Edge(322342,52041,(3,9223372036854775807))
Edge(322415,120832,(3,9223372036854775807))
Edge(322924,410331,(3,9223372036854775807))
Edge(322935,457348,(3,9223372036854775807))
Edge(323269,247311,(3,9223372036854775807))
Edge(323598,195785,(3,9223372036854775807))
Edge(323669,287027,(3,9223372036854775807))
Edge(324106,244486,(3,9223372036854775807))
Edge(324536,131515,(3,9223372036854775807))
Edge(324889,413180,(3,9223372036854775807))
Edge(325479,190631,(3,9223372036854775807))
Edge(326058,464792,(3,9223372036854775807))
Edge(326113,229708,(1,9223372036854775807))
Edge(326317,259648,(3,9223372036854775807))
Edge(326845,184612,(3,9223372036854775807))
Edge(327000,296186,(3,9223372036854775807))
Edge(327021,451224,(3,9223372036854775807))
Edge(328109,141495,(3,9223372036854775807))
Edge(328321,320261,(1,9223372036854775807))
Edge(328756,43688,(3,9223372036854775807))
Edge(328758,3746,(3,9223372036854775807))
Edge(328966,56146,(3,9223372036854775807))
Edge(328986,443027,(3,9223372036854775807))
Edge(329394,253280,(1,9223372036854775807))
Edge(329405,242324,(3,9223372036854775807))
Edge(329576,406010,(3,9223372036854775807))
Edge(329615,148753,(1,9223372036854775807))
Edge(330118,129598,(1,3))
Edge(330538,243057,(1,9223372036854775807))
Edge(331347,324786,(1,9223372036854775807))
Edge(331445,358361,(3,9223372036854775807))
Edge(331681,231720,(3,9223372036854775807))
Edge(331807,188514,(1,9223372036854775807))
Edge(331850,392293,(1,3))
Edge(331889,483354,(3,9223372036854775807))
Edge(331914,287939,(3,9223372036854775807))
Edge(331923,408623,(3,9223372036854775807))
Edge(331967,11785,(3,9223372036854775807))
Edge(332461,7860,(3,9223372036854775807))
Edge(332666,46727,(3,9223372036854775807))
Edge(333215,25935,(3,9223372036854775807))
Edge(333397,417944,(3,9223372036854775807))
Edge(333608,360372,(3,9223372036854775807))
Edge(333703,201139,(1,9223372036854775807))
Edge(334315,221177,(3,9223372036854775807))
Edge(334652,267338,(3,9223372036854775807))
Edge(335112,160110,(3,9223372036854775807))
Edge(335118,25314,(3,9223372036854775807))
Edge(335442,216918,(3,9223372036854775807))
Edge(335973,32840,(3,9223372036854775807))
Edge(336077,100355,(3,9223372036854775807))
Edge(336369,247745,(3,9223372036854775807))
Edge(336838,8545,(1,9223372036854775807))
Edge(336930,377676,(1,3))
Edge(337206,336551,(3,9223372036854775807))
Edge(337333,181150,(3,9223372036854775807))
Edge(337966,90395,(3,9223372036854775807))
Edge(337986,57795,(3,9223372036854775807))
Edge(338038,229826,(3,9223372036854775807))
Edge(338103,52978,(3,9223372036854775807))
Edge(338372,414535,(3,9223372036854775807))
Edge(338506,310209,(3,9223372036854775807))
Edge(338624,14610,(3,9223372036854775807))
Edge(338793,488934,(3,9223372036854775807))
Edge(339073,302329,(3,9223372036854775807))
Edge(339840,498046,(1,3))
Edge(340103,257873,(3,9223372036854775807))
Edge(340566,412746,(3,9223372036854775807))
Edge(340702,164327,(3,9223372036854775807))
Edge(340715,388006,(3,9223372036854775807))
Edge(340994,299359,(1,9223372036854775807))
Edge(341290,145342,(3,9223372036854775807))
Edge(341392,494800,(3,9223372036854775807))
Edge(341420,94162,(3,9223372036854775807))
Edge(341602,245346,(3,9223372036854775807))
Edge(341922,244070,(3,9223372036854775807))
Edge(341936,262309,(4,9223372036854775807))
Edge(342878,78108,(1,9223372036854775807))
Edge(344224,1851,(1,9223372036854775807))
Edge(344295,288850,(3,9223372036854775807))
Edge(345583,306227,(3,9223372036854775807))
Edge(346087,489373,(3,9223372036854775807))
Edge(346712,219991,(1,3))
Edge(347371,416127,(3,9223372036854775807))
Edge(347416,277218,(3,9223372036854775807))
Edge(347832,365478,(3,9223372036854775807))
Edge(347930,276322,(1,9223372036854775807))
Edge(347950,371827,(1,3))
Edge(348238,202285,(3,9223372036854775807))
Edge(348368,193213,(1,3))
Edge(348369,438675,(3,9223372036854775807))
Edge(348771,454043,(1,3))
Edge(348904,41908,(1,3))
Edge(349191,154336,(3,9223372036854775807))
Edge(349213,350975,(3,9223372036854775807))
Edge(349378,412604,(3,9223372036854775807))
Edge(349667,177228,(3,9223372036854775807))
Edge(349759,327356,(3,9223372036854775807))
Edge(350343,5949,(3,9223372036854775807))
Edge(350577,258775,(1,3))
Edge(350800,81572,(3,9223372036854775807))
Edge(350872,3069,(3,9223372036854775807))
Edge(351930,446825,(3,9223372036854775807))
Edge(352010,269357,(3,9223372036854775807))
Edge(352094,254169,(3,9223372036854775807))
Edge(352117,73485,(3,9223372036854775807))
Edge(352371,388601,(1,9223372036854775807))
Edge(352992,449262,(3,9223372036854775807))
Edge(353064,86179,(3,9223372036854775807))
Edge(353071,240383,(3,9223372036854775807))
Edge(353368,424895,(3,9223372036854775807))
Edge(353416,117735,(3,9223372036854775807))
Edge(353464,293636,(3,9223372036854775807))
Edge(353598,182440,(3,9223372036854775807))
Edge(354009,166263,(3,9223372036854775807))
Edge(354129,275715,(3,9223372036854775807))
Edge(354152,152662,(3,9223372036854775807))
Edge(354308,97404,(1,9223372036854775807))
Edge(354402,425028,(1,3))
Edge(354550,446444,(3,9223372036854775807))
Edge(354595,155340,(3,9223372036854775807))
Edge(355551,344421,(3,9223372036854775807))
Edge(355638,387301,(1,3))
Edge(355925,303761,(3,9223372036854775807))
Edge(356599,122522,(3,9223372036854775807))
Edge(356619,233412,(3,9223372036854775807))
Edge(357178,115458,(3,9223372036854775807))
Edge(357321,440759,(3,9223372036854775807))
Edge(357765,108913,(3,9223372036854775807))
Edge(358371,495510,(3,9223372036854775807))
Edge(358477,465233,(1,3))
Edge(359814,417226,(3,9223372036854775807))
Edge(360355,479974,(3,9223372036854775807))
Edge(360507,443304,(3,9223372036854775807))
Edge(360617,141572,(3,9223372036854775807))
Edge(361196,214344,(1,3))
Edge(361819,405402,(3,9223372036854775807))
Edge(362154,425100,(3,9223372036854775807))
Edge(362432,301677,(3,9223372036854775807))
Edge(362523,101030,(3,9223372036854775807))
Edge(362648,432854,(1,9223372036854775807))
Edge(362888,197738,(1,9223372036854775807))
Edge(363593,271240,(1,9223372036854775807))
Edge(363876,176528,(3,9223372036854775807))
Edge(364682,99099,(3,9223372036854775807))
Edge(364885,409610,(3,9223372036854775807))
Edge(365013,409945,(3,9223372036854775807))
Edge(365064,56725,(3,9223372036854775807))
Edge(365356,359539,(3,9223372036854775807))
Edge(366169,296961,(3,9223372036854775807))
Edge(366468,381409,(1,9223372036854775807))
Edge(366577,215900,(3,9223372036854775807))
Edge(366583,55662,(3,9223372036854775807))
Edge(366615,460906,(3,9223372036854775807))
Edge(367098,414484,(3,9223372036854775807))
Edge(367150,28795,(3,9223372036854775807))
Edge(367547,374455,(3,9223372036854775807))
Edge(367575,273468,(1,9223372036854775807))
Edge(367637,91933,(1,3))
Edge(367714,16957,(1,3))
Edge(367816,182524,(1,3))
Edge(367880,258177,(3,9223372036854775807))
Edge(367902,280319,(3,9223372036854775807))
Edge(368010,479316,(3,9223372036854775807))
Edge(368186,479064,(3,9223372036854775807))
Edge(368196,373405,(3,9223372036854775807))
Edge(368339,170298,(3,9223372036854775807))
Edge(368679,56097,(3,9223372036854775807))
Edge(368753,480465,(1,9223372036854775807))
Edge(368767,401969,(3,9223372036854775807))
Edge(368773,182580,(3,9223372036854775807))
Edge(368994,394152,(3,9223372036854775807))
Edge(369247,308547,(3,9223372036854775807))
Edge(369329,184539,(3,9223372036854775807))
Edge(369577,446497,(3,9223372036854775807))
Edge(369646,413762,(1,9223372036854775807))
Edge(369663,113663,(3,9223372036854775807))
Edge(370003,444578,(3,9223372036854775807))
Edge(370894,153883,(1,9223372036854775807))
Edge(371384,110824,(1,3))
Edge(371408,291462,(3,9223372036854775807))
Edge(371531,257127,(3,9223372036854775807))
Edge(371724,147079,(3,9223372036854775807))
Edge(371798,120970,(3,9223372036854775807))
Edge(372366,352444,(3,9223372036854775807))
Edge(372788,338298,(3,9223372036854775807))
Edge(372791,403457,(1,3))
Edge(372854,484290,(3,9223372036854775807))
Edge(372935,27084,(3,9223372036854775807))
Edge(373129,106826,(1,9223372036854775807))
Edge(373417,265190,(3,9223372036854775807))
Edge(373450,65912,(3,9223372036854775807))
Edge(373582,74051,(3,9223372036854775807))
Edge(373823,200986,(3,9223372036854775807))
Edge(373900,233985,(3,9223372036854775807))
Edge(374493,441416,(3,9223372036854775807))
Edge(375079,352530,(3,9223372036854775807))
Edge(375166,405209,(1,9223372036854775807))
Edge(375277,431109,(1,3))
Edge(375328,93195,(3,9223372036854775807))
Edge(375563,365328,(3,9223372036854775807))
Edge(375653,44838,(3,9223372036854775807))
Edge(375733,451895,(1,9223372036854775807))
Edge(375907,324479,(3,9223372036854775807))
Edge(376301,3140,(3,9223372036854775807))
Edge(376579,303043,(3,9223372036854775807))
Edge(376616,294432,(1,9223372036854775807))
Edge(376715,287663,(1,9223372036854775807))
Edge(376910,436577,(3,9223372036854775807))
Edge(377096,225966,(3,9223372036854775807))
Edge(377498,3367,(3,9223372036854775807))
Edge(377584,299567,(1,9223372036854775807))
Edge(377760,167145,(3,9223372036854775807))
Edge(378126,436079,(1,9223372036854775807))
Edge(378303,451917,(3,9223372036854775807))
Edge(378448,6297,(1,9223372036854775807))
Edge(378709,137395,(1,9223372036854775807))
Edge(378814,406766,(1,9223372036854775807))
Edge(378988,492719,(3,9223372036854775807))
Edge(379233,353243,(3,9223372036854775807))
Edge(379436,121598,(3,9223372036854775807))
Edge(379478,318331,(3,9223372036854775807))
Edge(379761,275201,(1,9223372036854775807))
Edge(379825,52713,(1,9223372036854775807))
Edge(380046,449780,(1,3))
Edge(380299,129090,(3,9223372036854775807))
Edge(380628,499190,(3,9223372036854775807))
Edge(380684,50818,(3,9223372036854775807))
Edge(380745,336364,(3,9223372036854775807))
Edge(380988,46431,(1,9223372036854775807))
Edge(381015,140487,(1,9223372036854775807))
Edge(381498,424018,(3,9223372036854775807))
Edge(381535,125625,(3,9223372036854775807))
Edge(381555,183237,(3,9223372036854775807))
Edge(382994,110735,(3,9223372036854775807))
Edge(383060,4914,(3,9223372036854775807))
Edge(383178,398951,(1,9223372036854775807))
Edge(383319,103518,(3,9223372036854775807))
Edge(383354,74222,(1,9223372036854775807))
Edge(383737,337107,(3,9223372036854775807))
Edge(383773,2221,(3,9223372036854775807))
Edge(383889,39174,(1,3))
Edge(383997,64427,(1,3))
Edge(384110,266642,(3,9223372036854775807))
Edge(384359,216328,(1,9223372036854775807))
Edge(384524,82872,(3,9223372036854775807))
Edge(385116,377320,(3,9223372036854775807))
Edge(385408,305047,(1,3))
Edge(385783,92207,(3,9223372036854775807))
Edge(385835,150576,(3,9223372036854775807))
Edge(386304,411021,(1,9223372036854775807))
Edge(386517,430855,(3,9223372036854775807))
Edge(386645,73185,(3,9223372036854775807))
Edge(386934,488888,(3,9223372036854775807))
Edge(386973,93053,(3,9223372036854775807))
Edge(387187,478395,(3,9223372036854775807))
Edge(387237,112225,(3,9223372036854775807))
Edge(387627,45982,(3,9223372036854775807))
Edge(387886,137731,(3,9223372036854775807))
Edge(388246,304066,(1,9223372036854775807))
Edge(388258,4440,(3,9223372036854775807))
Edge(388286,978,(3,9223372036854775807))
Edge(388322,498431,(3,9223372036854775807))
Edge(389047,246888,(3,9223372036854775807))
Edge(389067,18927,(3,9223372036854775807))
Edge(389162,305162,(3,9223372036854775807))
Edge(389314,164024,(1,3))
Edge(389984,227343,(3,9223372036854775807))
Edge(390114,107239,(3,9223372036854775807))
Edge(390776,475528,(1,9223372036854775807))
Edge(390802,118438,(3,9223372036854775807))
Edge(390844,272264,(3,9223372036854775807))
Edge(391206,177727,(3,9223372036854775807))
Edge(391559,194777,(3,9223372036854775807))
Edge(391632,496731,(3,9223372036854775807))
Edge(392080,133825,(3,9223372036854775807))
Edge(392149,439413,(3,9223372036854775807))
Edge(392762,485424,(3,9223372036854775807))
Edge(393149,322144,(3,9223372036854775807))
Edge(393304,283998,(1,9223372036854775807))
Edge(393467,177058,(3,9223372036854775807))
Edge(393484,485204,(3,9223372036854775807))
Edge(393645,397156,(3,9223372036854775807))
Edge(393708,166789,(3,9223372036854775807))
Edge(393854,184753,(1,3))
Edge(393953,177283,(3,9223372036854775807))
Edge(394118,73213,(3,9223372036854775807))
Edge(394533,346216,(1,3))
Edge(394878,342930,(3,9223372036854775807))
Edge(395500,272803,(1,9223372036854775807))
Edge(396027,367205,(3,9223372036854775807))
Edge(396470,122628,(3,9223372036854775807))
Edge(396509,283711,(3,9223372036854775807))
Edge(396523,23935,(1,9223372036854775807))
Edge(396853,76888,(1,3))
Edge(397111,433807,(3,9223372036854775807))
Edge(397336,388757,(3,9223372036854775807))
Edge(397493,245689,(3,9223372036854775807))
Edge(397509,121012,(3,9223372036854775807))
Edge(397834,82994,(3,9223372036854775807))
Edge(398652,149853,(3,9223372036854775807))
Edge(398877,348306,(1,9223372036854775807))
Edge(398882,499630,(3,9223372036854775807))
Edge(398910,407391,(3,9223372036854775807))
Edge(398950,254023,(1,3))
Edge(399353,286229,(3,9223372036854775807))
Edge(399396,114655,(3,9223372036854775807))
Edge(399755,249696,(1,3))
Edge(399803,112994,(1,9223372036854775807))
Edge(400491,106602,(3,9223372036854775807))
Edge(400937,75617,(3,9223372036854775807))
Edge(401034,55652,(3,9223372036854775807))
Edge(401295,116661,(3,9223372036854775807))
Edge(401312,91680,(3,9223372036854775807))
Edge(401368,354511,(3,9223372036854775807))
Edge(401752,1499,(3,9223372036854775807))
Edge(401784,306931,(3,9223372036854775807))
Edge(401982,212776,(3,9223372036854775807))
Edge(402026,283093,(1,9223372036854775807))
Edge(402404,144731,(3,9223372036854775807))
Edge(402503,41541,(3,9223372036854775807))
Edge(402682,314178,(3,9223372036854775807))
Edge(402757,129941,(3,9223372036854775807))
Edge(402902,369934,(3,9223372036854775807))
Edge(403531,125221,(3,9223372036854775807))
Edge(403625,198411,(3,9223372036854775807))
Edge(403834,389859,(3,9223372036854775807))
Edge(403952,199993,(3,9223372036854775807))
Edge(404426,138124,(3,9223372036854775807))
Edge(405369,119450,(3,9223372036854775807))
Edge(405833,384580,(3,9223372036854775807))
Edge(406102,65924,(1,9223372036854775807))
Edge(406141,17051,(3,9223372036854775807))
Edge(406374,217851,(3,9223372036854775807))
Edge(406595,28028,(3,9223372036854775807))
Edge(406897,35405,(3,9223372036854775807))
Edge(407047,259941,(1,3))
Edge(407127,443479,(3,9223372036854775807))
Edge(408484,84212,(3,9223372036854775807))
Edge(408734,496250,(3,9223372036854775807))
Edge(410041,34871,(3,9223372036854775807))
Edge(410133,68354,(3,9223372036854775807))
Edge(410162,71650,(3,9223372036854775807))
Edge(410791,152433,(3,9223372036854775807))
Edge(410957,321136,(3,9223372036854775807))
Edge(411172,410377,(3,9223372036854775807))
Edge(411331,18052,(3,9223372036854775807))
Edge(411384,382203,(3,9223372036854775807))
Edge(411453,98245,(3,9223372036854775807))
Edge(411752,59024,(3,9223372036854775807))
Edge(411880,473125,(3,9223372036854775807))
Edge(411957,106469,(1,3))
Edge(412038,251716,(3,9223372036854775807))
Edge(412385,99166,(3,9223372036854775807))
Edge(412660,153620,(3,9223372036854775807))
Edge(412710,412927,(3,9223372036854775807))
Edge(412902,121189,(3,9223372036854775807))
Edge(413065,460826,(3,9223372036854775807))
Edge(413113,211895,(3,9223372036854775807))
Edge(413160,482402,(1,3))
Edge(413491,229706,(3,9223372036854775807))
Edge(413512,88488,(1,9223372036854775807))
Edge(414020,258175,(3,9223372036854775807))
Edge(414126,452968,(1,9223372036854775807))
Edge(415108,420158,(3,9223372036854775807))
Edge(415215,451339,(3,9223372036854775807))
Edge(415398,173731,(3,9223372036854775807))
Edge(415465,202857,(3,9223372036854775807))
Edge(415500,463874,(1,3))
Edge(415830,150134,(3,9223372036854775807))
Edge(415861,357552,(1,9223372036854775807))
Edge(416100,130932,(3,9223372036854775807))
Edge(416425,178953,(3,9223372036854775807))
Edge(416613,159162,(1,9223372036854775807))
Edge(416791,121417,(3,9223372036854775807))
Edge(417097,159190,(3,9223372036854775807))
Edge(417436,452444,(3,9223372036854775807))
Edge(418081,157490,(3,9223372036854775807))
Edge(418323,32450,(3,9223372036854775807))
Edge(418491,214194,(1,9223372036854775807))
Edge(418992,104851,(3,9223372036854775807))
Edge(419177,63768,(3,9223372036854775807))
Edge(419366,370694,(3,9223372036854775807))
Edge(419707,355175,(3,9223372036854775807))
Edge(419820,100081,(3,9223372036854775807))
Edge(420076,383869,(1,9223372036854775807))
Edge(420128,212275,(1,3))
Edge(420447,381917,(3,9223372036854775807))
Edge(420608,56464,(3,9223372036854775807))
Edge(420718,496385,(1,9223372036854775807))
Edge(420952,263207,(1,9223372036854775807))
Edge(421296,174580,(3,9223372036854775807))
Edge(421313,383882,(1,9223372036854775807))
Edge(422103,144230,(3,9223372036854775807))
Edge(422478,361015,(1,3))
Edge(422514,63104,(1,3))
Edge(422932,313617,(3,9223372036854775807))
Edge(423202,75927,(3,9223372036854775807))
Edge(423227,122587,(1,3))
Edge(423330,259093,(3,9223372036854775807))
Edge(423866,174789,(3,9223372036854775807))
Edge(424582,1634,(1,9223372036854775807))
Edge(424780,23006,(3,9223372036854775807))
Edge(424993,380523,(3,9223372036854775807))
Edge(425585,89127,(3,9223372036854775807))
Edge(425668,140116,(3,9223372036854775807))
Edge(426198,380274,(3,9223372036854775807))
Edge(426781,169343,(3,9223372036854775807))
Edge(426823,63304,(3,9223372036854775807))
Edge(427187,496970,(3,9223372036854775807))
Edge(427291,147739,(3,9223372036854775807))
Edge(427462,93313,(3,9223372036854775807))
Edge(427786,492092,(1,9223372036854775807))
Edge(428121,471099,(3,9223372036854775807))
Edge(428261,210330,(3,9223372036854775807))
Edge(428328,20581,(3,9223372036854775807))
Edge(428413,206315,(3,9223372036854775807))
Edge(428465,220507,(3,9223372036854775807))
Edge(428750,75127,(3,9223372036854775807))
Edge(428969,357325,(3,9223372036854775807))
Edge(429056,215607,(3,9223372036854775807))
Edge(429974,303290,(3,9223372036854775807))
Edge(430018,196041,(3,9223372036854775807))
Edge(430824,15570,(3,9223372036854775807))
Edge(431149,275196,(1,9223372036854775807))
Edge(431265,337378,(3,9223372036854775807))
Edge(431379,321200,(3,9223372036854775807))
Edge(432504,114098,(1,9223372036854775807))
Edge(433035,119800,(3,9223372036854775807))
Edge(433057,337221,(3,9223372036854775807))
Edge(433222,275229,(3,9223372036854775807))
Edge(433323,245264,(3,9223372036854775807))
Edge(433451,341760,(3,9223372036854775807))
Edge(434031,222329,(3,9223372036854775807))
Edge(434883,32019,(3,9223372036854775807))
Edge(435002,101008,(3,9223372036854775807))
Edge(435522,311233,(3,9223372036854775807))
Edge(435997,477806,(3,9223372036854775807))
Edge(436469,384643,(1,3))
Edge(436594,110299,(3,9223372036854775807))
Edge(436666,381230,(3,9223372036854775807))
Edge(436726,124419,(3,9223372036854775807))
Edge(437119,443797,(3,9223372036854775807))
Edge(437605,348364,(3,9223372036854775807))
Edge(437891,347430,(3,9223372036854775807))
Edge(438486,154604,(3,9223372036854775807))
Edge(438504,312649,(3,9223372036854775807))
Edge(438893,221157,(1,3))
Edge(438915,255026,(1,3))
Edge(439153,454370,(1,9223372036854775807))
Edge(439461,207304,(3,9223372036854775807))
Edge(439843,481702,(3,9223372036854775807))
Edge(440001,227173,(3,9223372036854775807))
Edge(440200,442785,(3,9223372036854775807))
Edge(440428,334326,(3,9223372036854775807))
Edge(440715,234248,(1,9223372036854775807))
Edge(440904,115152,(3,9223372036854775807))
Edge(441511,99464,(3,9223372036854775807))
Edge(441594,215071,(3,9223372036854775807))
Edge(441633,85665,(3,9223372036854775807))
Edge(441783,3306,(3,9223372036854775807))
Edge(441969,398219,(3,9223372036854775807))
Edge(442269,48642,(3,9223372036854775807))
Edge(443668,287565,(1,9223372036854775807))
Edge(444269,147227,(1,9223372036854775807))
Edge(444517,130983,(1,9223372036854775807))
Edge(444577,136737,(1,9223372036854775807))
Edge(444588,491686,(3,9223372036854775807))
Edge(444685,255296,(1,9223372036854775807))
Edge(445463,473888,(3,9223372036854775807))
Edge(445464,48521,(1,9223372036854775807))
Edge(445469,82624,(1,9223372036854775807))
Edge(445501,44214,(1,9223372036854775807))
Edge(445741,97108,(3,9223372036854775807))
Edge(446294,170459,(3,9223372036854775807))
Edge(446446,431703,(3,9223372036854775807))
Edge(446926,399208,(3,9223372036854775807))
Edge(447124,13962,(3,9223372036854775807))
Edge(447696,381118,(3,9223372036854775807))
Edge(447859,469070,(3,9223372036854775807))
Edge(448266,331207,(1,9223372036854775807))
Edge(448460,67028,(1,9223372036854775807))
Edge(448628,459668,(3,9223372036854775807))
Edge(448650,179268,(3,9223372036854775807))
Edge(448722,140976,(1,3))
Edge(449031,13218,(1,9223372036854775807))
Edge(449421,52879,(3,9223372036854775807))
Edge(449563,73276,(3,9223372036854775807))
Edge(450195,118369,(3,9223372036854775807))
Edge(450340,107589,(3,9223372036854775807))
Edge(450364,487823,(3,9223372036854775807))
Edge(450681,315574,(3,9223372036854775807))
Edge(451196,271276,(3,9223372036854775807))
Edge(451245,281516,(3,9223372036854775807))
Edge(451458,309691,(3,9223372036854775807))
Edge(451726,119134,(3,9223372036854775807))
Edge(451837,437790,(3,9223372036854775807))
Edge(452509,412920,(3,9223372036854775807))
Edge(452896,480189,(3,9223372036854775807))
Edge(453248,50645,(3,9223372036854775807))
Edge(453248,190204,(3,9223372036854775807))
Edge(453276,59583,(3,9223372036854775807))
Edge(453284,399230,(3,9223372036854775807))
Edge(453643,100195,(1,9223372036854775807))
Edge(453803,13994,(3,9223372036854775807))
Edge(453951,495324,(3,9223372036854775807))
Edge(454039,180288,(3,9223372036854775807))
Edge(454498,268613,(1,3))
Edge(454712,376152,(3,9223372036854775807))
Edge(455534,193851,(3,9223372036854775807))
Edge(455957,84886,(1,9223372036854775807))
Edge(456191,310182,(1,9223372036854775807))
Edge(456448,496115,(3,9223372036854775807))
Edge(456531,337159,(3,9223372036854775807))
Edge(456626,498902,(1,9223372036854775807))
Edge(456862,192510,(3,9223372036854775807))
Edge(457391,283066,(3,9223372036854775807))
Edge(457824,32198,(3,9223372036854775807))
Edge(457921,1347,(3,9223372036854775807))
Edge(458178,479489,(3,9223372036854775807))
Edge(458887,288432,(1,9223372036854775807))
Edge(459487,395664,(3,9223372036854775807))
Edge(459578,245709,(3,9223372036854775807))
Edge(459587,204941,(3,9223372036854775807))
Edge(459793,394985,(3,9223372036854775807))
Edge(460028,105720,(3,9223372036854775807))
Edge(460465,139551,(3,9223372036854775807))
Edge(460521,414804,(1,3))
Edge(460573,259326,(3,9223372036854775807))
Edge(460798,458424,(3,9223372036854775807))
Edge(460864,54029,(3,9223372036854775807))
Edge(461817,251296,(1,9223372036854775807))
Edge(462277,382903,(3,9223372036854775807))
Edge(462675,231586,(3,9223372036854775807))
Edge(462792,103324,(3,9223372036854775807))
Edge(463126,496784,(3,9223372036854775807))
Edge(463609,118392,(3,9223372036854775807))
Edge(463641,186676,(1,3))
Edge(463915,398042,(3,9223372036854775807))
Edge(464148,7344,(1,3))
Edge(464449,360227,(3,9223372036854775807))
Edge(464604,364022,(3,9223372036854775807))
Edge(464818,129741,(1,9223372036854775807))
Edge(465525,167073,(3,9223372036854775807))
Edge(465760,290367,(3,9223372036854775807))
Edge(466414,356483,(3,9223372036854775807))
Edge(466864,17007,(3,9223372036854775807))
Edge(466950,336945,(3,9223372036854775807))
Edge(467090,301715,(1,3))
Edge(467100,68726,(3,9223372036854775807))
Edge(467123,379456,(3,9223372036854775807))
Edge(467203,138426,(3,9223372036854775807))
Edge(467655,420154,(3,9223372036854775807))
Edge(467849,384454,(3,9223372036854775807))
Edge(468753,389950,(3,9223372036854775807))
Edge(468817,189851,(3,9223372036854775807))
Edge(469018,205561,(3,9223372036854775807))
Edge(469117,367480,(1,9223372036854775807))
Edge(469313,297019,(3,9223372036854775807))
Edge(470000,347610,(4,9223372036854775807))
Edge(470340,186072,(1,9223372036854775807))
Edge(470879,298890,(1,9223372036854775807))
Edge(470883,400135,(1,9223372036854775807))
Edge(471007,200580,(3,9223372036854775807))
Edge(471384,89067,(3,9223372036854775807))
Edge(472224,94310,(3,9223372036854775807))
Edge(472263,169969,(3,9223372036854775807))
Edge(472548,472874,(3,9223372036854775807))
Edge(473486,402237,(3,9223372036854775807))
Edge(473703,454133,(3,9223372036854775807))
Edge(473888,389361,(3,9223372036854775807))
Edge(474209,64072,(3,9223372036854775807))
Edge(474349,1615,(3,9223372036854775807))
Edge(474493,242232,(3,9223372036854775807))
Edge(474520,401695,(3,9223372036854775807))
Edge(474631,447665,(3,9223372036854775807))
Edge(474904,202958,(1,9223372036854775807))
Edge(475196,128304,(3,9223372036854775807))
Edge(475460,150391,(3,9223372036854775807))
Edge(476237,489891,(3,9223372036854775807))
Edge(476554,354612,(3,9223372036854775807))
Edge(476795,312353,(3,9223372036854775807))
Edge(477195,374873,(3,9223372036854775807))
Edge(477204,290753,(3,9223372036854775807))
Edge(477877,96331,(1,9223372036854775807))
Edge(478208,366015,(1,3))
Edge(478616,416031,(3,9223372036854775807))
Edge(478959,157888,(3,9223372036854775807))
Edge(479318,319859,(3,9223372036854775807))
Edge(479418,239526,(3,9223372036854775807))
Edge(479512,441513,(1,9223372036854775807))
Edge(479955,364171,(3,9223372036854775807))
Edge(479993,79069,(3,9223372036854775807))
Edge(480242,225509,(1,9223372036854775807))
Edge(480499,330583,(3,9223372036854775807))
Edge(481123,173591,(3,9223372036854775807))
Edge(481370,68806,(3,9223372036854775807))
Edge(481408,198970,(3,9223372036854775807))
Edge(481489,338249,(3,9223372036854775807))
Edge(481567,213586,(3,9223372036854775807))
Edge(481755,398711,(3,9223372036854775807))
Edge(482038,272438,(3,9223372036854775807))
Edge(482116,63111,(3,9223372036854775807))
Edge(482138,389263,(3,9223372036854775807))
Edge(482486,11002,(3,9223372036854775807))
Edge(482565,170042,(3,9223372036854775807))
Edge(483636,487082,(3,9223372036854775807))
Edge(483867,468908,(1,9223372036854775807))
Edge(484003,221893,(3,9223372036854775807))
Edge(484122,389789,(3,9223372036854775807))
Edge(484449,37514,(3,9223372036854775807))
Edge(485380,62919,(3,9223372036854775807))
Edge(485425,208589,(3,9223372036854775807))
Edge(485440,323076,(1,9223372036854775807))
Edge(485654,211836,(3,9223372036854775807))
Edge(485782,181403,(1,9223372036854775807))
Edge(486076,8235,(3,9223372036854775807))
Edge(486115,391379,(1,3))
Edge(486119,373283,(3,9223372036854775807))
Edge(486486,59370,(3,9223372036854775807))
Edge(486633,79875,(3,9223372036854775807))
Edge(486715,492521,(1,3))
Edge(486756,192650,(1,3))
Edge(486851,489503,(3,9223372036854775807))
Edge(487041,40469,(3,9223372036854775807))
Edge(487440,276171,(1,3))
Edge(487992,466384,(1,9223372036854775807))
Edge(488287,349399,(3,9223372036854775807))
Edge(488372,268788,(3,9223372036854775807))
Edge(488438,378486,(1,9223372036854775807))
Edge(488483,384947,(3,9223372036854775807))
Edge(488860,90020,(3,9223372036854775807))
Edge(489112,374273,(1,9223372036854775807))
Edge(489145,151119,(3,9223372036854775807))
Edge(489220,408486,(3,9223372036854775807))
Edge(489398,474137,(1,9223372036854775807))
Edge(489615,324327,(1,9223372036854775807))
Edge(489798,420331,(3,9223372036854775807))
Edge(490424,133995,(3,9223372036854775807))
Edge(490646,228955,(3,9223372036854775807))
Edge(490904,228218,(3,9223372036854775807))
Edge(491256,22819,(3,9223372036854775807))
Edge(491412,215189,(3,9223372036854775807))
Edge(491431,434048,(3,9223372036854775807))
Edge(491628,488591,(3,9223372036854775807))
Edge(492320,216842,(3,9223372036854775807))
Edge(492434,163476,(3,9223372036854775807))
Edge(492719,473434,(3,9223372036854775807))
Edge(493070,209974,(3,9223372036854775807))
Edge(493473,266933,(3,9223372036854775807))
Edge(493750,387578,(3,9223372036854775807))
Edge(494084,488775,(3,9223372036854775807))
Edge(494357,65756,(1,9223372036854775807))
Edge(494664,403112,(3,9223372036854775807))
Edge(494881,25578,(1,9223372036854775807))
Edge(494977,440619,(3,9223372036854775807))
Edge(495242,45613,(3,9223372036854775807))
Edge(496217,345662,(1,9223372036854775807))
Edge(496419,234828,(1,3))
Edge(496667,24906,(1,9223372036854775807))
Edge(496767,251626,(3,9223372036854775807))
Edge(496921,89815,(1,3))
Edge(496945,347564,(3,9223372036854775807))
Edge(497202,46417,(3,9223372036854775807))
Edge(497622,30736,(3,9223372036854775807))
Edge(497965,50460,(3,9223372036854775807))
Edge(498027,481068,(3,9223372036854775807))
Edge(498070,386133,(1,9223372036854775807))
Edge(498775,183381,(1,9223372036854775807))
Edge(498846,142851,(3,9223372036854775807))
Edge(499019,76704,(3,9223372036854775807))
Edge(499041,422336,(1,9223372036854775807))
Edge(499632,488833,(1,9223372036854775807))
Edge(499838,330241,(3,9223372036854775807))
