Edge(391,315052,(3,9223372036854775807))
Edge(635,159104,(3,9223372036854775807))
Edge(917,489547,(3,9223372036854775807))
Edge(1375,378609,(3,9223372036854775807))
Edge(1460,160191,(3,9223372036854775807))
Edge(2305,70336,(1,9223372036854775807))
Edge(2766,481094,(3,9223372036854775807))
Edge(2934,473697,(3,9223372036854775807))
Edge(3784,328411,(1,3))
Edge(4208,84124,(3,9223372036854775807))
Edge(4544,428336,(1,9223372036854775807))
Edge(4551,174714,(3,9223372036854775807))
Edge(4782,311723,(3,9223372036854775807))
Edge(4828,455417,(3,9223372036854775807))
Edge(5001,401833,(3,9223372036854775807))
Edge(5336,257479,(3,9223372036854775807))
Edge(5450,487876,(3,9223372036854775807))
Edge(5588,230518,(3,9223372036854775807))
Edge(5954,211534,(3,9223372036854775807))
Edge(6286,293362,(3,9223372036854775807))
Edge(6351,145920,(3,9223372036854775807))
Edge(6357,209161,(3,9223372036854775807))
Edge(6766,456807,(3,9223372036854775807))
Edge(6817,140389,(3,9223372036854775807))
Edge(7187,231156,(3,9223372036854775807))
Edge(7227,222834,(1,9223372036854775807))
Edge(7559,11400,(3,9223372036854775807))
Edge(7837,453413,(3,9223372036854775807))
Edge(7898,322719,(1,9223372036854775807))
Edge(7980,115683,(3,9223372036854775807))
Edge(8543,172576,(3,9223372036854775807))
Edge(8694,479208,(3,9223372036854775807))
Edge(9482,137720,(3,9223372036854775807))
Edge(9750,420370,(3,9223372036854775807))
Edge(10844,142399,(3,9223372036854775807))
Edge(10920,171203,(3,9223372036854775807))
Edge(11297,30452,(1,9223372036854775807))
Edge(11320,463675,(3,9223372036854775807))
Edge(11529,30011,(1,9223372036854775807))
Edge(12104,274233,(3,9223372036854775807))
Edge(12362,320560,(1,9223372036854775807))
Edge(12414,492576,(1,9223372036854775807))
Edge(12663,300416,(3,9223372036854775807))
Edge(13024,79742,(3,9223372036854775807))
Edge(13413,421230,(1,3))
Edge(13692,122951,(3,9223372036854775807))
Edge(14123,397555,(3,9223372036854775807))
Edge(14168,331909,(1,9223372036854775807))
Edge(14239,260541,(3,9223372036854775807))
Edge(14435,393830,(3,9223372036854775807))
Edge(14750,115953,(1,3))
Edge(15051,72778,(3,9223372036854775807))
Edge(15226,341678,(3,9223372036854775807))
Edge(15329,145832,(3,9223372036854775807))
Edge(15853,351152,(3,9223372036854775807))
Edge(16340,411601,(3,9223372036854775807))
Edge(16503,227010,(3,9223372036854775807))
Edge(16514,154153,(3,9223372036854775807))
Edge(16739,428481,(1,9223372036854775807))
Edge(16894,43693,(3,9223372036854775807))
Edge(17168,303314,(3,9223372036854775807))
Edge(17476,47882,(1,9223372036854775807))
Edge(17492,29613,(3,9223372036854775807))
Edge(18102,167058,(3,9223372036854775807))
Edge(18221,58232,(3,9223372036854775807))
Edge(18329,318408,(3,9223372036854775807))
Edge(18672,250509,(3,9223372036854775807))
Edge(18738,58237,(1,9223372036854775807))
Edge(19149,366388,(3,9223372036854775807))
Edge(19264,396538,(3,9223372036854775807))
Edge(19578,152894,(3,9223372036854775807))
Edge(19646,458635,(3,9223372036854775807))
Edge(19938,78718,(3,9223372036854775807))
Edge(19947,304580,(3,9223372036854775807))
Edge(20070,496441,(3,9223372036854775807))
Edge(20330,255605,(3,9223372036854775807))
Edge(20619,311340,(1,9223372036854775807))
Edge(20972,354176,(3,9223372036854775807))
Edge(21326,489264,(1,9223372036854775807))
Edge(21828,43419,(3,9223372036854775807))
Edge(22120,301524,(1,9223372036854775807))
Edge(22135,413122,(3,9223372036854775807))
Edge(22349,76382,(4,9223372036854775807))
Edge(22789,14821,(3,9223372036854775807))
Edge(23556,169048,(3,9223372036854775807))
Edge(23786,56150,(3,9223372036854775807))
Edge(23996,274834,(1,3))
Edge(25082,300068,(3,9223372036854775807))
Edge(25111,430934,(3,9223372036854775807))
Edge(25175,117880,(3,9223372036854775807))
Edge(26007,321213,(3,9223372036854775807))
Edge(26038,488589,(3,9223372036854775807))
Edge(26220,56652,(3,9223372036854775807))
Edge(26642,288463,(3,9223372036854775807))
Edge(27123,174570,(3,9223372036854775807))
Edge(27164,254864,(3,9223372036854775807))
Edge(27235,227683,(3,9223372036854775807))
Edge(27287,175558,(3,9223372036854775807))
Edge(27664,46372,(3,9223372036854775807))
Edge(28127,205040,(3,9223372036854775807))
Edge(28408,482167,(3,9223372036854775807))
Edge(28462,392399,(1,9223372036854775807))
Edge(28528,490686,(1,9223372036854775807))
Edge(28851,254700,(1,9223372036854775807))
Edge(28860,169706,(1,9223372036854775807))
Edge(28879,93086,(3,9223372036854775807))
Edge(29795,130444,(1,9223372036854775807))
Edge(30186,75727,(3,9223372036854775807))
Edge(30360,66944,(3,9223372036854775807))
Edge(31431,494911,(3,9223372036854775807))
Edge(31445,398666,(3,9223372036854775807))
Edge(31617,102985,(3,9223372036854775807))
Edge(31646,34835,(3,9223372036854775807))
Edge(32031,130014,(3,9223372036854775807))
Edge(32899,403138,(3,9223372036854775807))
Edge(33217,423582,(3,9223372036854775807))
Edge(33700,332802,(3,9223372036854775807))
Edge(34150,143415,(3,9223372036854775807))
Edge(34161,236787,(3,9223372036854775807))
Edge(34330,59180,(3,9223372036854775807))
Edge(34334,280358,(3,9223372036854775807))
Edge(34552,343465,(3,9223372036854775807))
Edge(34777,344431,(3,9223372036854775807))
Edge(34786,153411,(3,9223372036854775807))
Edge(34954,291395,(3,9223372036854775807))
Edge(36314,51400,(3,9223372036854775807))
Edge(36326,401897,(3,9223372036854775807))
Edge(36817,218461,(3,9223372036854775807))
Edge(36843,222770,(3,9223372036854775807))
Edge(36904,184634,(3,9223372036854775807))
Edge(36986,114442,(3,9223372036854775807))
Edge(37038,304023,(3,9223372036854775807))
Edge(37280,390755,(3,9223372036854775807))
Edge(37642,195335,(3,9223372036854775807))
Edge(37795,75958,(1,9223372036854775807))
Edge(38410,250184,(1,9223372036854775807))
Edge(38438,487619,(3,9223372036854775807))
Edge(39191,210225,(3,9223372036854775807))
Edge(39445,5715,(3,9223372036854775807))
Edge(39895,166986,(3,9223372036854775807))
Edge(40588,162187,(3,9223372036854775807))
Edge(40792,281491,(3,9223372036854775807))
Edge(41350,448771,(3,9223372036854775807))
Edge(41793,169168,(3,9223372036854775807))
Edge(41901,3820,(3,9223372036854775807))
Edge(42518,5337,(1,9223372036854775807))
Edge(42531,349918,(3,9223372036854775807))
Edge(43345,71318,(3,9223372036854775807))
Edge(43442,286353,(3,9223372036854775807))
Edge(44441,368325,(3,9223372036854775807))
Edge(44728,109732,(1,9223372036854775807))
Edge(44801,328131,(1,3))
Edge(44875,349616,(3,9223372036854775807))
Edge(45172,448977,(3,9223372036854775807))
Edge(45180,171286,(3,9223372036854775807))
Edge(45370,29633,(3,9223372036854775807))
Edge(46169,448952,(1,9223372036854775807))
Edge(46324,36004,(1,9223372036854775807))
Edge(46535,483296,(3,9223372036854775807))
Edge(46994,275122,(3,9223372036854775807))
Edge(47020,374813,(1,3))
Edge(47037,22895,(3,9223372036854775807))
Edge(47162,261185,(1,9223372036854775807))
Edge(47792,293697,(3,9223372036854775807))
Edge(47966,235297,(3,9223372036854775807))
Edge(48371,442576,(3,9223372036854775807))
Edge(48944,37714,(3,9223372036854775807))
Edge(49018,50915,(1,9223372036854775807))
Edge(49330,413219,(1,3))
Edge(49343,30349,(3,9223372036854775807))
Edge(49379,219177,(3,9223372036854775807))
Edge(49379,385394,(3,9223372036854775807))
Edge(49737,253058,(1,3))
Edge(49741,142762,(3,9223372036854775807))
Edge(50309,160734,(1,3))
Edge(50509,99586,(3,9223372036854775807))
Edge(50986,61551,(3,9223372036854775807))
Edge(51036,453470,(1,3))
Edge(52055,56350,(3,9223372036854775807))
Edge(52457,1466,(3,9223372036854775807))
Edge(52960,108608,(3,9223372036854775807))
Edge(53213,338326,(3,9223372036854775807))
Edge(53498,190251,(3,9223372036854775807))
Edge(53618,397012,(3,9223372036854775807))
Edge(53665,25575,(3,9223372036854775807))
Edge(53677,140614,(3,9223372036854775807))
Edge(53689,6225,(3,9223372036854775807))
Edge(54537,364817,(1,9223372036854775807))
Edge(54550,172871,(1,9223372036854775807))
Edge(54584,102546,(1,9223372036854775807))
Edge(54702,226997,(3,9223372036854775807))
Edge(54776,101904,(3,9223372036854775807))
Edge(55205,15342,(3,9223372036854775807))
Edge(55755,33233,(3,9223372036854775807))
Edge(56076,220022,(3,9223372036854775807))
Edge(56197,223188,(3,9223372036854775807))
Edge(56199,416543,(3,9223372036854775807))
Edge(56453,374948,(3,9223372036854775807))
Edge(56945,166859,(1,3))
Edge(57122,162955,(3,9223372036854775807))
Edge(57248,31984,(3,9223372036854775807))
Edge(57720,150361,(1,9223372036854775807))
Edge(58257,342242,(3,9223372036854775807))
Edge(58946,164446,(1,9223372036854775807))
Edge(59405,38535,(1,9223372036854775807))
Edge(59580,368579,(1,3))
Edge(59780,298763,(1,9223372036854775807))
Edge(60015,350585,(1,9223372036854775807))
Edge(60473,289058,(3,9223372036854775807))
Edge(61322,473892,(3,9223372036854775807))
Edge(61547,4092,(3,9223372036854775807))
Edge(61861,228942,(3,9223372036854775807))
Edge(61862,426167,(3,9223372036854775807))
Edge(62031,67419,(3,9223372036854775807))
Edge(62124,201053,(1,9223372036854775807))
Edge(62824,362866,(3,9223372036854775807))
Edge(63094,188699,(3,9223372036854775807))
Edge(63579,491343,(3,9223372036854775807))
Edge(63728,212905,(3,9223372036854775807))
Edge(63735,342191,(3,9223372036854775807))
Edge(63785,300042,(1,9223372036854775807))
Edge(63857,192800,(3,9223372036854775807))
Edge(63872,4871,(3,9223372036854775807))
Edge(64724,123232,(3,9223372036854775807))
Edge(64953,81984,(3,9223372036854775807))
Edge(64959,403067,(3,9223372036854775807))
Edge(65330,296160,(3,9223372036854775807))
Edge(65365,448127,(1,3))
Edge(65875,293943,(3,9223372036854775807))
Edge(65931,325364,(3,9223372036854775807))
Edge(66213,165284,(3,9223372036854775807))
Edge(66329,388444,(1,9223372036854775807))
Edge(66907,315673,(1,9223372036854775807))
Edge(67270,261004,(3,9223372036854775807))
Edge(67294,323038,(3,9223372036854775807))
Edge(67535,453604,(3,9223372036854775807))
Edge(68189,378049,(3,9223372036854775807))
Edge(68203,166426,(1,3))
Edge(68402,130033,(3,9223372036854775807))
Edge(68542,83085,(3,9223372036854775807))
Edge(68683,251149,(3,9223372036854775807))
Edge(68829,147670,(3,9223372036854775807))
Edge(68884,114645,(3,9223372036854775807))
Edge(69202,230196,(3,9223372036854775807))
Edge(69508,465719,(1,9223372036854775807))
Edge(69782,152726,(1,3))
Edge(70843,95529,(1,3))
Edge(70890,302280,(3,9223372036854775807))
Edge(71941,154589,(3,9223372036854775807))
Edge(72779,387647,(3,9223372036854775807))
Edge(73236,166038,(3,9223372036854775807))
Edge(73376,192919,(1,3))
Edge(74149,115922,(3,9223372036854775807))
Edge(74277,371112,(3,9223372036854775807))
Edge(74339,257838,(1,9223372036854775807))
Edge(74702,327508,(3,9223372036854775807))
Edge(74808,429959,(3,9223372036854775807))
Edge(75818,496498,(3,9223372036854775807))
Edge(75881,495748,(3,9223372036854775807))
Edge(75952,139844,(3,9223372036854775807))
Edge(76197,337488,(1,9223372036854775807))
Edge(76680,253794,(3,9223372036854775807))
Edge(76901,113051,(3,9223372036854775807))
Edge(76943,231745,(1,9223372036854775807))
Edge(77313,205450,(3,9223372036854775807))
Edge(77548,11677,(3,9223372036854775807))
Edge(77662,150747,(3,9223372036854775807))
Edge(78166,280543,(4,9223372036854775807))
Edge(78633,474391,(1,9223372036854775807))
Edge(78925,104620,(3,9223372036854775807))
Edge(79429,344715,(3,9223372036854775807))
Edge(79734,30827,(3,9223372036854775807))
Edge(79814,170970,(3,9223372036854775807))
Edge(79823,462304,(3,9223372036854775807))
Edge(80016,46102,(4,9223372036854775807))
Edge(80114,22768,(1,3))
Edge(80150,3256,(3,9223372036854775807))
Edge(80263,434274,(1,9223372036854775807))
Edge(80520,419442,(3,9223372036854775807))
Edge(81443,36644,(3,9223372036854775807))
Edge(81511,410927,(3,9223372036854775807))
Edge(81776,471374,(3,9223372036854775807))
Edge(81840,151483,(3,9223372036854775807))
Edge(82132,185708,(3,9223372036854775807))
Edge(82316,46271,(3,9223372036854775807))
Edge(82653,287690,(3,9223372036854775807))
Edge(82915,222376,(3,9223372036854775807))
Edge(83189,246840,(3,9223372036854775807))
Edge(83242,453312,(1,3))
Edge(83589,247289,(3,9223372036854775807))
Edge(83951,314430,(3,9223372036854775807))
Edge(84225,446901,(4,9223372036854775807))
Edge(84885,399083,(3,9223372036854775807))
Edge(84944,368711,(3,9223372036854775807))
Edge(85519,207321,(3,9223372036854775807))
Edge(85918,415918,(1,9223372036854775807))
Edge(86049,157601,(3,9223372036854775807))
Edge(86160,148398,(3,9223372036854775807))
Edge(86606,447869,(3,9223372036854775807))
Edge(86628,318191,(1,3))
Edge(86692,276988,(3,9223372036854775807))
Edge(86736,488015,(3,9223372036854775807))
Edge(86769,296069,(1,3))
Edge(87187,336048,(3,9223372036854775807))
Edge(87221,477484,(3,9223372036854775807))
Edge(87928,329965,(3,9223372036854775807))
Edge(88204,236028,(3,9223372036854775807))
Edge(88317,410668,(3,9223372036854775807))
Edge(88436,332716,(1,9223372036854775807))
Edge(88757,227027,(3,9223372036854775807))
Edge(88892,51313,(3,9223372036854775807))
Edge(89191,298234,(1,9223372036854775807))
Edge(89334,293101,(3,9223372036854775807))
Edge(89479,255000,(3,9223372036854775807))
Edge(89704,254329,(3,9223372036854775807))
Edge(89744,65640,(3,9223372036854775807))
Edge(90068,431497,(1,9223372036854775807))
Edge(90119,37454,(3,9223372036854775807))
Edge(90728,121048,(1,3))
Edge(91182,13179,(3,9223372036854775807))
Edge(92319,397058,(3,9223372036854775807))
Edge(92648,454068,(1,9223372036854775807))
Edge(92785,281371,(1,9223372036854775807))
Edge(92864,48965,(1,9223372036854775807))
Edge(92915,94420,(3,9223372036854775807))
Edge(92943,8435,(3,9223372036854775807))
Edge(93050,198070,(3,9223372036854775807))
Edge(94408,483808,(3,9223372036854775807))
Edge(94439,277837,(3,9223372036854775807))
Edge(94567,486401,(3,9223372036854775807))
Edge(95093,141406,(3,9223372036854775807))
Edge(95104,277800,(1,9223372036854775807))
Edge(95650,42473,(3,9223372036854775807))
Edge(95658,338970,(3,9223372036854775807))
Edge(96185,329541,(3,9223372036854775807))
Edge(96262,334012,(1,3))
Edge(96345,472016,(3,9223372036854775807))
Edge(96660,130018,(3,9223372036854775807))
Edge(96779,10251,(3,9223372036854775807))
Edge(96802,236283,(3,9223372036854775807))
Edge(97077,359029,(3,9223372036854775807))
Edge(97500,80061,(1,3))
Edge(97766,8745,(3,9223372036854775807))
Edge(97789,406139,(3,9223372036854775807))
Edge(97859,412038,(3,9223372036854775807))
Edge(97959,371449,(1,9223372036854775807))
Edge(98010,389302,(3,9223372036854775807))
Edge(98083,133463,(3,9223372036854775807))
Edge(98099,477347,(3,9223372036854775807))
Edge(98392,217390,(3,9223372036854775807))
Edge(98608,487773,(3,9223372036854775807))
Edge(98730,335290,(3,9223372036854775807))
Edge(98794,110001,(1,3))
Edge(99000,274860,(3,9223372036854775807))
Edge(99102,377486,(3,9223372036854775807))
Edge(99175,26145,(3,9223372036854775807))
Edge(99646,279389,(3,9223372036854775807))
Edge(100014,336372,(3,9223372036854775807))
Edge(100246,432032,(1,9223372036854775807))
Edge(100322,426089,(3,9223372036854775807))
Edge(100530,210206,(3,9223372036854775807))
Edge(101111,16007,(3,9223372036854775807))
Edge(101276,456698,(3,9223372036854775807))
Edge(102238,3230,(4,9223372036854775807))
Edge(102447,209038,(3,9223372036854775807))
Edge(102463,406563,(3,9223372036854775807))
Edge(102510,440140,(3,9223372036854775807))
Edge(103029,498158,(3,9223372036854775807))
Edge(103550,234052,(3,9223372036854775807))
Edge(103739,383199,(4,9223372036854775807))
Edge(103826,122003,(3,9223372036854775807))
Edge(104926,367663,(1,3))
Edge(105100,76147,(3,9223372036854775807))
Edge(105234,418212,(1,3))
Edge(105321,182574,(1,9223372036854775807))
Edge(105505,476951,(3,9223372036854775807))
Edge(105630,136760,(1,9223372036854775807))
Edge(105861,248307,(3,9223372036854775807))
Edge(105869,109946,(3,9223372036854775807))
Edge(105906,410689,(3,9223372036854775807))
Edge(106120,273194,(3,9223372036854775807))
Edge(107246,272431,(3,9223372036854775807))
Edge(108030,219621,(3,9223372036854775807))
Edge(108308,291078,(3,9223372036854775807))
Edge(108838,449588,(1,9223372036854775807))
Edge(109173,109132,(3,9223372036854775807))
Edge(109238,38720,(3,9223372036854775807))
Edge(109324,78578,(3,9223372036854775807))
Edge(109384,436593,(3,9223372036854775807))
Edge(109467,295457,(3,9223372036854775807))
Edge(109545,279366,(3,9223372036854775807))
Edge(109555,228550,(3,9223372036854775807))
Edge(109675,34889,(3,9223372036854775807))
Edge(110315,46337,(2,9223372036854775807))
Edge(110328,362034,(3,9223372036854775807))
Edge(110686,14538,(3,9223372036854775807))
Edge(110982,91408,(3,9223372036854775807))
Edge(111072,265496,(3,9223372036854775807))
Edge(111087,363597,(3,9223372036854775807))
Edge(111594,481859,(3,9223372036854775807))
Edge(112087,363926,(3,9223372036854775807))
Edge(112256,452388,(3,9223372036854775807))
Edge(112298,498013,(3,9223372036854775807))
Edge(112406,103809,(3,9223372036854775807))
Edge(112413,478173,(3,9223372036854775807))
Edge(112425,109579,(3,9223372036854775807))
Edge(112712,333488,(3,9223372036854775807))
Edge(113146,318513,(3,9223372036854775807))
Edge(113247,277328,(3,9223372036854775807))
Edge(113260,141104,(3,9223372036854775807))
Edge(113485,438001,(3,9223372036854775807))
Edge(113992,246831,(4,9223372036854775807))
Edge(114046,466723,(3,9223372036854775807))
Edge(114092,176247,(3,9223372036854775807))
Edge(114158,107385,(3,9223372036854775807))
Edge(115097,414258,(3,9223372036854775807))
Edge(115301,324737,(3,9223372036854775807))
Edge(115417,330410,(3,9223372036854775807))
Edge(115596,427205,(1,9223372036854775807))
Edge(115708,387028,(3,9223372036854775807))
Edge(115822,352392,(1,3))
Edge(115890,308805,(3,9223372036854775807))
Edge(116733,134772,(3,9223372036854775807))
Edge(116755,432649,(3,9223372036854775807))
Edge(116853,19231,(3,9223372036854775807))
Edge(116915,221652,(1,9223372036854775807))
Edge(117827,388536,(3,9223372036854775807))
Edge(117920,171655,(3,9223372036854775807))
Edge(118190,37976,(1,9223372036854775807))
Edge(118213,447048,(3,9223372036854775807))
Edge(118613,399902,(3,9223372036854775807))
Edge(118807,326308,(3,9223372036854775807))
Edge(118922,134743,(3,9223372036854775807))
Edge(119679,296582,(1,3))
Edge(120217,499547,(1,3))
Edge(120663,262338,(3,9223372036854775807))
Edge(121041,119408,(3,9223372036854775807))
Edge(121146,246440,(3,9223372036854775807))
Edge(121698,331177,(3,9223372036854775807))
Edge(121937,100144,(1,9223372036854775807))
Edge(122372,184102,(3,9223372036854775807))
Edge(122477,317369,(3,9223372036854775807))
Edge(122696,448458,(1,9223372036854775807))
Edge(122857,324438,(3,9223372036854775807))
Edge(122894,492045,(3,9223372036854775807))
Edge(122916,239514,(3,9223372036854775807))
Edge(122921,471120,(1,9223372036854775807))
Edge(123245,135633,(3,9223372036854775807))
Edge(123394,300542,(3,9223372036854775807))
Edge(123524,482552,(3,9223372036854775807))
Edge(123654,465614,(3,9223372036854775807))
Edge(123707,280684,(1,3))
Edge(124109,186352,(3,9223372036854775807))
Edge(124304,15995,(3,9223372036854775807))
Edge(124365,75648,(3,9223372036854775807))
Edge(125303,246105,(1,9223372036854775807))
Edge(125571,22691,(3,9223372036854775807))
Edge(125730,131126,(3,9223372036854775807))
Edge(126392,221572,(3,9223372036854775807))
Edge(126680,333436,(3,9223372036854775807))
Edge(127028,198626,(3,9223372036854775807))
Edge(127551,383857,(1,9223372036854775807))
Edge(127787,320703,(1,9223372036854775807))
Edge(127803,176685,(1,9223372036854775807))
Edge(127846,428257,(1,9223372036854775807))
Edge(128399,480143,(3,9223372036854775807))
Edge(129192,458026,(3,9223372036854775807))
Edge(129405,31604,(1,9223372036854775807))
Edge(129910,385067,(3,9223372036854775807))
Edge(130000,388068,(3,9223372036854775807))
Edge(130151,175962,(3,9223372036854775807))
Edge(130275,441600,(3,9223372036854775807))
Edge(130627,388363,(3,9223372036854775807))
Edge(130929,369167,(3,9223372036854775807))
Edge(131518,177761,(3,9223372036854775807))
Edge(131890,334802,(3,9223372036854775807))
Edge(131943,305849,(3,9223372036854775807))
Edge(131990,296799,(3,9223372036854775807))
Edge(132500,240375,(1,3))
Edge(132740,101261,(3,9223372036854775807))
Edge(132756,365041,(3,9223372036854775807))
Edge(132778,123363,(3,9223372036854775807))
Edge(132999,189216,(3,9223372036854775807))
Edge(133139,445131,(3,9223372036854775807))
Edge(133266,329392,(3,9223372036854775807))
Edge(134114,497627,(3,9223372036854775807))
Edge(134725,499393,(3,9223372036854775807))
Edge(134778,325547,(3,9223372036854775807))
Edge(135118,179856,(3,9223372036854775807))
Edge(135209,141793,(3,9223372036854775807))
Edge(135696,499198,(3,9223372036854775807))
Edge(136053,195654,(3,9223372036854775807))
Edge(136414,140464,(1,9223372036854775807))
Edge(136606,377450,(3,9223372036854775807))
Edge(136743,120449,(3,9223372036854775807))
Edge(137706,203842,(3,9223372036854775807))
Edge(138413,421389,(3,9223372036854775807))
Edge(138541,430278,(1,9223372036854775807))
Edge(138729,143925,(3,9223372036854775807))
Edge(139303,329181,(3,9223372036854775807))
Edge(139859,448676,(3,9223372036854775807))
Edge(140117,455729,(3,9223372036854775807))
Edge(140687,420315,(3,9223372036854775807))
Edge(140898,238738,(3,9223372036854775807))
Edge(141016,310778,(1,9223372036854775807))
Edge(141550,229264,(3,9223372036854775807))
Edge(141587,436963,(3,9223372036854775807))
Edge(141588,385884,(1,9223372036854775807))
Edge(141670,377329,(3,9223372036854775807))
Edge(142834,163106,(3,9223372036854775807))
Edge(144658,366606,(3,9223372036854775807))
Edge(144728,380679,(3,9223372036854775807))
Edge(144740,488615,(3,9223372036854775807))
Edge(145353,201789,(1,3))
Edge(145398,407422,(3,9223372036854775807))
Edge(145664,57104,(1,9223372036854775807))
Edge(145758,347553,(3,9223372036854775807))
Edge(145791,368177,(3,9223372036854775807))
Edge(146289,25980,(3,9223372036854775807))
Edge(147117,445347,(3,9223372036854775807))
Edge(147394,91833,(1,9223372036854775807))
Edge(147396,227471,(3,9223372036854775807))
Edge(147680,140240,(3,9223372036854775807))
Edge(147896,262185,(1,3))
Edge(148191,417217,(3,9223372036854775807))
Edge(148196,118031,(3,9223372036854775807))
Edge(148312,240240,(3,9223372036854775807))
Edge(148509,192193,(3,9223372036854775807))
Edge(148785,53453,(3,9223372036854775807))
Edge(149168,125251,(3,9223372036854775807))
Edge(149603,290214,(1,9223372036854775807))
Edge(149787,346204,(3,9223372036854775807))
Edge(149965,498946,(1,9223372036854775807))
Edge(149970,456995,(3,9223372036854775807))
Edge(150230,132636,(1,9223372036854775807))
Edge(150245,65275,(3,9223372036854775807))
Edge(150625,400625,(3,9223372036854775807))
Edge(150633,336105,(3,9223372036854775807))
Edge(150774,440019,(3,9223372036854775807))
Edge(150821,292449,(1,9223372036854775807))
Edge(150875,9287,(3,9223372036854775807))
Edge(151264,367850,(3,9223372036854775807))
Edge(152207,488094,(1,9223372036854775807))
Edge(152243,409726,(3,9223372036854775807))
Edge(152390,60959,(3,9223372036854775807))
Edge(152702,345655,(3,9223372036854775807))
Edge(153319,296726,(3,9223372036854775807))
Edge(153468,429499,(3,9223372036854775807))
Edge(153530,391698,(3,9223372036854775807))
Edge(153626,149027,(3,9223372036854775807))
Edge(153630,171982,(3,9223372036854775807))
Edge(153908,194331,(3,9223372036854775807))
Edge(154155,217672,(1,9223372036854775807))
Edge(154186,351172,(3,9223372036854775807))
Edge(154893,349293,(3,9223372036854775807))
Edge(154946,332003,(3,9223372036854775807))
Edge(154983,347514,(3,9223372036854775807))
Edge(155159,72049,(3,9223372036854775807))
Edge(155287,445200,(1,9223372036854775807))
Edge(155316,84739,(3,9223372036854775807))
Edge(155786,282838,(1,9223372036854775807))
Edge(155798,339063,(1,9223372036854775807))
Edge(155923,390718,(3,9223372036854775807))
Edge(155931,138700,(3,9223372036854775807))
Edge(156565,309330,(3,9223372036854775807))
Edge(156888,74999,(1,3))
Edge(156910,97497,(3,9223372036854775807))
Edge(157276,30131,(3,9223372036854775807))
Edge(157364,377474,(3,9223372036854775807))
Edge(157559,253870,(3,9223372036854775807))
Edge(158148,319448,(3,9223372036854775807))
Edge(158295,58481,(3,9223372036854775807))
Edge(158579,300154,(3,9223372036854775807))
Edge(158741,56837,(3,9223372036854775807))
Edge(158779,302100,(3,9223372036854775807))
Edge(159104,64435,(3,9223372036854775807))
Edge(159389,255413,(3,9223372036854775807))
Edge(159833,22631,(3,9223372036854775807))
Edge(160240,172339,(3,9223372036854775807))
Edge(160328,433070,(1,9223372036854775807))
Edge(160684,41081,(3,9223372036854775807))
Edge(160708,329465,(3,9223372036854775807))
Edge(160776,52962,(3,9223372036854775807))
Edge(160884,435998,(3,9223372036854775807))
Edge(160958,169374,(3,9223372036854775807))
Edge(162268,123071,(3,9223372036854775807))
Edge(162346,61918,(3,9223372036854775807))
Edge(162388,191214,(3,9223372036854775807))
Edge(164689,113892,(3,9223372036854775807))
Edge(165589,229414,(3,9223372036854775807))
Edge(165716,317561,(3,9223372036854775807))
Edge(165773,213984,(3,9223372036854775807))
Edge(165852,202653,(3,9223372036854775807))
Edge(166368,481476,(3,9223372036854775807))
Edge(167041,365644,(3,9223372036854775807))
Edge(167270,343205,(1,9223372036854775807))
Edge(167315,17481,(3,9223372036854775807))
Edge(167427,52720,(1,9223372036854775807))
Edge(167734,87994,(3,9223372036854775807))
Edge(168015,169057,(3,9223372036854775807))
Edge(168022,328588,(3,9223372036854775807))
Edge(168173,92075,(3,9223372036854775807))
Edge(168618,32783,(1,3))
Edge(168722,1549,(3,9223372036854775807))
Edge(168849,108834,(1,3))
Edge(169246,353992,(3,9223372036854775807))
Edge(169926,19490,(3,9223372036854775807))
Edge(170811,146087,(3,9223372036854775807))
Edge(171033,358125,(3,9223372036854775807))
Edge(171103,442281,(1,9223372036854775807))
Edge(171230,431442,(3,9223372036854775807))
Edge(171252,273386,(3,9223372036854775807))
Edge(171300,42112,(3,9223372036854775807))
Edge(171796,167573,(3,9223372036854775807))
Edge(172915,464582,(1,9223372036854775807))
Edge(173060,353184,(3,9223372036854775807))
Edge(173161,340260,(3,9223372036854775807))
Edge(173256,497993,(3,9223372036854775807))
Edge(173392,249047,(3,9223372036854775807))
Edge(173646,109923,(3,9223372036854775807))
Edge(173724,235027,(1,9223372036854775807))
Edge(173852,46415,(3,9223372036854775807))
Edge(173872,230696,(3,9223372036854775807))
Edge(174006,250081,(1,3))
Edge(174682,259997,(3,9223372036854775807))
Edge(175136,391197,(3,9223372036854775807))
Edge(175171,165826,(3,9223372036854775807))
Edge(175916,41320,(3,9223372036854775807))
Edge(176184,203608,(3,9223372036854775807))
Edge(176189,63378,(3,9223372036854775807))
Edge(176937,455254,(3,9223372036854775807))
Edge(177409,462519,(3,9223372036854775807))
Edge(178111,220774,(3,9223372036854775807))
Edge(178362,442275,(3,9223372036854775807))
Edge(179248,302024,(3,9223372036854775807))
Edge(179381,410560,(3,9223372036854775807))
Edge(179466,176495,(3,9223372036854775807))
Edge(180160,148545,(3,9223372036854775807))
Edge(180526,397744,(3,9223372036854775807))
Edge(180718,81321,(1,9223372036854775807))
Edge(180800,297894,(3,9223372036854775807))
Edge(180917,925,(1,3))
Edge(180985,6085,(3,9223372036854775807))
Edge(181445,93456,(3,9223372036854775807))
Edge(181839,218646,(3,9223372036854775807))
Edge(182280,392872,(3,9223372036854775807))
Edge(182343,137345,(3,9223372036854775807))
Edge(182368,38159,(3,9223372036854775807))
Edge(182729,112695,(3,9223372036854775807))
Edge(182925,336770,(3,9223372036854775807))
Edge(182957,191759,(3,9223372036854775807))
Edge(183401,250269,(3,9223372036854775807))
Edge(183956,464854,(3,9223372036854775807))
Edge(184366,277492,(3,9223372036854775807))
Edge(184451,139726,(1,9223372036854775807))
Edge(184636,195006,(3,9223372036854775807))
Edge(184666,23038,(3,9223372036854775807))
Edge(185222,224590,(3,9223372036854775807))
Edge(185519,123591,(3,9223372036854775807))
Edge(186269,291186,(3,9223372036854775807))
Edge(186292,334120,(3,9223372036854775807))
Edge(186719,314486,(1,9223372036854775807))
Edge(186877,332336,(3,9223372036854775807))
Edge(187256,429919,(3,9223372036854775807))
Edge(187324,400438,(3,9223372036854775807))
Edge(187375,163992,(3,9223372036854775807))
Edge(187505,493386,(3,9223372036854775807))
Edge(187592,87304,(1,3))
Edge(187745,121683,(1,9223372036854775807))
Edge(187803,375818,(3,9223372036854775807))
Edge(187986,155218,(3,9223372036854775807))
Edge(188495,57656,(4,9223372036854775807))
Edge(189033,340845,(3,9223372036854775807))
Edge(189065,102785,(3,9223372036854775807))
Edge(189388,341028,(3,9223372036854775807))
Edge(189465,141335,(1,9223372036854775807))
Edge(189638,93497,(3,9223372036854775807))
Edge(189714,212301,(3,9223372036854775807))
Edge(189756,356921,(3,9223372036854775807))
Edge(190023,247171,(3,9223372036854775807))
Edge(190410,391642,(3,9223372036854775807))
Edge(190446,393753,(3,9223372036854775807))
Edge(190941,96512,(1,9223372036854775807))
Edge(191165,229242,(3,9223372036854775807))
Edge(191547,364584,(3,9223372036854775807))
Edge(191558,371101,(3,9223372036854775807))
Edge(191932,206783,(4,9223372036854775807))
Edge(192012,127386,(3,9223372036854775807))
Edge(192391,217475,(3,9223372036854775807))
Edge(192603,359281,(1,3))
Edge(193217,3489,(3,9223372036854775807))
Edge(194130,380687,(1,9223372036854775807))
Edge(194898,8173,(1,9223372036854775807))
Edge(195274,12871,(1,9223372036854775807))
Edge(195316,360578,(3,9223372036854775807))
Edge(195846,4799,(3,9223372036854775807))
Edge(195934,169389,(3,9223372036854775807))
Edge(196050,31289,(3,9223372036854775807))
Edge(196245,235066,(1,3))
Edge(196750,360960,(3,9223372036854775807))
Edge(197133,355635,(3,9223372036854775807))
Edge(198012,40774,(3,9223372036854775807))
Edge(198316,95969,(3,9223372036854775807))
Edge(199160,334636,(3,9223372036854775807))
Edge(199238,52524,(3,9223372036854775807))
Edge(199782,101492,(3,9223372036854775807))
Edge(200378,382062,(1,3))
Edge(200463,320737,(1,9223372036854775807))
Edge(200639,357174,(1,9223372036854775807))
Edge(201668,203416,(3,9223372036854775807))
Edge(201923,270077,(3,9223372036854775807))
Edge(202162,332439,(1,9223372036854775807))
Edge(202236,465435,(1,9223372036854775807))
Edge(202305,492901,(3,9223372036854775807))
Edge(202325,382084,(3,9223372036854775807))
Edge(202584,96969,(3,9223372036854775807))
Edge(202704,191153,(1,9223372036854775807))
Edge(202738,356926,(3,9223372036854775807))
Edge(203251,262211,(3,9223372036854775807))
Edge(203509,80677,(1,3))
Edge(203662,109722,(3,9223372036854775807))
Edge(203709,417493,(3,9223372036854775807))
Edge(204366,362073,(3,9223372036854775807))
Edge(204412,251818,(3,9223372036854775807))
Edge(204566,181378,(3,9223372036854775807))
Edge(204856,393271,(3,9223372036854775807))
Edge(205449,326499,(3,9223372036854775807))
Edge(205527,158038,(1,9223372036854775807))
Edge(205546,77417,(1,9223372036854775807))
Edge(205831,397968,(3,9223372036854775807))
Edge(206559,195260,(3,9223372036854775807))
Edge(207163,13064,(1,9223372036854775807))
Edge(207334,222928,(3,9223372036854775807))
Edge(207364,180991,(3,9223372036854775807))
Edge(207489,211735,(3,9223372036854775807))
Edge(207643,246172,(3,9223372036854775807))
Edge(207780,236894,(3,9223372036854775807))
Edge(208076,237773,(3,9223372036854775807))
Edge(208118,186904,(3,9223372036854775807))
Edge(208428,247521,(3,9223372036854775807))
Edge(208479,239180,(3,9223372036854775807))
Edge(208532,73762,(3,9223372036854775807))
Edge(208564,63229,(3,9223372036854775807))
Edge(209064,38961,(3,9223372036854775807))
Edge(209408,124752,(1,9223372036854775807))
Edge(209463,373647,(3,9223372036854775807))
Edge(209502,254339,(1,9223372036854775807))
Edge(209533,433492,(3,9223372036854775807))
Edge(209770,321267,(1,9223372036854775807))
Edge(209947,419495,(3,9223372036854775807))
Edge(210262,64002,(3,9223372036854775807))
Edge(210359,122620,(3,9223372036854775807))
Edge(210382,243593,(1,9223372036854775807))
Edge(211017,405674,(3,9223372036854775807))
Edge(211249,114412,(3,9223372036854775807))
Edge(211491,272269,(3,9223372036854775807))
Edge(211517,228366,(3,9223372036854775807))
Edge(211847,180477,(3,9223372036854775807))
Edge(212001,130820,(1,9223372036854775807))
Edge(212095,417917,(1,3))
Edge(212774,302676,(1,9223372036854775807))
Edge(212775,119558,(3,9223372036854775807))
Edge(213245,191756,(3,9223372036854775807))
Edge(213676,187958,(3,9223372036854775807))
Edge(214007,56685,(3,9223372036854775807))
Edge(214390,57162,(3,9223372036854775807))
Edge(214747,263155,(3,9223372036854775807))
Edge(214899,402891,(1,3))
Edge(215477,213774,(4,9223372036854775807))
Edge(215826,48232,(3,9223372036854775807))
Edge(216102,22246,(1,9223372036854775807))
Edge(216169,439952,(3,9223372036854775807))
Edge(216224,193553,(3,9223372036854775807))
Edge(216376,403218,(3,9223372036854775807))
Edge(216593,473270,(3,9223372036854775807))
Edge(216856,175138,(3,9223372036854775807))
Edge(216991,471947,(3,9223372036854775807))
Edge(217004,413640,(3,9223372036854775807))
Edge(217136,405246,(3,9223372036854775807))
Edge(217988,78461,(3,9223372036854775807))
Edge(218170,338490,(3,9223372036854775807))
Edge(218804,366008,(1,9223372036854775807))
Edge(218923,319339,(3,9223372036854775807))
Edge(218932,118818,(3,9223372036854775807))
Edge(219467,83112,(3,9223372036854775807))
Edge(219548,409633,(1,3))
Edge(219601,12718,(3,9223372036854775807))
Edge(219606,309873,(3,9223372036854775807))
Edge(219809,356372,(3,9223372036854775807))
Edge(219880,492264,(3,9223372036854775807))
Edge(219949,1899,(3,9223372036854775807))
Edge(220171,145152,(3,9223372036854775807))
Edge(220446,78187,(3,9223372036854775807))
Edge(220491,346954,(3,9223372036854775807))
Edge(220884,445058,(3,9223372036854775807))
Edge(220900,19823,(3,9223372036854775807))
Edge(221000,313720,(1,9223372036854775807))
Edge(221028,471030,(3,9223372036854775807))
Edge(221275,250765,(3,9223372036854775807))
Edge(221333,393682,(1,9223372036854775807))
Edge(221476,470331,(3,9223372036854775807))
Edge(221497,216073,(3,9223372036854775807))
Edge(221627,149984,(3,9223372036854775807))
Edge(222090,499769,(1,9223372036854775807))
Edge(222535,49255,(3,9223372036854775807))
Edge(222719,248572,(1,9223372036854775807))
Edge(223552,163872,(3,9223372036854775807))
Edge(223655,268944,(3,9223372036854775807))
Edge(224002,412037,(3,9223372036854775807))
Edge(224196,334280,(3,9223372036854775807))
Edge(224424,284321,(1,9223372036854775807))
Edge(224580,118404,(3,9223372036854775807))
Edge(224631,438383,(1,3))
Edge(224761,186884,(3,9223372036854775807))
Edge(224814,140271,(1,9223372036854775807))
Edge(224901,156591,(3,9223372036854775807))
Edge(225251,177324,(1,9223372036854775807))
Edge(225257,417506,(1,9223372036854775807))
Edge(225616,441068,(3,9223372036854775807))
Edge(226231,477255,(3,9223372036854775807))
Edge(226341,120865,(3,9223372036854775807))
Edge(226406,146770,(1,9223372036854775807))
Edge(226453,380349,(3,9223372036854775807))
Edge(226716,356333,(1,3))
Edge(226752,40955,(3,9223372036854775807))
Edge(226855,262186,(1,9223372036854775807))
Edge(227333,216721,(3,9223372036854775807))
Edge(227440,471593,(1,9223372036854775807))
Edge(228153,399842,(3,9223372036854775807))
Edge(228291,485601,(3,9223372036854775807))
Edge(228494,466692,(1,9223372036854775807))
Edge(228630,117537,(3,9223372036854775807))
Edge(228770,86368,(3,9223372036854775807))
Edge(228796,120788,(3,9223372036854775807))
Edge(228966,295097,(3,9223372036854775807))
Edge(228990,185218,(3,9223372036854775807))
Edge(229055,135082,(3,9223372036854775807))
Edge(229737,151990,(3,9223372036854775807))
Edge(230032,117254,(3,9223372036854775807))
Edge(230114,44855,(3,9223372036854775807))
Edge(230134,138874,(1,9223372036854775807))
Edge(230483,53922,(3,9223372036854775807))
Edge(230665,191781,(3,9223372036854775807))
Edge(231496,15849,(3,9223372036854775807))
Edge(231805,109622,(3,9223372036854775807))
Edge(232036,178607,(1,9223372036854775807))
Edge(232066,322161,(3,9223372036854775807))
Edge(232397,104800,(3,9223372036854775807))
Edge(232501,275120,(3,9223372036854775807))
Edge(233020,461067,(3,9223372036854775807))
Edge(233616,168343,(1,9223372036854775807))
Edge(233693,424993,(3,9223372036854775807))
Edge(234078,28432,(1,3))
Edge(234260,218533,(3,9223372036854775807))
Edge(234866,431145,(3,9223372036854775807))
Edge(235122,441672,(1,2))
Edge(235768,234931,(3,9223372036854775807))
Edge(235855,493497,(3,9223372036854775807))
Edge(236222,437505,(3,9223372036854775807))
Edge(237068,328198,(3,9223372036854775807))
Edge(237314,22894,(1,3))
Edge(237587,427300,(1,9223372036854775807))
Edge(237974,283524,(3,9223372036854775807))
Edge(237982,23708,(1,9223372036854775807))
Edge(238002,204139,(3,9223372036854775807))
Edge(238118,205605,(3,9223372036854775807))
Edge(238171,398727,(3,9223372036854775807))
Edge(238319,269247,(3,9223372036854775807))
Edge(238453,238666,(3,9223372036854775807))
Edge(239025,195681,(1,9223372036854775807))
Edge(239059,73048,(3,9223372036854775807))
Edge(239502,432339,(1,9223372036854775807))
Edge(239504,376024,(3,9223372036854775807))
Edge(239750,355143,(3,9223372036854775807))
Edge(239872,423316,(3,9223372036854775807))
Edge(240196,373966,(3,9223372036854775807))
Edge(240326,226089,(3,9223372036854775807))
Edge(240669,149906,(3,9223372036854775807))
Edge(241171,487036,(1,9223372036854775807))
Edge(241370,98109,(1,3))
Edge(241594,114954,(3,9223372036854775807))
Edge(241813,3231,(3,9223372036854775807))
Edge(241879,343778,(3,9223372036854775807))
Edge(241899,25782,(1,9223372036854775807))
Edge(242052,411231,(3,9223372036854775807))
Edge(242250,373965,(1,3))
Edge(242450,257390,(3,9223372036854775807))
Edge(242797,479548,(3,9223372036854775807))
Edge(243664,103454,(3,9223372036854775807))
Edge(244051,412363,(3,9223372036854775807))
Edge(244222,212686,(3,9223372036854775807))
Edge(244482,299374,(3,9223372036854775807))
Edge(245265,432468,(1,3))
Edge(245524,117576,(3,9223372036854775807))
Edge(246525,432494,(3,9223372036854775807))
Edge(246746,3914,(3,9223372036854775807))
Edge(246815,126937,(1,9223372036854775807))
Edge(246878,337720,(3,9223372036854775807))
Edge(246915,199515,(3,9223372036854775807))
Edge(247132,357020,(1,9223372036854775807))
Edge(247153,466027,(3,9223372036854775807))
Edge(247396,91180,(3,9223372036854775807))
Edge(247877,483735,(3,9223372036854775807))
Edge(247903,68828,(1,9223372036854775807))
Edge(248297,453150,(3,9223372036854775807))
Edge(248490,255741,(3,9223372036854775807))
Edge(248735,230036,(3,9223372036854775807))
Edge(248839,213385,(3,9223372036854775807))
Edge(249013,183889,(3,9223372036854775807))
Edge(249137,385906,(3,9223372036854775807))
Edge(249167,95545,(3,9223372036854775807))
Edge(249641,467513,(3,9223372036854775807))
Edge(249676,221206,(1,3))
Edge(250587,16815,(1,3))
Edge(250690,204842,(1,9223372036854775807))
Edge(250990,84557,(3,9223372036854775807))
Edge(251069,218551,(1,9223372036854775807))
Edge(251595,98179,(3,9223372036854775807))
Edge(252186,138747,(3,9223372036854775807))
Edge(252670,245808,(3,9223372036854775807))
Edge(252753,247978,(3,9223372036854775807))
Edge(253230,89088,(3,9223372036854775807))
Edge(253609,394887,(3,9223372036854775807))
Edge(253858,451598,(3,9223372036854775807))
Edge(254679,176597,(3,9223372036854775807))
Edge(255064,363216,(3,9223372036854775807))
Edge(255585,101626,(3,9223372036854775807))
Edge(255901,80083,(3,9223372036854775807))
Edge(256511,291847,(3,9223372036854775807))
Edge(256545,169391,(3,9223372036854775807))
Edge(256795,423104,(3,9223372036854775807))
Edge(256891,199597,(1,3))
Edge(256915,442503,(3,9223372036854775807))
Edge(257328,160772,(3,9223372036854775807))
Edge(257468,258465,(3,9223372036854775807))
Edge(257989,251744,(3,9223372036854775807))
Edge(258144,278734,(3,9223372036854775807))
Edge(258331,378678,(3,9223372036854775807))
Edge(259292,296011,(3,9223372036854775807))
Edge(259519,475822,(3,9223372036854775807))
Edge(259540,215913,(3,9223372036854775807))
Edge(259571,288699,(1,3))
Edge(259604,318481,(3,9223372036854775807))
Edge(259704,115366,(3,9223372036854775807))
Edge(259791,26133,(3,9223372036854775807))
Edge(260119,296154,(3,9223372036854775807))
Edge(260212,192636,(3,9223372036854775807))
Edge(260986,271775,(1,9223372036854775807))
Edge(261766,440861,(1,3))
Edge(262395,96277,(3,9223372036854775807))
Edge(262552,489465,(3,9223372036854775807))
Edge(263003,136958,(3,9223372036854775807))
Edge(263651,212072,(3,9223372036854775807))
Edge(263826,254877,(1,9223372036854775807))
Edge(264172,142426,(3,9223372036854775807))
Edge(264446,480910,(1,3))
Edge(265074,159618,(3,9223372036854775807))
Edge(265358,368873,(3,9223372036854775807))
Edge(265398,409934,(3,9223372036854775807))
Edge(265591,160022,(3,9223372036854775807))
Edge(265842,436682,(1,9223372036854775807))
Edge(266153,419208,(3,9223372036854775807))
Edge(266744,127350,(3,9223372036854775807))
Edge(267080,352916,(3,9223372036854775807))
Edge(267607,60515,(1,3))
Edge(268620,67805,(3,9223372036854775807))
Edge(268964,379021,(3,9223372036854775807))
Edge(269530,115902,(1,9223372036854775807))
Edge(269586,273899,(3,9223372036854775807))
Edge(269847,482678,(3,9223372036854775807))
Edge(269938,335171,(3,9223372036854775807))
Edge(270102,24974,(3,9223372036854775807))
Edge(270205,114005,(3,9223372036854775807))
Edge(270298,413510,(1,3))
Edge(270480,276179,(3,9223372036854775807))
Edge(270608,199496,(3,9223372036854775807))
Edge(271007,23061,(3,9223372036854775807))
Edge(271007,250067,(3,9223372036854775807))
Edge(271007,481163,(3,9223372036854775807))
Edge(271406,235224,(1,9223372036854775807))
Edge(272089,450022,(3,9223372036854775807))
Edge(272206,253110,(3,9223372036854775807))
Edge(272290,352159,(3,9223372036854775807))
Edge(272746,449623,(1,9223372036854775807))
Edge(273241,42899,(3,9223372036854775807))
Edge(273314,69193,(3,9223372036854775807))
Edge(273845,237657,(3,9223372036854775807))
Edge(274028,322985,(1,9223372036854775807))
Edge(274245,203577,(3,9223372036854775807))
Edge(274270,52207,(3,9223372036854775807))
Edge(274270,447652,(1,9223372036854775807))
Edge(274447,143729,(3,9223372036854775807))
Edge(274469,376864,(3,9223372036854775807))
Edge(274607,389138,(3,9223372036854775807))
Edge(274786,99152,(3,9223372036854775807))
Edge(274924,398244,(3,9223372036854775807))
Edge(275291,463980,(3,9223372036854775807))
Edge(275636,348580,(3,9223372036854775807))
Edge(276696,344485,(3,9223372036854775807))
Edge(276743,222308,(3,9223372036854775807))
Edge(276806,413015,(3,9223372036854775807))
Edge(276919,78218,(3,9223372036854775807))
Edge(276977,131172,(1,3))
Edge(277030,290461,(1,9223372036854775807))
Edge(277138,241809,(3,9223372036854775807))
Edge(277385,174527,(3,9223372036854775807))
Edge(277563,68721,(3,9223372036854775807))
Edge(277625,300273,(3,9223372036854775807))
Edge(277766,447429,(3,9223372036854775807))
Edge(277882,343144,(1,9223372036854775807))
Edge(277934,79112,(1,9223372036854775807))
Edge(278141,145036,(3,9223372036854775807))
Edge(278550,265919,(1,9223372036854775807))
Edge(278685,292705,(3,9223372036854775807))
Edge(278702,59264,(3,9223372036854775807))
Edge(278765,188446,(1,9223372036854775807))
Edge(278936,237117,(1,9223372036854775807))
Edge(279349,171051,(1,9223372036854775807))
Edge(279394,440669,(3,9223372036854775807))
Edge(279532,352114,(1,9223372036854775807))
Edge(279935,415938,(3,9223372036854775807))
Edge(279987,450702,(3,9223372036854775807))
Edge(280167,267716,(3,9223372036854775807))
Edge(280388,139598,(3,9223372036854775807))
Edge(280621,20103,(3,9223372036854775807))
Edge(280680,310729,(3,9223372036854775807))
Edge(281234,266604,(1,3))
Edge(281651,285274,(3,9223372036854775807))
Edge(282010,209666,(3,9223372036854775807))
Edge(282291,157879,(3,9223372036854775807))
Edge(282503,123078,(3,9223372036854775807))
Edge(283553,122568,(3,9223372036854775807))
Edge(283788,176448,(3,9223372036854775807))
Edge(283804,110799,(3,9223372036854775807))
Edge(284844,107895,(1,9223372036854775807))
Edge(284959,50047,(1,3))
Edge(285245,382046,(3,9223372036854775807))
Edge(285327,329959,(3,9223372036854775807))
Edge(285388,499480,(3,9223372036854775807))
Edge(285894,207568,(1,9223372036854775807))
Edge(285898,61727,(1,9223372036854775807))
Edge(286234,485254,(3,9223372036854775807))
Edge(286396,50966,(3,9223372036854775807))
Edge(286541,435616,(3,9223372036854775807))
Edge(286763,412882,(3,9223372036854775807))
Edge(286977,135345,(3,9223372036854775807))
Edge(287166,442091,(3,9223372036854775807))
Edge(287585,443539,(3,9223372036854775807))
Edge(287665,211905,(3,9223372036854775807))
Edge(287873,378155,(3,9223372036854775807))
Edge(287936,95877,(3,9223372036854775807))
Edge(288313,384067,(3,9223372036854775807))
Edge(288547,441347,(3,9223372036854775807))
Edge(288565,448407,(3,9223372036854775807))
Edge(288662,419377,(3,9223372036854775807))
Edge(288852,435875,(3,9223372036854775807))
Edge(289005,456016,(1,3))
Edge(289187,272950,(3,9223372036854775807))
Edge(289558,102162,(3,9223372036854775807))
Edge(289797,69185,(3,9223372036854775807))
Edge(290141,12550,(3,9223372036854775807))
Edge(290196,119587,(3,9223372036854775807))
Edge(290304,391986,(3,9223372036854775807))
Edge(290317,278741,(3,9223372036854775807))
Edge(290493,306635,(3,9223372036854775807))
Edge(290878,418610,(1,3))
Edge(290885,71819,(3,9223372036854775807))
Edge(291103,222126,(3,9223372036854775807))
Edge(291410,410934,(3,9223372036854775807))
Edge(291468,382964,(3,9223372036854775807))
Edge(291536,403971,(3,9223372036854775807))
Edge(291619,101015,(3,9223372036854775807))
Edge(291778,436222,(3,9223372036854775807))
Edge(293197,166173,(3,9223372036854775807))
Edge(293235,276289,(3,9223372036854775807))
Edge(293368,88388,(3,9223372036854775807))
Edge(294513,428723,(3,9223372036854775807))
Edge(294606,285242,(3,9223372036854775807))
Edge(294683,343066,(3,9223372036854775807))
Edge(294962,252326,(4,9223372036854775807))
Edge(295038,263714,(3,9223372036854775807))
Edge(295213,49012,(3,9223372036854775807))
Edge(295306,184870,(3,9223372036854775807))
Edge(295498,173363,(1,9223372036854775807))
Edge(295923,319102,(3,9223372036854775807))
Edge(296425,13187,(3,9223372036854775807))
Edge(296643,408532,(3,9223372036854775807))
Edge(296941,435422,(3,9223372036854775807))
Edge(297085,303834,(3,9223372036854775807))
Edge(297403,448139,(3,9223372036854775807))
Edge(297417,15834,(1,9223372036854775807))
Edge(297511,263336,(3,9223372036854775807))
Edge(298434,79190,(3,9223372036854775807))
Edge(298579,416434,(3,9223372036854775807))
Edge(298755,24242,(3,9223372036854775807))
Edge(299306,412599,(3,9223372036854775807))
Edge(299539,245447,(1,9223372036854775807))
Edge(299781,221457,(3,9223372036854775807))
Edge(299792,393137,(3,9223372036854775807))
Edge(300911,405076,(3,9223372036854775807))
Edge(301177,285112,(3,9223372036854775807))
Edge(301259,236350,(3,9223372036854775807))
Edge(301675,69359,(3,9223372036854775807))
Edge(301918,287516,(1,9223372036854775807))
Edge(302112,56422,(1,9223372036854775807))
Edge(302166,83018,(3,9223372036854775807))
Edge(302563,306448,(3,9223372036854775807))
Edge(302678,28588,(1,3))
Edge(303666,345703,(1,3))
Edge(303898,214037,(3,9223372036854775807))
Edge(304000,397158,(3,9223372036854775807))
Edge(304242,232665,(3,9223372036854775807))
Edge(304265,259253,(1,9223372036854775807))
Edge(304636,326778,(3,9223372036854775807))
Edge(305060,235836,(3,9223372036854775807))
Edge(305367,122184,(3,9223372036854775807))
Edge(305459,57426,(3,9223372036854775807))
Edge(305691,13591,(1,9223372036854775807))
Edge(306276,299117,(1,9223372036854775807))
Edge(306676,168370,(3,9223372036854775807))
Edge(307554,236846,(3,9223372036854775807))
Edge(307678,10262,(1,3))
Edge(308167,237827,(3,9223372036854775807))
Edge(308541,358023,(1,9223372036854775807))
Edge(308565,41625,(3,9223372036854775807))
Edge(308893,26004,(3,9223372036854775807))
Edge(309266,211032,(3,9223372036854775807))
Edge(309717,72369,(3,9223372036854775807))
Edge(310291,453207,(3,9223372036854775807))
Edge(310403,100074,(3,9223372036854775807))
Edge(310416,356774,(3,9223372036854775807))
Edge(310637,206711,(3,9223372036854775807))
Edge(310915,234223,(1,3))
Edge(310978,244417,(3,9223372036854775807))
Edge(311146,42556,(3,9223372036854775807))
Edge(311270,303842,(3,9223372036854775807))
Edge(311433,280822,(1,9223372036854775807))
Edge(311657,22001,(3,9223372036854775807))
Edge(311751,334483,(3,9223372036854775807))
Edge(311890,238425,(3,9223372036854775807))
Edge(313021,78507,(3,9223372036854775807))
Edge(313077,434120,(3,9223372036854775807))
Edge(313182,117884,(1,9223372036854775807))
Edge(313224,137087,(3,9223372036854775807))
Edge(313796,126744,(3,9223372036854775807))
Edge(313835,221411,(3,9223372036854775807))
Edge(313881,890,(1,9223372036854775807))
Edge(314492,405870,(3,9223372036854775807))
Edge(314867,94800,(3,9223372036854775807))
Edge(315275,57776,(1,9223372036854775807))
Edge(315280,22082,(3,9223372036854775807))
Edge(315555,235577,(1,9223372036854775807))
Edge(315604,476941,(1,9223372036854775807))
Edge(316251,189613,(1,3))
Edge(316615,228062,(3,9223372036854775807))
Edge(316655,272322,(1,9223372036854775807))
Edge(316672,207088,(3,9223372036854775807))
Edge(316998,382218,(3,9223372036854775807))
Edge(317039,195699,(1,9223372036854775807))
Edge(317426,327935,(1,9223372036854775807))
Edge(317557,256725,(3,9223372036854775807))
Edge(317890,184325,(3,9223372036854775807))
Edge(318541,24629,(3,9223372036854775807))
Edge(318672,209183,(3,9223372036854775807))
Edge(318688,55952,(3,9223372036854775807))
Edge(318837,282827,(3,9223372036854775807))
Edge(318842,324629,(3,9223372036854775807))
Edge(319499,461575,(1,3))
Edge(319708,288090,(3,9223372036854775807))
Edge(319862,401191,(3,9223372036854775807))
Edge(320021,483303,(3,9223372036854775807))
Edge(320463,84533,(3,9223372036854775807))
Edge(322088,237198,(3,9223372036854775807))
Edge(322223,44029,(3,9223372036854775807))
Edge(322552,341824,(3,9223372036854775807))
Edge(322574,235793,(3,9223372036854775807))
Edge(322815,164350,(1,9223372036854775807))
Edge(322857,200390,(3,9223372036854775807))
Edge(323038,353110,(3,9223372036854775807))
Edge(323082,311122,(3,9223372036854775807))
Edge(323303,117850,(3,9223372036854775807))
Edge(324120,69188,(3,9223372036854775807))
Edge(324130,53684,(3,9223372036854775807))
Edge(324388,317853,(3,9223372036854775807))
Edge(324440,200704,(3,9223372036854775807))
Edge(324682,123407,(3,9223372036854775807))
Edge(324687,173387,(1,9223372036854775807))
Edge(324901,454885,(3,9223372036854775807))
Edge(324991,214904,(3,9223372036854775807))
Edge(325177,27164,(3,9223372036854775807))
Edge(325397,106750,(3,9223372036854775807))
Edge(325438,266565,(3,9223372036854775807))
Edge(325568,360414,(3,9223372036854775807))
Edge(325628,128595,(1,9223372036854775807))
Edge(325792,22881,(1,9223372036854775807))
Edge(326353,300177,(3,9223372036854775807))
Edge(326491,470698,(3,9223372036854775807))
Edge(326576,263417,(3,9223372036854775807))
Edge(326758,89410,(3,9223372036854775807))
Edge(327022,257342,(3,9223372036854775807))
Edge(327260,304970,(3,9223372036854775807))
Edge(327363,137489,(3,9223372036854775807))
Edge(328316,61683,(3,9223372036854775807))
Edge(328409,16641,(3,9223372036854775807))
Edge(328568,406881,(1,9223372036854775807))
Edge(329101,164824,(3,9223372036854775807))
Edge(329156,215427,(3,9223372036854775807))
Edge(329260,298312,(1,9223372036854775807))
Edge(330088,246776,(1,3))
Edge(330154,459275,(3,9223372036854775807))
Edge(330454,57021,(3,9223372036854775807))
Edge(331007,347001,(3,9223372036854775807))
Edge(331398,71489,(3,9223372036854775807))
Edge(331725,25967,(3,9223372036854775807))
Edge(331975,322630,(3,9223372036854775807))
Edge(332554,479319,(4,9223372036854775807))
Edge(333364,455824,(3,9223372036854775807))
Edge(333582,61559,(3,9223372036854775807))
Edge(333615,7762,(3,9223372036854775807))
Edge(333668,362223,(3,9223372036854775807))
Edge(334013,119505,(3,9223372036854775807))
Edge(334128,183837,(1,3))
Edge(334276,486151,(3,9223372036854775807))
Edge(334550,46083,(3,9223372036854775807))
Edge(334575,461953,(1,3))
Edge(334645,474441,(1,9223372036854775807))
Edge(335084,154690,(3,9223372036854775807))
Edge(335408,312547,(3,9223372036854775807))
Edge(335555,487566,(3,9223372036854775807))
Edge(335613,242545,(3,9223372036854775807))
Edge(335656,233600,(3,9223372036854775807))
Edge(335671,384348,(3,9223372036854775807))
Edge(335811,336680,(3,9223372036854775807))
Edge(336240,321760,(3,9223372036854775807))
Edge(336343,166119,(3,9223372036854775807))
Edge(336353,41562,(3,9223372036854775807))
Edge(336675,195910,(3,9223372036854775807))
Edge(336999,451066,(3,9223372036854775807))
Edge(337191,64779,(1,3))
Edge(337566,342572,(3,9223372036854775807))
Edge(337920,255824,(3,9223372036854775807))
Edge(337945,185500,(1,9223372036854775807))
Edge(338051,402959,(3,9223372036854775807))
Edge(338102,393817,(3,9223372036854775807))
Edge(338809,326389,(1,9223372036854775807))
Edge(338889,350661,(3,9223372036854775807))
Edge(339386,486257,(3,9223372036854775807))
Edge(339916,67739,(3,9223372036854775807))
Edge(339952,303293,(3,9223372036854775807))
Edge(339989,23497,(3,9223372036854775807))
Edge(340122,93254,(3,9223372036854775807))
Edge(340186,190649,(3,9223372036854775807))
Edge(340415,32941,(3,9223372036854775807))
Edge(340510,471423,(3,9223372036854775807))
Edge(340636,335031,(3,9223372036854775807))
Edge(340687,390024,(1,9223372036854775807))
Edge(341382,195555,(3,9223372036854775807))
Edge(341586,172241,(1,3))
Edge(342173,410034,(3,9223372036854775807))
Edge(342287,405585,(3,9223372036854775807))
Edge(342362,399061,(3,9223372036854775807))
Edge(342410,417732,(1,9223372036854775807))
Edge(343413,352319,(3,9223372036854775807))
Edge(343693,4307,(3,9223372036854775807))
Edge(343733,232064,(1,9223372036854775807))
Edge(343801,75822,(3,9223372036854775807))
Edge(343900,483412,(3,9223372036854775807))
Edge(343985,116158,(1,9223372036854775807))
Edge(344552,260840,(3,9223372036854775807))
Edge(344699,152556,(3,9223372036854775807))
Edge(345098,493559,(3,9223372036854775807))
Edge(345308,63885,(3,9223372036854775807))
Edge(345673,401213,(3,9223372036854775807))
Edge(346023,144066,(3,9223372036854775807))
Edge(346162,7863,(3,9223372036854775807))
Edge(346172,211653,(1,3))
Edge(346399,149521,(3,9223372036854775807))
Edge(346477,267135,(3,9223372036854775807))
Edge(346707,261255,(1,9223372036854775807))
Edge(346740,104309,(1,9223372036854775807))
Edge(346803,74310,(1,9223372036854775807))
Edge(346838,189137,(1,9223372036854775807))
Edge(346846,81511,(3,9223372036854775807))
Edge(347177,87414,(3,9223372036854775807))
Edge(347481,148492,(3,9223372036854775807))
Edge(347557,359868,(3,9223372036854775807))
Edge(348144,300466,(3,9223372036854775807))
Edge(348334,415638,(1,3))
Edge(348825,178811,(3,9223372036854775807))
Edge(348932,335781,(1,3))
Edge(349007,161145,(1,3))
Edge(349084,7904,(1,9223372036854775807))
Edge(349900,402678,(3,9223372036854775807))
Edge(349951,9948,(1,9223372036854775807))
Edge(350041,335169,(3,9223372036854775807))
Edge(350221,227498,(3,9223372036854775807))
Edge(350411,107069,(3,9223372036854775807))
Edge(350759,405498,(3,9223372036854775807))
Edge(351139,293019,(1,9223372036854775807))
Edge(351490,276784,(3,9223372036854775807))
Edge(351543,253736,(3,9223372036854775807))
Edge(352497,236043,(1,3))
Edge(352806,272020,(3,9223372036854775807))
Edge(352892,361537,(3,9223372036854775807))
Edge(352940,336832,(3,9223372036854775807))
Edge(353121,412871,(3,9223372036854775807))
Edge(353126,43706,(3,9223372036854775807))
Edge(353145,13339,(3,9223372036854775807))
Edge(354034,405904,(3,9223372036854775807))
Edge(354443,52695,(3,9223372036854775807))
Edge(354622,32155,(3,9223372036854775807))
Edge(354807,183964,(1,9223372036854775807))
Edge(355039,30435,(3,9223372036854775807))
Edge(355177,45437,(3,9223372036854775807))
Edge(355190,326901,(3,9223372036854775807))
Edge(355233,416918,(3,9223372036854775807))
Edge(355275,166185,(3,9223372036854775807))
Edge(355411,275405,(1,9223372036854775807))
Edge(355704,383607,(3,9223372036854775807))
Edge(355733,425804,(3,9223372036854775807))
Edge(356482,35629,(3,9223372036854775807))
Edge(356909,197817,(3,9223372036854775807))
Edge(357047,75401,(3,9223372036854775807))
Edge(357349,187754,(3,9223372036854775807))
Edge(357666,105719,(3,9223372036854775807))
Edge(357871,304093,(3,9223372036854775807))
Edge(358138,171488,(3,9223372036854775807))
Edge(358340,355171,(3,9223372036854775807))
Edge(358525,71314,(3,9223372036854775807))
Edge(358714,122458,(3,9223372036854775807))
Edge(358807,71336,(3,9223372036854775807))
Edge(359279,224975,(3,9223372036854775807))
Edge(359688,338984,(3,9223372036854775807))
Edge(359775,107222,(3,9223372036854775807))
Edge(361163,247165,(3,9223372036854775807))
Edge(361195,171494,(3,9223372036854775807))
Edge(361262,233724,(3,9223372036854775807))
Edge(361477,388991,(3,9223372036854775807))
Edge(361498,391900,(3,9223372036854775807))
Edge(361741,457725,(3,9223372036854775807))
Edge(362305,292600,(1,9223372036854775807))
Edge(362541,375874,(1,9223372036854775807))
Edge(362594,428396,(1,9223372036854775807))
Edge(362924,379278,(3,9223372036854775807))
Edge(363291,266210,(3,9223372036854775807))
Edge(363459,353531,(3,9223372036854775807))
Edge(364024,179136,(3,9223372036854775807))
Edge(364725,419281,(1,3))
Edge(365036,87805,(3,9223372036854775807))
Edge(365074,257884,(1,9223372036854775807))
Edge(365125,398025,(3,9223372036854775807))
Edge(365764,226771,(3,9223372036854775807))
Edge(365818,246106,(3,9223372036854775807))
Edge(365835,240331,(1,9223372036854775807))
Edge(365897,395354,(3,9223372036854775807))
Edge(365998,155920,(3,9223372036854775807))
Edge(366676,182694,(3,9223372036854775807))
Edge(366695,70839,(3,9223372036854775807))
Edge(366965,433854,(4,9223372036854775807))
Edge(367232,87371,(3,9223372036854775807))
Edge(367454,486419,(1,9223372036854775807))
Edge(367586,71437,(1,9223372036854775807))
Edge(367940,439553,(1,9223372036854775807))
Edge(368225,392741,(3,9223372036854775807))
Edge(368387,99762,(3,9223372036854775807))
Edge(368395,61396,(3,9223372036854775807))
Edge(368657,398729,(3,9223372036854775807))
Edge(368711,455070,(3,9223372036854775807))
Edge(368740,457021,(3,9223372036854775807))
Edge(368806,220177,(1,3))
Edge(369231,222582,(1,9223372036854775807))
Edge(369309,141593,(3,9223372036854775807))
Edge(369367,153457,(3,9223372036854775807))
Edge(369791,475657,(3,9223372036854775807))
Edge(370092,383218,(3,9223372036854775807))
Edge(370566,44228,(3,9223372036854775807))
Edge(371028,366260,(1,9223372036854775807))
Edge(371440,347400,(1,9223372036854775807))
Edge(372054,477823,(3,9223372036854775807))
Edge(373215,337512,(1,9223372036854775807))
Edge(373562,14604,(1,3))
Edge(373824,227470,(1,9223372036854775807))
Edge(374348,209637,(3,9223372036854775807))
Edge(374592,420418,(1,9223372036854775807))
Edge(374607,395814,(3,9223372036854775807))
Edge(374719,55628,(3,9223372036854775807))
Edge(375169,475800,(3,9223372036854775807))
Edge(376035,285281,(1,9223372036854775807))
Edge(376081,410543,(3,9223372036854775807))
Edge(376150,312606,(3,9223372036854775807))
Edge(377425,454704,(1,9223372036854775807))
Edge(377588,304764,(3,9223372036854775807))
Edge(377956,243561,(1,3))
Edge(378080,16166,(1,3))
Edge(378323,416697,(1,9223372036854775807))
Edge(378795,499270,(3,9223372036854775807))
Edge(379076,220207,(3,9223372036854775807))
Edge(379104,110707,(3,9223372036854775807))
Edge(379203,231402,(3,9223372036854775807))
Edge(379345,397213,(3,9223372036854775807))
Edge(380280,273942,(3,9223372036854775807))
Edge(380747,122735,(3,9223372036854775807))
Edge(380937,192892,(1,3))
Edge(381167,283117,(3,9223372036854775807))
Edge(381417,7883,(3,9223372036854775807))
Edge(381463,229765,(1,9223372036854775807))
Edge(381787,65903,(3,9223372036854775807))
Edge(381872,409603,(3,9223372036854775807))
Edge(382037,443146,(3,9223372036854775807))
Edge(382269,4327,(3,9223372036854775807))
Edge(382280,286596,(1,9223372036854775807))
Edge(382623,210033,(1,3))
Edge(382837,433042,(3,9223372036854775807))
Edge(383680,11739,(1,9223372036854775807))
Edge(383778,209804,(3,9223372036854775807))
Edge(383822,20572,(3,9223372036854775807))
Edge(384243,249724,(3,9223372036854775807))
Edge(384378,141347,(3,9223372036854775807))
Edge(384741,212355,(3,9223372036854775807))
Edge(384741,453800,(3,9223372036854775807))
Edge(384812,402436,(1,9223372036854775807))
Edge(384999,84577,(1,3))
Edge(385045,268425,(3,9223372036854775807))
Edge(385301,119353,(3,9223372036854775807))
Edge(385521,59738,(3,9223372036854775807))
Edge(385706,206337,(1,9223372036854775807))
Edge(385924,425981,(3,9223372036854775807))
Edge(385978,27066,(3,9223372036854775807))
Edge(386062,180965,(3,9223372036854775807))
Edge(386341,246647,(1,9223372036854775807))
Edge(386604,102014,(1,9223372036854775807))
Edge(386673,269765,(3,9223372036854775807))
Edge(386693,192324,(3,9223372036854775807))
Edge(386849,362274,(1,3))
Edge(387036,134441,(1,9223372036854775807))
Edge(387065,7543,(3,9223372036854775807))
Edge(387173,308138,(3,9223372036854775807))
Edge(387338,248406,(1,9223372036854775807))
Edge(387845,116280,(3,9223372036854775807))
Edge(388131,338715,(3,9223372036854775807))
Edge(388171,65751,(3,9223372036854775807))
Edge(388176,365258,(1,9223372036854775807))
Edge(388457,396983,(1,9223372036854775807))
Edge(389048,156661,(3,9223372036854775807))
Edge(389208,448609,(3,9223372036854775807))
Edge(389458,468666,(3,9223372036854775807))
Edge(389594,173535,(3,9223372036854775807))
Edge(390150,304278,(3,9223372036854775807))
Edge(390362,466566,(3,9223372036854775807))
Edge(390415,402046,(3,9223372036854775807))
Edge(390729,216498,(3,9223372036854775807))
Edge(390956,423666,(3,9223372036854775807))
Edge(391049,53232,(3,9223372036854775807))
Edge(391438,492128,(3,9223372036854775807))
Edge(391544,355926,(3,9223372036854775807))
Edge(391548,32194,(3,9223372036854775807))
Edge(391670,324599,(1,9223372036854775807))
Edge(392217,451145,(3,9223372036854775807))
Edge(392464,385940,(3,9223372036854775807))
Edge(392816,367882,(1,9223372036854775807))
Edge(393550,257782,(3,9223372036854775807))
Edge(393698,386742,(3,9223372036854775807))
Edge(394023,380589,(3,9223372036854775807))
Edge(394367,294194,(3,9223372036854775807))
Edge(394528,34670,(3,9223372036854775807))
Edge(395325,380899,(3,9223372036854775807))
Edge(395538,91008,(3,9223372036854775807))
Edge(395710,429811,(3,9223372036854775807))
Edge(396191,184356,(3,9223372036854775807))
Edge(396692,10934,(3,9223372036854775807))
Edge(396791,416466,(1,3))
Edge(396828,39311,(1,3))
Edge(396981,15490,(3,9223372036854775807))
Edge(397300,423847,(3,9223372036854775807))
Edge(397483,454409,(3,9223372036854775807))
Edge(397606,192340,(3,9223372036854775807))
Edge(398523,419525,(3,9223372036854775807))
Edge(398561,67338,(3,9223372036854775807))
Edge(398964,163868,(3,9223372036854775807))
Edge(399124,48356,(1,3))
Edge(399380,35239,(1,3))
Edge(399508,140406,(3,9223372036854775807))
Edge(399798,226135,(3,9223372036854775807))
Edge(399995,269123,(3,9223372036854775807))
Edge(400217,127429,(3,9223372036854775807))
Edge(401541,173625,(3,9223372036854775807))
Edge(401954,1424,(3,9223372036854775807))
Edge(402112,159340,(1,9223372036854775807))
Edge(402149,44721,(3,9223372036854775807))
Edge(402438,123303,(1,9223372036854775807))
Edge(402847,448849,(4,9223372036854775807))
Edge(403078,145223,(3,9223372036854775807))
Edge(403159,61452,(3,9223372036854775807))
Edge(403346,390172,(3,9223372036854775807))
Edge(403350,63759,(3,9223372036854775807))
Edge(403608,464856,(3,9223372036854775807))
Edge(404042,79966,(3,9223372036854775807))
Edge(404209,89771,(3,9223372036854775807))
Edge(404391,447504,(3,9223372036854775807))
Edge(404691,426804,(1,9223372036854775807))
Edge(404841,471930,(3,9223372036854775807))
Edge(404857,411562,(1,9223372036854775807))
Edge(405015,140629,(1,9223372036854775807))
Edge(405205,421524,(3,9223372036854775807))
Edge(405455,468312,(3,9223372036854775807))
Edge(405939,12519,(3,9223372036854775807))
Edge(406661,113934,(3,9223372036854775807))
Edge(406982,439422,(3,9223372036854775807))
Edge(407535,69948,(3,9223372036854775807))
Edge(407536,322771,(3,9223372036854775807))
Edge(407539,379166,(3,9223372036854775807))
Edge(407716,451485,(1,9223372036854775807))
Edge(407785,71676,(3,9223372036854775807))
Edge(407951,375204,(3,9223372036854775807))
Edge(408289,269558,(3,9223372036854775807))
Edge(408462,59874,(1,9223372036854775807))
Edge(408502,259423,(3,9223372036854775807))
Edge(408800,238184,(1,9223372036854775807))
Edge(409193,490227,(3,9223372036854775807))
Edge(409239,21530,(3,9223372036854775807))
Edge(409282,110415,(3,9223372036854775807))
Edge(409528,306966,(1,9223372036854775807))
Edge(410202,180170,(3,9223372036854775807))
Edge(411441,307968,(3,9223372036854775807))
Edge(411726,100903,(3,9223372036854775807))
Edge(411791,280053,(3,9223372036854775807))
Edge(412096,368558,(3,9223372036854775807))
Edge(412331,357754,(3,9223372036854775807))
Edge(412642,356510,(1,3))
Edge(412918,213140,(3,9223372036854775807))
Edge(413407,422523,(1,9223372036854775807))
Edge(413413,212570,(1,9223372036854775807))
Edge(413687,426752,(3,9223372036854775807))
Edge(413858,475029,(3,9223372036854775807))
Edge(414364,433880,(1,3))
Edge(414756,144982,(3,9223372036854775807))
Edge(415162,289159,(3,9223372036854775807))
Edge(415236,98025,(1,9223372036854775807))
Edge(415409,499555,(3,9223372036854775807))
Edge(415502,307688,(1,9223372036854775807))
Edge(415596,117379,(3,9223372036854775807))
Edge(415737,17911,(1,9223372036854775807))
Edge(415895,384138,(3,9223372036854775807))
Edge(416018,78079,(4,9223372036854775807))
Edge(416237,335186,(1,3))
Edge(416963,34136,(1,3))
Edge(416975,338359,(3,9223372036854775807))
Edge(417004,44112,(3,9223372036854775807))
Edge(417167,341185,(4,9223372036854775807))
Edge(418260,239004,(1,9223372036854775807))
Edge(418471,17518,(3,9223372036854775807))
Edge(418738,211447,(3,9223372036854775807))
Edge(418764,463820,(1,3))
Edge(419021,76378,(1,3))
Edge(419220,497673,(3,9223372036854775807))
Edge(419317,1647,(1,3))
Edge(419405,312309,(1,3))
Edge(419485,425298,(3,9223372036854775807))
Edge(419627,155608,(1,3))
Edge(420032,10636,(3,9223372036854775807))
Edge(420123,293870,(3,9223372036854775807))
Edge(420189,191771,(3,9223372036854775807))
Edge(420231,124048,(3,9223372036854775807))
Edge(420369,296046,(3,9223372036854775807))
Edge(420842,95248,(3,9223372036854775807))
Edge(420985,422995,(3,9223372036854775807))
Edge(421141,410093,(3,9223372036854775807))
Edge(421268,111839,(3,9223372036854775807))
Edge(421675,466086,(3,9223372036854775807))
Edge(422107,470029,(3,9223372036854775807))
Edge(422305,109471,(3,9223372036854775807))
Edge(422387,474390,(1,9223372036854775807))
Edge(422586,279906,(3,9223372036854775807))
Edge(423036,291491,(3,9223372036854775807))
Edge(423582,411890,(3,9223372036854775807))
Edge(423662,366626,(3,9223372036854775807))
Edge(424325,294826,(3,9223372036854775807))
Edge(424702,457129,(3,9223372036854775807))
Edge(424902,289877,(3,9223372036854775807))
Edge(425022,481765,(1,3))
Edge(425102,404450,(3,9223372036854775807))
Edge(425643,920,(3,9223372036854775807))
Edge(425695,360058,(3,9223372036854775807))
Edge(425733,204588,(3,9223372036854775807))
Edge(426495,290388,(1,9223372036854775807))
Edge(426877,165765,(3,9223372036854775807))
Edge(426892,377755,(3,9223372036854775807))
Edge(427384,75145,(3,9223372036854775807))
Edge(427396,106758,(3,9223372036854775807))
Edge(428057,493372,(1,3))
Edge(428088,166600,(3,9223372036854775807))
Edge(428473,60580,(1,9223372036854775807))
Edge(428498,418058,(3,9223372036854775807))
Edge(428736,469652,(1,9223372036854775807))
Edge(428839,110942,(1,3))
Edge(429156,24863,(3,9223372036854775807))
Edge(429286,232929,(3,9223372036854775807))
Edge(429339,433348,(3,9223372036854775807))
Edge(429565,232489,(1,3))
Edge(429749,148945,(3,9223372036854775807))
Edge(430410,234801,(1,9223372036854775807))
Edge(430865,416870,(1,9223372036854775807))
Edge(431197,491436,(3,9223372036854775807))
Edge(431416,152881,(3,9223372036854775807))
Edge(431959,9493,(1,3))
Edge(432126,228855,(3,9223372036854775807))
Edge(432310,245723,(3,9223372036854775807))
Edge(432640,206055,(3,9223372036854775807))
Edge(433068,30619,(3,9223372036854775807))
Edge(433182,464577,(3,9223372036854775807))
Edge(434028,355242,(3,9223372036854775807))
Edge(434129,254266,(3,9223372036854775807))
Edge(434200,374369,(3,9223372036854775807))
Edge(434456,380060,(3,9223372036854775807))
Edge(434759,143282,(3,9223372036854775807))
Edge(434762,36898,(3,9223372036854775807))
Edge(435088,483712,(1,9223372036854775807))
Edge(436016,479067,(3,9223372036854775807))
Edge(436371,269045,(3,9223372036854775807))
Edge(436687,270335,(1,9223372036854775807))
Edge(436787,26388,(1,9223372036854775807))
Edge(436819,93827,(3,9223372036854775807))
Edge(437102,369738,(1,9223372036854775807))
Edge(437647,318664,(3,9223372036854775807))
Edge(437938,290092,(1,9223372036854775807))
Edge(438349,140809,(3,9223372036854775807))
Edge(438363,71611,(1,3))
Edge(438518,477882,(1,9223372036854775807))
Edge(438573,153059,(3,9223372036854775807))
Edge(439342,344680,(3,9223372036854775807))
Edge(439569,81521,(3,9223372036854775807))
Edge(439680,318366,(3,9223372036854775807))
Edge(439684,387733,(3,9223372036854775807))
Edge(439866,147480,(3,9223372036854775807))
Edge(440114,237491,(3,9223372036854775807))
Edge(440495,315925,(3,9223372036854775807))
Edge(440504,395072,(3,9223372036854775807))
Edge(440585,54602,(3,9223372036854775807))
Edge(441891,186306,(3,9223372036854775807))
Edge(442207,324866,(3,9223372036854775807))
Edge(442219,367330,(3,9223372036854775807))
Edge(442263,315457,(3,9223372036854775807))
Edge(442329,482891,(3,9223372036854775807))
Edge(442543,59673,(3,9223372036854775807))
Edge(443278,482094,(3,9223372036854775807))
Edge(443535,437036,(1,9223372036854775807))
Edge(443712,42238,(1,9223372036854775807))
Edge(443950,208645,(3,9223372036854775807))
Edge(443972,339637,(3,9223372036854775807))
Edge(444743,446120,(3,9223372036854775807))
Edge(444793,494609,(3,9223372036854775807))
Edge(445727,273361,(3,9223372036854775807))
Edge(445745,27527,(3,9223372036854775807))
Edge(445862,187293,(3,9223372036854775807))
Edge(446450,413284,(4,9223372036854775807))
Edge(446490,316008,(1,9223372036854775807))
Edge(446537,285354,(3,9223372036854775807))
Edge(447011,163000,(3,9223372036854775807))
Edge(447320,461716,(3,9223372036854775807))
Edge(448092,442968,(3,9223372036854775807))
Edge(448479,374018,(3,9223372036854775807))
Edge(448856,345378,(3,9223372036854775807))
Edge(449152,335357,(3,9223372036854775807))
Edge(449212,243892,(3,9223372036854775807))
Edge(450096,230489,(3,9223372036854775807))
Edge(450463,372467,(3,9223372036854775807))
Edge(450833,34307,(3,9223372036854775807))
Edge(450929,465578,(3,9223372036854775807))
Edge(451042,63733,(1,9223372036854775807))
Edge(451331,80270,(1,9223372036854775807))
Edge(452217,182922,(1,9223372036854775807))
Edge(452257,357288,(3,9223372036854775807))
Edge(452599,495298,(3,9223372036854775807))
Edge(453123,107213,(3,9223372036854775807))
Edge(453222,278443,(3,9223372036854775807))
Edge(453286,152865,(3,9223372036854775807))
Edge(453294,10818,(3,9223372036854775807))
Edge(453296,267005,(3,9223372036854775807))
Edge(453407,138708,(3,9223372036854775807))
Edge(453584,64245,(3,9223372036854775807))
Edge(453732,202978,(3,9223372036854775807))
Edge(454105,466579,(1,3))
Edge(454725,284125,(3,9223372036854775807))
Edge(454910,472674,(3,9223372036854775807))
Edge(455227,113559,(1,9223372036854775807))
Edge(455324,474254,(3,9223372036854775807))
Edge(455333,222324,(4,9223372036854775807))
Edge(455480,347856,(3,9223372036854775807))
Edge(456007,407562,(3,9223372036854775807))
Edge(456083,23227,(3,9223372036854775807))
Edge(456371,43441,(1,3))
Edge(456449,188367,(1,9223372036854775807))
Edge(456776,112345,(3,9223372036854775807))
Edge(456825,469573,(3,9223372036854775807))
Edge(456984,142942,(3,9223372036854775807))
Edge(457209,53491,(3,9223372036854775807))
Edge(457357,216089,(1,9223372036854775807))
Edge(457692,393345,(3,9223372036854775807))
Edge(458086,474575,(1,9223372036854775807))
Edge(458308,489528,(3,9223372036854775807))
Edge(458544,196811,(3,9223372036854775807))
Edge(458697,284811,(1,9223372036854775807))
Edge(459130,361230,(3,9223372036854775807))
Edge(459193,144884,(1,3))
Edge(459352,372608,(3,9223372036854775807))
Edge(459618,28748,(3,9223372036854775807))
Edge(459630,466482,(3,9223372036854775807))
Edge(459987,170419,(1,9223372036854775807))
Edge(460139,305067,(3,9223372036854775807))
Edge(461045,93384,(1,9223372036854775807))
Edge(461495,263272,(3,9223372036854775807))
Edge(461979,326015,(1,9223372036854775807))
Edge(462307,345200,(1,3))
Edge(463261,353581,(3,9223372036854775807))
Edge(463360,301150,(3,9223372036854775807))
Edge(463423,169171,(3,9223372036854775807))
Edge(463430,379844,(3,9223372036854775807))
Edge(465728,278021,(3,9223372036854775807))
Edge(466352,470943,(3,9223372036854775807))
Edge(466389,309273,(3,9223372036854775807))
Edge(466621,240095,(3,9223372036854775807))
Edge(467450,68123,(3,9223372036854775807))
Edge(467724,113528,(3,9223372036854775807))
Edge(467996,141990,(3,9223372036854775807))
Edge(468019,223947,(3,9223372036854775807))
Edge(468032,209404,(3,9223372036854775807))
Edge(468160,456256,(3,9223372036854775807))
Edge(468299,19217,(3,9223372036854775807))
Edge(468311,134069,(3,9223372036854775807))
Edge(468506,103071,(3,9223372036854775807))
Edge(468558,204374,(1,3))
Edge(469126,14899,(3,9223372036854775807))
Edge(469250,452694,(3,9223372036854775807))
Edge(469806,489165,(1,9223372036854775807))
Edge(469814,332421,(3,9223372036854775807))
Edge(469990,322978,(3,9223372036854775807))
Edge(470773,357602,(3,9223372036854775807))
Edge(471557,28266,(1,3))
Edge(471726,126530,(3,9223372036854775807))
Edge(471859,235812,(3,9223372036854775807))
Edge(471865,306033,(3,9223372036854775807))
Edge(472112,263831,(3,9223372036854775807))
Edge(472244,85464,(3,9223372036854775807))
Edge(472643,373097,(1,9223372036854775807))
Edge(472680,219862,(3,9223372036854775807))
Edge(473854,28650,(1,9223372036854775807))
Edge(473963,129320,(3,9223372036854775807))
Edge(474313,316638,(3,9223372036854775807))
Edge(474328,444150,(3,9223372036854775807))
Edge(474506,361612,(3,9223372036854775807))
Edge(474913,71455,(3,9223372036854775807))
Edge(475027,239431,(3,9223372036854775807))
Edge(475256,388313,(3,9223372036854775807))
Edge(475300,360048,(3,9223372036854775807))
Edge(475399,306103,(3,9223372036854775807))
Edge(475421,77874,(3,9223372036854775807))
Edge(475473,371249,(3,9223372036854775807))
Edge(475566,118708,(3,9223372036854775807))
Edge(476024,240510,(3,9223372036854775807))
Edge(476046,260558,(3,9223372036854775807))
Edge(476538,397430,(3,9223372036854775807))
Edge(476984,427400,(1,9223372036854775807))
Edge(478153,326916,(3,9223372036854775807))
Edge(478447,479990,(3,9223372036854775807))
Edge(478983,332122,(3,9223372036854775807))
Edge(479217,322401,(1,9223372036854775807))
Edge(479403,65029,(3,9223372036854775807))
Edge(479551,205790,(3,9223372036854775807))
Edge(480552,356379,(1,9223372036854775807))
Edge(480641,51350,(1,9223372036854775807))
Edge(480912,325740,(3,9223372036854775807))
Edge(481057,406589,(3,9223372036854775807))
Edge(481728,324160,(3,9223372036854775807))
Edge(482118,8094,(3,9223372036854775807))
Edge(482180,264599,(1,9223372036854775807))
Edge(482389,489466,(1,3))
Edge(483333,400546,(3,9223372036854775807))
Edge(483372,28132,(3,9223372036854775807))
Edge(483637,55181,(3,9223372036854775807))
Edge(483961,72969,(3,9223372036854775807))
Edge(484633,46216,(3,9223372036854775807))
Edge(484972,453160,(3,9223372036854775807))
Edge(485121,366427,(3,9223372036854775807))
Edge(485320,83180,(3,9223372036854775807))
Edge(485937,321992,(1,9223372036854775807))
Edge(486005,351370,(3,9223372036854775807))
Edge(486521,312360,(3,9223372036854775807))
Edge(486704,326201,(3,9223372036854775807))
Edge(487287,269280,(3,9223372036854775807))
Edge(487521,336310,(3,9223372036854775807))
Edge(487575,444374,(3,9223372036854775807))
Edge(487679,270554,(3,9223372036854775807))
Edge(487712,358493,(3,9223372036854775807))
Edge(487961,360733,(1,3))
Edge(487976,363122,(1,9223372036854775807))
Edge(488242,209346,(3,9223372036854775807))
Edge(488690,445565,(3,9223372036854775807))
Edge(489190,386771,(3,9223372036854775807))
Edge(489328,482656,(3,9223372036854775807))
Edge(489331,251055,(3,9223372036854775807))
Edge(489437,36156,(3,9223372036854775807))
Edge(489478,346989,(3,9223372036854775807))
Edge(489578,499991,(1,9223372036854775807))
Edge(489908,367119,(3,9223372036854775807))
Edge(490251,47382,(1,3))
Edge(490819,126427,(3,9223372036854775807))
Edge(491006,175272,(3,9223372036854775807))
Edge(491194,241510,(1,9223372036854775807))
Edge(491280,260201,(3,9223372036854775807))
Edge(492025,95568,(3,9223372036854775807))
Edge(492687,322918,(3,9223372036854775807))
Edge(493014,57935,(3,9223372036854775807))
Edge(493627,202995,(3,9223372036854775807))
Edge(493653,162796,(3,9223372036854775807))
Edge(493922,254054,(3,9223372036854775807))
Edge(493995,432294,(3,9223372036854775807))
Edge(494563,130661,(3,9223372036854775807))
Edge(494808,419877,(3,9223372036854775807))
Edge(494833,10438,(3,9223372036854775807))
Edge(494958,136497,(3,9223372036854775807))
Edge(495068,371023,(3,9223372036854775807))
Edge(495499,176810,(3,9223372036854775807))
Edge(495632,216066,(1,3))
Edge(495674,320500,(3,9223372036854775807))
Edge(495770,383281,(1,9223372036854775807))
Edge(495869,360006,(3,9223372036854775807))
Edge(496185,70145,(3,9223372036854775807))
Edge(496790,309368,(1,3))
Edge(496952,269606,(1,9223372036854775807))
Edge(497025,133464,(3,9223372036854775807))
Edge(497219,179455,(3,9223372036854775807))
Edge(497573,347281,(1,9223372036854775807))
Edge(497945,236326,(3,9223372036854775807))
Edge(498307,294308,(3,9223372036854775807))
Edge(498571,204582,(3,9223372036854775807))
Edge(498699,179850,(3,9223372036854775807))
Edge(499002,204591,(3,9223372036854775807))
Edge(499105,220059,(3,9223372036854775807))
Edge(499686,454112,(3,9223372036854775807))
Edge(499757,47067,(3,9223372036854775807))
